EUROPEAN CLIMATE ASSESSMENT & DATASET (ECA&D), file created on: 16-11-2022
THESE DATA CAN BE USED FOR NON-COMMERCIAL RESEARCH AND EDUCATION PROVIDED THAT THE FOLLOWING SOURCE IS ACKNOWLEDGED: 

Klein Tank, A.M.G. and Coauthors, 2002. Daily dataset of 20th-century surface
air temperature and precipitation series for the European Climate Assessment.
Int. J. of Climatol., 22, 1441-1453.
Data and metadata available at http://www.ecad.eu

FILE FORMAT (MISSING VALUE CODE = -9999):

01-06 STAID: Station identifier
08-13 SOUID: Source identifier
15-22 DATE : Date YYYYMMDD
24-28 TG   : Mean temperature in 0.1 &#176;C
30-34 Q_TG : quality code for TG (0='valid'; 1='suspect'; 9='missing')

This is the blended series of station MOLDE - HINDALSROERA, NORWAY (STAID: 18225)
Blended and updated with sources:99454 
See files sources.txt and stations.txt for more info.

STAID, SOUID,    DATE,   TG, Q_TG
 18225, 99454,20161103,   -5,    0
 18225, 99454,20161104,  -10,    0
 18225, 99454,20161105,    5,    0
 18225, 99454,20161106,  -27,    0
 18225, 99454,20161107,  -52,    0
 18225, 99454,20161108,  -58,    0
 18225, 99454,20161109,  -56,    0
 18225, 99454,20161110,  -38,    0
 18225, 99454,20161111,   -1,    0
 18225, 99454,20161112,   28,    0
 18225, 99454,20161113,   29,    0
 18225, 99454,20161114,   61,    0
 18225, 99454,20161115,   59,    0
 18225, 99454,20161116,   38,    0
 18225, 99454,20161117,   -1,    0
 18225, 99454,20161118,    8,    0
 18225, 99454,20161119,    8,    0
 18225, 99454,20161120,    6,    0
 18225, 99454,20161121,    9,    0
 18225, 99454,20161122,    3,    0
 18225, 99454,20161123,    4,    0
 18225, 99454,20161124,   18,    0
 18225, 99454,20161125,   66,    0
 18225, 99454,20161126,   32,    0
 18225, 99454,20161127,    2,    0
 18225, 99454,20161128,   11,    0
 18225, 99454,20161129,   35,    0
 18225, 99454,20161130,   14,    0
 18225, 99454,20161201,    9,    0
 18225, 99454,20161202,   16,    0
 18225, 99454,20161203,   21,    0
 18225, 99454,20161204,   54,    0
 18225, 99454,20161205,   27,    0
 18225, 99454,20161206,  -11,    0
 18225, 99454,20161207,   29,    0
 18225, 99454,20161208,   71,    0
 18225, 99454,20161209,   61,    0
 18225, 99454,20161210,   43,    0
 18225, 99454,20161211,   -2,    0
 18225, 99454,20161212,  -23,    0
 18225, 99454,20161213,   26,    0
 18225, 99454,20161214,  -13,    0
 18225, 99454,20161215,   40,    0
 18225, 99454,20161216,   31,    0
 18225, 99454,20161217,   35,    0
 18225, 99454,20161218,   56,    0
 18225, 99454,20161219,   97,    0
 18225, 99454,20161220,   58,    0
 18225, 99454,20161221,   50,    0
 18225, 99454,20161222,    1,    0
 18225, 99454,20161223,   16,    0
 18225, 99454,20161224,   13,    0
 18225, 99454,20161225,   37,    0
 18225, 99454,20161226,   17,    0
 18225, 99454,20161227,   13,    0
 18225, 99454,20161228,   54,    0
 18225, 99454,20161229,   64,    0
 18225, 99454,20161230,   60,    0
 18225, 99454,20161231,   27,    0
 18225, 99454,20170101,    3,    0
 18225, 99454,20170102,  -15,    0
 18225, 99454,20170103,    3,    0
 18225, 99454,20170104,  -51,    0
 18225, 99454,20170105,  -69,    0
 18225, 99454,20170106,   22,    0
 18225, 99454,20170107,   10,    0
 18225, 99454,20170108,   37,    0
 18225, 99454,20170109,   43,    0
 18225, 99454,20170110,   30,    0
 18225, 99454,20170111,   14,    0
 18225, 99454,20170112,   -6,    0
 18225, 99454,20170113,  -12,    0
 18225, 99454,20170114,  -27,    0
 18225, 99454,20170115,  -30,    0
 18225, 99454,20170116,  -52,    0
 18225, 99454,20170117,   18,    0
 18225, 99454,20170118,   52,    0
 18225, 99454,20170119,   37,    0
 18225, 99454,20170120,   59,    0
 18225, 99454,20170121,   41,    0
 18225, 99454,20170122,   28,    0
 18225, 99454,20170123,   26,    0
 18225, 99454,20170124,   26,    0
 18225, 99454,20170125,   89,    0
 18225, 99454,20170126,   77,    0
 18225, 99454,20170127,   20,    0
 18225, 99454,20170128,   29,    0
 18225, 99454,20170129,   43,    0
 18225, 99454,20170130,    1,    0
 18225, 99454,20170131,  -31,    0
 18225, 99454,20170201,  -11,    0
 18225, 99454,20170202,   23,    0
 18225, 99454,20170203,   41,    0
 18225, 99454,20170204,   31,    0
 18225, 99454,20170205,   21,    0
 18225, 99454,20170206,   12,    0
 18225, 99454,20170207,  -15,    0
 18225, 99454,20170208,  -58,    0
 18225, 99454,20170209,  -47,    0
 18225, 99454,20170210,  -24,    0
 18225, 99454,20170211,  -47,    0
 18225, 99454,20170212,  -18,    0
 18225, 99454,20170213,   21,    0
 18225, 99454,20170214,   -8,    0
 18225, 99454,20170215,   -2,    0
 18225, 99454,20170216,   28,    0
 18225, 99454,20170217,   27,    0
 18225, 99454,20170218,   45,    0
 18225, 99454,20170219,   46,    0
 18225, 99454,20170220,   24,    0
 18225, 99454,20170221,    8,    0
 18225, 99454,20170222,   13,    0
 18225, 99454,20170223,  -28,    0
 18225, 99454,20170224,  -35,    0
 18225, 99454,20170225,  -25,    0
 18225, 99454,20170226,   16,    0
 18225, 99454,20170227,   28,    0
 18225, 99454,20170228,   17,    0
 18225, 99454,20170301,   11,    0
 18225, 99454,20170302,  -15,    0
 18225, 99454,20170303,  -22,    0
 18225, 99454,20170304,  -15,    0
 18225, 99454,20170305,   16,    0
 18225, 99454,20170306,   -8,    0
 18225, 99454,20170307,  -50,    0
 18225, 99454,20170308,  -52,    0
 18225, 99454,20170309,    2,    0
 18225, 99454,20170310,    3,    0
 18225, 99454,20170311,   12,    0
 18225, 99454,20170312,   42,    0
 18225, 99454,20170313,   46,    0
 18225, 99454,20170314,   41,    0
 18225, 99454,20170315,   23,    0
 18225, 99454,20170316,   30,    0
 18225, 99454,20170317,    8,    0
 18225, 99454,20170318,  -19,    0
 18225, 99454,20170319,   -3,    0
 18225, 99454,20170320,   41,    0
 18225, 99454,20170321,   14,    0
 18225, 99454,20170322,   -7,    0
 18225, 99454,20170323,   -8,    0
 18225, 99454,20170324,   14,    0
 18225, 99454,20170325,   53,    0
 18225, 99454,20170326,   63,    0
 18225, 99454,20170327,   47,    0
 18225, 99454,20170328,    4,    0
 18225, 99454,20170329,   -7,    0
 18225, 99454,20170330,   -8,    0
 18225, 99454,20170331,   42,    0
 18225, 99454,20170401,   60,    0
 18225, 99454,20170402,   50,    0
 18225, 99454,20170403,   73,    0
 18225, 99454,20170404,   54,    0
 18225, 99454,20170405,   24,    0
 18225, 99454,20170406,   33,    0
 18225, 99454,20170407,   46,    0
 18225, 99454,20170408,   59,    0
 18225, 99454,20170409,   62,    0
 18225, 99454,20170410,   18,    0
 18225, 99454,20170411,   17,    0
 18225, 99454,20170412,   10,    0
 18225, 99454,20170413,   13,    0
 18225, 99454,20170414,   10,    0
 18225, 99454,20170415,   17,    0
 18225, 99454,20170416,   11,    0
 18225, 99454,20170417,   11,    0
 18225, 99454,20170418,   20,    0
 18225, 99454,20170419,   30,    0
 18225, 99454,20170420,   41,    0
 18225, 99454,20170421,   17,    0
 18225, 99454,20170422,   15,    0
 18225, 99454,20170423,    2,    0
 18225, 99454,20170424,    2,    0
 18225, 99454,20170425,   17,    0
 18225, 99454,20170426,   10,    0
 18225, 99454,20170427,   15,    0
 18225, 99454,20170428,   39,    0
 18225, 99454,20170429,   64,    0
 18225, 99454,20170430,   49,    0
 18225, 99454,20170501,   67,    0
 18225, 99454,20170502,   79,    0
 18225, 99454,20170503,   84,    0
 18225, 99454,20170504,   93,    0
 18225, 99454,20170505,  118,    0
 18225, 99454,20170506,   80,    0
 18225, 99454,20170507,   36,    0
 18225, 99454,20170508,   23,    0
 18225, 99454,20170509,   24,    0
 18225, 99454,20170510,   47,    0
 18225, 99454,20170511,   57,    0
 18225, 99454,20170512,   75,    0
 18225, 99454,20170513,  104,    0
 18225, 99454,20170514,  107,    0
 18225, 99454,20170515,  104,    0
 18225, 99454,20170516,  115,    0
 18225, 99454,20170517,  113,    0
 18225, 99454,20170518,   98,    0
 18225, 99454,20170519,  106,    0
 18225, 99454,20170520,  147,    0
 18225, 99454,20170521,   78,    0
 18225, 99454,20170522,   68,    0
 18225, 99454,20170523,  104,    0
 18225, 99454,20170524,   86,    0
 18225, 99454,20170525,   82,    0
 18225, 99454,20170526,  102,    0
 18225, 99454,20170527,  180,    0
 18225, 99454,20170528,  148,    0
 18225, 99454,20170529,  109,    0
 18225, 99454,20170530,   80,    0
 18225, 99454,20170531,   56,    0
 18225, 99454,20170601,   56,    0
 18225, 99454,20170602,  107,    0
 18225, 99454,20170603,   99,    0
 18225, 99454,20170604,   90,    0
 18225, 99454,20170605,   86,    0
 18225, 99454,20170606,  118,    0
 18225, 99454,20170607,  169,    0
 18225, 99454,20170608,  143,    0
 18225, 99454,20170609,  147,    0
 18225, 99454,20170610,  129,    0
 18225, 99454,20170611,  139,    0
 18225, 99454,20170612,  108,    0
 18225, 99454,20170613,  103,    0
 18225, 99454,20170614,  109,    0
 18225, 99454,20170615,  142,    0
 18225, 99454,20170616,  116,    0
 18225, 99454,20170617,  121,    0
 18225, 99454,20170618,  115,    0
 18225, 99454,20170619,   94,    0
 18225, 99454,20170620,   72,    0
 18225, 99454,20170621,   75,    0
 18225, 99454,20170622,  122,    0
 18225, 99454,20170623,  117,    0
 18225, 99454,20170624,  109,    0
 18225, 99454,20170625,  112,    0
 18225, 99454,20170626,   74,    0
 18225, 99454,20170627,   79,    0
 18225, 99454,20170628,  113,    0
 18225, 99454,20170629,  153,    0
 18225, 99454,20170630,  183,    0
 18225, 99454,20170701,  116,    0
 18225, 99454,20170702,  110,    0
 18225, 99454,20170703,   89,    0
 18225, 99454,20170704,   88,    0
 18225, 99454,20170705,   94,    0
 18225, 99454,20170706,  104,    0
 18225, 99454,20170707,  126,    0
 18225, 99454,20170708,   97,    0
 18225, 99454,20170709,  108,    0
 18225, 99454,20170710,  119,    0
 18225, 99454,20170711,  111,    0
 18225, 99454,20170712,   96,    0
 18225, 99454,20170713,   93,    0
 18225, 99454,20170714,  109,    0
 18225, 99454,20170715,  137,    0
 18225, 99454,20170716,  109,    0
 18225, 99454,20170717,   85,    0
 18225, 99454,20170718,  101,    0
 18225, 99454,20170719,  138,    0
 18225, 99454,20170720,  165,    0
 18225, 99454,20170721,  173,    0
 18225, 99454,20170722,  157,    0
 18225, 99454,20170723,  149,    0
 18225, 99454,20170724,  164,    0
 18225, 99454,20170725,  161,    0
 18225, 99454,20170726,  167,    0
 18225, 99454,20170727,  173,    0
 18225, 99454,20170728,  137,    0
 18225, 99454,20170729,  155,    0
 18225, 99454,20170730,  151,    0
 18225, 99454,20170731,  148,    0
 18225, 99454,20170801,  146,    0
 18225, 99454,20170802,  131,    0
 18225, 99454,20170803,  157,    0
 18225, 99454,20170804,  162,    0
 18225, 99454,20170805,  144,    0
 18225, 99454,20170806,  141,    0
 18225, 99454,20170807,  126,    0
 18225, 99454,20170808,  119,    0
 18225, 99454,20170809,  145,    0
 18225, 99454,20170810,  120,    0
 18225, 99454,20170811,  145,    0
 18225, 99454,20170812,  107,    0
 18225, 99454,20170813,   89,    0
 18225, 99454,20170814,  107,    0
 18225, 99454,20170815,  130,    0
 18225, 99454,20170816,  127,    0
 18225, 99454,20170817,  142,    0
 18225, 99454,20170818,  152,    0
 18225, 99454,20170819,  119,    0
 18225, 99454,20170820,  111,    0
 18225, 99454,20170821,  107,    0
 18225, 99454,20170822,  105,    0
 18225, 99454,20170823,  105,    0
 18225, 99454,20170824,  106,    0
 18225, 99454,20170825,   96,    0
 18225, 99454,20170826,  103,    0
 18225, 99454,20170827,  114,    0
 18225, 99454,20170828,  134,    0
 18225, 99454,20170829,  126,    0
 18225, 99454,20170830,  118,    0
 18225, 99454,20170831,  110,    0
 18225, 99454,20170901,   98,    0
 18225, 99454,20170902,  115,    0
 18225, 99454,20170903,  124,    0
 18225, 99454,20170904,  137,    0
 18225, 99454,20170905,  142,    0
 18225, 99454,20170906,  128,    0
 18225, 99454,20170907,  124,    0
 18225, 99454,20170908,  124,    0
 18225, 99454,20170909,  123,    0
 18225, 99454,20170910,  115,    0
 18225, 99454,20170911,  129,    0
 18225, 99454,20170912,  112,    0
 18225, 99454,20170913,  107,    0
 18225, 99454,20170914,   92,    0
 18225, 99454,20170915,   92,    0
 18225, 99454,20170916,   91,    0
 18225, 99454,20170917,   83,    0
 18225, 99454,20170918,   96,    0
 18225, 99454,20170919,  101,    0
 18225, 99454,20170920,   97,    0
 18225, 99454,20170921,  101,    0
 18225, 99454,20170922,  120,    0
 18225, 99454,20170923,  117,    0
 18225, 99454,20170924,  131,    0
 18225, 99454,20170925,  134,    0
 18225, 99454,20170926,  122,    0
 18225, 99454,20170927,  142,    0
 18225, 99454,20170928,  141,    0
 18225, 99454,20170929,  138,    0
 18225, 99454,20170930,  137,    0
 18225, 99454,20171001,  129,    0
 18225, 99454,20171002,  132,    0
 18225, 99454,20171003,   94,    0
 18225, 99454,20171004,   77,    0
 18225, 99454,20171005,   69,    0
 18225, 99454,20171006,   67,    0
 18225, 99454,20171007,   51,    0
 18225, 99454,20171008,   61,    0
 18225, 99454,20171009,   42,    0
 18225, 99454,20171010,   53,    0
 18225, 99454,20171011,   74,    0
 18225, 99454,20171012,   70,    0
 18225, 99454,20171013,   80,    0
 18225, 99454,20171014,   79,    0
 18225, 99454,20171015,   83,    0
 18225, 99454,20171016,   66,    0
 18225, 99454,20171017,   54,    0
 18225, 99454,20171018,   57,    0
 18225, 99454,20171019,   33,    0
 18225, 99454,20171020,   80,    0
 18225, 99454,20171021,  100,    0
 18225, 99454,20171022,   74,    0
 18225, 99454,20171023,   56,    0
 18225, 99454,20171024,   67,    0
 18225, 99454,20171025,   60,    0
 18225, 99454,20171026,   60,    0
 18225, 99454,20171027,   59,    0
 18225, 99454,20171028,   40,    0
 18225, 99454,20171029,   22,    0
 18225, 99454,20171030,   10,    0
 18225, 99454,20171031,   55,    0
 18225, 99454,20171101,   76,    0
 18225, 99454,20171102,   36,    0
 18225, 99454,20171103,   64,    0
 18225, 99454,20171104,   53,    0
 18225, 99454,20171105,   37,    0
 18225, 99454,20171106,   19,    0
 18225, 99454,20171107,   67,    0
 18225, 99454,20171108,   51,    0
 18225, 99454,20171109,   45,    0
 18225, 99454,20171110,   10,    0
 18225, 99454,20171111,   13,    0
 18225, 99454,20171112,   28,    0
 18225, 99454,20171113,   -2,    0
 18225, 99454,20171114,   12,    0
 18225, 99454,20171115,   27,    0
 18225, 99454,20171116,   31,    0
 18225, 99454,20171117,   10,    0
 18225, 99454,20171118,    8,    0
 18225, 99454,20171119,    0,    0
 18225, 99454,20171120,  -11,    0
 18225, 99454,20171121,  -72,    0
 18225, 99454,20171122,  -23,    0
 18225, 99454,20171123,   19,    0
 18225, 99454,20171124,   23,    0
 18225, 99454,20171125,   31,    0
 18225, 99454,20171126,   -1,    0
 18225, 99454,20171127,  -49,    0
 18225, 99454,20171128,  -68,    0
 18225, 99454,20171129,  -40,    0
 18225, 99454,20171130,  -59,    0
 18225, 99454,20171201,  -46,    0
 18225, 99454,20171202,   35,    0
 18225, 99454,20171203,   19,    0
 18225, 99454,20171204,    2,    0
 18225, 99454,20171205,   11,    0
 18225, 99454,20171206,  -18,    0
 18225, 99454,20171207,   41,    0
 18225, 99454,20171208,   17,    0
 18225, 99454,20171209,    6,    0
 18225, 99454,20171210,  -25,    0
 18225, 99454,20171211,  -57,    0
 18225, 99454,20171212,  -60,    0
 18225, 99454,20171213,  -11,    0
 18225, 99454,20171214,  -62,    0
 18225, 99454,20171215,  -54,    0
 18225, 99454,20171216,   -8,    0
 18225, 99454,20171217,   -2,    0
 18225, 99454,20171218,   20,    0
 18225, 99454,20171219,   64,    0
 18225, 99454,20171220,   35,    0
 18225, 99454,20171221,   27,    0
 18225, 99454,20171222,   26,    0
 18225, 99454,20171223,   26,    0
 18225, 99454,20171224,   10,    0
 18225, 99454,20171225,   -8,    0
 18225, 99454,20171226,  -15,    0
 18225, 99454,20171227,  -51,    0
 18225, 99454,20171228,  -96,    0
 18225, 99454,20171229,  -45,    0
 18225, 99454,20171230,  -34,    0
 18225, 99454,20171231,  -21,    0
 18225, 99454,20180101,   -7,    0
 18225, 99454,20180102,  -17,    0
 18225, 99454,20180103,  -45,    0
 18225, 99454,20180104,    3,    0
 18225, 99454,20180105,  -33,    0
 18225, 99454,20180106,  -40,    0
 18225, 99454,20180107,   -9,    0
 18225, 99454,20180108,   25,    0
 18225, 99454,20180109,   -4,    0
 18225, 99454,20180110,   45,    0
 18225, 99454,20180111,   29,    0
 18225, 99454,20180112,  -13,    0
 18225, 99454,20180113,  -53,    0
 18225, 99454,20180114,    3,    0
 18225, 99454,20180115,   33,    0
 18225, 99454,20180116,    8,    0
 18225, 99454,20180117,  -33,    0
 18225, 99454,20180118,  -51,    0
 18225, 99454,20180119,  -31,    0
 18225, 99454,20180120,  -36,    0
 18225, 99454,20180121,  -60,    0
 18225, 99454,20180122,  -57,    0
 18225, 99454,20180123,   11,    0
 18225, 99454,20180124,   29,    0
 18225, 99454,20180125,   14,    0
 18225, 99454,20180126,   -2,    0
 18225, 99454,20180127,  -24,    0
 18225, 99454,20180128,    2,    0
 18225, 99454,20180129,    8,    0
 18225, 99454,20180130,   -1,    0
 18225, 99454,20180131,   17,    0
 18225, 99454,20180201,    1,    0
 18225, 99454,20180202,  -63,    0
 18225, 99454,20180203,  -87,    0
 18225, 99454,20180204,  -34,    0
 18225, 99454,20180205,  -19,    0
 18225, 99454,20180206,  -32,    0
 18225, 99454,20180207,  -21,    0
 18225, 99454,20180208,   10,    0
 18225, 99454,20180209,   27,    0
 18225, 99454,20180210,    8,    0
 18225, 99454,20180211,   17,    0
 18225, 99454,20180212,  -11,    0
 18225, 99454,20180213,  -21,    0
 18225, 99454,20180214,   23,    0
 18225, 99454,20180215,   28,    0
 18225, 99454,20180216,   -4,    0
 18225, 99454,20180217,   -3,    0
 18225, 99454,20180218,    4,    0
 18225, 99454,20180219,  -26,    0
 18225, 99454,20180220,  -42,    0
 18225, 99454,20180221,    0,    0
 18225, 99454,20180222,  -18,    0
 18225, 99454,20180223,  -27,    0
 18225, 99454,20180224,  -21,    0
 18225, 99454,20180225,   -4,    0
 18225, 99454,20180226,  -27,    0
 18225, 99454,20180227,  -71,    0
 18225, 99454,20180228,  -96,    0
 18225, 99454,20180301, -117,    0
 18225, 99454,20180302,  -90,    0
 18225, 99454,20180303,  -52,    0
 18225, 99454,20180304,  -39,    0
 18225, 99454,20180305,  -63,    0
 18225, 99454,20180306,  -69,    0
 18225, 99454,20180307,  -64,    0
 18225, 99454,20180308,   -7,    0
 18225, 99454,20180309,   -7,    0
 18225, 99454,20180310,   -4,    0
 18225, 99454,20180311,  -13,    0
 18225, 99454,20180312,  -11,    0
 18225, 99454,20180313,  -15,    0
 18225, 99454,20180314,  -20,    0
 18225, 99454,20180315,  -12,    0
 18225, 99454,20180316,  -40,    0
 18225, 99454,20180317,  -54,    0
 18225, 99454,20180318,  -16,    0
 18225, 99454,20180319,    1,    0
 18225, 99454,20180320,   -1,    0
 18225, 99454,20180321,   11,    0
 18225, 99454,20180322,   16,    0
 18225, 99454,20180323,   35,    0
 18225, 99454,20180324,   43,    0
 18225, 99454,20180325,   22,    0
 18225, 99454,20180326,  -18,    0
 18225, 99454,20180327,  -20,    0
 18225, 99454,20180328,  -35,    0
 18225, 99454,20180329,  -35,    0
 18225, 99454,20180330,  -35,    0
 18225, 99454,20180331,  -37,    0
 18225, 99454,20180401,  -26,    0
 18225, 99454,20180402,  -30,    0
 18225, 99454,20180403,  -24,    0
 18225, 99454,20180404,  -11,    0
 18225, 99454,20180405,   -9,    0
 18225, 99454,20180406,    7,    0
 18225, 99454,20180407,    2,    0
 18225, 99454,20180408,   21,    0
 18225, 99454,20180409,   25,    0
 18225, 99454,20180410,   41,    0
 18225, 99454,20180411,   52,    0
 18225, 99454,20180412,   66,    0
 18225, 99454,20180413,   76,    0
 18225, 99454,20180414,   88,    0
 18225, 99454,20180415,   82,    0
 18225, 99454,20180416,   66,    0
 18225, 99454,20180417,   81,    0
 18225, 99454,20180418,   63,    0
 18225, 99454,20180419,   94,    0
 18225, 99454,20180420,   60,    0
 18225, 99454,20180421,   45,    0
 18225, 99454,20180422,   70,    0
 18225, 99454,20180423,   75,    0
 18225, 99454,20180424,   48,    0
 18225, 99454,20180425,   29,    0
 18225, 99454,20180426,   48,    0
 18225, 99454,20180427,   40,    0
 18225, 99454,20180428,   33,    0
 18225, 99454,20180429,   27,    0
 18225, 99454,20180430,   56,    0
 18225, 99454,20180501,   74,    0
 18225, 99454,20180502,   90,    0
 18225, 99454,20180503,   68,    0
 18225, 99454,20180504,   88,    0
 18225, 99454,20180505,  124,    0
 18225, 99454,20180506,   75,    0
 18225, 99454,20180507,   72,    0
 18225, 99454,20180508,  141,    0
 18225, 99454,20180509,  178,    0
 18225, 99454,20180510,  126,    0
 18225, 99454,20180511,   89,    0
 18225, 99454,20180512,  103,    0
 18225, 99454,20180513,  143,    0
 18225, 99454,20180514,  138,    0
 18225, 99454,20180515,  146,    0
 18225, 99454,20180516,   78,    0
 18225, 99454,20180517,   71,    0
 18225, 99454,20180518,   97,    0
 18225, 99454,20180519,  107,    0
 18225, 99454,20180520,  139,    0
 18225, 99454,20180521,  158,    0
 18225, 99454,20180522,   84,    0
 18225, 99454,20180523,  126,    0
 18225, 99454,20180524,   96,    0
 18225, 99454,20180525,  111,    0
 18225, 99454,20180526,  106,    0
 18225, 99454,20180527,  163,    0
 18225, 99454,20180528,  172,    0
 18225, 99454,20180529,  157,    0
 18225, 99454,20180530,  192,    0
 18225, 99454,20180531,  205,    0
 18225, 99454,20180601,  182,    0
 18225, 99454,20180602,  159,    0
 18225, 99454,20180603,  118,    0
 18225, 99454,20180604,   72,    0
 18225, 99454,20180605,   63,    0
 18225, 99454,20180606,  100,    0
 18225, 99454,20180607,  101,    0
 18225, 99454,20180608,  106,    0
 18225, 99454,20180609,  127,    0
 18225, 99454,20180610,   92,    0
 18225, 99454,20180611,   86,    0
 18225, 99454,20180612,   84,    0
 18225, 99454,20180613,   94,    0
 18225, 99454,20180614,  118,    0
 18225, 99454,20180615,   94,    0
 18225, 99454,20180616,  115,    0
 18225, 99454,20180617,  131,    0
 18225, 99454,20180618,  112,    0
 18225, 99454,20180619,   74,    0
 18225, 99454,20180620,   81,    0
 18225, 99454,20180621,   70,    0
 18225, 99454,20180622,   75,    0
 18225, 99454,20180623,   86,    0
 18225, 99454,20180624,  104,    0
 18225, 99454,20180625,  107,    0
 18225, 99454,20180626,  100,    0
 18225, 99454,20180627,  130,    0
 18225, 99454,20180628,  101,    0
 18225, 99454,20180629,   95,    0
 18225, 99454,20180630,  143,    0
 18225, 99454,20180701,  164,    0
 18225, 99454,20180702,  131,    0
 18225, 99454,20180703,  126,    0
 18225, 99454,20180704,  161,    0
 18225, 99454,20180705,  120,    0
 18225, 99454,20180706,  106,    0
 18225, 99454,20180707,  118,    0
 18225, 99454,20180708,  118,    0
 18225, 99454,20180709,  122,    0
 18225, 99454,20180710,  157,    0
 18225, 99454,20180711,  173,    0
 18225, 99454,20180712,  117,    0
 18225, 99454,20180713,  117,    0
 18225, 99454,20180714,  128,    0
 18225, 99454,20180715,  166,    0
 18225, 99454,20180716,  189,    0
 18225, 99454,20180717,  183,    0
 18225, 99454,20180718,  151,    0
 18225, 99454,20180719,  131,    0
 18225, 99454,20180720,  142,    0
 18225, 99454,20180721,  152,    0
 18225, 99454,20180722,  146,    0
 18225, 99454,20180723,  141,    0
 18225, 99454,20180724,  146,    0
 18225, 99454,20180725,  137,    0
 18225, 99454,20180726,  173,    0
 18225, 99454,20180727,  224,    0
 18225, 99454,20180728,  252,    0
 18225, 99454,20180729,  190,    0
 18225, 99454,20180730,  198,    0
 18225, 99454,20180731,  187,    0
 18225, 99454,20180801,  173,    0
 18225, 99454,20180802,  158,    0
 18225, 99454,20180803,  146,    0
 18225, 99454,20180804,  129,    0
 18225, 99454,20180805,  104,    0
 18225, 99454,20180806,  132,    0
 18225, 99454,20180807,  155,    0
 18225, 99454,20180808,  163,    0
 18225, 99454,20180809,  143,    0
 18225, 99454,20180810,  117,    0
 18225, 99454,20180811,  107,    0
 18225, 99454,20180812,  104,    0
 18225, 99454,20180813,  115,    0
 18225, 99454,20180814,  129,    0
 18225, 99454,20180815,  132,    0
 18225, 99454,20180816,  136,    0
 18225, 99454,20180817,  129,    0
 18225, 99454,20180818,  114,    0
 18225, 99454,20180819,   96,    0
 18225, 99454,20180820,   88,    0
 18225, 99454,20180821,  112,    0
 18225, 99454,20180822,  116,    0
 18225, 99454,20180823,  122,    0
 18225, 99454,20180824,  101,    0
 18225, 99454,20180825,   88,    0
 18225, 99454,20180826,   78,    0
 18225, 99454,20180827,   88,    0
 18225, 99454,20180828,  118,    0
 18225, 99454,20180829,  125,    0
 18225, 99454,20180830,   98,    0
 18225, 99454,20180831,  106,    0
 18225, 99454,20180901,  110,    0
 18225, 99454,20180902,  159,    0
 18225, 99454,20180903,  131,    0
 18225, 99454,20180904,  105,    0
 18225, 99454,20180905,  121,    0
 18225, 99454,20180906,  135,    0
 18225, 99454,20180907,  159,    0
 18225, 99454,20180908,  170,    0
 18225, 99454,20180909,  140,    0
 18225, 99454,20180910,  129,    0
 18225, 99454,20180911,  103,    0
 18225, 99454,20180912,   76,    0
 18225, 99454,20180913,   83,    0
 18225, 99454,20180914,   86,    0
 18225, 99454,20180915,   63,    0
 18225, 99454,20180916,   88,    0
 18225, 99454,20180917,   87,    0
 18225, 99454,20180918,  118,    0
 18225, 99454,20180919,  140,    0
 18225, 99454,20180920,   92,    0
 18225, 99454,20180921,   79,    0
 18225, 99454,20180922,   73,    0
 18225, 99454,20180923,   49,    0
 18225, 99454,20180924,   40,    0
 18225, 99454,20180925,   68,    0
 18225, 99454,20180926,   75,    0
 18225, 99454,20180927,   50,    0
 18225, 99454,20180928,   45,    0
 18225, 99454,20180929,   60,    0
 18225, 99454,20180930,   52,    0
 18225, 99454,20181001,   40,    0
 18225, 99454,20181002,   37,    0
 18225, 99454,20181003,   45,    0
 18225, 99454,20181004,   43,    0
 18225, 99454,20181005,   49,    0
 18225, 99454,20181006,   36,    0
 18225, 99454,20181007,   48,    0
 18225, 99454,20181008,   67,    0
 18225, 99454,20181009,   62,    0
 18225, 99454,20181010,   76,    0
 18225, 99454,20181011,  126,    0
 18225, 99454,20181012,  154,    0
 18225, 99454,20181013,  123,    0
 18225, 99454,20181014,  114,    0
 18225, 99454,20181015,   36,    0
 18225, 99454,20181016,   73,    0
 18225, 99454,20181017,   92,    0
 18225, 99454,20181018,   53,    0
 18225, 99454,20181019,   66,    0
 18225, 99454,20181020,   76,    0
 18225, 99454,20181021,   65,    0
 18225, 99454,20181022,   34,    0
 18225, 99454,20181023,   34,    0
 18225, 99454,20181024,   22,    0
 18225, 99454,20181025,   22,    0
 18225, 99454,20181026,    6,    0
 18225, 99454,20181027,  -14,    0
 18225, 99454,20181028,  -38,    0
 18225, 99454,20181029,  -25,    0
 18225, 99454,20181030,   17,    0
 18225, 99454,20181031,   60,    0
 18225, 99454,20181101,   72,    0
 18225, 99454,20181102,   55,    0
 18225, 99454,20181103,   45,    0
 18225, 99454,20181104,  122,    0
 18225, 99454,20181105,   87,    0
 18225, 99454,20181106,   50,    0
 18225, 99454,20181107,   76,    0
 18225, 99454,20181108,   67,    0
 18225, 99454,20181109,   45,    0
 18225, 99454,20181110,   87,    0
 18225, 99454,20181111,  100,    0
 18225, 99454,20181112,   65,    0
 18225, 99454,20181113,   46,    0
 18225, 99454,20181114,   63,    0
 18225, 99454,20181115,  107,    0
 18225, 99454,20181116,  103,    0
 18225, 99454,20181117,   74,    0
 18225, 99454,20181118,   21,    0
 18225, 99454,20181119,    4,    0
 18225, 99454,20181120,   -9,    0
 18225, 99454,20181121,   13,    0
 18225, 99454,20181122,  -22,    0
 18225, 99454,20181123,  -14,    0
 18225, 99454,20181124,   11,    0
 18225, 99454,20181125,  -19,    0
 18225, 99454,20181126,   -2,    0
 18225, 99454,20181127,  -46,    0
 18225, 99454,20181128,  -30,    0
 18225, 99454,20181129,   75,    0
 18225, 99454,20181130,   97,    0
 18225, 99454,20181201,   62,    0
 18225, 99454,20181202,   48,    0
 18225, 99454,20181203,   22,    0
 18225, 99454,20181204,    3,    0
 18225, 99454,20181205,    1,    0
 18225, 99454,20181206,  -30,    0
 18225, 99454,20181207,    0,    0
 18225, 99454,20181208,    3,    0
 18225, 99454,20181209,   10,    0
 18225, 99454,20181210,   16,    0
 18225, 99454,20181211,  -10,    0
 18225, 99454,20181212,  -65,    0
 18225, 99454,20181213,  -83,    0
 18225, 99454,20181214,  -89,    0
 18225, 99454,20181215,  -59,    0
 18225, 99454,20181216,   -1,    0
 18225, 99454,20181217,  -24,    0
 18225, 99454,20181218,  -26,    0
 18225, 99454,20181219,   26,    0
 18225, 99454,20181220,   31,    0
 18225, 99454,20181221,   -1,    0
 18225, 99454,20181222,  -19,    0
 18225, 99454,20181223,   -8,    0
 18225, 99454,20181224,   21,    0
 18225, 99454,20181225,   40,    0
 18225, 99454,20181226,   43,    0
 18225, 99454,20181227,   40,    0
 18225, 99454,20181228,   31,    0
 18225, 99454,20181229,   25,    0
 18225, 99454,20181230,   11,    0
 18225, 99454,20181231,   44,    0
 18225, 99454,20190101,   15,    0
 18225, 99454,20190102,    3,    0
 18225, 99454,20190103,   31,    0
 18225, 99454,20190104,   58,    0
 18225, 99454,20190105,   56,    0
 18225, 99454,20190106,   40,    0
 18225, 99454,20190107,    7,    0
 18225, 99454,20190108,    4,    0
 18225, 99454,20190109,  -10,    0
 18225, 99454,20190110,   39,    0
 18225, 99454,20190111,    6,    0
 18225, 99454,20190112,  -12,    0
 18225, 99454,20190113,  -16,    0
 18225, 99454,20190114,  -19,    0
 18225, 99454,20190115,  -56,    0
 18225, 99454,20190116,  -56,    0
 18225, 99454,20190117,  -41,    0
 18225, 99454,20190118,  -20,    0
 18225, 99454,20190119,  -23,    0
 18225, 99454,20190120,  -68,    0
 18225, 99454,20190121,  -33,    0
 18225, 99454,20190122,  -61,    0
 18225, 99454,20190123,  -74,    0
 18225, 99454,20190124,  -50,    0
 18225, 99454,20190125,  -31,    0
 18225, 99454,20190126,  -46,    0
 18225, 99454,20190127,  -66,    0
 18225, 99454,20190128,  -61,    0
 18225, 99454,20190129,  -32,    0
 18225, 99454,20190130,   -4,    0
 18225, 99454,20190131,   -6,    0
 18225, 99454,20190201,  -11,    0
 18225, 99454,20190202,  -38,    0
 18225, 99454,20190203,  -54,    0
 18225, 99454,20190204,  -50,    0
 18225, 99454,20190205,  -71,    0
 18225, 99454,20190206,  -45,    0
 18225, 99454,20190207,   16,    0
 18225, 99454,20190208,   10,    0
 18225, 99454,20190209,   33,    0
 18225, 99454,20190210,   -2,    0
 18225, 99454,20190211,  -12,    0
 18225, 99454,20190212,    9,    0
 18225, 99454,20190213,   50,    0
 18225, 99454,20190214,   72,    0
 18225, 99454,20190215,   99,    0
 18225, 99454,20190216,   15,    0
 18225, 99454,20190217,   20,    0
 18225, 99454,20190218,   66,    0
 18225, 99454,20190219,   25,    0
 18225, 99454,20190220,    8,    0
 18225, 99454,20190221,   22,    0
 18225, 99454,20190222,   72,    0
 18225, 99454,20190223,  106,    0
 18225, 99454,20190224,   58,    0
 18225, 99454,20190225,   48,    0
 18225, 99454,20190226,   60,    0
 18225, 99454,20190227,   46,    0
 18225, 99454,20190228,    8,    0
 18225, 99454,20190301,    0,    0
 18225, 99454,20190302,   25,    0
 18225, 99454,20190303,   32,    0
 18225, 99454,20190304,    6,    0
 18225, 99454,20190305,  -30,    0
 18225, 99454,20190306,  -28,    0
 18225, 99454,20190307,  -10,    0
 18225, 99454,20190308,  -22,    0
 18225, 99454,20190309,  -36,    0
 18225, 99454,20190310,  -36,    0
 18225, 99454,20190311,  -37,    0
 18225, 99454,20190312,   -9,    0
 18225, 99454,20190313,   -4,    0
 18225, 99454,20190314,    4,    0
 18225, 99454,20190315,    6,    0
 18225, 99454,20190316,   -8,    0
 18225, 99454,20190317,    0,    0
 18225, 99454,20190318,    2,    0
 18225, 99454,20190319,   22,    0
 18225, 99454,20190320,   39,    0
 18225, 99454,20190321,   37,    0
 18225, 99454,20190322,   58,    0
 18225, 99454,20190323,   20,    0
 18225, 99454,20190324,   14,    0
 18225, 99454,20190325,    2,    0
 18225, 99454,20190326,    8,    0
 18225, 99454,20190327,   50,    0
 18225, 99454,20190328,   84,    0
 18225, 99454,20190329,   46,    0
 18225, 99454,20190330,    6,    0
 18225, 99454,20190331,  -12,    0
 18225, 99454,20190401,   29,    0
 18225, 99454,20190402,   25,    0
 18225, 99454,20190403,   46,    0
 18225, 99454,20190404,   43,    0
 18225, 99454,20190405,   66,    0
 18225, 99454,20190406,   36,    0
 18225, 99454,20190407,   20,    0
 18225, 99454,20190408,   17,    0
 18225, 99454,20190409,    8,    0
 18225, 99454,20190410,    1,    0
 18225, 99454,20190411,    3,    0
 18225, 99454,20190412,   14,    0
 18225, 99454,20190413,   25,    0
 18225, 99454,20190414,   40,    0
 18225, 99454,20190415,   46,    0
 18225, 99454,20190416,   65,    0
 18225, 99454,20190417,   73,    0
 18225, 99454,20190418,   91,    0
 18225, 99454,20190419,  105,    0
 18225, 99454,20190420,  107,    0
 18225, 99454,20190421,   67,    0
 18225, 99454,20190422,  121,    0
 18225, 99454,20190423,  127,    0
 18225, 99454,20190424,  131,    0
 18225, 99454,20190425,  149,    0
 18225, 99454,20190426,  152,    0
 18225, 99454,20190427,  144,    0
 18225, 99454,20190428,  151,    0
 18225, 99454,20190429,  133,    0
 18225, 99454,20190430,   87,    0
 18225, 99454,20190501,   50,    0
 18225, 99454,20190502,    7,    0
 18225, 99454,20190503,    4,    0
 18225, 99454,20190504,   21,    0
 18225, 99454,20190505,    8,    0
 18225, 99454,20190506,    4,    0
 18225, 99454,20190507,    7,    0
 18225, 99454,20190508,   35,    0
 18225, 99454,20190509,   49,    0
 18225, 99454,20190510,   44,    0
 18225, 99454,20190511,   39,    0
 18225, 99454,20190512,   24,    0
 18225, 99454,20190513,   37,    0
 18225, 99454,20190514,   77,    0
 18225, 99454,20190515,  104,    0
 18225, 99454,20190516,  121,    0
 18225, 99454,20190517,  154,    0
 18225, 99454,20190518,  154,    0
 18225, 99454,20190519,  142,    0
 18225, 99454,20190520,  156,    0
 18225, 99454,20190521,  173,    0
 18225, 99454,20190522,  140,    0
 18225, 99454,20190523,  100,    0
 18225, 99454,20190524,   84,    0
 18225, 99454,20190525,   69,    0
 18225, 99454,20190526,   55,    0
 18225, 99454,20190527,   40,    0
 18225, 99454,20190528,   33,    0
 18225, 99454,20190529,   46,    0
 18225, 99454,20190530,   34,    0
 18225, 99454,20190531,   51,    0
 18225, 99454,20190601,   73,    0
 18225, 99454,20190602,   86,    0
 18225, 99454,20190603,  144,    0
 18225, 99454,20190604,  121,    0
 18225, 99454,20190605,  132,    0
 18225, 99454,20190606,  170,    0
 18225, 99454,20190607,  118,    0
 18225, 99454,20190608,  148,    0
 18225, 99454,20190609,  119,    0
 18225, 99454,20190610,  102,    0
 18225, 99454,20190611,  125,    0
 18225, 99454,20190612,  136,    0
 18225, 99454,20190613,  148,    0
 18225, 99454,20190614,  168,    0
 18225, 99454,20190615,  165,    0
 18225, 99454,20190616,  144,    0
 18225, 99454,20190617,  141,    0
 18225, 99454,20190618,  121,    0
 18225, 99454,20190619,  133,    0
 18225, 99454,20190620,  130,    0
 18225, 99454,20190621,  116,    0
 18225, 99454,20190622,   88,    0
 18225, 99454,20190623,  100,    0
 18225, 99454,20190624,  127,    0
 18225, 99454,20190625,  124,    0
 18225, 99454,20190626,   98,    0
 18225, 99454,20190627,   89,    0
 18225, 99454,20190628,  109,    0
 18225, 99454,20190629,  109,    0
 18225, 99454,20190630,  113,    0
 18225, 99454,20190701,   87,    0
 18225, 99454,20190702,   52,    0
 18225, 99454,20190703,   50,    0
 18225, 99454,20190704,   68,    0
 18225, 99454,20190705,   86,    0
 18225, 99454,20190706,   99,    0
 18225, 99454,20190707,  110,    0
 18225, 99454,20190708,  104,    0
 18225, 99454,20190709,  128,    0
 18225, 99454,20190710,  121,    0
 18225, 99454,20190711,  146,    0
 18225, 99454,20190712,  133,    0
 18225, 99454,20190713,  102,    0
 18225, 99454,20190714,   95,    0
 18225, 99454,20190715,   96,    0
 18225, 99454,20190716,  119,    0
 18225, 99454,20190717,  139,    0
 18225, 99454,20190718,  163,    0
 18225, 99454,20190719,  134,    0
 18225, 99454,20190720,  163,    0
 18225, 99454,20190721,  146,    0
 18225, 99454,20190722,  148,    0
 18225, 99454,20190723,  164,    0
 18225, 99454,20190724,  204,    0
 18225, 99454,20190725,  204,    0
 18225, 99454,20190726,  222,    0
 18225, 99454,20190727,  241,    0
 18225, 99454,20190728,  238,    0
 18225, 99454,20190729,  225,    0
 18225, 99454,20190730,  206,    0
 18225, 99454,20190731,  172,    0
 18225, 99454,20190801,  155,    0
 18225, 99454,20190802,  150,    0
 18225, 99454,20190803,  126,    0
 18225, 99454,20190804,  135,    0
 18225, 99454,20190805,  132,    0
 18225, 99454,20190806,  142,    0
 18225, 99454,20190807,  133,    0
 18225, 99454,20190808,  125,    0
 18225, 99454,20190809,  142,    0
 18225, 99454,20190810,  177,    0
 18225, 99454,20190811,  161,    0
 18225, 99454,20190812,  113,    0
 18225, 99454,20190813,   91,    0
 18225, 99454,20190814,  102,    0
 18225, 99454,20190815,  127,    0
 18225, 99454,20190816,  126,    0
 18225, 99454,20190817,  144,    0
 18225, 99454,20190818,  143,    0
 18225, 99454,20190819,  130,    0
 18225, 99454,20190820,  121,    0
 18225, 99454,20190821,  110,    0
 18225, 99454,20190822,  109,    0
 18225, 99454,20190823,  111,    0
 18225, 99454,20190824,  133,    0
 18225, 99454,20190825,  147,    0
 18225, 99454,20190826,  182,    0
 18225, 99454,20190827,  186,    0
 18225, 99454,20190828,  188,    0
 18225, 99454,20190829,  129,    0
 18225, 99454,20190830,  131,    0
 18225, 99454,20190831,  139,    0
 18225, 99454,20190901,  130,    0
 18225, 99454,20190902,   89,    0
 18225, 99454,20190903,   84,    0
 18225, 99454,20190904,   82,    0
 18225, 99454,20190905,   74,    0
 18225, 99454,20190906,   69,    0
 18225, 99454,20190907,   77,    0
 18225, 99454,20190908,   87,    0
 18225, 99454,20190909,  102,    0
 18225, 99454,20190910,  113,    0
 18225, 99454,20190911,  119,    0
 18225, 99454,20190912,   89,    0
 18225, 99454,20190913,   74,    0
 18225, 99454,20190914,   80,    0
 18225, 99454,20190915,   72,    0
 18225, 99454,20190916,   60,    0
 18225, 99454,20190917,   55,    0
 18225, 99454,20190918,   60,    0
 18225, 99454,20190919,   53,    0
 18225, 99454,20190920,   99,    0
 18225, 99454,20190921,  121,    0
 18225, 99454,20190922,  100,    0
 18225, 99454,20190923,  108,    0
 18225, 99454,20190924,   94,    0
 18225, 99454,20190925,   80,    0
 18225, 99454,20190926,   93,    0
 18225, 99454,20190927,  123,    0
 18225, 99454,20190928,  108,    0
 18225, 99454,20190929,   77,    0
 18225, 99454,20190930,   36,    0
 18225, 99454,20191001,   52,    0
 18225, 99454,20191002,   63,    0
 18225, 99454,20191003,   54,    0
 18225, 99454,20191004,   40,    0
 18225, 99454,20191005,   12,    0
 18225, 99454,20191006,   14,    0
 18225, 99454,20191007,   18,    0
 18225, 99454,20191008,   49,    0
 18225, 99454,20191009,   61,    0
 18225, 99454,20191010,   69,    0
 18225, 99454,20191011,   57,    0
 18225, 99454,20191012,   43,    0
 18225, 99454,20191013,   32,    0
 18225, 99454,20191014,   18,    0
 18225, 99454,20191015,   51,    0
 18225, 99454,20191016,   68,    0
 18225, 99454,20191017,   72,    0
 18225, 99454,20191018,   64,    0
 18225, 99454,20191019,   44,    0
 18225, 99454,20191020,   38,    0
 18225, 99454,20191021,   43,    0
 18225, 99454,20191022,   66,    0
 18225, 99454,20191023,   70,    0
 18225, 99454,20191024,  104,    0
 18225, 99454,20191025,   46,    0
 18225, 99454,20191026,   35,    0
 18225, 99454,20191027,   17,    0
 18225, 99454,20191028,   15,    0
 18225, 99454,20191029,   21,    0
 18225, 99454,20191030,   35,    0
 18225, 99454,20191031,   41,    0
 18225, 99454,20191101,   24,    0
 18225, 99454,20191102,   16,    0
 18225, 99454,20191103,    2,    0
 18225, 99454,20191104,  -20,    0
 18225, 99454,20191105,  -44,    0
 18225, 99454,20191106,  -36,    0
 18225, 99454,20191107,  -39,    0
 18225, 99454,20191108,  -48,    0
 18225, 99454,20191109,  -71,    0
 18225, 99454,20191110,  -73,    0
 18225, 99454,20191111,  -78,    0
 18225, 99454,20191112,  -46,    0
 18225, 99454,20191113,    1,    0
 18225, 99454,20191114,  -18,    0
 18225, 99454,20191115,  -39,    0
 18225, 99454,20191116,  -26,    0
 18225, 99454,20191117,   -4,    0
 18225, 99454,20191118,  -13,    0
 18225, 99454,20191119,    2,    0
 18225, 99454,20191120,  -23,    0
 18225, 99454,20191121,   -7,    0
 18225, 99454,20191122,   32,    0
 18225, 99454,20191123,   21,    0
 18225, 99454,20191124,   14,    0
 18225, 99454,20191125,   24,    0
 18225, 99454,20191126,   24,    0
 18225, 99454,20191127,   -3,    0
 18225, 99454,20191128,   -7,    0
 18225, 99454,20191129,   -4,    0
 18225, 99454,20191130,  -11,    0
 18225, 99454,20191201,   -3,    0
 18225, 99454,20191202,   -3,    0
 18225, 99454,20191203,   42,    0
 18225, 99454,20191204,   62,    0
 18225, 99454,20191205,   20,    0
 18225, 99454,20191206,   12,    0
 18225, 99454,20191207,   -1,    0
 18225, 99454,20191208,   -6,    0
 18225, 99454,20191209,  -12,    0
 18225, 99454,20191210,  -10,    0
 18225, 99454,20191211,   36,    0
 18225, 99454,20191212,   46,    0
 18225, 99454,20191213,    7,    0
 18225, 99454,20191214,   23,    0
 18225, 99454,20191215,   -3,    0
 18225, 99454,20191216,   -1,    0
 18225, 99454,20191217,   -5,    0
 18225, 99454,20191218,    1,    0
 18225, 99454,20191219,    6,    0
 18225, 99454,20191220,   40,    0
 18225, 99454,20191221,   65,    0
 18225, 99454,20191222,   -3,    0
 18225, 99454,20191223,  -38,    0
 18225, 99454,20191224,  -23,    0
 18225, 99454,20191225,    2,    0
 18225, 99454,20191226,   10,    0
 18225, 99454,20191227,  -25,    0
 18225, 99454,20191228,   53,    0
 18225, 99454,20191229,   69,    0
 18225, 99454,20191230,   46,    0
 18225, 99454,20191231,   24,    0
 18225, 99454,20200101,   59,    0
 18225, 99454,20200102,   79,    0
 18225, 99454,20200103,   -6,    0
 18225, 99454,20200104,    1,    0
 18225, 99454,20200105,   26,    0
 18225, 99454,20200106,   64,    0
 18225, 99454,20200107,   57,    0
 18225, 99454,20200108,   33,    0
 18225, 99454,20200109,    7,    0
 18225, 99454,20200110,    4,    0
 18225, 99454,20200111,   52,    0
 18225, 99454,20200112,    7,    0
 18225, 99454,20200113,   25,    0
 18225, 99454,20200114,   35,    0
 18225, 99454,20200115,   24,    0
 18225, 99454,20200116,   36,    0
 18225, 99454,20200117,   54,    0
 18225, 99454,20200118,   31,    0
 18225, 99454,20200119,   25,    0
 18225, 99454,20200120,   68,    0
 18225, 99454,20200121,   22,    0
 18225, 99454,20200122,   16,    0
 18225, 99454,20200123,   47,    0
 18225, 99454,20200124,   13,    0
 18225, 99454,20200125,   30,    0
 18225, 99454,20200126,   42,    0
 18225, 99454,20200127,   25,    0
 18225, 99454,20200128,   -2,    0
 18225, 99454,20200129,   11,    0
 18225, 99454,20200130,  -11,    0
 18225, 99454,20200131,   23,    0
 18225, 99454,20200201,    4,    0
 18225, 99454,20200202,   10,    0
 18225, 99454,20200203,  -24,    0
 18225, 99454,20200204,  -25,    0
 18225, 99454,20200205,   31,    0
 18225, 99454,20200206,   52,    0
 18225, 99454,20200207,   36,    0
 18225, 99454,20200208,   42,    0
 18225, 99454,20200209,   51,    0
 18225, 99454,20200210,   15,    0
 18225, 99454,20200211,    0,    0
 18225, 99454,20200212,   -4,    0
 18225, 99454,20200213,   -6,    0
 18225, 99454,20200214,  -10,    0
 18225, 99454,20200215,   31,    0
 18225, 99454,20200216,   35,    0
 18225, 99454,20200217,   40,    0
 18225, 99454,20200218,   15,    0
 18225, 99454,20200219,    6,    0
 18225, 99454,20200220,   18,    0
 18225, 99454,20200221,   19,    0
 18225, 99454,20200222,    9,    0
 18225, 99454,20200223,    1,    0
 18225, 99454,20200224,  -13,    0
 18225, 99454,20200225,  -33,    0
 18225, 99454,20200226,  -34,    0
 18225, 99454,20200227,  -26,    0
 18225, 99454,20200228,   -5,    0
 18225, 99454,20200229,  -11,    0
 18225, 99454,20200301,   -2,    0
 18225, 99454,20200302,    4,    0
 18225, 99454,20200303,   27,    0
 18225, 99454,20200304,   15,    0
 18225, 99454,20200305,    4,    0
 18225, 99454,20200306,    6,    0
 18225, 99454,20200307,   18,    0
 18225, 99454,20200308,   63,    0
 18225, 99454,20200309,   28,    0
 18225, 99454,20200310,   23,    0
 18225, 99454,20200311,   35,    0
 18225, 99454,20200312,    2,    0
 18225, 99454,20200313,  -40,    0
 18225, 99454,20200314,   -8,    0
 18225, 99454,20200315,   24,    0
 18225, 99454,20200316,   12,    0
 18225, 99454,20200317,   25,    0
 18225, 99454,20200318,    7,    0
 18225, 99454,20200319,    4,    0
 18225, 99454,20200320,  -15,    0
 18225, 99454,20200321,  -10,    0
 18225, 99454,20200322,   16,    0
 18225, 99454,20200323,   62,    0
 18225, 99454,20200324,   68,    0
 18225, 99454,20200325,   40,    0
 18225, 99454,20200326,   38,    0
 18225, 99454,20200327,   35,    0
 18225, 99454,20200328,  -17,    0
 18225, 99454,20200329,   -8,    0
 18225, 99454,20200330,   -6,    0
 18225, 99454,20200331,   28,    0
 18225, 99454,20200401,   15,    0
 18225, 99454,20200402,   -6,    0
 18225, 99454,20200403,  -23,    0
 18225, 99454,20200404,  -24,    0
 18225, 99454,20200405,   35,    0
 18225, 99454,20200406,   93,    0
 18225, 99454,20200407,   69,    0
 18225, 99454,20200408,   38,    0
 18225, 99454,20200409,    6,    0
 18225, 99454,20200410,    9,    0
 18225, 99454,20200411,   33,    0
 18225, 99454,20200412,   19,    0
 18225, 99454,20200413,   -6,    0
 18225, 99454,20200414,   19,    0
 18225, 99454,20200415,   35,    0
 18225, 99454,20200416,   13,    0
 18225, 99454,20200417,   24,    0
 18225, 99454,20200418,   31,    0
 18225, 99454,20200419,   50,    0
 18225, 99454,20200420,   74,    0
 18225, 99454,20200421,   89,    0
 18225, 99454,20200422,   86,    0
 18225, 99454,20200423,   33,    0
 18225, 99454,20200424,   39,    0
 18225, 99454,20200425,   35,    0
 18225, 99454,20200426,   43,    0
 18225, 99454,20200427,   56,    0
 18225, 99454,20200428,   57,    0
 18225, 99454,20200429,   52,    0
 18225, 99454,20200430,   75,    0
 18225, 99454,20200501,   43,    0
 18225, 99454,20200502,   33,    0
 18225, 99454,20200503,   30,    0
 18225, 99454,20200504,   21,    0
 18225, 99454,20200505,   41,    0
 18225, 99454,20200506,   51,    0
 18225, 99454,20200507,   42,    0
 18225, 99454,20200508,   36,    0
 18225, 99454,20200509,   22,    0
 18225, 99454,20200510,    1,    0
 18225, 99454,20200511,   -1,    0
 18225, 99454,20200512,    0,    0
 18225, 99454,20200513,   -3,    0
 18225, 99454,20200514,    3,    0
 18225, 99454,20200515,    4,    0
 18225, 99454,20200516,    4,    0
 18225, 99454,20200517,   25,    0
 18225, 99454,20200518,   36,    0
 18225, 99454,20200519,   28,    0
 18225, 99454,20200520,   63,    0
 18225, 99454,20200521,   86,    0
 18225, 99454,20200522,  120,    0
 18225, 99454,20200523,  117,    0
 18225, 99454,20200524,   96,    0
 18225, 99454,20200525,   94,    0
 18225, 99454,20200526,   87,    0
 18225, 99454,20200527,   71,    0
 18225, 99454,20200528,   73,    0
 18225, 99454,20200529,  105,    0
 18225, 99454,20200530,  157,    0
 18225, 99454,20200531,  165,    0
 18225, 99454,20200601,  148,    0
 18225, 99454,20200602,  112,    0
 18225, 99454,20200603,   90,    0
 18225, 99454,20200604,  130,    0
 18225, 99454,20200605,  163,    0
 18225, 99454,20200606,  134,    0
 18225, 99454,20200607,   62,    0
 18225, 99454,20200608,   57,    0
 18225, 99454,20200609,  103,    0
 18225, 99454,20200610,  143,    0
 18225, 99454,20200611,  153,    0
 18225, 99454,20200612,  184,    0
 18225, 99454,20200613,  180,    0
 18225, 99454,20200614,  167,    0
 18225, 99454,20200615,  164,    0
 18225, 99454,20200616,  192,    0
 18225, 99454,20200617,  202,    0
 18225, 99454,20200618,  208,    0
 18225, 99454,20200619,  231,    0
 18225, 99454,20200620,  215,    0
 18225, 99454,20200621,  189,    0
 18225, 99454,20200622,  141,    0
 18225, 99454,20200623,  150,    0
 18225, 99454,20200624,  191,    0
 18225, 99454,20200625,  178,    0
 18225, 99454,20200626,  197,    0
 18225, 99454,20200627,  232,    0
 18225, 99454,20200628,  191,    0
 18225, 99454,20200629,  133,    0
 18225, 99454,20200630,  107,    0
 18225, 99454,20200701,   80,    0
 18225, 99454,20200702,   71,    0
 18225, 99454,20200703,   66,    0
 18225, 99454,20200704,  113,    0
 18225, 99454,20200705,  123,    0
 18225, 99454,20200706,   89,    0
 18225, 99454,20200707,   85,    0
 18225, 99454,20200708,   81,    0
 18225, 99454,20200709,   98,    0
 18225, 99454,20200710,  103,    0
 18225, 99454,20200711,   75,    0
 18225, 99454,20200712,   86,    0
 18225, 99454,20200713,  111,    0
 18225, 99454,20200714,  133,    0
 18225, 99454,20200715,  145,    0
 18225, 99454,20200716,  145,    0
 18225, 99454,20200717,  129,    0
 18225, 99454,20200718,  124,    0
 18225, 99454,20200719,  122,    0
 18225, 99454,20200720,  104,    0
 18225, 99454,20200721,   84,    0
 18225, 99454,20200722,   84,    0
 18225, 99454,20200723,   89,    0
 18225, 99454,20200724,   98,    0
 18225, 99454,20200725,  124,    0
 18225, 99454,20200726,  159,    0
 18225, 99454,20200727,  159,    0
 18225, 99454,20200728,  171,    0
 18225, 99454,20200729,  139,    0
 18225, 99454,20200730,  140,    0
 18225, 99454,20200731,  162,    0
 18225, 99454,20200801,  190,    0
 18225, 99454,20200802,  145,    0
 18225, 99454,20200803,   99,    0
 18225, 99454,20200804,  115,    0
 18225, 99454,20200805,  121,    0
 18225, 99454,20200806,  150,    0
 18225, 99454,20200807,  185,    0
 18225, 99454,20200808,  141,    0
 18225, 99454,20200809,  126,    0
 18225, 99454,20200810,  154,    0
 18225, 99454,20200811,  153,    0
 18225, 99454,20200812,  169,    0
 18225, 99454,20200813,  153,    0
 18225, 99454,20200814,  131,    0
 18225, 99454,20200815,  138,    0
 18225, 99454,20200816,  143,    0
 18225, 99454,20200817,  164,    0
 18225, 99454,20200818,  178,    0
 18225, 99454,20200819,  162,    0
 18225, 99454,20200820,  169,    0
 18225, 99454,20200821,  179,    0
 18225, 99454,20200822,  145,    0
 18225, 99454,20200823,   88,    0
 18225, 99454,20200824,   64,    0
 18225, 99454,20200825,   77,    0
 18225, 99454,20200826,   93,    0
 18225, 99454,20200827,  103,    0
 18225, 99454,20200828,  110,    0
 18225, 99454,20200829,  102,    0
 18225, 99454,20200830,   78,    0
 18225, 99454,20200831,   84,    0
 18225, 99454,20200901,  103,    0
 18225, 99454,20200902,  131,    0
 18225, 99454,20200903,  127,    0
 18225, 99454,20200904,  113,    0
 18225, 99454,20200905,  100,    0
 18225, 99454,20200906,   95,    0
 18225, 99454,20200907,   93,    0
 18225, 99454,20200908,   96,    0
 18225, 99454,20200909,   80,    0
 18225, 99454,20200910,   60,    0
 18225, 99454,20200911,   93,    0
 18225, 99454,20200912,   82,    0
 18225, 99454,20200913,   87,    0
 18225, 99454,20200914,   84,    0
 18225, 99454,20200915,   87,    0
 18225, 99454,20200916,   62,    0
 18225, 99454,20200917,   77,    0
 18225, 99454,20200918,  104,    0
 18225, 99454,20200919,   86,    0
 18225, 99454,20200920,  108,    0
 18225, 99454,20200921,  117,    0
 18225, 99454,20200922,   70,    0
 18225, 99454,20200923,   77,    0
 18225, 99454,20200924,   60,    0
 18225, 99454,20200925,   67,    0
 18225, 99454,20200926,   69,    0
 18225, 99454,20200927,   92,    0
 18225, 99454,20200928,  137,    0
 18225, 99454,20200929,  101,    0
 18225, 99454,20200930,  112,    0
 18225, 99454,20201001,  144,    0
 18225, 99454,20201002,  132,    0
 18225, 99454,20201003,  136,    0
 18225, 99454,20201004,  148,    0
 18225, 99454,20201005,  116,    0
 18225, 99454,20201006,  104,    0
 18225, 99454,20201007,   94,    0
 18225, 99454,20201008,   85,    0
 18225, 99454,20201009,   54,    0
 18225, 99454,20201010,   59,    0
 18225, 99454,20201011,   69,    0
 18225, 99454,20201012,   54,    0
 18225, 99454,20201013,   45,    0
 18225, 99454,20201014,   41,    0
 18225, 99454,20201015,   45,    0
 18225, 99454,20201016,   55,    0
 18225, 99454,20201017,   45,    0
 18225, 99454,20201018,   21,    0
 18225, 99454,20201019,   12,    0
 18225, 99454,20201020,   23,    0
 18225, 99454,20201021,   23,    0
 18225, 99454,20201022,   20,    0
 18225, 99454,20201023,   -5,    0
 18225, 99454,20201024,   25,    0
 18225, 99454,20201025,   69,    0
 18225, 99454,20201026,   67,    0
 18225, 99454,20201027,   43,    0
 18225, 99454,20201028,   56,    0
 18225, 99454,20201029,   45,    0
 18225, 99454,20201030,   53,    0
 18225, 99454,20201031,   67,    0
 18225, 99454,20201101,  104,    0
 18225, 99454,20201102,   76,    0
 18225, 99454,20201103,   57,    0
 18225, 99454,20201104,   41,    0
 18225, 99454,20201105,   85,    0
 18225, 99454,20201106,   97,    0
 18225, 99454,20201107,   75,    0
 18225, 99454,20201108,   41,    0
 18225, 99454,20201109,   46,    0
 18225, 99454,20201110,   63,    0
 18225, 99454,20201111,   68,    0
 18225, 99454,20201112,   94,    0
 18225, 99454,20201113,   82,    0
 18225, 99454,20201114,   71,    0
 18225, 99454,20201115,   99,    0
 18225, 99454,20201116,   82,    0
 18225, 99454,20201117,   57,    0
 18225, 99454,20201118,   19,    0
 18225, 99454,20201119,   -5,    0
 18225, 99454,20201120,   -2,    0
 18225, 99454,20201121,   39,    0
 18225, 99454,20201122,   38,    0
 18225, 99454,20201123,   23,    0
 18225, 99454,20201124,   29,    0
 18225, 99454,20201125,   39,    0
 18225, 99454,20201126,   26,    0
 18225, 99454,20201127,  -10,    0
 18225, 99454,20201128,   -8,    0
 18225, 99454,20201129,    9,    0
 18225, 99454,20201130,   41,    0
 18225, 99454,20201201,    6,    0
 18225, 99454,20201202,   40,    0
 18225, 99454,20201203,   44,    0
 18225, 99454,20201204,    5,    0
 18225, 99454,20201205,    5,    0
 18225, 99454,20201206,    8,    0
 18225, 99454,20201207,   31,    0
 18225, 99454,20201208,   53,    0
 18225, 99454,20201209,   26,    0
 18225, 99454,20201210,   15,    0
 18225, 99454,20201211,   22,    0
 18225, 99454,20201212,  -12,    0
 18225, 99454,20201213,  -25,    0
 18225, 99454,20201214,   44,    0
 18225, 99454,20201215,   29,    0
 18225, 99454,20201216,   20,    0
 18225, 99454,20201217,   49,    0
 18225, 99454,20201218,   50,    0
 18225, 99454,20201219,   95,    0
 18225, 99454,20201220,   82,    0
 18225, 99454,20201221,   49,    0
 18225, 99454,20201222,   43,    0
 18225, 99454,20201223,   19,    0
 18225, 99454,20201224,  -13,    0
 18225, 99454,20201225,  -15,    0
 18225, 99454,20201226,   20,    0
 18225, 99454,20201227,   48,    0
 18225, 99454,20201228,   33,    0
 18225, 99454,20201229,   18,    0
 18225, 99454,20201230,   -9,    0
 18225, 99454,20201231,   -5,    0
 18225, 99454,20210101,  -42,    0
 18225, 99454,20210102,  -52,    0
 18225, 99454,20210103,  -83,    0
 18225, 99454,20210104,  -95,    0
 18225, 99454,20210105,  -61,    0
 18225, 99454,20210106,  -75,    0
 18225, 99454,20210107,  -64,    0
 18225, 99454,20210108,  -71,    0
 18225, 99454,20210109,  -11,    0
 18225, 99454,20210110,  -29,    0
 18225, 99454,20210111,  -65,    0
 18225, 99454,20210112,  -33,    0
 18225, 99454,20210113,  -72,    0
 18225, 99454,20210114, -103,    0
 18225, 99454,20210115,  -78,    0
 18225, 99454,20210116, -103,    0
 18225, 99454,20210117,  -26,    0
 18225, 99454,20210118,  -10,    0
 18225, 99454,20210119,  -30,    0
 18225, 99454,20210120,  -13,    0
 18225, 99454,20210121,   32,    0
 18225, 99454,20210122,   21,    0
 18225, 99454,20210123,    3,    0
 18225, 99454,20210124,  -27,    0
 18225, 99454,20210125,  -55,    0
 18225, 99454,20210126,  -17,    0
 18225, 99454,20210127,  -54,    0
 18225, 99454,20210128,  -34,    0
 18225, 99454,20210129,  -16,    0
 18225, 99454,20210130,  -16,    0
 18225, 99454,20210131,  -23,    0
 18225, 99454,20210201,  -53,    0
 18225, 99454,20210202,  -90,    0
 18225, 99454,20210203, -139,    0
 18225, 99454,20210204, -108,    0
 18225, 99454,20210205,  -94,    0
 18225, 99454,20210206, -102,    0
 18225, 99454,20210207,  -75,    0
 18225, 99454,20210208, -106,    0
 18225, 99454,20210209, -112,    0
 18225, 99454,20210210,  -74,    0
 18225, 99454,20210211, -103,    0
 18225, 99454,20210212, -112,    0
 18225, 99454,20210213,  -84,    0
 18225, 99454,20210214,  -73,    0
 18225, 99454,20210215,  -13,    0
 18225, 99454,20210216,    1,    0
 18225, 99454,20210217,   11,    0
 18225, 99454,20210218,   28,    0
 18225, 99454,20210219,   45,    0
 18225, 99454,20210220,   59,    0
 18225, 99454,20210221,   73,    0
 18225, 99454,20210222,   43,    0
 18225, 99454,20210223,   45,    0
 18225, 99454,20210224,   67,    0
 18225, 99454,20210225,   61,    0
 18225, 99454,20210226,   33,    0
 18225, 99454,20210227,   55,    0
 18225, 99454,20210228,   58,    0
 18225, 99454,20210301,   45,    0
 18225, 99454,20210302,   38,    0
 18225, 99454,20210303,   12,    0
 18225, 99454,20210304,  -19,    0
 18225, 99454,20210305,   -4,    0
 18225, 99454,20210306,    7,    0
 18225, 99454,20210307,  -21,    0
 18225, 99454,20210308,  -32,    0
 18225, 99454,20210309,    1,    0
 18225, 99454,20210310,    8,    0
 18225, 99454,20210311,   31,    0
 18225, 99454,20210312,   42,    0
 18225, 99454,20210313,   21,    0
 18225, 99454,20210314,   12,    0
 18225, 99454,20210315,   -4,    0
 18225, 99454,20210316,   -8,    0
 18225, 99454,20210317,    0,    0
 18225, 99454,20210318,   18,    0
 18225, 99454,20210319,   36,    0
 18225, 99454,20210320,   33,    0
 18225, 99454,20210321,    3,    0
 18225, 99454,20210322,   44,    0
 18225, 99454,20210323,   74,    0
 18225, 99454,20210324,   37,    0
 18225, 99454,20210325,   30,    0
 18225, 99454,20210326,   64,    0
 18225, 99454,20210327,   39,    0
 18225, 99454,20210328,   42,    0
 18225, 99454,20210329,   51,    0
 18225, 99454,20210330,   32,    0
 18225, 99454,20210331,   20,    0
 18225, 99454,20210401,   17,    0
 18225, 99454,20210402,   12,    0
 18225, 99454,20210403,   28,    0
 18225, 99454,20210404,   12,    0
 18225, 99454,20210405,   -6,    0
 18225, 99454,20210406,    7,    0
 18225, 99454,20210407,  -11,    0
 18225, 99454,20210408,   -7,    0
 18225, 99454,20210409,  -10,    0
 18225, 99454,20210410,   -2,    0
 18225, 99454,20210411,   15,    0
 18225, 99454,20210412,   15,    0
 18225, 99454,20210413,    2,    0
 18225, 99454,20210414,   13,    0
 18225, 99454,20210415,   39,    0
 18225, 99454,20210416,   38,    0
 18225, 99454,20210417,   44,    0
 18225, 99454,20210418,   75,    0
 18225, 99454,20210419,   84,    0
 18225, 99454,20210420,   60,    0
 18225, 99454,20210421,   12,    0
 18225, 99454,20210422,    6,    0
 18225, 99454,20210423,    0,    0
 18225, 99454,20210424,    0,    0
 18225, 99454,20210425,    2,    0
 18225, 99454,20210426,   27,    0
 18225, 99454,20210427,   33,    0
 18225, 99454,20210428,   23,    0
 18225, 99454,20210429,   23,    0
 18225, 99454,20210430,   15,    0
 18225, 99454,20210501,   25,    0
 18225, 99454,20210502,   29,    0
 18225, 99454,20210503,   28,    0
 18225, 99454,20210504,   55,    0
 18225, 99454,20210505,   68,    0
 18225, 99454,20210506,   52,    0
 18225, 99454,20210507,   34,    0
 18225, 99454,20210508,   28,    0
 18225, 99454,20210509,   70,    0
 18225, 99454,20210510,   93,    0
 18225, 99454,20210511,  122,    0
 18225, 99454,20210512,   72,    0
 18225, 99454,20210513,   73,    0
 18225, 99454,20210514,   91,    0
 18225, 99454,20210515,  137,    0
 18225, 99454,20210516,   77,    0
 18225, 99454,20210517,   88,    0
 18225, 99454,20210518,   71,    0
 18225, 99454,20210519,   74,    0
 18225, 99454,20210520,   44,    0
 18225, 99454,20210521,   84,    0
 18225, 99454,20210522,  123,    0
 18225, 99454,20210523,  110,    0
 18225, 99454,20210524,  119,    0
 18225, 99454,20210525,  142,    0
 18225, 99454,20210526,  144,    0
 18225, 99454,20210527,   99,    0
 18225, 99454,20210528,  109,    0
 18225, 99454,20210529,  144,    0
 18225, 99454,20210530,  110,    0
 18225, 99454,20210531,  133,    0
 18225, 99454,20210601,  168,    0
 18225, 99454,20210602,  157,    0
 18225, 99454,20210603,  176,    0
 18225, 99454,20210604,  173,    0
 18225, 99454,20210605,  157,    0
 18225, 99454,20210606,  124,    0
 18225, 99454,20210607,  142,    0
 18225, 99454,20210608,  130,    0
 18225, 99454,20210609,  143,    0
 18225, 99454,20210610,  168,    0
 18225, 99454,20210611,  130,    0
 18225, 99454,20210612,   83,    0
 18225, 99454,20210613,   90,    0
 18225, 99454,20210614,   94,    0
 18225, 99454,20210615,   69,    0
 18225, 99454,20210616,   91,    0
 18225, 99454,20210617,  112,    0
 18225, 99454,20210618,  103,    0
 18225, 99454,20210619,  103,    0
 18225, 99454,20210620,  136,    0
 18225, 99454,20210621,  108,    0
 18225, 99454,20210622,  124,    0
 18225, 99454,20210623,  109,    0
 18225, 99454,20210624,  110,    0
 18225, 99454,20210625,  100,    0
 18225, 99454,20210626,  110,    0
 18225, 99454,20210627,  116,    0
 18225, 99454,20210628,  110,    0
 18225, 99454,20210629,  106,    0
 18225, 99454,20210630,  148,    0
 18225, 99454,20210701,  181,    0
 18225, 99454,20210702,  190,    0
 18225, 99454,20210703,  174,    0
 18225, 99454,20210704,  169,    0
 18225, 99454,20210705,  212,    0
 18225, 99454,20210706,  175,    0
 18225, 99454,20210707,  158,    0
 18225, 99454,20210708,  154,    0
 18225, 99454,20210709,  162,    0
 18225, 99454,20210710,  152,    0
 18225, 99454,20210711,  151,    0
 18225, 99454,20210712,  157,    0
 18225, 99454,20210713,  172,    0
 18225, 99454,20210714,  177,    0
 18225, 99454,20210715,  129,    0
 18225, 99454,20210716,  138,    0
 18225, 99454,20210717,  134,    0
 18225, 99454,20210718,   89,    0
 18225, 99454,20210719,  112,    0
 18225, 99454,20210720,  103,    0
 18225, 99454,20210721,  119,    0
 18225, 99454,20210722,  113,    0
 18225, 99454,20210723,  148,    0
 18225, 99454,20210724,  163,    0
 18225, 99454,20210725,  172,    0
 18225, 99454,20210726,  205,    0
 18225, 99454,20210727,  206,    0
 18225, 99454,20210728,  197,    0
 18225, 99454,20210729,  181,    0
 18225, 99454,20210730,  123,    0
 18225, 99454,20210731,  102,    0
 18225, 99454,20210801,   99,    0
 18225, 99454,20210802,   97,    0
 18225, 99454,20210803,  108,    0
 18225, 99454,20210804,  119,    0
 18225, 99454,20210805,  138,    0
 18225, 99454,20210806,  172,    0
 18225, 99454,20210807,  188,    0
 18225, 99454,20210808,  167,    0
 18225, 99454,20210809,  171,    0
 18225, 99454,20210810,  152,    0
 18225, 99454,20210811,  152,    0
 18225, 99454,20210812,  155,    0
 18225, 99454,20210813,  144,    0
 18225, 99454,20210814,  113,    0
 18225, 99454,20210815,  120,    0
 18225, 99454,20210816,  118,    0
 18225, 99454,20210817,  119,    0
 18225, 99454,20210818,  104,    0
 18225, 99454,20210819,   97,    0
 18225, 99454,20210820,   95,    0
 18225, 99454,20210821,  100,    0
 18225, 99454,20210822,  105,    0
 18225, 99454,20210823,  107,    0
 18225, 99454,20210824,  115,    0
 18225, 99454,20210825,  104,    0
 18225, 99454,20210826,  114,    0
 18225, 99454,20210827,  130,    0
 18225, 99454,20210828,  133,    0
 18225, 99454,20210829,  110,    0
 18225, 99454,20210830,  110,    0
 18225, 99454,20210831,  107,    0
 18225, 99454,20210901,  111,    0
 18225, 99454,20210902,  103,    0
 18225, 99454,20210903,   89,    0
 18225, 99454,20210904,   88,    0
 18225, 99454,20210905,  103,    0
 18225, 99454,20210906,  118,    0
 18225, 99454,20210907,  141,    0
 18225, 99454,20210908,  138,    0
 18225, 99454,20210909,  130,    0
 18225, 99454,20210910,  115,    0
 18225, 99454,20210911,  114,    0
 18225, 99454,20210912,   92,    0
 18225, 99454,20210913,   84,    0
 18225, 99454,20210914,   99,    0
 18225, 99454,20210915,  102,    0
 18225, 99454,20210916,  110,    0
 18225, 99454,20210917,  117,    0
 18225, 99454,20210918,  101,    0
 18225, 99454,20210919,  119,    0
 18225, 99454,20210920,  110,    0
 18225, 99454,20210921,   93,    0
 18225, 99454,20210922,  111,    0
 18225, 99454,20210923,   67,    0
 18225, 99454,20210924,   71,    0
 18225, 99454,20210925,   80,    0
 18225, 99454,20210926,  135,    0
 18225, 99454,20210927,  156,    0
 18225, 99454,20210928,  119,    0
 18225, 99454,20210929,  118,    0
 18225, 99454,20210930,  123,    0
 18225, 99454,20211001,  116,    0
 18225, 99454,20211002,  106,    0
 18225, 99454,20211003,  119,    0
 18225, 99454,20211004,  119,    0
 18225, 99454,20211005,  103,    0
 18225, 99454,20211006,   93,    0
 18225, 99454,20211007,   91,    0
 18225, 99454,20211008,  122,    0
 18225, 99454,20211009,  136,    0
 18225, 99454,20211010,   92,    0
 18225, 99454,20211011,   46,    0
 18225, 99454,20211012,   44,    0
 18225, 99454,20211013,   42,    0
 18225, 99454,20211014,   78,    0
 18225, 99454,20211015,   34,    0
 18225, 99454,20211016,   31,    0
 18225, 99454,20211017,   10,    0
 18225, 99454,20211018,   18,    0
 18225, 99454,20211019,   55,    0
 18225, 99454,20211020,   61,    0
 18225, 99454,20211021,   31,    0
 18225, 99454,20211022,   36,    0
 18225, 99454,20211023,   33,    0
 18225, 99454,20211024,   85,    0
 18225, 99454,20211025,   75,    0
 18225, 99454,20211026,   60,    0
 18225, 99454,20211027,   86,    0
 18225, 99454,20211028,   95,    0
 18225, 99454,20211029,   96,    0
 18225, 99454,20211030,  108,    0
 18225, 99454,20211031,   90,    0
 18225, 99454,20211101,   99,    0
 18225, 99454,20211102,   83,    0
 18225, 99454,20211103,   43,    0
 18225, 99454,20211104,   34,    0
 18225, 99454,20211105,   35,    0
 18225, 99454,20211106,   24,    0
 18225, 99454,20211107,   19,    0
 18225, 99454,20211108,    4,    0
 18225, 99454,20211109,   65,    0
 18225, 99454,20211110,   42,    0
 18225, 99454,20211111,   48,    0
 18225, 99454,20211112,   19,    0
 18225, 99454,20211113,    9,    0
 18225, 99454,20211114,    9,    0
 18225, 99454,20211115,   65,    0
 18225, 99454,20211116,   84,    0
 18225, 99454,20211117,   35,    0
 18225, 99454,20211118,   17,    0
 18225, 99454,20211119,   45,    0
 18225, 99454,20211120,   26,    0
 18225, 99454,20211121,    1,    0
 18225, 99454,20211122,   28,    0
 18225, 99454,20211123,   54,    0
 18225, 99454,20211124,   34,    0
 18225, 99454,20211125,  -13,    0
 18225, 99454,20211126,  -64,    0
 18225, 99454,20211127, -104,    0
 18225, 99454,20211128, -115,    0
 18225, 99454,20211129,  -67,    0
 18225, 99454,20211130,  -25,    0
 18225, 99454,20211201,  -40,    0
 18225, 99454,20211202,  -49,    0
 18225, 99454,20211203, -113,    0
 18225, 99454,20211204,  -21,    0
 18225, 99454,20211205,  -33,    0
 18225, 99454,20211206,  -74,    0
 18225, 99454,20211207,  -48,    0
 18225, 99454,20211208,  -27,    0
 18225, 99454,20211209,  -14,    0
 18225, 99454,20211210,  -29,    0
 18225, 99454,20211211,  -52,    0
 18225, 99454,20211212,   18,    0
 18225, 99454,20211213,   41,    0
 18225, 99454,20211214,   37,    0
 18225, 99454,20211215,   54,    0
 18225, 99454,20211216,   48,    0
 18225, 99454,20211217,   63,    0
 18225, 99454,20211218,   60,    0
 18225, 99454,20211219,    8,    0
 18225, 99454,20211220,    2,    0
 18225, 99454,20211221,   -8,    0
 18225, 99454,20211222,  -12,    0
 18225, 99454,20211223,  -35,    0
 18225, 99454,20211224,  -64,    0
 18225, 99454,20211225,  -15,    0
 18225, 99454,20211226,   -4,    0
 18225, 99454,20211227,  -56,    0
 18225, 99454,20211228,  -53,    0
 18225, 99454,20211229,  -29,    0
 18225, 99454,20211230,  -18,    0
 18225, 99454,20211231,   -3,    0
 18225, 99454,20220101,   -9,    0
 18225, 99454,20220102,   28,    0
 18225, 99454,20220103,   -1,    0
 18225, 99454,20220104,  -21,    0
 18225, 99454,20220105,  -24,    0
 18225, 99454,20220106,  -54,    0
 18225, 99454,20220107,  -32,    0
 18225, 99454,20220108,  -44,    0
 18225, 99454,20220109,  -47,    0
 18225, 99454,20220110,  -20,    0
 18225, 99454,20220111,   44,    0
 18225, 99454,20220112,   54,    0
 18225, 99454,20220113,   52,    0
 18225, 99454,20220114,    6,    0
 18225, 99454,20220115,   14,    0
 18225, 99454,20220116,   11,    0
 18225, 99454,20220117,    2,    0
 18225, 99454,20220118,   49,    0
 18225, 99454,20220119,    0,    0
 18225, 99454,20220120,  -27,    0
 18225, 99454,20220121,   12,    0
 18225, 99454,20220122,   55,    0
 18225, 99454,20220123,   74,    0
 18225, 99454,20220124,   28,    0
 18225, 99454,20220125,   14,    0
 18225, 99454,20220126,   22,    0
 18225, 99454,20220127,   10,    0
 18225, 99454,20220128,    6,    0
 18225, 99454,20220129,   19,    0
 18225, 99454,20220130,   -9,    0
 18225, 99454,20220131,  -40,    0
 18225, 99454,20220201,  -31,    0
 18225, 99454,20220202,  -19,    0
 18225, 99454,20220203,   -2,    0
 18225, 99454,20220204,    2,    0
 18225, 99454,20220205,   -2,    0
 18225, 99454,20220206,   -6,    0
 18225, 99454,20220207,    8,    0
 18225, 99454,20220208,   11,    0
 18225, 99454,20220209,    3,    0
 18225, 99454,20220210,  -14,    0
 18225, 99454,20220211,  -17,    0
 18225, 99454,20220212,   16,    0
 18225, 99454,20220213,   27,    0
 18225, 99454,20220214,   -8,    0
 18225, 99454,20220215,  -15,    0
 18225, 99454,20220216,   -1,    0
 18225, 99454,20220217,  -10,    0
 18225, 99454,20220218,   -6,    0
 18225, 99454,20220219,  -15,    0
 18225, 99454,20220220,   -9,    0
 18225, 99454,20220221,  -15,    0
 18225, 99454,20220222,  -20,    0
 18225, 99454,20220223,    7,    0
 18225, 99454,20220224,    3,    0
 18225, 99454,20220225,   -6,    0
 18225, 99454,20220226,   28,    0
 18225, 99454,20220227,   61,    0
 18225, 99454,20220228,   40,    0
 18225, 99454,20220301,   23,    0
 18225, 99454,20220302,   22,    0
 18225, 99454,20220303,  -11,    0
 18225, 99454,20220304,  -11,    0
 18225, 99454,20220305,   11,    0
 18225, 99454,20220306,   19,    0
 18225, 99454,20220307,   37,    0
 18225, 99454,20220308,   12,    0
 18225, 99454,20220309,   52,    0
 18225, 99454,20220310,   73,    0
 18225, 99454,20220311,   65,    0
 18225, 99454,20220312,   73,    0
 18225, 99454,20220313,   61,    0
 18225, 99454,20220314,   61,    0
 18225, 99454,20220315,   38,    0
 18225, 99454,20220316,   52,    0
 18225, 99454,20220317,   52,    0
 18225, 99454,20220318,   35,    0
 18225, 99454,20220319,   82,    0
 18225, 99454,20220320,   55,    0
 18225, 99454,20220321,   36,    0
 18225, 99454,20220322,   21,    0
 18225, 99454,20220323,   60,    0
 18225, 99454,20220324,   65,    0
 18225, 99454,20220325,   40,    0
 18225, 99454,20220326,   19,    0
 18225, 99454,20220327,   58,    0
 18225, 99454,20220328,   12,    0
 18225, 99454,20220329,  -19,    0
 18225, 99454,20220330,  -35,    0
 18225, 99454,20220331,  -14,    0
 18225, 99454,20220401,  -10,    0
 18225, 99454,20220402,   -2,    0
 18225, 99454,20220403,   -1,    0
 18225, 99454,20220404,  -14,    0
 18225, 99454,20220405,  -19,    0
 18225, 99454,20220406,  -14,    0
 18225, 99454,20220407,  -18,    0
 18225, 99454,20220408,  -10,    0
 18225, 99454,20220409,    7,    0
 18225, 99454,20220410,   20,    0
 18225, 99454,20220411,   10,    0
 18225, 99454,20220412,   29,    0
 18225, 99454,20220413,   47,    0
 18225, 99454,20220414,   48,    0
 18225, 99454,20220415,   50,    0
 18225, 99454,20220416,   53,    0
 18225, 99454,20220417,   72,    0
 18225, 99454,20220418,   92,    0
 18225, 99454,20220419,   86,    0
 18225, 99454,20220420,   82,    0
 18225, 99454,20220421,   92,    0
 18225, 99454,20220422,   78,    0
 18225, 99454,20220423,   83,    0
 18225, 99454,20220424,   78,    0
 18225, 99454,20220425,   39,    0
 18225, 99454,20220426,   19,    0
 18225, 99454,20220427,   18,    0
 18225, 99454,20220428,   27,    0
 18225, 99454,20220429,   27,    0
 18225, 99454,20220430,   39,    0
 18225, 99454,20220501,   55,    0
 18225, 99454,20220502,   29,    0
 18225, 99454,20220503,   17,    0
 18225, 99454,20220504,   49,    0
 18225, 99454,20220505,   66,    0
 18225, 99454,20220506,   82,    0
 18225, 99454,20220507,   25,    0
 18225, 99454,20220508,   49,    0
 18225, 99454,20220509,   95,    0
 18225, 99454,20220510,   97,    0
 18225, 99454,20220511,   77,    0
 18225, 99454,20220512,   55,    0
 18225, 99454,20220513,   57,    0
 18225, 99454,20220514,   51,    0
 18225, 99454,20220515,   54,    0
 18225, 99454,20220516,   60,    0
 18225, 99454,20220517,  100,    0
 18225, 99454,20220518,  110,    0
 18225, 99454,20220519,  107,    0
 18225, 99454,20220520,  116,    0
 18225, 99454,20220521,   92,    0
 18225, 99454,20220522,  113,    0
 18225, 99454,20220523,  123,    0
 18225, 99454,20220524,  124,    0
 18225, 99454,20220525,  110,    0
 18225, 99454,20220526,   78,    0
 18225, 99454,20220527,   67,    0
 18225, 99454,20220528,   51,    0
 18225, 99454,20220529,   50,    0
 18225, 99454,20220530,  121,    0
 18225, 99454,20220531,  133,    0
 18225, 99454,20220601,   94,    0
 18225, 99454,20220602,   89,    0
 18225, 99454,20220603,   79,    0
 18225, 99454,20220604,   80,    0
 18225, 99454,20220605,   76,    0
 18225, 99454,20220606,   96,    0
 18225, 99454,20220607,  114,    0
 18225, 99454,20220608,  109,    0
 18225, 99454,20220609,  119,    0
 18225, 99454,20220610,  136,    0
 18225, 99454,20220611,  138,    0
 18225, 99454,20220612,  116,    0
 18225, 99454,20220613,   90,    0
 18225, 99454,20220614,   95,    0
 18225, 99454,20220615,  109,    0
 18225, 99454,20220616,  113,    0
 18225, 99454,20220617,  128,    0
 18225, 99454,20220618,   99,    0
 18225, 99454,20220619,  125,    0
 18225, 99454,20220620,  119,    0
 18225, 99454,20220621,   91,    0
 18225, 99454,20220622,  104,    0
 18225, 99454,20220623,  130,    0
 18225, 99454,20220624,  184,    0
 18225, 99454,20220625,  201,    0
 18225, 99454,20220626,  195,    0
 18225, 99454,20220627,  139,    0
 18225, 99454,20220628,  117,    0
 18225, 99454,20220629,  167,    0
 18225, 99454,20220630,  185,    0
 18225, 99454,20220701,  203,    0
 18225, 99454,20220702,  142,    0
 18225, 99454,20220703,  139,    0
 18225, 99454,20220704,  130,    0
 18225, 99454,20220705,   90,    0
 18225, 99454,20220706,   87,    0
 18225, 99454,20220707,   88,    0
 18225, 99454,20220708,  104,    0
 18225, 99454,20220709,   85,    0
 18225, 99454,20220710,  100,    0
 18225, 99454,20220711,  136,    0
 18225, 99454,20220712,  142,    0
 18225, 99454,20220713,  117,    0
 18225, 99454,20220714,   86,    0
 18225, 99454,20220715,   89,    0
 18225, 99454,20220716,   85,    0
 18225, 99454,20220717,  102,    0
 18225, 99454,20220718,  110,    0
 18225, 99454,20220719,  137,    0
 18225, 99454,20220720,  145,    0
 18225, 99454,20220721,  114,    0
 18225, 99454,20220722,  111,    0
 18225, 99454,20220723,  140,    0
 18225, 99454,20220724,  137,    0
 18225, 99454,20220725,  150,    0
 18225, 99454,20220726,  106,    0
 18225, 99454,20220727,   87,    0
 18225, 99454,20220728,  116,    0
 18225, 99454,20220729,  134,    0
 18225, 99454,20220730,  150,    0
 18225, 99454,20220731,  113,    0
 18225, 99454,20220801,   98,    0
 18225, 99454,20220802,  109,    0
 18225, 99454,20220803,  141,    0
 18225, 99454,20220804,  104,    0
 18225, 99454,20220805,  107,    0
 18225, 99454,20220806,   90,    0
 18225, 99454,20220807,  128,    0
 18225, 99454,20220808,  141,    0
 18225, 99454,20220809,  137,    0
 18225, 99454,20220810,  165,    0
 18225, 99454,20220811,  120,    0
 18225, 99454,20220812,  128,    0
 18225, 99454,20220813,  121,    0
 18225, 99454,20220814,  157,    0
 18225, 99454,20220815,  173,    0
 18225, 99454,20220816,  159,    0
 18225, 99454,20220817,   95,    0
 18225, 99454,20220818,  114,    0
 18225, 99454,20220819,  137,    0
 18225, 99454,20220820,  135,    0
 18225, 99454,20220821,  119,    0
 18225, 99454,20220822,  104,    0
 18225, 99454,20220823,  133,    0
 18225, 99454,20220824,  171,    0
 18225, 99454,20220825,  168,    0
 18225, 99454,20220826,  123,    0
 18225, 99454,20220827,  102,    0
 18225, 99454,20220828,   98,    0
 18225, 99454,20220829,  109,    0
 18225, 99454,20220830,  108,    0
 18225, 99454,20220831,  115,    0
 18225, 99454,20220901,  105,    0
 18225, 99454,20220902,  110,    0
 18225, 99454,20220903,  117,    0
 18225, 99454,20220904,  115,    0
 18225, 99454,20220905,  117,    0
 18225, 99454,20220906,  120,    0
 18225, 99454,20220907,  114,    0
 18225, 99454,20220908,  124,    0
 18225, 99454,20220909,  117,    0
 18225, 99454,20220910,  105,    0
 18225, 99454,20220911,  115,    0
 18225, 99454,20220912,  109,    0
 18225, 99454,20220913,  109,    0
 18225, 99454,20220914,   87,    0
 18225, 99454,20220915,   89,    0
 18225, 99454,20220916,   84,    0
 18225, 99454,20220917,   80,    0
 18225, 99454,20220918,   76,    0
 18225, 99454,20220919,   57,    0
 18225, 99454,20220920,   54,    0
 18225, 99454,20220921,   88,    0
 18225, 99454,20220922,  109,    0
 18225, 99454,20220923,   94,    0
 18225, 99454,20220924,   79,    0
 18225, 99454,20220925,   64,    0
 18225, 99454,20220926,   96,    0
 18225, 99454,20220927,  113,    0
 18225, 99454,20220928,  113,    0
 18225, 99454,20220929,   89,    0
 18225, 99454,20220930,   92,    0
 18225, 99454,20221001,  109,    0
 18225, 99454,20221002,   91,    0
 18225, 99454,20221003,   87,    0
 18225, 99454,20221004,   96,    0
 18225, 99454,20221005,   66,    0
 18225, 99454,20221006,   67,    0
 18225, 99454,20221007,   73,    0
 18225, 99454,20221008,   52,    0
 18225, 99454,20221009,   94,    0
 18225, 99454,20221010,   82,    0
 18225, 99454,20221011,   42,    0
 18225, 99454,20221012,   71,    0
 18225, 99454,20221013,   58,    0
 18225, 99454,20221014,   51,    0
 18225, 99454,20221015,   62,    0
 18225, 99454,20221016,   76,    0
 18225, 99454,20221017,   67,    0
 18225, 99454,20221018,   43,    0
 18225, 99454,20221019,   44,    0
 18225, 99454,20221020,   18,    0
 18225, 99454,20221021,   28,    0
 18225, 99454,20221022,   49,    0
 18225, 99454,20221023,   43,    0
 18225, 99454,20221024,   58,    0
 18225, 99454,20221025,   72,    0
 18225, 99454,20221026,   79,    0
 18225, 99454,20221027,   98,    0
 18225, 99454,20221028,  106,    0
 18225, 99454,20221029,   67,    0
 18225, 99454,20221030,   51,    0
 18225, 99454,20221031,   80,    0
