EUROPEAN CLIMATE ASSESSMENT & DATASET (ECA&D), file created on: 16-11-2022
THESE DATA CAN BE USED FOR NON-COMMERCIAL RESEARCH AND EDUCATION PROVIDED THAT THE FOLLOWING SOURCE IS ACKNOWLEDGED: 

Klein Tank, A.M.G. and Coauthors, 2002. Daily dataset of 20th-century surface
air temperature and precipitation series for the European Climate Assessment.
Int. J. of Climatol., 22, 1441-1453.
Data and metadata available at http://www.ecad.eu

FILE FORMAT (MISSING VALUE CODE = -9999):

01-06 STAID: Station identifier
08-13 SOUID: Source identifier
15-22 DATE : Date YYYYMMDD
24-28 TG   : Mean temperature in 0.1 &#176;C
30-34 Q_TG : quality code for TG (0='valid'; 1='suspect'; 9='missing')

This is the blended series of station GULLFJELLET, NORWAY (STAID: 18226)
Blended and updated with sources:99455 
See files sources.txt and stations.txt for more info.

STAID, SOUID,    DATE,   TG, Q_TG
 18226, 99455,20160817,  128,    0
 18226, 99455,20160818,  132,    0
 18226, 99455,20160819,  123,    0
 18226, 99455,20160820,  140,    0
 18226, 99455,20160821,  149,    0
 18226, 99455,20160822,  144,    0
 18226, 99455,20160823,  150,    0
 18226, 99455,20160824,  149,    0
 18226, 99455,20160825,  143,    0
 18226, 99455,20160826,  122,    0
 18226, 99455,20160827,  109,    0
 18226, 99455,20160828,  116,    0
 18226, 99455,20160829,  110,    0
 18226, 99455,20160830,  123,    0
 18226, 99455,20160831,  139,    0
 18226, 99455,20160901,  113,    0
 18226, 99455,20160902,  118,    0
 18226, 99455,20160903,  100,    0
 18226, 99455,20160904,  102,    0
 18226, 99455,20160905,  138,    0
 18226, 99455,20160906,  141,    0
 18226, 99455,20160907,  131,    0
 18226, 99455,20160908,  177,    0
 18226, 99455,20160909,  148,    0
 18226, 99455,20160910,  136,    0
 18226, 99455,20160911,  119,    0
 18226, 99455,20160912,  149,    0
 18226, 99455,20160913,  189,    0
 18226, 99455,20160914,  170,    0
 18226, 99455,20160915,  196,    0
 18226, 99455,20160916,  174,    0
 18226, 99455,20160917,  159,    0
 18226, 99455,20160918,  137,    0
 18226, 99455,20160919,  136,    0
 18226, 99455,20160920,  125,    0
 18226, 99455,20160921,  137,    0
 18226, 99455,20160922,  137,    0
 18226, 99455,20160923,  109,    0
 18226, 99455,20160924,  127,    0
 18226, 99455,20160925,  165,    0
 18226, 99455,20160926,  113,    0
 18226, 99455,20160927,  108,    0
 18226, 99455,20160928,   96,    0
 18226, 99455,20160929,   97,    0
 18226, 99455,20160930,   68,    0
 18226, 99455,20161001,   58,    0
 18226, 99455,20161002,   53,    0
 18226, 99455,20161003,   72,    0
 18226, 99455,20161004,   65,    0
 18226, 99455,20161005,   55,    0
 18226, 99455,20161006,   73,    0
 18226, 99455,20161007,   93,    0
 18226, 99455,20161008,   57,    0
 18226, 99455,20161009,   53,    0
 18226, 99455,20161010,   55,    0
 18226, 99455,20161011,   39,    0
 18226, 99455,20161012,   29,    0
 18226, 99455,20161013,   44,    0
 18226, 99455,20161014,   76,    0
 18226, 99455,20161015,  111,    0
 18226, 99455,20161016,   92,    0
 18226, 99455,20161017,  102,    0
 18226, 99455,20161018,  103,    0
 18226, 99455,20161019,   65,    0
 18226, 99455,20161020,   61,    0
 18226, 99455,20161021,   39,    0
 18226, 99455,20161022,   46,    0
 18226, 99455,20161023,   53,    0
 18226, 99455,20161024,   59,    0
 18226, 99455,20161025,   33,    0
 18226, 99455,20161026,   73,    0
 18226, 99455,20161027,   83,    0
 18226, 99455,20161028,   51,    0
 18226, 99455,20161029,   38,    0
 18226, 99455,20161030,   68,    0
 18226, 99455,20161031,   82,    0
 18226, 99455,20161101,   34,    0
 18226, 99455,20161102,    2,    0
 18226, 99455,20161103,   22,    0
 18226, 99455,20161104,   14,    0
 18226, 99455,20161105,   10,    0
 18226, 99455,20161106,  -25,    0
 18226, 99455,20161107,  -62,    0
 18226, 99455,20161108,  -61,    0
 18226, 99455,20161109,  -49,    0
 18226, 99455,20161110,  -29,    0
 18226, 99455,20161111,   -9,    0
 18226, 99455,20161112,   15,    0
 18226, 99455,20161113,   33,    0
 18226, 99455,20161114,   59,    0
 18226, 99455,20161115,   56,    0
 18226, 99455,20161116,   43,    0
 18226, 99455,20161117,    2,    0
 18226, 99455,20161118,   15,    0
 18226, 99455,20161119,   21,    0
 18226, 99455,20161120,   20,    0
 18226, 99455,20161121,   10,    0
 18226, 99455,20161122,   48,    0
 18226, 99455,20161123,   32,    0
 18226, 99455,20161124,   39,    0
 18226, 99455,20161125,   68,    0
 18226, 99455,20161126,   44,    0
 18226, 99455,20161127,  -13,    0
 18226, 99455,20161128,  -23,    0
 18226, 99455,20161129,   24,    0
 18226, 99455,20161130,   14,    0
 18226, 99455,20161201,   32,    0
 18226, 99455,20161202,  -20,    0
 18226, 99455,20161203,   18,    0
 18226, 99455,20161204,   48,    0
 18226, 99455,20161205,   40,    0
 18226, 99455,20161206,   10,    0
 18226, 99455,20161207,   66,    0
 18226, 99455,20161208,   84,    0
 18226, 99455,20161209,   67,    0
 18226, 99455,20161210,   64,    0
 18226, 99455,20161211,   37,    0
 18226, 99455,20161212,   25,    0
 18226, 99455,20161213,   19,    0
 18226, 99455,20161214,   25,    0
 18226, 99455,20161215,   76,    0
 18226, 99455,20161216,   55,    0
 18226, 99455,20161217,   44,    0
 18226, 99455,20161218,   49,    0
 18226, 99455,20161219,   75,    0
 18226, 99455,20161220,   57,    0
 18226, 99455,20161221,   39,    0
 18226, 99455,20161222,   31,    0
 18226, 99455,20161223,   29,    0
 18226, 99455,20161224,   19,    0
 18226, 99455,20161225,   44,    0
 18226, 99455,20161226,   24,    0
 18226, 99455,20161227,   18,    0
 18226, 99455,20161228,   44,    0
 18226, 99455,20161229,   53,    0
 18226, 99455,20161230,   68,    0
 18226, 99455,20161231,   41,    0
 18226, 99455,20170101,   -4,    0
 18226, 99455,20170102,  -21,    0
 18226, 99455,20170103,   12,    0
 18226, 99455,20170104,  -35,    0
 18226, 99455,20170105,  -67,    0
 18226, 99455,20170106,   10,    0
 18226, 99455,20170107,    5,    0
 18226, 99455,20170108,   29,    0
 18226, 99455,20170109,   50,    0
 18226, 99455,20170110,   34,    0
 18226, 99455,20170111,   18,    0
 18226, 99455,20170112,    6,    0
 18226, 99455,20170113,  -10,    0
 18226, 99455,20170114,  -56,    0
 18226, 99455,20170115,  -94,    0
 18226, 99455,20170116,  -52,    0
 18226, 99455,20170117,   29,    0
 18226, 99455,20170118,   50,    0
 18226, 99455,20170119,   56,    0
 18226, 99455,20170120,   60,    0
 18226, 99455,20170121,   25,    0
 18226, 99455,20170122,   23,    0
 18226, 99455,20170123,   24,    0
 18226, 99455,20170124,   35,    0
 18226, 99455,20170125,   56,    0
 18226, 99455,20170126,   28,    0
 18226, 99455,20170127,   14,    0
 18226, 99455,20170128,   42,    0
 18226, 99455,20170129,   34,    0
 18226, 99455,20170130,   -2,    0
 18226, 99455,20170131,   14,    0
 18226, 99455,20170201,   31,    0
 18226, 99455,20170202,   60,    0
 18226, 99455,20170203,   72,    0
 18226, 99455,20170204,   47,    0
 18226, 99455,20170205,   29,    0
 18226, 99455,20170206,   18,    0
 18226, 99455,20170207,  -34,    0
 18226, 99455,20170208,  -69,    0
 18226, 99455,20170209,  -59,    0
 18226, 99455,20170210,  -36,    0
 18226, 99455,20170211,  -27,    0
 18226, 99455,20170212,  -40,    0
 18226, 99455,20170213,  -28,    0
 18226, 99455,20170214,  -12,    0
 18226, 99455,20170215,   55,    0
 18226, 99455,20170216,   48,    0
 18226, 99455,20170217,   24,    0
 18226, 99455,20170218,   33,    0
 18226, 99455,20170219,   51,    0
 18226, 99455,20170220,   50,    0
 18226, 99455,20170221,   20,    0
 18226, 99455,20170222,   20,    0
 18226, 99455,20170223,  -27,    0
 18226, 99455,20170224,  -41,    0
 18226, 99455,20170225,    4,    0
 18226, 99455,20170226,   26,    0
 18226, 99455,20170227,   40,    0
 18226, 99455,20170228,   26,    0
 18226, 99455,20170301,    2,    0
 18226, 99455,20170302,    9,    0
 18226, 99455,20170303,   14,    0
 18226, 99455,20170304,   13,    0
 18226, 99455,20170305,   26,    0
 18226, 99455,20170306,  -11,    0
 18226, 99455,20170307,  -54,    0
 18226, 99455,20170308,  -16,    0
 18226, 99455,20170309,   23,    0
 18226, 99455,20170310,   21,    0
 18226, 99455,20170311,   40,    0
 18226, 99455,20170312,   48,    0
 18226, 99455,20170313,   34,    0
 18226, 99455,20170314,   44,    0
 18226, 99455,20170315,   30,    0
 18226, 99455,20170316,   37,    0
 18226, 99455,20170317,    6,    0
 18226, 99455,20170318,  -17,    0
 18226, 99455,20170319,    3,    0
 18226, 99455,20170320,   29,    0
 18226, 99455,20170321,   22,    0
 18226, 99455,20170322,   -8,    0
 18226, 99455,20170323,  -14,    0
 18226, 99455,20170324,   25,    0
 18226, 99455,20170325,   36,    0
 18226, 99455,20170326,   53,    0
 18226, 99455,20170327,   49,    0
 18226, 99455,20170328,   50,    0
 18226, 99455,20170329,   36,    0
 18226, 99455,20170330,   50,    0
 18226, 99455,20170331,   79,    0
 18226, 99455,20170401,   63,    0
 18226, 99455,20170402,   57,    0
 18226, 99455,20170403,   62,    0
 18226, 99455,20170404,   48,    0
 18226, 99455,20170405,   32,    0
 18226, 99455,20170406,   45,    0
 18226, 99455,20170407,   61,    0
 18226, 99455,20170408,   58,    0
 18226, 99455,20170409,   62,    0
 18226, 99455,20170410,   22,    0
 18226, 99455,20170411,   16,    0
 18226, 99455,20170412,   38,    0
 18226, 99455,20170413,   25,    0
 18226, 99455,20170414,   24,    0
 18226, 99455,20170415,   29,    0
 18226, 99455,20170416,   16,    0
 18226, 99455,20170417,    6,    0
 18226, 99455,20170418,   17,    0
 18226, 99455,20170419,   30,    0
 18226, 99455,20170420,   54,    0
 18226, 99455,20170421,   20,    0
 18226, 99455,20170422,   18,    0
 18226, 99455,20170423,    3,    0
 18226, 99455,20170424,    0,    0
 18226, 99455,20170425,   14,    0
 18226, 99455,20170426,   14,    0
 18226, 99455,20170427,   32,    0
 18226, 99455,20170428,   47,    0
 18226, 99455,20170429,   54,    0
 18226, 99455,20170430,   49,    0
 18226, 99455,20170501,   64,    0
 18226, 99455,20170502,   86,    0
 18226, 99455,20170503,   87,    0
 18226, 99455,20170504,   96,    0
 18226, 99455,20170505,  107,    0
 18226, 99455,20170506,  122,    0
 18226, 99455,20170507,  110,    0
 18226, 99455,20170508,   66,    0
 18226, 99455,20170509,   27,    0
 18226, 99455,20170510,   40,    0
 18226, 99455,20170511,   54,    0
 18226, 99455,20170512,   87,    0
 18226, 99455,20170513,   95,    0
 18226, 99455,20170514,   99,    0
 18226, 99455,20170515,  112,    0
 18226, 99455,20170516,  116,    0
 18226, 99455,20170517,  121,    0
 18226, 99455,20170518,  100,    0
 18226, 99455,20170519,  129,    0
 18226, 99455,20170520,  131,    0
 18226, 99455,20170521,   85,    0
 18226, 99455,20170522,   93,    0
 18226, 99455,20170523,  109,    0
 18226, 99455,20170524,   90,    0
 18226, 99455,20170525,   92,    0
 18226, 99455,20170526,  128,    0
 18226, 99455,20170527,  179,    0
 18226, 99455,20170528,  167,    0
 18226, 99455,20170529,  115,    0
 18226, 99455,20170530,  101,    0
 18226, 99455,20170531,   75,    0
 18226, 99455,20170601,   81,    0
 18226, 99455,20170602,  106,    0
 18226, 99455,20170603,  123,    0
 18226, 99455,20170604,   96,    0
 18226, 99455,20170605,   92,    0
 18226, 99455,20170606,  135,    0
 18226, 99455,20170607,  151,    0
 18226, 99455,20170608,   92,    0
 18226, 99455,20170609,  118,    0
 18226, 99455,20170610,  115,    0
 18226, 99455,20170611,  121,    0
 18226, 99455,20170612,  107,    0
 18226, 99455,20170613,   99,    0
 18226, 99455,20170614,  121,    0
 18226, 99455,20170615,  143,    0
 18226, 99455,20170616,  113,    0
 18226, 99455,20170617,  118,    0
 18226, 99455,20170618,  111,    0
 18226, 99455,20170619,   98,    0
 18226, 99455,20170620,   84,    0
 18226, 99455,20170621,   89,    0
 18226, 99455,20170622,  113,    0
 18226, 99455,20170623,  111,    0
 18226, 99455,20170624,   93,    0
 18226, 99455,20170625,   87,    0
 18226, 99455,20170626,   86,    0
 18226, 99455,20170627,   90,    0
 18226, 99455,20170628,  132,    0
 18226, 99455,20170629,  170,    0
 18226, 99455,20170630,  180,    0
 18226, 99455,20170701,  123,    0
 18226, 99455,20170702,   98,    0
 18226, 99455,20170703,   98,    0
 18226, 99455,20170704,  106,    0
 18226, 99455,20170705,   99,    0
 18226, 99455,20170706,  104,    0
 18226, 99455,20170707,  121,    0
 18226, 99455,20170708,  100,    0
 18226, 99455,20170709,  101,    0
 18226, 99455,20170710,  109,    0
 18226, 99455,20170711,   96,    0
 18226, 99455,20170712,   95,    0
 18226, 99455,20170713,  101,    0
 18226, 99455,20170714,  118,    0
 18226, 99455,20170715,  124,    0
 18226, 99455,20170716,  110,    0
 18226, 99455,20170717,   97,    0
 18226, 99455,20170718,  114,    0
 18226, 99455,20170719,  144,    0
 18226, 99455,20170720,  179,    0
 18226, 99455,20170721,  156,    0
 18226, 99455,20170722,  160,    0
 18226, 99455,20170723,  174,    0
 18226, 99455,20170724,  160,    0
 18226, 99455,20170725,  154,    0
 18226, 99455,20170726,  164,    0
 18226, 99455,20170727,  140,    0
 18226, 99455,20170728,  123,    0
 18226, 99455,20170729,  136,    0
 18226, 99455,20170730,  145,    0
 18226, 99455,20170731,  125,    0
 18226, 99455,20170801,  133,    0
 18226, 99455,20170802,  120,    0
 18226, 99455,20170803,  141,    0
 18226, 99455,20170804,  136,    0
 18226, 99455,20170805,  128,    0
 18226, 99455,20170806,  111,    0
 18226, 99455,20170807,  114,    0
 18226, 99455,20170808,  119,    0
 18226, 99455,20170809,  142,    0
 18226, 99455,20170810,  122,    0
 18226, 99455,20170811,  125,    0
 18226, 99455,20170812,  112,    0
 18226, 99455,20170813,   91,    0
 18226, 99455,20170814,  116,    0
 18226, 99455,20170815,  138,    0
 18226, 99455,20170816,  126,    0
 18226, 99455,20170817,  142,    0
 18226, 99455,20170818,  144,    0
 18226, 99455,20170819,  119,    0
 18226, 99455,20170820,  122,    0
 18226, 99455,20170821,  116,    0
 18226, 99455,20170822,  117,    0
 18226, 99455,20170823,  109,    0
 18226, 99455,20170824,  117,    0
 18226, 99455,20170825,  119,    0
 18226, 99455,20170826,  110,    0
 18226, 99455,20170827,  118,    0
 18226, 99455,20170828,  136,    0
 18226, 99455,20170829,  111,    0
 18226, 99455,20170830,  109,    0
 18226, 99455,20170831,  102,    0
 18226, 99455,20170901,   93,    0
 18226, 99455,20170902,   88,    0
 18226, 99455,20170903,  112,    0
 18226, 99455,20170904,  133,    0
 18226, 99455,20170905,  131,    0
 18226, 99455,20170906,  118,    0
 18226, 99455,20170907,  100,    0
 18226, 99455,20170908,  122,    0
 18226, 99455,20170909,  109,    0
 18226, 99455,20170910,  107,    0
 18226, 99455,20170911,  120,    0
 18226, 99455,20170912,  110,    0
 18226, 99455,20170913,  104,    0
 18226, 99455,20170914,   92,    0
 18226, 99455,20170915,   88,    0
 18226, 99455,20170916,   96,    0
 18226, 99455,20170917,  105,    0
 18226, 99455,20170918,  108,    0
 18226, 99455,20170919,  103,    0
 18226, 99455,20170920,  102,    0
 18226, 99455,20170921,  115,    0
 18226, 99455,20170922,  127,    0
 18226, 99455,20170923,  117,    0
 18226, 99455,20170924,  130,    0
 18226, 99455,20170925,  139,    0
 18226, 99455,20170926,  145,    0
 18226, 99455,20170927,  157,    0
 18226, 99455,20170928,  148,    0
 18226, 99455,20170929,  149,    0
 18226, 99455,20170930,  117,    0
 18226, 99455,20171001,  117,    0
 18226, 99455,20171002,  102,    0
 18226, 99455,20171003,   86,    0
 18226, 99455,20171004,   59,    0
 18226, 99455,20171005,   63,    0
 18226, 99455,20171006,   55,    0
 18226, 99455,20171007,   44,    0
 18226, 99455,20171008,   48,    0
 18226, 99455,20171009,   48,    0
 18226, 99455,20171010,   64,    0
 18226, 99455,20171011,   79,    0
 18226, 99455,20171012,   60,    0
 18226, 99455,20171013,   96,    0
 18226, 99455,20171014,   99,    0
 18226, 99455,20171015,  103,    0
 18226, 99455,20171016,   76,    0
 18226, 99455,20171017,   96,    0
 18226, 99455,20171018,   47,    0
 18226, 99455,20171019,   66,    0
 18226, 99455,20171020,  115,    0
 18226, 99455,20171021,  103,    0
 18226, 99455,20171022,   96,    0
 18226, 99455,20171023,   70,    0
 18226, 99455,20171024,   74,    0
 18226, 99455,20171025,   80,    0
 18226, 99455,20171026,   71,    0
 18226, 99455,20171027,   60,    0
 18226, 99455,20171028,   57,    0
 18226, 99455,20171029,   23,    0
 18226, 99455,20171030,    9,    0
 18226, 99455,20171031,   52,    0
 18226, 99455,20171101,   85,    0
 18226, 99455,20171102,   46,    0
 18226, 99455,20171103,   45,    0
 18226, 99455,20171104,   61,    0
 18226, 99455,20171105,   31,    0
 18226, 99455,20171106,   19,    0
 18226, 99455,20171107,   62,    0
 18226, 99455,20171108,   54,    0
 18226, 99455,20171109,   45,    0
 18226, 99455,20171110,   10,    0
 18226, 99455,20171111,    6,    0
 18226, 99455,20171112,   10,    0
 18226, 99455,20171113,  -15,    0
 18226, 99455,20171114,   20,    0
 18226, 99455,20171115,   25,    0
 18226, 99455,20171116,   33,    0
 18226, 99455,20171117,   28,    0
 18226, 99455,20171118,   18,    0
 18226, 99455,20171119,   -5,    0
 18226, 99455,20171120,  -18,    0
 18226, 99455,20171121,  -39,    0
 18226, 99455,20171122,   19,    0
 18226, 99455,20171123,   28,    0
 18226, 99455,20171124,   17,    0
 18226, 99455,20171125,   11,    0
 18226, 99455,20171126,    9,    0
 18226, 99455,20171127,   10,    0
 18226, 99455,20171128,    7,    0
 18226, 99455,20171129,  -55,    0
 18226, 99455,20171130,  -47,    0
 18226, 99455,20171201,  -39,    0
 18226, 99455,20171202,   28,    0
 18226, 99455,20171203,   10,    0
 18226, 99455,20171204,    5,    0
 18226, 99455,20171205,   46,    0
 18226, 99455,20171206,   63,    0
 18226, 99455,20171207,   49,    0
 18226, 99455,20171208,   13,    0
 18226, 99455,20171209,   -9,    0
 18226, 99455,20171210,  -15,    0
 18226, 99455,20171211,  -17,    0
 18226, 99455,20171212,  -27,    0
 18226, 99455,20171213,   13,    0
 18226, 99455,20171214,    2,    0
 18226, 99455,20171215,  -70,    0
 18226, 99455,20171216,  -73,    0
 18226, 99455,20171217,  -14,    0
 18226, 99455,20171218,   15,    0
 18226, 99455,20171219,   52,    0
 18226, 99455,20171220,   53,    0
 18226, 99455,20171221,   22,    0
 18226, 99455,20171222,   35,    0
 18226, 99455,20171223,   65,    0
 18226, 99455,20171224,   22,    0
 18226, 99455,20171225,   20,    0
 18226, 99455,20171226,    8,    0
 18226, 99455,20171227,    5,    0
 18226, 99455,20171228,  -29,    0
 18226, 99455,20171229,   -9,    0
 18226, 99455,20171230,   -1,    0
 18226, 99455,20171231,   13,    0
 18226, 99455,20180101,   17,    0
 18226, 99455,20180102,   10,    0
 18226, 99455,20180103,   23,    0
 18226, 99455,20180104,  -19,    0
 18226, 99455,20180105,  -49,    0
 18226, 99455,20180106,  -82,    0
 18226, 99455,20180107,  -16,    0
 18226, 99455,20180108,   15,    0
 18226, 99455,20180109,   40,    0
 18226, 99455,20180110,   50,    0
 18226, 99455,20180111,   22,    0
 18226, 99455,20180112,  -21,    0
 18226, 99455,20180113,  -37,    0
 18226, 99455,20180114,    1,    0
 18226, 99455,20180115,   15,    0
 18226, 99455,20180116,   -5,    0
 18226, 99455,20180117,  -15,    0
 18226, 99455,20180118,  -12,    0
 18226, 99455,20180119,   -9,    0
 18226, 99455,20180120,  -15,    0
 18226, 99455,20180121,  -21,    0
 18226, 99455,20180122,    0,    0
 18226, 99455,20180123,   24,    0
 18226, 99455,20180124,   33,    0
 18226, 99455,20180125,   23,    0
 18226, 99455,20180126,  -20,    0
 18226, 99455,20180127,    0,    0
 18226, 99455,20180128,   30,    0
 18226, 99455,20180129,    7,    0
 18226, 99455,20180130,   14,    0
 18226, 99455,20180131,    7,    0
 18226, 99455,20180201,   -6,    0
 18226, 99455,20180202,  -42,    0
 18226, 99455,20180203,  -48,    0
 18226, 99455,20180204,  -79,    0
 18226, 99455,20180205,  -24,    0
 18226, 99455,20180206,  -28,    0
 18226, 99455,20180207,  -19,    0
 18226, 99455,20180208,    3,    0
 18226, 99455,20180209,   13,    0
 18226, 99455,20180210,    1,    0
 18226, 99455,20180211,   -7,    0
 18226, 99455,20180212,  -29,    0
 18226, 99455,20180213,    4,    0
 18226, 99455,20180214,    8,    0
 18226, 99455,20180215,    2,    0
 18226, 99455,20180216,    8,    0
 18226, 99455,20180217,   17,    0
 18226, 99455,20180218,   -1,    0
 18226, 99455,20180219,  -43,    0
 18226, 99455,20180220,  -40,    0
 18226, 99455,20180221,  -22,    0
 18226, 99455,20180222,  -53,    0
 18226, 99455,20180223,  -24,    0
 18226, 99455,20180224,  -11,    0
 18226, 99455,20180225,  -39,    0
 18226, 99455,20180226,  -39,    0
 18226, 99455,20180227,  -91,    0
 18226, 99455,20180228, -120,    0
 18226, 99455,20180301, -127,    0
 18226, 99455,20180302,  -95,    0
 18226, 99455,20180303,  -49,    0
 18226, 99455,20180304,  -63,    0
 18226, 99455,20180305,  -57,    0
 18226, 99455,20180306,  -70,    0
 18226, 99455,20180307,  -11,    0
 18226, 99455,20180308,    0,    0
 18226, 99455,20180309,  -14,    0
 18226, 99455,20180310,  -15,    0
 18226, 99455,20180311,    0,    0
 18226, 99455,20180312,  -13,    0
 18226, 99455,20180313,  -53,    0
 18226, 99455,20180314,  -14,    0
 18226, 99455,20180315,  -10,    0
 18226, 99455,20180316,  -45,    0
 18226, 99455,20180317,  -96,    0
 18226, 99455,20180318,  -73,    0
 18226, 99455,20180319,   -4,    0
 18226, 99455,20180320,  -25,    0
 18226, 99455,20180321,    3,    0
 18226, 99455,20180322,    0,    0
 18226, 99455,20180323,   35,    0
 18226, 99455,20180324,   30,    0
 18226, 99455,20180325,   19,    0
 18226, 99455,20180326,   11,    0
 18226, 99455,20180327,   -6,    0
 18226, 99455,20180328,  -22,    0
 18226, 99455,20180329,  -34,    0
 18226, 99455,20180330,  -49,    0
 18226, 99455,20180331,  -55,    0
 18226, 99455,20180401,  -60,    0
 18226, 99455,20180402,  -34,    0
 18226, 99455,20180403,  -26,    0
 18226, 99455,20180404,   16,    0
 18226, 99455,20180405,    2,    0
 18226, 99455,20180406,   10,    0
 18226, 99455,20180407,   51,    0
 18226, 99455,20180408,   35,    0
 18226, 99455,20180409,   29,    0
 18226, 99455,20180410,   30,    0
 18226, 99455,20180411,   43,    0
 18226, 99455,20180412,   60,    0
 18226, 99455,20180413,   87,    0
 18226, 99455,20180414,   73,    0
 18226, 99455,20180415,   67,    0
 18226, 99455,20180416,   51,    0
 18226, 99455,20180417,   74,    0
 18226, 99455,20180418,   77,    0
 18226, 99455,20180419,  116,    0
 18226, 99455,20180420,   73,    0
 18226, 99455,20180421,   45,    0
 18226, 99455,20180422,   68,    0
 18226, 99455,20180423,   53,    0
 18226, 99455,20180424,   38,    0
 18226, 99455,20180425,   32,    0
 18226, 99455,20180426,   40,    0
 18226, 99455,20180427,   35,    0
 18226, 99455,20180428,   24,    0
 18226, 99455,20180429,   30,    0
 18226, 99455,20180430,   60,    0
 18226, 99455,20180501,   58,    0
 18226, 99455,20180502,   70,    0
 18226, 99455,20180503,   47,    0
 18226, 99455,20180504,   58,    0
 18226, 99455,20180505,   98,    0
 18226, 99455,20180506,   98,    0
 18226, 99455,20180507,  111,    0
 18226, 99455,20180508,  165,    0
 18226, 99455,20180509,  171,    0
 18226, 99455,20180510,   97,    0
 18226, 99455,20180511,   85,    0
 18226, 99455,20180512,   89,    0
 18226, 99455,20180513,  121,    0
 18226, 99455,20180514,  149,    0
 18226, 99455,20180515,  152,    0
 18226, 99455,20180516,   75,    0
 18226, 99455,20180517,   77,    0
 18226, 99455,20180518,   95,    0
 18226, 99455,20180519,  107,    0
 18226, 99455,20180520,  134,    0
 18226, 99455,20180521,  144,    0
 18226, 99455,20180522,  121,    0
 18226, 99455,20180523,  107,    0
 18226, 99455,20180524,  117,    0
 18226, 99455,20180525,  149,    0
 18226, 99455,20180526,  158,    0
 18226, 99455,20180527,  184,    0
 18226, 99455,20180528,  172,    0
 18226, 99455,20180529,  175,    0
 18226, 99455,20180530,  203,    0
 18226, 99455,20180531,  203,    0
 18226, 99455,20180601,  188,    0
 18226, 99455,20180602,  186,    0
 18226, 99455,20180603,  163,    0
 18226, 99455,20180604,  129,    0
 18226, 99455,20180605,  140,    0
 18226, 99455,20180606,  128,    0
 18226, 99455,20180607,  143,    0
 18226, 99455,20180608,  160,    0
 18226, 99455,20180609,  157,    0
 18226, 99455,20180610,  124,    0
 18226, 99455,20180611,   91,    0
 18226, 99455,20180612,   87,    0
 18226, 99455,20180613,   90,    0
 18226, 99455,20180614,  101,    0
 18226, 99455,20180615,   92,    0
 18226, 99455,20180616,  116,    0
 18226, 99455,20180617,  111,    0
 18226, 99455,20180618,   99,    0
 18226, 99455,20180619,   77,    0
 18226, 99455,20180620,   80,    0
 18226, 99455,20180621,   68,    0
 18226, 99455,20180622,   77,    0
 18226, 99455,20180623,   89,    0
 18226, 99455,20180624,   99,    0
 18226, 99455,20180625,  100,    0
 18226, 99455,20180626,  108,    0
 18226, 99455,20180627,  135,    0
 18226, 99455,20180628,  134,    0
 18226, 99455,20180629,  133,    0
 18226, 99455,20180630,  143,    0
 18226, 99455,20180701,  156,    0
 18226, 99455,20180702,  139,    0
 18226, 99455,20180703,  131,    0
 18226, 99455,20180704,  159,    0
 18226, 99455,20180705,  112,    0
 18226, 99455,20180706,  104,    0
 18226, 99455,20180707,  114,    0
 18226, 99455,20180708,  119,    0
 18226, 99455,20180709,  110,    0
 18226, 99455,20180710,  173,    0
 18226, 99455,20180711,  184,    0
 18226, 99455,20180712,  141,    0
 18226, 99455,20180713,  109,    0
 18226, 99455,20180714,  122,    0
 18226, 99455,20180715,  160,    0
 18226, 99455,20180716,  182,    0
 18226, 99455,20180717,  168,    0
 18226, 99455,20180718,  141,    0
 18226, 99455,20180719,  125,    0
 18226, 99455,20180720,  137,    0
 18226, 99455,20180721,  133,    0
 18226, 99455,20180722,  135,    0
 18226, 99455,20180723,  152,    0
 18226, 99455,20180724,  161,    0
 18226, 99455,20180725,  151,    0
 18226, 99455,20180726,  169,    0
 18226, 99455,20180727,  223,    0
 18226, 99455,20180728,  233,    0
 18226, 99455,20180729,  170,    0
 18226, 99455,20180730,  173,    0
 18226, 99455,20180731,  170,    0
 18226, 99455,20180801,  159,    0
 18226, 99455,20180802,  148,    0
 18226, 99455,20180803,  154,    0
 18226, 99455,20180804,  129,    0
 18226, 99455,20180805,  105,    0
 18226, 99455,20180806,  119,    0
 18226, 99455,20180807,  164,    0
 18226, 99455,20180808,  160,    0
 18226, 99455,20180809,  133,    0
 18226, 99455,20180810,  109,    0
 18226, 99455,20180811,  102,    0
 18226, 99455,20180812,  100,    0
 18226, 99455,20180813,  115,    0
 18226, 99455,20180814,  128,    0
 18226, 99455,20180815,  140,    0
 18226, 99455,20180816,  131,    0
 18226, 99455,20180817,  113,    0
 18226, 99455,20180818,  118,    0
 18226, 99455,20180819,  109,    0
 18226, 99455,20180820,   94,    0
 18226, 99455,20180821,  106,    0
 18226, 99455,20180822,  122,    0
 18226, 99455,20180823,  108,    0
 18226, 99455,20180824,   87,    0
 18226, 99455,20180825,   79,    0
 18226, 99455,20180826,   85,    0
 18226, 99455,20180827,  120,    0
 18226, 99455,20180828,  120,    0
 18226, 99455,20180829,  113,    0
 18226, 99455,20180830,   89,    0
 18226, 99455,20180831,  102,    0
 18226, 99455,20180901,  120,    0
 18226, 99455,20180902,  142,    0
 18226, 99455,20180903,  135,    0
 18226, 99455,20180904,  127,    0
 18226, 99455,20180905,  114,    0
 18226, 99455,20180906,  121,    0
 18226, 99455,20180907,  175,    0
 18226, 99455,20180908,  144,    0
 18226, 99455,20180909,  116,    0
 18226, 99455,20180910,  105,    0
 18226, 99455,20180911,   99,    0
 18226, 99455,20180912,   84,    0
 18226, 99455,20180913,   85,    0
 18226, 99455,20180914,   81,    0
 18226, 99455,20180915,   71,    0
 18226, 99455,20180916,   87,    0
 18226, 99455,20180917,   96,    0
 18226, 99455,20180918,  152,    0
 18226, 99455,20180919,  121,    0
 18226, 99455,20180920,   86,    0
 18226, 99455,20180921,   77,    0
 18226, 99455,20180922,   67,    0
 18226, 99455,20180923,   46,    0
 18226, 99455,20180924,   31,    0
 18226, 99455,20180925,   72,    0
 18226, 99455,20180926,   90,    0
 18226, 99455,20180927,   60,    0
 18226, 99455,20180928,   46,    0
 18226, 99455,20180929,   72,    0
 18226, 99455,20180930,   55,    0
 18226, 99455,20181001,   42,    0
 18226, 99455,20181002,   35,    0
 18226, 99455,20181003,   37,    0
 18226, 99455,20181004,   77,    0
 18226, 99455,20181005,   58,    0
 18226, 99455,20181006,   38,    0
 18226, 99455,20181007,   36,    0
 18226, 99455,20181008,   76,    0
 18226, 99455,20181009,  104,    0
 18226, 99455,20181010,  121,    0
 18226, 99455,20181011,  142,    0
 18226, 99455,20181012,  153,    0
 18226, 99455,20181013,  138,    0
 18226, 99455,20181014,  115,    0
 18226, 99455,20181015,   41,    0
 18226, 99455,20181016,   72,    0
 18226, 99455,20181017,   89,    0
 18226, 99455,20181018,   55,    0
 18226, 99455,20181019,   64,    0
 18226, 99455,20181020,   69,    0
 18226, 99455,20181021,   78,    0
 18226, 99455,20181022,   50,    0
 18226, 99455,20181023,   42,    0
 18226, 99455,20181024,   33,    0
 18226, 99455,20181025,   36,    0
 18226, 99455,20181026,    6,    0
 18226, 99455,20181027,   -4,    0
 18226, 99455,20181028,  -33,    0
 18226, 99455,20181029,  -11,    0
 18226, 99455,20181030,   34,    0
 18226, 99455,20181031,   47,    0
 18226, 99455,20181101,   74,    0
 18226, 99455,20181102,   49,    0
 18226, 99455,20181103,   56,    0
 18226, 99455,20181104,   89,    0
 18226, 99455,20181105,   77,    0
 18226, 99455,20181106,   60,    0
 18226, 99455,20181107,  124,    0
 18226, 99455,20181108,   86,    0
 18226, 99455,20181109,   74,    0
 18226, 99455,20181110,   97,    0
 18226, 99455,20181111,   83,    0
 18226, 99455,20181112,   74,    0
 18226, 99455,20181113,   66,    0
 18226, 99455,20181114,   76,    0
 18226, 99455,20181115,   99,    0
 18226, 99455,20181116,   92,    0
 18226, 99455,20181117,   56,    0
 18226, 99455,20181118,   27,    0
 18226, 99455,20181119,   -6,    0
 18226, 99455,20181120,    0,    0
 18226, 99455,20181121,   27,    0
 18226, 99455,20181122,  -29,    0
 18226, 99455,20181123,  -12,    0
 18226, 99455,20181124,  -48,    0
 18226, 99455,20181125,  -58,    0
 18226, 99455,20181126,  -61,    0
 18226, 99455,20181127,  -18,    0
 18226, 99455,20181128,    7,    0
 18226, 99455,20181129,   72,    0
 18226, 99455,20181130,   58,    0
 18226, 99455,20181201,   33,    0
 18226, 99455,20181202,   46,    0
 18226, 99455,20181203,   33,    0
 18226, 99455,20181204,  -14,    0
 18226, 99455,20181205,   -1,    0
 18226, 99455,20181206,   13,    0
 18226, 99455,20181207,   44,    0
 18226, 99455,20181208,   14,    0
 18226, 99455,20181209,   10,    0
 18226, 99455,20181210,    9,    0
 18226, 99455,20181211,  -32,    0
 18226, 99455,20181212,  -28,    0
 18226, 99455,20181213,  -40,    0
 18226, 99455,20181214,  -34,    0
 18226, 99455,20181215,    4,    0
 18226, 99455,20181216,   18,    0
 18226, 99455,20181217,   -6,    0
 18226, 99455,20181218,    3,    0
 18226, 99455,20181219,   51,    0
 18226, 99455,20181220,   44,    0
 18226, 99455,20181221,   20,    0
 18226, 99455,20181222,  -13,    0
 18226, 99455,20181223,  -33,    0
 18226, 99455,20181224,    7,    0
 18226, 99455,20181225,   37,    0
 18226, 99455,20181226,   45,    0
 18226, 99455,20181227,   51,    0
 18226, 99455,20181228,   37,    0
 18226, 99455,20181229,   18,    0
 18226, 99455,20181230,   11,    0
 18226, 99455,20181231,   54,    0
 18226, 99455,20190101,   14,    0
 18226, 99455,20190102,  -18,    0
 18226, 99455,20190103,    2,    0
 18226, 99455,20190104,   47,    0
 18226, 99455,20190105,   56,    0
 18226, 99455,20190106,   36,    0
 18226, 99455,20190107,   14,    0
 18226, 99455,20190108,    8,    0
 18226, 99455,20190109,  -26,    0
 18226, 99455,20190110,   20,    0
 18226, 99455,20190111,   15,    0
 18226, 99455,20190112,   11,    0
 18226, 99455,20190113,    4,    0
 18226, 99455,20190114,  -33,    0
 18226, 99455,20190115,    3,    0
 18226, 99455,20190116,    6,    0
 18226, 99455,20190117,  -57,    0
 18226, 99455,20190118,  -28,    0
 18226, 99455,20190119,   -3,    0
 18226, 99455,20190120,  -10,    0
 18226, 99455,20190121,  -13,    0
 18226, 99455,20190122,    9,    0
 18226, 99455,20190123,   -2,    0
 18226, 99455,20190124,   -4,    0
 18226, 99455,20190125,  -10,    0
 18226, 99455,20190126,  -10,    0
 18226, 99455,20190127,  -39,    0
 18226, 99455,20190128,  -78,    0
 18226, 99455,20190129,  -13,    0
 18226, 99455,20190130,   11,    0
 18226, 99455,20190131,   -7,    0
 18226, 99455,20190201,  -11,    0
 18226, 99455,20190202,  -59,    0
 18226, 99455,20190203,  -27,    0
 18226, 99455,20190204,    5,    0
 18226, 99455,20190205,  -46,    0
 18226, 99455,20190206,   15,    0
 18226, 99455,20190207,   18,    0
 18226, 99455,20190208,   16,    0
 18226, 99455,20190209,   31,    0
 18226, 99455,20190210,    0,    0
 18226, 99455,20190211,  -22,    0
 18226, 99455,20190212,   12,    0
 18226, 99455,20190213,   46,    0
 18226, 99455,20190214,   49,    0
 18226, 99455,20190215,   70,    0
 18226, 99455,20190216,   45,    0
 18226, 99455,20190217,   64,    0
 18226, 99455,20190218,   47,    0
 18226, 99455,20190219,   26,    0
 18226, 99455,20190220,   15,    0
 18226, 99455,20190221,   51,    0
 18226, 99455,20190222,   61,    0
 18226, 99455,20190223,   74,    0
 18226, 99455,20190224,   42,    0
 18226, 99455,20190225,   50,    0
 18226, 99455,20190226,   75,    0
 18226, 99455,20190227,   38,    0
 18226, 99455,20190228,    8,    0
 18226, 99455,20190301,   -6,    0
 18226, 99455,20190302,   11,    0
 18226, 99455,20190303,   37,    0
 18226, 99455,20190304,   32,    0
 18226, 99455,20190305,   20,    0
 18226, 99455,20190306,   25,    0
 18226, 99455,20190307,   27,    0
 18226, 99455,20190308,   -8,    0
 18226, 99455,20190309,  -15,    0
 18226, 99455,20190310,  -63,    0
 18226, 99455,20190311,  -33,    0
 18226, 99455,20190312,   13,    0
 18226, 99455,20190313,   -2,    0
 18226, 99455,20190314,   10,    0
 18226, 99455,20190315,   10,    0
 18226, 99455,20190316,   17,    0
 18226, 99455,20190317,   13,    0
 18226, 99455,20190318,    7,    0
 18226, 99455,20190319,   -2,    0
 18226, 99455,20190320,   41,    0
 18226, 99455,20190321,   45,    0
 18226, 99455,20190322,   49,    0
 18226, 99455,20190323,   21,    0
 18226, 99455,20190324,   15,    0
 18226, 99455,20190325,    2,    0
 18226, 99455,20190326,   16,    0
 18226, 99455,20190327,   41,    0
 18226, 99455,20190328,   56,    0
 18226, 99455,20190329,   51,    0
 18226, 99455,20190330,   13,    0
 18226, 99455,20190331,  -10,    0
 18226, 99455,20190401,   14,    0
 18226, 99455,20190402,   38,    0
 18226, 99455,20190403,   50,    0
 18226, 99455,20190404,   81,    0
 18226, 99455,20190405,   75,    0
 18226, 99455,20190406,   59,    0
 18226, 99455,20190407,   38,    0
 18226, 99455,20190408,   20,    0
 18226, 99455,20190409,   11,    0
 18226, 99455,20190410,   18,    0
 18226, 99455,20190411,   14,    0
 18226, 99455,20190412,    8,    0
 18226, 99455,20190413,   22,    0
 18226, 99455,20190414,   27,    0
 18226, 99455,20190415,   29,    0
 18226, 99455,20190416,   54,    0
 18226, 99455,20190417,   70,    0
 18226, 99455,20190418,   84,    0
 18226, 99455,20190419,   97,    0
 18226, 99455,20190420,  113,    0
 18226, 99455,20190421,  120,    0
 18226, 99455,20190422,  123,    0
 18226, 99455,20190423,  116,    0
 18226, 99455,20190424,  131,    0
 18226, 99455,20190425,  128,    0
 18226, 99455,20190426,  131,    0
 18226, 99455,20190427,   92,    0
 18226, 99455,20190428,  110,    0
 18226, 99455,20190429,  122,    0
 18226, 99455,20190430,  110,    0
 18226, 99455,20190501,   57,    0
 18226, 99455,20190502,   29,    0
 18226, 99455,20190503,   14,    0
 18226, 99455,20190504,   23,    0
 18226, 99455,20190505,   16,    0
 18226, 99455,20190506,   16,    0
 18226, 99455,20190507,   12,    0
 18226, 99455,20190508,   10,    0
 18226, 99455,20190509,   39,    0
 18226, 99455,20190510,   44,    0
 18226, 99455,20190511,   40,    0
 18226, 99455,20190512,   26,    0
 18226, 99455,20190513,   36,    0
 18226, 99455,20190514,   73,    0
 18226, 99455,20190515,  101,    0
 18226, 99455,20190516,  113,    0
 18226, 99455,20190517,  156,    0
 18226, 99455,20190518,  133,    0
 18226, 99455,20190519,  126,    0
 18226, 99455,20190520,  148,    0
 18226, 99455,20190521,  154,    0
 18226, 99455,20190522,  100,    0
 18226, 99455,20190523,   68,    0
 18226, 99455,20190524,   89,    0
 18226, 99455,20190525,   68,    0
 18226, 99455,20190526,   59,    0
 18226, 99455,20190527,   52,    0
 18226, 99455,20190528,   22,    0
 18226, 99455,20190529,   31,    0
 18226, 99455,20190530,   52,    0
 18226, 99455,20190531,   59,    0
 18226, 99455,20190601,   85,    0
 18226, 99455,20190602,  111,    0
 18226, 99455,20190603,  115,    0
 18226, 99455,20190604,  104,    0
 18226, 99455,20190605,  119,    0
 18226, 99455,20190606,  151,    0
 18226, 99455,20190607,  120,    0
 18226, 99455,20190608,  118,    0
 18226, 99455,20190609,   94,    0
 18226, 99455,20190610,   81,    0
 18226, 99455,20190611,  142,    0
 18226, 99455,20190612,  152,    0
 18226, 99455,20190613,  126,    0
 18226, 99455,20190614,  135,    0
 18226, 99455,20190615,  150,    0
 18226, 99455,20190616,  132,    0
 18226, 99455,20190617,  115,    0
 18226, 99455,20190618,  118,    0
 18226, 99455,20190619,  126,    0
 18226, 99455,20190620,  107,    0
 18226, 99455,20190621,   87,    0
 18226, 99455,20190622,   90,    0
 18226, 99455,20190623,  110,    0
 18226, 99455,20190624,  120,    0
 18226, 99455,20190625,  125,    0
 18226, 99455,20190626,  103,    0
 18226, 99455,20190627,  106,    0
 18226, 99455,20190628,  122,    0
 18226, 99455,20190629,  129,    0
 18226, 99455,20190630,  125,    0
 18226, 99455,20190701,   95,    0
 18226, 99455,20190702,   64,    0
 18226, 99455,20190703,   58,    0
 18226, 99455,20190704,   85,    0
 18226, 99455,20190705,   87,    0
 18226, 99455,20190706,  106,    0
 18226, 99455,20190707,   91,    0
 18226, 99455,20190708,   98,    0
 18226, 99455,20190709,  103,    0
 18226, 99455,20190710,  127,    0
 18226, 99455,20190711,  146,    0
 18226, 99455,20190712,  135,    0
 18226, 99455,20190713,  124,    0
 18226, 99455,20190714,  101,    0
 18226, 99455,20190715,  120,    0
 18226, 99455,20190716,  134,    0
 18226, 99455,20190717,  129,    0
 18226, 99455,20190718,  146,    0
 18226, 99455,20190719,  137,    0
 18226, 99455,20190720,  139,    0
 18226, 99455,20190721,  125,    0
 18226, 99455,20190722,  138,    0
 18226, 99455,20190723,  166,    0
 18226, 99455,20190724,  202,    0
 18226, 99455,20190725,  203,    0
 18226, 99455,20190726,  217,    0
 18226, 99455,20190727,  226,    0
 18226, 99455,20190728,  226,    0
 18226, 99455,20190729,  211,    0
 18226, 99455,20190730,  180,    0
 18226, 99455,20190731,  139,    0
 18226, 99455,20190801,  150,    0
 18226, 99455,20190802,  163,    0
 18226, 99455,20190803,  155,    0
 18226, 99455,20190804,  137,    0
 18226, 99455,20190805,  133,    0
 18226, 99455,20190806,  137,    0
 18226, 99455,20190807,  146,    0
 18226, 99455,20190808,  140,    0
 18226, 99455,20190809,  157,    0
 18226, 99455,20190810,  159,    0
 18226, 99455,20190811,  148,    0
 18226, 99455,20190812,  119,    0
 18226, 99455,20190813,   90,    0
 18226, 99455,20190814,   91,    0
 18226, 99455,20190815,  122,    0
 18226, 99455,20190816,  117,    0
 18226, 99455,20190817,  131,    0
 18226, 99455,20190818,  124,    0
 18226, 99455,20190819,  115,    0
 18226, 99455,20190820,  109,    0
 18226, 99455,20190821,  104,    0
 18226, 99455,20190822,  119,    0
 18226, 99455,20190823,  128,    0
 18226, 99455,20190824,  160,    0
 18226, 99455,20190825,  177,    0
 18226, 99455,20190826,  196,    0
 18226, 99455,20190827,  195,    0
 18226, 99455,20190828,  198,    0
 18226, 99455,20190829,  129,    0
 18226, 99455,20190830,  135,    0
 18226, 99455,20190831,  157,    0
 18226, 99455,20190901,   95,    0
 18226, 99455,20190902,   83,    0
 18226, 99455,20190903,   88,    0
 18226, 99455,20190904,   91,    0
 18226, 99455,20190905,   73,    0
 18226, 99455,20190906,   86,    0
 18226, 99455,20190907,   88,    0
 18226, 99455,20190908,   92,    0
 18226, 99455,20190909,  111,    0
 18226, 99455,20190910,  123,    0
 18226, 99455,20190911,  106,    0
 18226, 99455,20190912,   95,    0
 18226, 99455,20190913,   80,    0
 18226, 99455,20190914,   91,    0
 18226, 99455,20190915,   74,    0
 18226, 99455,20190916,   59,    0
 18226, 99455,20190917,   48,    0
 18226, 99455,20190918,   54,    0
 18226, 99455,20190919,   48,    0
 18226, 99455,20190920,   84,    0
 18226, 99455,20190921,   93,    0
 18226, 99455,20190922,  116,    0
 18226, 99455,20190923,  112,    0
 18226, 99455,20190924,   90,    0
 18226, 99455,20190925,   91,    0
 18226, 99455,20190926,  108,    0
 18226, 99455,20190927,  122,    0
 18226, 99455,20190928,  107,    0
 18226, 99455,20190929,   96,    0
 18226, 99455,20190930,   45,    0
 18226, 99455,20191001,   38,    0
 18226, 99455,20191002,   63,    0
 18226, 99455,20191003,   54,    0
 18226, 99455,20191004,   43,    0
 18226, 99455,20191005,   16,    0
 18226, 99455,20191006,   16,    0
 18226, 99455,20191007,   32,    0
 18226, 99455,20191008,   64,    0
 18226, 99455,20191009,   73,    0
 18226, 99455,20191010,   74,    0
 18226, 99455,20191011,   71,    0
 18226, 99455,20191012,   67,    0
 18226, 99455,20191013,   58,    0
 18226, 99455,20191014,   57,    0
 18226, 99455,20191015,   79,    0
 18226, 99455,20191016,   87,    0
 18226, 99455,20191017,   81,    0
 18226, 99455,20191018,   66,    0
 18226, 99455,20191019,   65,    0
 18226, 99455,20191020,   47,    0
 18226, 99455,20191021,   36,    0
 18226, 99455,20191022,   76,    0
 18226, 99455,20191023,   85,    0
 18226, 99455,20191024,   93,    0
 18226, 99455,20191025,   36,    0
 18226, 99455,20191026,   34,    0
 18226, 99455,20191027,   27,    0
 18226, 99455,20191028,    2,    0
 18226, 99455,20191029,  -12,    0
 18226, 99455,20191030,   21,    0
 18226, 99455,20191031,   33,    0
 18226, 99455,20191101,   29,    0
 18226, 99455,20191102,    9,    0
 18226, 99455,20191103,   22,    0
 18226, 99455,20191104,  -12,    0
 18226, 99455,20191105,   -3,    0
 18226, 99455,20191106,    7,    0
 18226, 99455,20191107,   -1,    0
 18226, 99455,20191108,  -54,    0
 18226, 99455,20191109,  -43,    0
 18226, 99455,20191110,  -64,    0
 18226, 99455,20191111,  -48,    0
 18226, 99455,20191112,   16,    0
 18226, 99455,20191113,   15,    0
 18226, 99455,20191114,   -9,    0
 18226, 99455,20191115,   -1,    0
 18226, 99455,20191116,    8,    0
 18226, 99455,20191117,  -13,    0
 18226, 99455,20191118,    4,    0
 18226, 99455,20191119,  -32,    0
 18226, 99455,20191120,  -22,    0
 18226, 99455,20191121,   52,    0
 18226, 99455,20191122,   71,    0
 18226, 99455,20191123,   34,    0
 18226, 99455,20191124,   45,    0
 18226, 99455,20191125,   38,    0
 18226, 99455,20191126,   27,    0
 18226, 99455,20191127,   24,    0
 18226, 99455,20191128,    6,    0
 18226, 99455,20191129,  -14,    0
 18226, 99455,20191130,  -24,    0
 18226, 99455,20191201,    1,    0
 18226, 99455,20191202,  -11,    0
 18226, 99455,20191203,   41,    0
 18226, 99455,20191204,   54,    0
 18226, 99455,20191205,   45,    0
 18226, 99455,20191206,   27,    0
 18226, 99455,20191207,    1,    0
 18226, 99455,20191208,   29,    0
 18226, 99455,20191209,    5,    0
 18226, 99455,20191210,    7,    0
 18226, 99455,20191211,   34,    0
 18226, 99455,20191212,   20,    0
 18226, 99455,20191213,   29,    0
 18226, 99455,20191214,   34,    0
 18226, 99455,20191215,   18,    0
 18226, 99455,20191216,   16,    0
 18226, 99455,20191217,   22,    0
 18226, 99455,20191218,   16,    0
 18226, 99455,20191219,   45,    0
 18226, 99455,20191220,   84,    0
 18226, 99455,20191221,   60,    0
 18226, 99455,20191222,   15,    0
 18226, 99455,20191223,   21,    0
 18226, 99455,20191224,   17,    0
 18226, 99455,20191225,    9,    0
 18226, 99455,20191226,  -18,    0
 18226, 99455,20191227,    1,    0
 18226, 99455,20191228,   26,    0
 18226, 99455,20191229,   68,    0
 18226, 99455,20191230,   51,    0
 18226, 99455,20191231,   21,    0
 18226, 99455,20200101,   42,    0
 18226, 99455,20200102,   50,    0
 18226, 99455,20200103,   10,    0
 18226, 99455,20200104,  -10,    0
 18226, 99455,20200105,   33,    0
 18226, 99455,20200106,   53,    0
 18226, 99455,20200107,   50,    0
 18226, 99455,20200108,   33,    0
 18226, 99455,20200109,    7,    0
 18226, 99455,20200110,  -10,    0
 18226, 99455,20200111,   41,    0
 18226, 99455,20200112,   25,    0
 18226, 99455,20200113,   29,    0
 18226, 99455,20200114,   26,    0
 18226, 99455,20200115,   27,    0
 18226, 99455,20200116,   47,    0
 18226, 99455,20200117,   54,    0
 18226, 99455,20200118,   26,    0
 18226, 99455,20200119,   13,    0
 18226, 99455,20200120,   52,    0
 18226, 99455,20200121,   33,    0
 18226, 99455,20200122,    9,    0
 18226, 99455,20200123,   49,    0
 18226, 99455,20200124,   17,    0
 18226, 99455,20200125,   33,    0
 18226, 99455,20200126,   40,    0
 18226, 99455,20200127,   26,    0
 18226, 99455,20200128,   13,    0
 18226, 99455,20200129,    7,    0
 18226, 99455,20200130,   15,    0
 18226, 99455,20200131,   36,    0
 18226, 99455,20200201,   33,    0
 18226, 99455,20200202,   -6,    0
 18226, 99455,20200203,  -13,    0
 18226, 99455,20200204,  -24,    0
 18226, 99455,20200205,   19,    0
 18226, 99455,20200206,   28,    0
 18226, 99455,20200207,   18,    0
 18226, 99455,20200208,   43,    0
 18226, 99455,20200209,   32,    0
 18226, 99455,20200210,   13,    0
 18226, 99455,20200211,   11,    0
 18226, 99455,20200212,   -6,    0
 18226, 99455,20200213,  -14,    0
 18226, 99455,20200214,    0,    0
 18226, 99455,20200215,   26,    0
 18226, 99455,20200216,   24,    0
 18226, 99455,20200217,   28,    0
 18226, 99455,20200218,   13,    0
 18226, 99455,20200219,    4,    0
 18226, 99455,20200220,    8,    0
 18226, 99455,20200221,-9999,    9
 18226, 99455,20200222,    8,    0
 18226, 99455,20200223,   -3,    0
 18226, 99455,20200224,  -10,    0
 18226, 99455,20200225,  -17,    0
 18226, 99455,20200226,  -35,    0
 18226, 99455,20200227,  -33,    0
 18226, 99455,20200228,    0,    0
 18226, 99455,20200229,    4,    0
 18226, 99455,20200301,   10,    0
 18226, 99455,20200302,   19,    0
 18226, 99455,20200303,   24,    0
 18226, 99455,20200304,    9,    0
 18226, 99455,20200305,    0,    0
 18226, 99455,20200306,   10,    0
 18226, 99455,20200307,   10,    0
 18226, 99455,20200308,   37,    0
 18226, 99455,20200309,   16,    0
 18226, 99455,20200310,   11,    0
 18226, 99455,20200311,   25,    0
 18226, 99455,20200312,   13,    0
 18226, 99455,20200313,  -22,    0
 18226, 99455,20200314,  -21,    0
 18226, 99455,20200315,   20,    0
 18226, 99455,20200316,    0,    0
 18226, 99455,20200317,   33,    0
 18226, 99455,20200318,   11,    0
 18226, 99455,20200319,   14,    0
 18226, 99455,20200320,   -2,    0
 18226, 99455,20200321,   -1,    0
 18226, 99455,20200322,   13,    0
 18226, 99455,20200323,   29,    0
 18226, 99455,20200324,   42,    0
 18226, 99455,20200325,   50,    0
 18226, 99455,20200326,   39,    0
 18226, 99455,20200327,   28,    0
 18226, 99455,20200328,   -7,    0
 18226, 99455,20200329,  -17,    0
 18226, 99455,20200330,    7,    0
 18226, 99455,20200331,   16,    0
 18226, 99455,20200401,   25,    0
 18226, 99455,20200402,   -1,    0
 18226, 99455,20200403,  -18,    0
 18226, 99455,20200404,  -10,    0
 18226, 99455,20200405,   62,    0
 18226, 99455,20200406,   87,    0
 18226, 99455,20200407,   57,    0
 18226, 99455,20200408,   39,    0
 18226, 99455,20200409,    9,    0
 18226, 99455,20200410,   18,    0
 18226, 99455,20200411,   47,    0
 18226, 99455,20200412,   22,    0
 18226, 99455,20200413,   -3,    0
 18226, 99455,20200414,   18,    0
 18226, 99455,20200415,   50,    0
 18226, 99455,20200416,   23,    0
 18226, 99455,20200417,   14,    0
 18226, 99455,20200418,   34,    0
 18226, 99455,20200419,   51,    0
 18226, 99455,20200420,   76,    0
 18226, 99455,20200421,   94,    0
 18226, 99455,20200422,   89,    0
 18226, 99455,20200423,   64,    0
 18226, 99455,20200424,   54,    0
 18226, 99455,20200425,   52,    0
 18226, 99455,20200426,   23,    0
 18226, 99455,20200427,   29,    0
 18226, 99455,20200428,   58,    0
 18226, 99455,20200429,   37,    0
 18226, 99455,20200430,   48,    0
 18226, 99455,20200501,   59,    0
 18226, 99455,20200502,   47,    0
 18226, 99455,20200503,   34,    0
 18226, 99455,20200504,   18,    0
 18226, 99455,20200505,   30,    0
 18226, 99455,20200506,   56,    0
 18226, 99455,20200507,   41,    0
 18226, 99455,20200508,   45,    0
 18226, 99455,20200509,   36,    0
 18226, 99455,20200510,   15,    0
 18226, 99455,20200511,    8,    0
 18226, 99455,20200512,    3,    0
 18226, 99455,20200513,    3,    0
 18226, 99455,20200514,   20,    0
 18226, 99455,20200515,   21,    0
 18226, 99455,20200516,    6,    0
 18226, 99455,20200517,   28,    0
 18226, 99455,20200518,   47,    0
 18226, 99455,20200519,   47,    0
 18226, 99455,20200520,   73,    0
 18226, 99455,20200521,  124,    0
 18226, 99455,20200522,  117,    0
 18226, 99455,20200523,   80,    0
 18226, 99455,20200524,   78,    0
 18226, 99455,20200525,   90,    0
 18226, 99455,20200526,   89,    0
 18226, 99455,20200527,   70,    0
 18226, 99455,20200528,   75,    0
 18226, 99455,20200529,  104,    0
 18226, 99455,20200530,  140,    0
 18226, 99455,20200531,  156,    0
 18226, 99455,20200601,  134,    0
 18226, 99455,20200602,  119,    0
 18226, 99455,20200603,  119,    0
 18226, 99455,20200604,   95,    0
 18226, 99455,20200605,  115,    0
 18226, 99455,20200606,   89,    0
 18226, 99455,20200607,   84,    0
 18226, 99455,20200608,   87,    0
 18226, 99455,20200609,  113,    0
 18226, 99455,20200610,  108,    0
 18226, 99455,20200611,  177,    0
 18226, 99455,20200612,  193,    0
 18226, 99455,20200613,  186,    0
 18226, 99455,20200614,  159,    0
 18226, 99455,20200615,  172,    0
 18226, 99455,20200616,  193,    0
 18226, 99455,20200617,  181,    0
 18226, 99455,20200618,  190,    0
 18226, 99455,20200619,  203,    0
 18226, 99455,20200620,  166,    0
 18226, 99455,20200621,  143,    0
 18226, 99455,20200622,  140,    0
 18226, 99455,20200623,  154,    0
 18226, 99455,20200624,  176,    0
 18226, 99455,20200625,  185,    0
 18226, 99455,20200626,  195,    0
 18226, 99455,20200627,  203,    0
 18226, 99455,20200628,  153,    0
 18226, 99455,20200629,  136,    0
 18226, 99455,20200630,  125,    0
 18226, 99455,20200701,  103,    0
 18226, 99455,20200702,   64,    0
 18226, 99455,20200703,   67,    0
 18226, 99455,20200704,   96,    0
 18226, 99455,20200705,  100,    0
 18226, 99455,20200706,   86,    0
 18226, 99455,20200707,   69,    0
 18226, 99455,20200708,   79,    0
 18226, 99455,20200709,   85,    0
 18226, 99455,20200710,   89,    0
 18226, 99455,20200711,   82,    0
 18226, 99455,20200712,   91,    0
 18226, 99455,20200713,  108,    0
 18226, 99455,20200714,  118,    0
 18226, 99455,20200715,  125,    0
 18226, 99455,20200716,  129,    0
 18226, 99455,20200717,  120,    0
 18226, 99455,20200718,  123,    0
 18226, 99455,20200719,  105,    0
 18226, 99455,20200720,   91,    0
 18226, 99455,20200721,   84,    0
 18226, 99455,20200722,   86,    0
 18226, 99455,20200723,  103,    0
 18226, 99455,20200724,  113,    0
 18226, 99455,20200725,  129,    0
 18226, 99455,20200726,  144,    0
 18226, 99455,20200727,  133,    0
 18226, 99455,20200728,  142,    0
 18226, 99455,20200729,  112,    0
 18226, 99455,20200730,  121,    0
 18226, 99455,20200731,  152,    0
 18226, 99455,20200801,  177,    0
 18226, 99455,20200802,  121,    0
 18226, 99455,20200803,  104,    0
 18226, 99455,20200804,  109,    0
 18226, 99455,20200805,  131,    0
 18226, 99455,20200806,  166,    0
 18226, 99455,20200807,  173,    0
 18226, 99455,20200808,  143,    0
 18226, 99455,20200809,  119,    0
 18226, 99455,20200810,  157,    0
 18226, 99455,20200811,  173,    0
 18226, 99455,20200812,  187,    0
 18226, 99455,20200813,  177,    0
 18226, 99455,20200814,  142,    0
 18226, 99455,20200815,  148,    0
 18226, 99455,20200816,  174,    0
 18226, 99455,20200817,  180,    0
 18226, 99455,20200818,  199,    0
 18226, 99455,20200819,  153,    0
 18226, 99455,20200820,  168,    0
 18226, 99455,20200821,  163,    0
 18226, 99455,20200822,  135,    0
 18226, 99455,20200823,  100,    0
 18226, 99455,20200824,   73,    0
 18226, 99455,20200825,   90,    0
 18226, 99455,20200826,   97,    0
 18226, 99455,20200827,   95,    0
 18226, 99455,20200828,  102,    0
 18226, 99455,20200829,  118,    0
 18226, 99455,20200830,   98,    0
 18226, 99455,20200831,   84,    0
 18226, 99455,20200901,  102,    0
 18226, 99455,20200902,  139,    0
 18226, 99455,20200903,  125,    0
 18226, 99455,20200904,  104,    0
 18226, 99455,20200905,   85,    0
 18226, 99455,20200906,   87,    0
 18226, 99455,20200907,   93,    0
 18226, 99455,20200908,   99,    0
 18226, 99455,20200909,   85,    0
 18226, 99455,20200910,   67,    0
 18226, 99455,20200911,   93,    0
 18226, 99455,20200912,   87,    0
 18226, 99455,20200913,   96,    0
 18226, 99455,20200914,  129,    0
 18226, 99455,20200915,  126,    0
 18226, 99455,20200916,   83,    0
 18226, 99455,20200917,   95,    0
 18226, 99455,20200918,  100,    0
 18226, 99455,20200919,  101,    0
 18226, 99455,20200920,   95,    0
 18226, 99455,20200921,  105,    0
 18226, 99455,20200922,  106,    0
 18226, 99455,20200923,   88,    0
 18226, 99455,20200924,   75,    0
 18226, 99455,20200925,   82,    0
 18226, 99455,20200926,  101,    0
 18226, 99455,20200927,  107,    0
 18226, 99455,20200928,  114,    0
 18226, 99455,20200929,  114,    0
 18226, 99455,20200930,  120,    0
 18226, 99455,20201001,  139,    0
 18226, 99455,20201002,  140,    0
 18226, 99455,20201003,  145,    0
 18226, 99455,20201004,  147,    0
 18226, 99455,20201005,  116,    0
 18226, 99455,20201006,  118,    0
 18226, 99455,20201007,   93,    0
 18226, 99455,20201008,   78,    0
 18226, 99455,20201009,   48,    0
 18226, 99455,20201010,   52,    0
 18226, 99455,20201011,   57,    0
 18226, 99455,20201012,   46,    0
 18226, 99455,20201013,   50,    0
 18226, 99455,20201014,   30,    0
 18226, 99455,20201015,   31,    0
 18226, 99455,20201016,   51,    0
 18226, 99455,20201017,   39,    0
 18226, 99455,20201018,    3,    0
 18226, 99455,20201019,   16,    0
 18226, 99455,20201020,   61,    0
 18226, 99455,20201021,   86,    0
 18226, 99455,20201022,   72,    0
 18226, 99455,20201023,   46,    0
 18226, 99455,20201024,   65,    0
 18226, 99455,20201025,   73,    0
 18226, 99455,20201026,   69,    0
 18226, 99455,20201027,   54,    0
 18226, 99455,20201028,   59,    0
 18226, 99455,20201029,   61,    0
 18226, 99455,20201030,   70,    0
 18226, 99455,20201031,   77,    0
 18226, 99455,20201101,   73,    0
 18226, 99455,20201102,   64,    0
 18226, 99455,20201103,   47,    0
 18226, 99455,20201104,   41,    0
 18226, 99455,20201105,   85,    0
 18226, 99455,20201106,   65,    0
 18226, 99455,20201107,   66,    0
 18226, 99455,20201108,   45,    0
 18226, 99455,20201109,   51,    0
 18226, 99455,20201110,   70,    0
 18226, 99455,20201111,   90,    0
 18226, 99455,20201112,   96,    0
 18226, 99455,20201113,   83,    0
 18226, 99455,20201114,   62,    0
 18226, 99455,20201115,   99,    0
 18226, 99455,20201116,   65,    0
 18226, 99455,20201117,   72,    0
 18226, 99455,20201118,   91,    0
 18226, 99455,20201119,   -3,    0
 18226, 99455,20201120,  -10,    0
 18226, 99455,20201121,   51,    0
 18226, 99455,20201122,   34,    0
 18226, 99455,20201123,   30,    0
 18226, 99455,20201124,   68,    0
 18226, 99455,20201125,   53,    0
 18226, 99455,20201126,   15,    0
 18226, 99455,20201127,   14,    0
 18226, 99455,20201128,   35,    0
 18226, 99455,20201129,   39,    0
 18226, 99455,20201130,   39,    0
 18226, 99455,20201201,    9,    0
 18226, 99455,20201202,   35,    0
 18226, 99455,20201203,   21,    0
 18226, 99455,20201204,   23,    0
 18226, 99455,20201205,    3,    0
 18226, 99455,20201206,   20,    0
 18226, 99455,20201207,   63,    0
 18226, 99455,20201208,   57,    0
 18226, 99455,20201209,   23,    0
 18226, 99455,20201210,   43,    0
 18226, 99455,20201211,   30,    0
 18226, 99455,20201212,    7,    0
 18226, 99455,20201213,   26,    0
 18226, 99455,20201214,   52,    0
 18226, 99455,20201215,   51,    0
 18226, 99455,20201216,   55,    0
 18226, 99455,20201217,   55,    0
 18226, 99455,20201218,   65,    0
 18226, 99455,20201219,   82,    0
 18226, 99455,20201220,   56,    0
 18226, 99455,20201221,   40,    0
 18226, 99455,20201222,   36,    0
 18226, 99455,20201223,   16,    0
 18226, 99455,20201224,  -28,    0
 18226, 99455,20201225,  -34,    0
 18226, 99455,20201226,   20,    0
 18226, 99455,20201227,   30,    0
 18226, 99455,20201228,   22,    0
 18226, 99455,20201229,   11,    0
 18226, 99455,20201230,   19,    0
 18226, 99455,20201231,  -15,    0
 18226, 99455,20210101,  -46,    0
 18226, 99455,20210102,  -10,    0
 18226, 99455,20210103,  -60,    0
 18226, 99455,20210104,  -68,    0
 18226, 99455,20210105,  -70,    0
 18226, 99455,20210106,  -80,    0
 18226, 99455,20210107,  -38,    0
 18226, 99455,20210108,  -70,    0
 18226, 99455,20210109,  -11,    0
 18226, 99455,20210110,  -20,    0
 18226, 99455,20210111,  -78,    0
 18226, 99455,20210112,  -38,    0
 18226, 99455,20210113,  -53,    0
 18226, 99455,20210114,  -93,    0
 18226, 99455,20210115, -115,    0
 18226, 99455,20210116,  -35,    0
 18226, 99455,20210117,    1,    0
 18226, 99455,20210118,    7,    0
 18226, 99455,20210119,   -2,    0
 18226, 99455,20210120,   12,    0
 18226, 99455,20210121,   44,    0
 18226, 99455,20210122,   15,    0
 18226, 99455,20210123,    3,    0
 18226, 99455,20210124,  -25,    0
 18226, 99455,20210125,  -76,    0
 18226, 99455,20210126,  -59,    0
 18226, 99455,20210127, -115,    0
 18226, 99455,20210128,  -71,    0
 18226, 99455,20210129,  -41,    0
 18226, 99455,20210130,  -32,    0
 18226, 99455,20210131,  -44,    0
 18226, 99455,20210201, -115,    0
 18226, 99455,20210202,  -89,    0
 18226, 99455,20210203, -145,    0
 18226, 99455,20210204, -102,    0
 18226, 99455,20210205,  -85,    0
 18226, 99455,20210206,  -97,    0
 18226, 99455,20210207, -116,    0
 18226, 99455,20210208,  -88,    0
 18226, 99455,20210209,  -96,    0
 18226, 99455,20210210, -108,    0
 18226, 99455,20210211, -116,    0
 18226, 99455,20210212, -134,    0
 18226, 99455,20210213,  -90,    0
 18226, 99455,20210214,  -10,    0
 18226, 99455,20210215,    8,    0
 18226, 99455,20210216,   14,    0
 18226, 99455,20210217,   17,    0
 18226, 99455,20210218,   43,    0
 18226, 99455,20210219,   35,    0
 18226, 99455,20210220,   57,    0
 18226, 99455,20210221,   62,    0
 18226, 99455,20210222,   64,    0
 18226, 99455,20210223,   49,    0
 18226, 99455,20210224,   58,    0
 18226, 99455,20210225,   46,    0
 18226, 99455,20210226,   38,    0
 18226, 99455,20210227,   41,    0
 18226, 99455,20210228,   34,    0
 18226, 99455,20210301,   33,    0
 18226, 99455,20210302,   25,    0
 18226, 99455,20210303,   12,    0
 18226, 99455,20210304,  -25,    0
 18226, 99455,20210305,  -14,    0
 18226, 99455,20210306,   12,    0
 18226, 99455,20210307,  -19,    0
 18226, 99455,20210308,  -15,    0
 18226, 99455,20210309,   -9,    0
 18226, 99455,20210310,   21,    0
 18226, 99455,20210311,   24,    0
 18226, 99455,20210312,   17,    0
 18226, 99455,20210313,   11,    0
 18226, 99455,20210314,   10,    0
 18226, 99455,20210315,   10,    0
 18226, 99455,20210316,  -13,    0
 18226, 99455,20210317,   -4,    0
 18226, 99455,20210318,   15,    0
 18226, 99455,20210319,   14,    0
 18226, 99455,20210320,   25,    0
 18226, 99455,20210321,   10,    0
 18226, 99455,20210322,   33,    0
 18226, 99455,20210323,   45,    0
 18226, 99455,20210324,   38,    0
 18226, 99455,20210325,   33,    0
 18226, 99455,20210326,   45,    0
 18226, 99455,20210327,   27,    0
 18226, 99455,20210328,   33,    0
 18226, 99455,20210329,   57,    0
 18226, 99455,20210330,   62,    0
 18226, 99455,20210331,   25,    0
 18226, 99455,20210401,    7,    0
 18226, 99455,20210402,   21,    0
 18226, 99455,20210403,   13,    0
 18226, 99455,20210404,   16,    0
 18226, 99455,20210405,  -22,    0
 18226, 99455,20210406,   -6,    0
 18226, 99455,20210407,   -4,    0
 18226, 99455,20210408,  -11,    0
 18226, 99455,20210409,   -2,    0
 18226, 99455,20210410,   -9,    0
 18226, 99455,20210411,  -10,    0
 18226, 99455,20210412,   18,    0
 18226, 99455,20210413,   -5,    0
 18226, 99455,20210414,   10,    0
 18226, 99455,20210415,   15,    0
 18226, 99455,20210416,   27,    0
 18226, 99455,20210417,   36,    0
 18226, 99455,20210418,   59,    0
 18226, 99455,20210419,   77,    0
 18226, 99455,20210420,   62,    0
 18226, 99455,20210421,   17,    0
 18226, 99455,20210422,   24,    0
 18226, 99455,20210423,   22,    0
 18226, 99455,20210424,    9,    0
 18226, 99455,20210425,   10,    0
 18226, 99455,20210426,   27,    0
 18226, 99455,20210427,   29,    0
 18226, 99455,20210428,   22,    0
 18226, 99455,20210429,   29,    0
 18226, 99455,20210430,   34,    0
 18226, 99455,20210501,   35,    0
 18226, 99455,20210502,   32,    0
 18226, 99455,20210503,   23,    0
 18226, 99455,20210504,   44,    0
 18226, 99455,20210505,   61,    0
 18226, 99455,20210506,   31,    0
 18226, 99455,20210507,   37,    0
 18226, 99455,20210508,   26,    0
 18226, 99455,20210509,   76,    0
 18226, 99455,20210510,  103,    0
 18226, 99455,20210511,  108,    0
 18226, 99455,20210512,  105,    0
 18226, 99455,20210513,  105,    0
 18226, 99455,20210514,  116,    0
 18226, 99455,20210515,  117,    0
 18226, 99455,20210516,   68,    0
 18226, 99455,20210517,   77,    0
 18226, 99455,20210518,   57,    0
 18226, 99455,20210519,   66,    0
 18226, 99455,20210520,   56,    0
 18226, 99455,20210521,   62,    0
 18226, 99455,20210522,   94,    0
 18226, 99455,20210523,   86,    0
 18226, 99455,20210524,   88,    0
 18226, 99455,20210525,  111,    0
 18226, 99455,20210526,  127,    0
 18226, 99455,20210527,  118,    0
 18226, 99455,20210528,  113,    0
 18226, 99455,20210529,  126,    0
 18226, 99455,20210530,  117,    0
 18226, 99455,20210531,  124,    0
 18226, 99455,20210601,  150,    0
 18226, 99455,20210602,  162,    0
 18226, 99455,20210603,  164,    0
 18226, 99455,20210604,  153,    0
 18226, 99455,20210605,  154,    0
 18226, 99455,20210606,  127,    0
 18226, 99455,20210607,  123,    0
 18226, 99455,20210608,  123,    0
 18226, 99455,20210609,  136,    0
 18226, 99455,20210610,  139,    0
 18226, 99455,20210611,  127,    0
 18226, 99455,20210612,   81,    0
 18226, 99455,20210613,   89,    0
 18226, 99455,20210614,   88,    0
 18226, 99455,20210615,   76,    0
 18226, 99455,20210616,  113,    0
 18226, 99455,20210617,  136,    0
 18226, 99455,20210618,  105,    0
 18226, 99455,20210619,  110,    0
 18226, 99455,20210620,  105,    0
 18226, 99455,20210621,   99,    0
 18226, 99455,20210622,  113,    0
 18226, 99455,20210623,  113,    0
 18226, 99455,20210624,  130,    0
 18226, 99455,20210625,  140,    0
 18226, 99455,20210626,  129,    0
 18226, 99455,20210627,  124,    0
 18226, 99455,20210628,  118,    0
 18226, 99455,20210629,  117,    0
 18226, 99455,20210630,  162,    0
 18226, 99455,20210701,  166,    0
 18226, 99455,20210702,  197,    0
 18226, 99455,20210703,  145,    0
 18226, 99455,20210704,  163,    0
 18226, 99455,20210705,  178,    0
 18226, 99455,20210706,  154,    0
 18226, 99455,20210707,  142,    0
 18226, 99455,20210708,  137,    0
 18226, 99455,20210709,  134,    0
 18226, 99455,20210710,  128,    0
 18226, 99455,20210711,  130,    0
 18226, 99455,20210712,  151,    0
 18226, 99455,20210713,  178,    0
 18226, 99455,20210714,  164,    0
 18226, 99455,20210715,  124,    0
 18226, 99455,20210716,  131,    0
 18226, 99455,20210717,  121,    0
 18226, 99455,20210718,   97,    0
 18226, 99455,20210719,  107,    0
 18226, 99455,20210720,  108,    0
 18226, 99455,20210721,  121,    0
 18226, 99455,20210722,  115,    0
 18226, 99455,20210723,  159,    0
 18226, 99455,20210724,  152,    0
 18226, 99455,20210725,  187,    0
 18226, 99455,20210726,  198,    0
 18226, 99455,20210727,  170,    0
 18226, 99455,20210728,  153,    0
 18226, 99455,20210729,  143,    0
 18226, 99455,20210730,  154,    0
 18226, 99455,20210731,  113,    0
 18226, 99455,20210801,  122,    0
 18226, 99455,20210802,  101,    0
 18226, 99455,20210803,   95,    0
 18226, 99455,20210804,  106,    0
 18226, 99455,20210805,  127,    0
 18226, 99455,20210806,  160,    0
 18226, 99455,20210807,  168,    0
 18226, 99455,20210808,  151,    0
 18226, 99455,20210809,  146,    0
 18226, 99455,20210810,  144,    0
 18226, 99455,20210811,  129,    0
 18226, 99455,20210812,  140,    0
 18226, 99455,20210813,  124,    0
 18226, 99455,20210814,  121,    0
 18226, 99455,20210815,  105,    0
 18226, 99455,20210816,  121,    0
 18226, 99455,20210817,  117,    0
 18226, 99455,20210818,  105,    0
 18226, 99455,20210819,  103,    0
 18226, 99455,20210820,   98,    0
 18226, 99455,20210821,   98,    0
 18226, 99455,20210822,  112,    0
 18226, 99455,20210823,  114,    0
 18226, 99455,20210824,  114,    0
 18226, 99455,20210825,  119,    0
 18226, 99455,20210826,  133,    0
 18226, 99455,20210827,  126,    0
 18226, 99455,20210828,  118,    0
 18226, 99455,20210829,  130,    0
 18226, 99455,20210830,  114,    0
 18226, 99455,20210831,  121,    0
 18226, 99455,20210901,  117,    0
 18226, 99455,20210902,  104,    0
 18226, 99455,20210903,   99,    0
 18226, 99455,20210904,   91,    0
 18226, 99455,20210905,  124,    0
 18226, 99455,20210906,  115,    0
 18226, 99455,20210907,  133,    0
 18226, 99455,20210908,  149,    0
 18226, 99455,20210909,  161,    0
 18226, 99455,20210910,  157,    0
 18226, 99455,20210911,  144,    0
 18226, 99455,20210912,  108,    0
 18226, 99455,20210913,   84,    0
 18226, 99455,20210914,   74,    0
 18226, 99455,20210915,  109,    0
 18226, 99455,20210916,  111,    0
 18226, 99455,20210917,  106,    0
 18226, 99455,20210918,  105,    0
 18226, 99455,20210919,  116,    0
 18226, 99455,20210920,   98,    0
 18226, 99455,20210921,   97,    0
 18226, 99455,20210922,  109,    0
 18226, 99455,20210923,   70,    0
 18226, 99455,20210924,   81,    0
 18226, 99455,20210925,   87,    0
 18226, 99455,20210926,  141,    0
 18226, 99455,20210927,  157,    0
 18226, 99455,20210928,  107,    0
 18226, 99455,20210929,  121,    0
 18226, 99455,20210930,  103,    0
 18226, 99455,20211001,  101,    0
 18226, 99455,20211002,   86,    0
 18226, 99455,20211003,  105,    0
 18226, 99455,20211004,   91,    0
 18226, 99455,20211005,   85,    0
 18226, 99455,20211006,   74,    0
 18226, 99455,20211007,   91,    0
 18226, 99455,20211008,  129,    0
 18226, 99455,20211009,  116,    0
 18226, 99455,20211010,   87,    0
 18226, 99455,20211011,   40,    0
 18226, 99455,20211012,   29,    0
 18226, 99455,20211013,   43,    0
 18226, 99455,20211014,   84,    0
 18226, 99455,20211015,   44,    0
 18226, 99455,20211016,   39,    0
 18226, 99455,20211017,   10,    0
 18226, 99455,20211018,   33,    0
 18226, 99455,20211019,   94,    0
 18226, 99455,20211020,   85,    0
 18226, 99455,20211021,   15,    0
 18226, 99455,20211022,   17,    0
 18226, 99455,20211023,   31,    0
 18226, 99455,20211024,   81,    0
 18226, 99455,20211025,   81,    0
 18226, 99455,20211026,   64,    0
 18226, 99455,20211027,   97,    0
 18226, 99455,20211028,  105,    0
 18226, 99455,20211029,  115,    0
 18226, 99455,20211030,   88,    0
 18226, 99455,20211031,   79,    0
 18226, 99455,20211101,   85,    0
 18226, 99455,20211102,   69,    0
 18226, 99455,20211103,   56,    0
 18226, 99455,20211104,   31,    0
 18226, 99455,20211105,   42,    0
 18226, 99455,20211106,   41,    0
 18226, 99455,20211107,   57,    0
 18226, 99455,20211108,   49,    0
 18226, 99455,20211109,   71,    0
 18226, 99455,20211110,   54,    0
 18226, 99455,20211111,   41,    0
 18226, 99455,20211112,   44,    0
 18226, 99455,20211113,   43,    0
 18226, 99455,20211114,   32,    0
 18226, 99455,20211115,   61,    0
 18226, 99455,20211116,   70,    0
 18226, 99455,20211117,   32,    0
 18226, 99455,20211118,   53,    0
 18226, 99455,20211119,   64,    0
 18226, 99455,20211120,   36,    0
 18226, 99455,20211121,  -11,    0
 18226, 99455,20211122,   23,    0
 18226, 99455,20211123,   48,    0
 18226, 99455,20211124,   44,    0
 18226, 99455,20211125,   -8,    0
 18226, 99455,20211126,  -12,    0
 18226, 99455,20211127,  -43,    0
 18226, 99455,20211128,  -86,    0
 18226, 99455,20211129,  -50,    0
 18226, 99455,20211130,  -37,    0
 18226, 99455,20211201,  -78,    0
 18226, 99455,20211202,  -55,    0
 18226, 99455,20211203,  -28,    0
 18226, 99455,20211204,   -1,    0
 18226, 99455,20211205,  -32,    0
 18226, 99455,20211206,  -21,    0
 18226, 99455,20211207,    3,    0
 18226, 99455,20211208,   -6,    0
 18226, 99455,20211209,   11,    0
 18226, 99455,20211210,   -5,    0
 18226, 99455,20211211,  -25,    0
 18226, 99455,20211212,   27,    0
 18226, 99455,20211213,   47,    0
 18226, 99455,20211214,   38,    0
 18226, 99455,20211215,   66,    0
 18226, 99455,20211216,   39,    0
 18226, 99455,20211217,   54,    0
 18226, 99455,20211218,   54,    0
 18226, 99455,20211219,   -4,    0
 18226, 99455,20211220,  -41,    0
 18226, 99455,20211221,  -15,    0
 18226, 99455,20211222,    8,    0
 18226, 99455,20211223,  -42,    0
 18226, 99455,20211224,  -68,    0
 18226, 99455,20211225,  -65,    0
 18226, 99455,20211226,  -50,    0
 18226, 99455,20211227,  -37,    0
 18226, 99455,20211228,   -9,    0
 18226, 99455,20211229,    5,    0
 18226, 99455,20211230,   56,    0
 18226, 99455,20211231,   51,    0
 18226, 99455,20220101,   38,    0
 18226, 99455,20220102,   54,    0
 18226, 99455,20220103,   18,    0
 18226, 99455,20220104,    3,    0
 18226, 99455,20220105,  -36,    0
 18226, 99455,20220106,  -38,    0
 18226, 99455,20220107,   13,    0
 18226, 99455,20220108,    4,    0
 18226, 99455,20220109,    6,    0
 18226, 99455,20220110,   13,    0
 18226, 99455,20220111,   26,    0
 18226, 99455,20220112,   52,    0
 18226, 99455,20220113,   59,    0
 18226, 99455,20220114,    5,    0
 18226, 99455,20220115,    8,    0
 18226, 99455,20220116,   14,    0
 18226, 99455,20220117,   -8,    0
 18226, 99455,20220118,   32,    0
 18226, 99455,20220119,    5,    0
 18226, 99455,20220120,  -30,    0
 18226, 99455,20220121,    7,    0
 18226, 99455,20220122,   33,    0
 18226, 99455,20220123,   49,    0
 18226, 99455,20220124,   32,    0
 18226, 99455,20220125,   24,    0
 18226, 99455,20220126,   22,    0
 18226, 99455,20220127,   19,    0
 18226, 99455,20220128,    1,    0
 18226, 99455,20220129,   36,    0
 18226, 99455,20220130,   -7,    0
 18226, 99455,20220131,  -26,    0
 18226, 99455,20220201,    0,    0
 18226, 99455,20220202,  -14,    0
 18226, 99455,20220203,   25,    0
 18226, 99455,20220204,    1,    0
 18226, 99455,20220205,    0,    0
 18226, 99455,20220206,   -5,    0
 18226, 99455,20220207,    7,    0
 18226, 99455,20220208,   19,    0
 18226, 99455,20220209,    8,    0
 18226, 99455,20220210,  -11,    0
 18226, 99455,20220211,  -30,    0
 18226, 99455,20220212,   21,    0
 18226, 99455,20220213,   35,    0
 18226, 99455,20220214,   18,    0
 18226, 99455,20220215,    6,    0
 18226, 99455,20220216,    6,    0
 18226, 99455,20220217,   -4,    0
 18226, 99455,20220218,   -8,    0
 18226, 99455,20220219,  -45,    0
 18226, 99455,20220220,  -10,    0
 18226, 99455,20220221,   -1,    0
 18226, 99455,20220222,  -19,    0
 18226, 99455,20220223,   15,    0
 18226, 99455,20220224,    4,    0
 18226, 99455,20220225,   -9,    0
 18226, 99455,20220226,   19,    0
 18226, 99455,20220227,   35,    0
 18226, 99455,20220228,   30,    0
 18226, 99455,20220301,   21,    0
 18226, 99455,20220302,   20,    0
 18226, 99455,20220303,   23,    0
 18226, 99455,20220304,   15,    0
 18226, 99455,20220305,    0,    0
 18226, 99455,20220306,    1,    0
 18226, 99455,20220307,    3,    0
 18226, 99455,20220308,   28,    0
 18226, 99455,20220309,   55,    0
 18226, 99455,20220310,   63,    0
 18226, 99455,20220311,   71,    0
 18226, 99455,20220312,   68,    0
 18226, 99455,20220313,   66,    0
 18226, 99455,20220314,   62,    0
 18226, 99455,20220315,   38,    0
 18226, 99455,20220316,   50,    0
 18226, 99455,20220317,   33,    0
 18226, 99455,20220318,   30,    0
 18226, 99455,20220319,   33,    0
 18226, 99455,20220320,   34,    0
 18226, 99455,20220321,   26,    0
 18226, 99455,20220322,   25,    0
 18226, 99455,20220323,   44,    0
 18226, 99455,20220324,   59,    0
 18226, 99455,20220325,   45,    0
 18226, 99455,20220326,   21,    0
 18226, 99455,20220327,   35,    0
 18226, 99455,20220328,   19,    0
 18226, 99455,20220329,  -11,    0
 18226, 99455,20220330,  -16,    0
 18226, 99455,20220331,  -24,    0
 18226, 99455,20220401,  -24,    0
 18226, 99455,20220402,  -18,    0
 18226, 99455,20220403,    6,    0
 18226, 99455,20220404,    3,    0
 18226, 99455,20220405,  -18,    0
 18226, 99455,20220406,  -27,    0
 18226, 99455,20220407,   -8,    0
 18226, 99455,20220408,  -11,    0
 18226, 99455,20220409,    2,    0
 18226, 99455,20220410,    6,    0
 18226, 99455,20220411,    6,    0
 18226, 99455,20220412,   24,    0
 18226, 99455,20220413,   28,    0
 18226, 99455,20220414,   41,    0
 18226, 99455,20220415,   44,    0
 18226, 99455,20220416,   35,    0
 18226, 99455,20220417,   55,    0
 18226, 99455,20220418,   80,    0
 18226, 99455,20220419,   74,    0
 18226, 99455,20220420,   65,    0
 18226, 99455,20220421,   90,    0
 18226, 99455,20220422,   92,    0
 18226, 99455,20220423,   85,    0
 18226, 99455,20220424,   71,    0
 18226, 99455,20220425,   54,    0
 18226, 99455,20220426,   54,    0
 18226, 99455,20220427,   27,    0
 18226, 99455,20220428,   34,    0
 18226, 99455,20220429,   39,    0
 18226, 99455,20220430,   44,    0
 18226, 99455,20220501,   38,    0
 18226, 99455,20220502,   34,    0
 18226, 99455,20220503,   29,    0
 18226, 99455,20220504,   38,    0
 18226, 99455,20220505,   57,    0
 18226, 99455,20220506,   70,    0
 18226, 99455,20220507,   32,    0
 18226, 99455,20220508,   47,    0
 18226, 99455,20220509,   86,    0
 18226, 99455,20220510,   75,    0
 18226, 99455,20220511,   64,    0
 18226, 99455,20220512,   50,    0
 18226, 99455,20220513,   59,    0
 18226, 99455,20220514,   56,    0
 18226, 99455,20220515,   77,    0
 18226, 99455,20220516,  103,    0
 18226, 99455,20220517,  123,    0
 18226, 99455,20220518,  115,    0
 18226, 99455,20220519,   93,    0
 18226, 99455,20220520,  103,    0
 18226, 99455,20220521,   84,    0
 18226, 99455,20220522,  103,    0
 18226, 99455,20220523,   98,    0
 18226, 99455,20220524,   99,    0
 18226, 99455,20220525,   74,    0
 18226, 99455,20220526,   71,    0
 18226, 99455,20220527,   60,    0
 18226, 99455,20220528,   72,    0
 18226, 99455,20220529,   49,    0
 18226, 99455,20220530,   74,    0
 18226, 99455,20220531,  102,    0
 18226, 99455,20220601,  104,    0
 18226, 99455,20220602,   84,    0
 18226, 99455,20220603,   82,    0
 18226, 99455,20220604,   83,    0
 18226, 99455,20220605,   91,    0
 18226, 99455,20220606,  129,    0
 18226, 99455,20220607,  158,    0
 18226, 99455,20220608,  121,    0
 18226, 99455,20220609,  113,    0
 18226, 99455,20220610,  117,    0
 18226, 99455,20220611,  115,    0
 18226, 99455,20220612,   90,    0
 18226, 99455,20220613,   85,    0
 18226, 99455,20220614,   97,    0
 18226, 99455,20220615,   99,    0
 18226, 99455,20220616,  111,    0
 18226, 99455,20220617,  116,    0
 18226, 99455,20220618,   80,    0
 18226, 99455,20220619,   99,    0
 18226, 99455,20220620,  113,    0
 18226, 99455,20220621,   98,    0
 18226, 99455,20220622,   92,    0
 18226, 99455,20220623,  130,    0
 18226, 99455,20220624,  206,    0
 18226, 99455,20220625,  175,    0
 18226, 99455,20220626,  155,    0
 18226, 99455,20220627,  139,    0
 18226, 99455,20220628,  129,    0
 18226, 99455,20220629,  143,    0
 18226, 99455,20220630,  166,    0
 18226, 99455,20220701,  175,    0
 18226, 99455,20220702,  124,    0
 18226, 99455,20220703,  112,    0
 18226, 99455,20220704,  102,    0
 18226, 99455,20220705,   88,    0
 18226, 99455,20220706,   99,    0
 18226, 99455,20220707,   95,    0
 18226, 99455,20220708,   97,    0
 18226, 99455,20220709,   81,    0
 18226, 99455,20220710,   98,    0
 18226, 99455,20220711,  145,    0
 18226, 99455,20220712,  143,    0
 18226, 99455,20220713,   95,    0
 18226, 99455,20220714,   86,    0
 18226, 99455,20220715,   81,    0
 18226, 99455,20220716,   86,    0
 18226, 99455,20220717,  102,    0
 18226, 99455,20220718,  126,    0
 18226, 99455,20220719,  185,    0
 18226, 99455,20220720,  191,    0
 18226, 99455,20220721,  115,    0
 18226, 99455,20220722,  135,    0
 18226, 99455,20220723,  121,    0
 18226, 99455,20220724,  124,    0
 18226, 99455,20220725,  126,    0
 18226, 99455,20220726,   86,    0
 18226, 99455,20220727,   83,    0
 18226, 99455,20220728,  112,    0
 18226, 99455,20220729,  116,    0
 18226, 99455,20220730,  134,    0
 18226, 99455,20220731,  112,    0
 18226, 99455,20220801,   99,    0
 18226, 99455,20220802,  126,    0
 18226, 99455,20220803,  138,    0
 18226, 99455,20220804,  103,    0
 18226, 99455,20220805,   88,    0
 18226, 99455,20220806,   88,    0
 18226, 99455,20220807,  106,    0
 18226, 99455,20220808,  118,    0
 18226, 99455,20220809,  132,    0
 18226, 99455,20220810,  159,    0
 18226, 99455,20220811,  150,    0
 18226, 99455,20220812,  139,    0
 18226, 99455,20220813,  146,    0
 18226, 99455,20220814,  170,    0
 18226, 99455,20220815,  182,    0
 18226, 99455,20220816,  166,    0
 18226, 99455,20220817,  122,    0
 18226, 99455,20220818,  114,    0
 18226, 99455,20220819,  131,    0
 18226, 99455,20220820,  129,    0
 18226, 99455,20220821,  116,    0
 18226, 99455,20220822,  109,    0
 18226, 99455,20220823,  150,    0
 18226, 99455,20220824,  187,    0
 18226, 99455,20220825,  168,    0
 18226, 99455,20220826,  125,    0
 18226, 99455,20220827,  105,    0
 18226, 99455,20220828,   98,    0
 18226, 99455,20220829,  118,    0
 18226, 99455,20220830,  122,    0
 18226, 99455,20220831,  125,    0
 18226, 99455,20220901,  111,    0
 18226, 99455,20220902,  110,    0
 18226, 99455,20220903,  113,    0
 18226, 99455,20220904,  125,    0
 18226, 99455,20220905,  131,    0
 18226, 99455,20220906,  117,    0
 18226, 99455,20220907,  114,    0
 18226, 99455,20220908,  126,    0
 18226, 99455,20220909,  116,    0
 18226, 99455,20220910,   94,    0
 18226, 99455,20220911,   97,    0
 18226, 99455,20220912,  118,    0
 18226, 99455,20220913,   96,    0
 18226, 99455,20220914,   85,    0
 18226, 99455,20220915,   78,    0
 18226, 99455,20220916,   87,    0
 18226, 99455,20220917,   73,    0
 18226, 99455,20220918,   78,    0
 18226, 99455,20220919,   58,    0
 18226, 99455,20220920,   55,    0
 18226, 99455,20220921,   96,    0
 18226, 99455,20220922,  116,    0
 18226, 99455,20220923,   89,    0
 18226, 99455,20220924,   70,    0
 18226, 99455,20220925,   61,    0
 18226, 99455,20220926,   75,    0
 18226, 99455,20220927,   80,    0
 18226, 99455,20220928,  124,    0
 18226, 99455,20220929,   96,    0
 18226, 99455,20220930,   99,    0
 18226, 99455,20221001,   92,    0
 18226, 99455,20221002,   77,    0
 18226, 99455,20221003,   86,    0
 18226, 99455,20221004,  102,    0
 18226, 99455,20221005,   86,    0
 18226, 99455,20221006,   81,    0
 18226, 99455,20221007,   88,    0
 18226, 99455,20221008,   54,    0
 18226, 99455,20221009,   88,    0
 18226, 99455,20221010,   70,    0
 18226, 99455,20221011,   46,    0
 18226, 99455,20221012,   77,    0
 18226, 99455,20221013,   63,    0
 18226, 99455,20221014,   62,    0
 18226, 99455,20221015,   55,    0
 18226, 99455,20221016,   65,    0
 18226, 99455,20221017,   76,    0
 18226, 99455,20221018,   58,    0
 18226, 99455,20221019,    8,    0
 18226, 99455,20221020,   20,    0
 18226, 99455,20221021,   53,    0
 18226, 99455,20221022,   69,    0
 18226, 99455,20221023,   86,    0
 18226, 99455,20221024,   81,    0
 18226, 99455,20221025,   86,    0
 18226, 99455,20221026,   96,    0
 18226, 99455,20221027,  103,    0
 18226, 99455,20221028,  113,    0
 18226, 99455,20221029,   88,    0
 18226, 99455,20221030,  108,    0
 18226, 99455,20221031,  100,    0
