EUROPEAN CLIMATE ASSESSMENT & DATASET (ECA&D), file created on: 16-11-2022
THESE DATA CAN BE USED FOR NON-COMMERCIAL RESEARCH AND EDUCATION PROVIDED THAT THE FOLLOWING SOURCE IS ACKNOWLEDGED: 

Klein Tank, A.M.G. and Coauthors, 2002. Daily dataset of 20th-century surface
air temperature and precipitation series for the European Climate Assessment.
Int. J. of Climatol., 22, 1441-1453.
Data and metadata available at http://www.ecad.eu

FILE FORMAT (MISSING VALUE CODE = -9999):

01-06 STAID: Station identifier
08-13 SOUID: Source identifier
15-22 DATE : Date YYYYMMDD
24-28 TG   : Mean temperature in 0.1 &#176;C
30-34 Q_TG : quality code for TG (0='valid'; 1='suspect'; 9='missing')

This is the blended series of station PUJALT, SPAIN (STAID: 16321)
Blended and updated with sources:90636 
See files sources.txt and stations.txt for more info.

STAID, SOUID,    DATE,   TG, Q_TG
 16321, 90636,20180401,-9999,    9
 16321, 90636,20180402,-9999,    9
 16321, 90636,20180403,-9999,    9
 16321, 90636,20180404,-9999,    9
 16321, 90636,20180405,-9999,    9
 16321, 90636,20180406,-9999,    9
 16321, 90636,20180407,  105,    0
 16321, 90636,20180408,   69,    0
 16321, 90636,20180409,   76,    0
 16321, 90636,20180410,   61,    0
 16321, 90636,20180411,   50,    0
 16321, 90636,20180412,   63,    0
 16321, 90636,20180413,   76,    0
 16321, 90636,20180414,   84,    0
 16321, 90636,20180415,  112,    0
 16321, 90636,20180416,  118,    0
 16321, 90636,20180417,  129,    0
 16321, 90636,20180418,  168,    0
 16321, 90636,20180419,  146,    0
 16321, 90636,20180420,  146,    0
 16321, 90636,20180421,  158,    0
 16321, 90636,20180422,  163,    0
 16321, 90636,20180423,  168,    0
 16321, 90636,20180424,  175,    0
 16321, 90636,20180425,  183,    0
 16321, 90636,20180426,  135,    0
 16321, 90636,20180427,  161,    0
 16321, 90636,20180428,  133,    0
 16321, 90636,20180429,   89,    0
 16321, 90636,20180430,   79,    0
 16321, 90636,20180501,   66,    0
 16321, 90636,20180502,   94,    0
 16321, 90636,20180503,  107,    0
 16321, 90636,20180504,  103,    0
 16321, 90636,20180505,  116,    0
 16321, 90636,20180506,  143,    0
 16321, 90636,20180507,  144,    0
 16321, 90636,20180508,  150,    0
 16321, 90636,20180509,  132,    0
 16321, 90636,20180510,  127,    0
 16321, 90636,20180511,  147,    0
 16321, 90636,20180512,  122,    0
 16321, 90636,20180513,   80,    0
 16321, 90636,20180514,   88,    0
 16321, 90636,20180515,  110,    0
 16321, 90636,20180516,  131,    0
 16321, 90636,20180517,  149,    0
 16321, 90636,20180518,  145,    0
 16321, 90636,20180519,  148,    0
 16321, 90636,20180520,  139,    0
 16321, 90636,20180521,  149,    0
 16321, 90636,20180522,  146,    0
 16321, 90636,20180523,  169,    0
 16321, 90636,20180524,  181,    0
 16321, 90636,20180525,  166,    0
 16321, 90636,20180526,  163,    0
 16321, 90636,20180527,  176,    0
 16321, 90636,20180528,  149,    0
 16321, 90636,20180529,  161,    0
 16321, 90636,20180530,  138,    0
 16321, 90636,20180531,  153,    0
 16321, 90636,20180601,  171,    0
 16321, 90636,20180602,  171,    0
 16321, 90636,20180603,  144,    0
 16321, 90636,20180604,  162,    0
 16321, 90636,20180605,  150,    0
 16321, 90636,20180606,  127,    0
 16321, 90636,20180607,  144,    0
 16321, 90636,20180608,  176,    0
 16321, 90636,20180609,  189,    0
 16321, 90636,20180610,  173,    0
 16321, 90636,20180611,  176,    0
 16321, 90636,20180612,  151,    0
 16321, 90636,20180613,  162,    0
 16321, 90636,20180614,  163,    0
 16321, 90636,20180615,  173,    0
 16321, 90636,20180616,  187,    0
 16321, 90636,20180617,  181,    0
 16321, 90636,20180618,  192,    0
 16321, 90636,20180619,  198,    0
 16321, 90636,20180620,  226,    0
 16321, 90636,20180621,  245,    0
 16321, 90636,20180622,  231,    0
 16321, 90636,20180623,  204,    0
 16321, 90636,20180624,  204,    0
 16321, 90636,20180625,  210,    0
 16321, 90636,20180626,  213,    0
 16321, 90636,20180627,  226,    0
 16321, 90636,20180628,  213,    0
 16321, 90636,20180629,  206,    0
 16321, 90636,20180630,  223,    0
 16321, 90636,20180701,  225,    0
 16321, 90636,20180702,  226,    0
 16321, 90636,20180703,  235,    0
 16321, 90636,20180704,  229,    0
 16321, 90636,20180705,  206,    0
 16321, 90636,20180706,  200,    0
 16321, 90636,20180707,  228,    0
 16321, 90636,20180708,  246,    0
 16321, 90636,20180709,  238,    0
 16321, 90636,20180710,  231,    0
 16321, 90636,20180711,  215,    0
 16321, 90636,20180712,  210,    0
 16321, 90636,20180713,  226,    0
 16321, 90636,20180714,  246,    0
 16321, 90636,20180715,  251,    0
 16321, 90636,20180716,  202,    0
 16321, 90636,20180717,  207,    0
 16321, 90636,20180718,  231,    0
 16321, 90636,20180719,  236,    0
 16321, 90636,20180720,  225,    0
 16321, 90636,20180721,  184,    0
 16321, 90636,20180722,  191,    0
 16321, 90636,20180723,  223,    0
 16321, 90636,20180724,  220,    0
 16321, 90636,20180725,  235,    0
 16321, 90636,20180726,  253,    0
 16321, 90636,20180727,  256,    0
 16321, 90636,20180728,  240,    0
 16321, 90636,20180729,  248,    0
 16321, 90636,20180730,  251,    0
 16321, 90636,20180731,  265,    0
 16321, 90636,20180801,  265,    0
 16321, 90636,20180802,  271,    0
 16321, 90636,20180803,  271,    0
 16321, 90636,20180804,  278,    0
 16321, 90636,20180805,  267,    0
 16321, 90636,20180806,  261,    0
 16321, 90636,20180807,  245,    0
 16321, 90636,20180808,  233,    0
 16321, 90636,20180809,  200,    0
 16321, 90636,20180810,  199,    0
 16321, 90636,20180811,  218,    0
 16321, 90636,20180812,  222,    0
 16321, 90636,20180813,  227,    0
 16321, 90636,20180814,  203,    0
 16321, 90636,20180815,  203,    0
 16321, 90636,20180816,  216,    0
 16321, 90636,20180817,  181,    0
 16321, 90636,20180818,  177,    0
 16321, 90636,20180819,  217,    0
 16321, 90636,20180820,  226,    0
 16321, 90636,20180821,  237,    0
 16321, 90636,20180822,  233,    0
 16321, 90636,20180823,  234,    0
 16321, 90636,20180824,  208,    0
 16321, 90636,20180825,  178,    0
 16321, 90636,20180826,  180,    0
 16321, 90636,20180827,  215,    0
 16321, 90636,20180828,  225,    0
 16321, 90636,20180829,  224,    0
 16321, 90636,20180830,  210,    0
 16321, 90636,20180831,  198,    0
 16321, 90636,20180901,  197,    0
 16321, 90636,20180902,  209,    0
 16321, 90636,20180903,  215,    0
 16321, 90636,20180904,  211,    0
 16321, 90636,20180905,  204,    0
 16321, 90636,20180906,  189,    0
 16321, 90636,20180907,  184,    0
 16321, 90636,20180908,  193,    0
 16321, 90636,20180909,  193,    0
 16321, 90636,20180910,  191,    0
 16321, 90636,20180911,  213,    0
 16321, 90636,20180912,  197,    0
 16321, 90636,20180913,  201,    0
 16321, 90636,20180914,  197,    0
 16321, 90636,20180915,  188,    0
 16321, 90636,20180916,  201,    0
 16321, 90636,20180917,  201,    0
 16321, 90636,20180918,  180,    0
 16321, 90636,20180919,  207,    0
 16321, 90636,20180920,  225,    0
 16321, 90636,20180921,  232,    0
 16321, 90636,20180922,  212,    0
 16321, 90636,20180923,  234,    0
 16321, 90636,20180924,  198,    0
 16321, 90636,20180925,  153,    0
 16321, 90636,20180926,  164,    0
 16321, 90636,20180927,  174,    0
 16321, 90636,20180928,  197,    0
 16321, 90636,20180929,  190,    0
 16321, 90636,20180930,  184,    0
 16321, 90636,20181001,  135,    0
 16321, 90636,20181002,  121,    0
 16321, 90636,20181003,  148,    0
 16321, 90636,20181004,  171,    0
 16321, 90636,20181005,  167,    0
 16321, 90636,20181006,  170,    0
 16321, 90636,20181007,  127,    0
 16321, 90636,20181008,  117,    0
 16321, 90636,20181009,  134,    0
 16321, 90636,20181010,  149,    0
 16321, 90636,20181011,  173,    0
 16321, 90636,20181012,  188,    0
 16321, 90636,20181013,  174,    0
 16321, 90636,20181014,  158,    0
 16321, 90636,20181015,  111,    0
 16321, 90636,20181016,  141,    0
 16321, 90636,20181017,  147,    0
 16321, 90636,20181018,  145,    0
 16321, 90636,20181019,  163,    0
 16321, 90636,20181020,  160,    0
 16321, 90636,20181021,  141,    0
 16321, 90636,20181022,  131,    0
 16321, 90636,20181023,  106,    0
 16321, 90636,20181024,  110,    0
 16321, 90636,20181025,  128,    0
 16321, 90636,20181026,  140,    0
 16321, 90636,20181027,   79,    0
 16321, 90636,20181028,   33,    0
 16321, 90636,20181029,   23,    0
 16321, 90636,20181030,   56,    0
 16321, 90636,20181031,   76,    0
 16321, 90636,20181101,   67,    0
 16321, 90636,20181102,   76,    0
 16321, 90636,20181103,   65,    0
 16321, 90636,20181104,   90,    0
 16321, 90636,20181105,   94,    0
 16321, 90636,20181106,   61,    0
 16321, 90636,20181107,   84,    0
 16321, 90636,20181108,   97,    0
 16321, 90636,20181109,   78,    0
 16321, 90636,20181110,   90,    0
 16321, 90636,20181111,  125,    0
 16321, 90636,20181112,  126,    0
 16321, 90636,20181113,  127,    0
 16321, 90636,20181114,  123,    0
 16321, 90636,20181115,  108,    0
 16321, 90636,20181116,  111,    0
 16321, 90636,20181117,   88,    0
 16321, 90636,20181118,   71,    0
 16321, 90636,20181119,   74,    0
 16321, 90636,20181120,   65,    0
 16321, 90636,20181121,   72,    0
 16321, 90636,20181122,   81,    0
 16321, 90636,20181123,   71,    0
 16321, 90636,20181124,   47,    0
 16321, 90636,20181125,   48,    0
 16321, 90636,20181126,   48,    0
 16321, 90636,20181127,   49,    0
 16321, 90636,20181128,   62,    0
 16321, 90636,20181129,   88,    0
 16321, 90636,20181130,   54,    0
 16321, 90636,20181201,   45,    0
 16321, 90636,20181202,   69,    0
 16321, 90636,20181203,   69,    0
 16321, 90636,20181204,   82,    0
 16321, 90636,20181205,   92,    0
 16321, 90636,20181206,   53,    0
 16321, 90636,20181207,   44,    0
 16321, 90636,20181208,   55,    0
 16321, 90636,20181209,   69,    0
 16321, 90636,20181210,   51,    0
 16321, 90636,20181211,   50,    0
 16321, 90636,20181212,   46,    0
 16321, 90636,20181213,   49,    0
 16321, 90636,20181214,   51,    0
 16321, 90636,20181215,   49,    0
 16321, 90636,20181216,   60,    0
 16321, 90636,20181217,   35,    0
 16321, 90636,20181218,   54,    0
 16321, 90636,20181219,   55,    0
 16321, 90636,20181220,   50,    0
 16321, 90636,20181221,   53,    0
 16321, 90636,20181222,   65,    0
 16321, 90636,20181223,   72,    0
 16321, 90636,20181224,   43,    0
 16321, 90636,20181225,   85,    0
 16321, 90636,20181226,   67,    0
 16321, 90636,20181227,   30,    0
 16321, 90636,20181228,   21,    0
 16321, 90636,20181229,   12,    0
 16321, 90636,20181230,    5,    0
 16321, 90636,20181231,   34,    0
 16321, 90636,20190101,   35,    0
 16321, 90636,20190102,   64,    0
 16321, 90636,20190103,   79,    0
 16321, 90636,20190104,  102,    0
 16321, 90636,20190105,  135,    0
 16321, 90636,20190106,  197,    0
 16321, 90636,20190107,-9999,    9
 16321, 90636,20190108,-9999,    9
 16321, 90636,20190109,-9999,    9
 16321, 90636,20190110,-9999,    9
 16321, 90636,20190111,-9999,    9
 16321, 90636,20190112,-9999,    9
 16321, 90636,20190113,-9999,    9
 16321, 90636,20190114,-9999,    9
 16321, 90636,20190115,-9999,    9
 16321, 90636,20190116,-9999,    9
 16321, 90636,20190117,-9999,    9
 16321, 90636,20190118,-9999,    9
 16321, 90636,20190119,-9999,    9
 16321, 90636,20190120,-9999,    9
 16321, 90636,20190121,-9999,    9
 16321, 90636,20190122,-9999,    9
 16321, 90636,20190123,-9999,    9
 16321, 90636,20190124,-9999,    9
 16321, 90636,20190125,-9999,    9
 16321, 90636,20190126,-9999,    9
 16321, 90636,20190127,-9999,    9
 16321, 90636,20190128,-9999,    9
 16321, 90636,20190129,-9999,    9
 16321, 90636,20190130,-9999,    9
 16321, 90636,20190131,-9999,    9
 16321, 90636,20190201,  -10,    0
 16321, 90636,20190202,   12,    0
 16321, 90636,20190203,   86,    0
 16321, 90636,20190204,  110,    0
 16321, 90636,20190205,  119,    0
 16321, 90636,20190206,  199,    0
 16321, 90636,20190207,-9999,    9
 16321, 90636,20190208,-9999,    9
 16321, 90636,20190209,-9999,    9
 16321, 90636,20190210,-9999,    9
 16321, 90636,20190211,-9999,    9
 16321, 90636,20190212,-9999,    9
 16321, 90636,20190213,-9999,    9
 16321, 90636,20190214,-9999,    9
 16321, 90636,20190215,-9999,    9
 16321, 90636,20190216,-9999,    9
 16321, 90636,20190217,-9999,    9
 16321, 90636,20190218,-9999,    9
 16321, 90636,20190219,-9999,    9
 16321, 90636,20190220,-9999,    9
 16321, 90636,20190221,-9999,    9
 16321, 90636,20190222,-9999,    9
 16321, 90636,20190223,-9999,    9
 16321, 90636,20190224,-9999,    9
 16321, 90636,20190225,-9999,    9
 16321, 90636,20190226,-9999,    9
 16321, 90636,20190227,-9999,    9
 16321, 90636,20190228,-9999,    9
 16321, 90636,20190301,  -14,    0
 16321, 90636,20190302,    8,    0
 16321, 90636,20190303,  112,    0
 16321, 90636,20190304,   67,    0
 16321, 90636,20190305,   73,    0
 16321, 90636,20190306,  194,    0
 16321, 90636,20190307,-9999,    9
 16321, 90636,20190308,-9999,    9
 16321, 90636,20190309,-9999,    9
 16321, 90636,20190310,-9999,    9
 16321, 90636,20190311,-9999,    9
 16321, 90636,20190312,-9999,    9
 16321, 90636,20190313,-9999,    9
 16321, 90636,20190314,-9999,    9
 16321, 90636,20190315,-9999,    9
 16321, 90636,20190316,-9999,    9
 16321, 90636,20190317,-9999,    9
 16321, 90636,20190318,-9999,    9
 16321, 90636,20190319,-9999,    9
 16321, 90636,20190320,-9999,    9
 16321, 90636,20190321,-9999,    9
 16321, 90636,20190322,-9999,    9
 16321, 90636,20190323,-9999,    9
 16321, 90636,20190324,-9999,    9
 16321, 90636,20190325,-9999,    9
 16321, 90636,20190326,-9999,    9
 16321, 90636,20190327,-9999,    9
 16321, 90636,20190328,-9999,    9
 16321, 90636,20190329,-9999,    9
 16321, 90636,20190330,-9999,    9
 16321, 90636,20190331,-9999,    9
 16321, 90636,20190401,   13,    0
 16321, 90636,20190402,    9,    0
 16321, 90636,20190403,  111,    0
 16321, 90636,20190404,   42,    0
 16321, 90636,20190405,   90,    0
 16321, 90636,20190406,  187,    0
 16321, 90636,20190407,-9999,    9
 16321, 90636,20190408,-9999,    9
 16321, 90636,20190409,-9999,    9
 16321, 90636,20190410,-9999,    9
 16321, 90636,20190411,-9999,    9
 16321, 90636,20190412,-9999,    9
 16321, 90636,20190413,-9999,    9
 16321, 90636,20190414,-9999,    9
 16321, 90636,20190415,-9999,    9
 16321, 90636,20190416,-9999,    9
 16321, 90636,20190417,-9999,    9
 16321, 90636,20190418,-9999,    9
 16321, 90636,20190419,-9999,    9
 16321, 90636,20190420,-9999,    9
 16321, 90636,20190421,-9999,    9
 16321, 90636,20190422,-9999,    9
 16321, 90636,20190423,-9999,    9
 16321, 90636,20190424,-9999,    9
 16321, 90636,20190425,-9999,    9
 16321, 90636,20190426,-9999,    9
 16321, 90636,20190427,-9999,    9
 16321, 90636,20190428,-9999,    9
 16321, 90636,20190429,-9999,    9
 16321, 90636,20190430,-9999,    9
 16321, 90636,20190501,  -12,    0
 16321, 90636,20190502,   55,    0
 16321, 90636,20190503,   92,    0
 16321, 90636,20190504,   63,    0
 16321, 90636,20190505,   87,    0
 16321, 90636,20190506,  143,    0
 16321, 90636,20190507,-9999,    9
 16321, 90636,20190508,-9999,    9
 16321, 90636,20190509,-9999,    9
 16321, 90636,20190510,-9999,    9
 16321, 90636,20190511,-9999,    9
 16321, 90636,20190512,-9999,    9
 16321, 90636,20190513,-9999,    9
 16321, 90636,20190514,-9999,    9
 16321, 90636,20190515,-9999,    9
 16321, 90636,20190516,-9999,    9
 16321, 90636,20190517,-9999,    9
 16321, 90636,20190518,-9999,    9
 16321, 90636,20190519,-9999,    9
 16321, 90636,20190520,-9999,    9
 16321, 90636,20190521,-9999,    9
 16321, 90636,20190522,-9999,    9
 16321, 90636,20190523,-9999,    9
 16321, 90636,20190524,-9999,    9
 16321, 90636,20190525,-9999,    9
 16321, 90636,20190526,-9999,    9
 16321, 90636,20190527,-9999,    9
 16321, 90636,20190528,-9999,    9
 16321, 90636,20190529,-9999,    9
 16321, 90636,20190530,-9999,    9
 16321, 90636,20190531,-9999,    9
 16321, 90636,20190601,   17,    0
 16321, 90636,20190602,   59,    0
 16321, 90636,20190603,   89,    0
 16321, 90636,20190604,   52,    0
 16321, 90636,20190605,   94,    0
 16321, 90636,20190606,  137,    0
 16321, 90636,20190607,-9999,    9
 16321, 90636,20190608,-9999,    9
 16321, 90636,20190609,-9999,    9
 16321, 90636,20190610,-9999,    9
 16321, 90636,20190611,-9999,    9
 16321, 90636,20190612,-9999,    9
 16321, 90636,20190613,-9999,    9
 16321, 90636,20190614,-9999,    9
 16321, 90636,20190615,-9999,    9
 16321, 90636,20190616,-9999,    9
 16321, 90636,20190617,-9999,    9
 16321, 90636,20190618,-9999,    9
 16321, 90636,20190619,-9999,    9
 16321, 90636,20190620,-9999,    9
 16321, 90636,20190621,-9999,    9
 16321, 90636,20190622,-9999,    9
 16321, 90636,20190623,-9999,    9
 16321, 90636,20190624,-9999,    9
 16321, 90636,20190625,-9999,    9
 16321, 90636,20190626,-9999,    9
 16321, 90636,20190627,-9999,    9
 16321, 90636,20190628,-9999,    9
 16321, 90636,20190629,-9999,    9
 16321, 90636,20190630,-9999,    9
 16321, 90636,20190701,  269,    0
 16321, 90636,20190702,  249,    0
 16321, 90636,20190703,  249,    0
 16321, 90636,20190704,  254,    0
 16321, 90636,20190705,  262,    0
 16321, 90636,20190706,  275,    0
 16321, 90636,20190707,  252,    0
 16321, 90636,20190708,  216,    0
 16321, 90636,20190709,  190,    0
 16321, 90636,20190710,  207,    0
 16321, 90636,20190711,  251,    0
 16321, 90636,20190712,  258,    0
 16321, 90636,20190713,  242,    0
 16321, 90636,20190714,  215,    0
 16321, 90636,20190715,  211,    0
 16321, 90636,20190716,  217,    0
 16321, 90636,20190717,  213,    0
 16321, 90636,20190718,  220,    0
 16321, 90636,20190719,  225,    0
 16321, 90636,20190720,  238,    0
 16321, 90636,20190721,  260,    0
 16321, 90636,20190722,  282,    0
 16321, 90636,20190723,  295,    0
 16321, 90636,20190724,  277,    0
 16321, 90636,20190725,  264,    0
 16321, 90636,20190726,  243,    0
 16321, 90636,20190727,  194,    0
 16321, 90636,20190728,  185,    0
 16321, 90636,20190729,  231,    0
 16321, 90636,20190730,  217,    0
 16321, 90636,20190731,  204,    0
 16321, 90636,20190801,  232,    0
 16321, 90636,20190802,  232,    0
 16321, 90636,20190803,  247,    0
 16321, 90636,20190804,  250,    0
 16321, 90636,20190805,  260,    0
 16321, 90636,20190806,  256,    0
 16321, 90636,20190807,  240,    0
 16321, 90636,20190808,  258,    0
 16321, 90636,20190809,  288,    0
 16321, 90636,20190810,  250,    0
 16321, 90636,20190811,  236,    0
 16321, 90636,20190812,  194,    0
 16321, 90636,20190813,  173,    0
 16321, 90636,20190814,  197,    0
 16321, 90636,20190815,  221,    0
 16321, 90636,20190816,  229,    0
 16321, 90636,20190817,  237,    0
 16321, 90636,20190818,  245,    0
 16321, 90636,20190819,  216,    0
 16321, 90636,20190820,  171,    0
 16321, 90636,20190821,  193,    0
 16321, 90636,20190822,  209,    0
 16321, 90636,20190823,  225,    0
 16321, 90636,20190824,  235,    0
 16321, 90636,20190825,  241,    0
 16321, 90636,20190826,  231,    0
 16321, 90636,20190827,  195,    0
 16321, 90636,20190828,  216,    0
 16321, 90636,20190829,  236,    0
 16321, 90636,20190830,  242,    0
 16321, 90636,20190831,  233,    0
 16321, 90636,20190901,  221,    0
 16321, 90636,20190902,  186,    0
 16321, 90636,20190903,  187,    0
 16321, 90636,20190904,  218,    0
 16321, 90636,20190905,  177,    0
 16321, 90636,20190906,  154,    0
 16321, 90636,20190907,  158,    0
 16321, 90636,20190908,  165,    0
 16321, 90636,20190909,  179,    0
 16321, 90636,20190910,  129,    0
 16321, 90636,20190911,  157,    0
 16321, 90636,20190912,  193,    0
 16321, 90636,20190913,  199,    0
 16321, 90636,20190914,  213,    0
 16321, 90636,20190915,  213,    0
 16321, 90636,20190916,  218,    0
 16321, 90636,20190917,  226,    0
 16321, 90636,20190918,  218,    0
 16321, 90636,20190919,  205,    0
 16321, 90636,20190920,  190,    0
 16321, 90636,20190921,  168,    0
 16321, 90636,20190922,  183,    0
 16321, 90636,20190923,  163,    0
 16321, 90636,20190924,  194,    0
 16321, 90636,20190925,  177,    0
 16321, 90636,20190926,  180,    0
 16321, 90636,20190927,  204,    0
 16321, 90636,20190928,-9999,    9
 16321, 90636,20190929,-9999,    9
 16321, 90636,20190930,-9999,    9
 16321, 90636,20191001,  205,    0
 16321, 90636,20191002,  162,    0
 16321, 90636,20191003,  140,    0
 16321, 90636,20191004,  166,    0
 16321, 90636,20191005,  159,    0
 16321, 90636,20191006,  151,    0
 16321, 90636,20191007,  141,    0
 16321, 90636,20191008,  177,    0
 16321, 90636,20191009,  168,    0
 16321, 90636,20191010,  136,    0
 16321, 90636,20191011,  171,    0
 16321, 90636,20191012,  177,    0
 16321, 90636,20191013,  176,    0
 16321, 90636,20191014,  154,    0
 16321, 90636,20191015,  101,    0
 16321, 90636,20191016,  120,    0
 16321, 90636,20191017,  140,    0
 16321, 90636,20191018,  150,    0
 16321, 90636,20191019,  166,    0
 16321, 90636,20191020,  130,    0
 16321, 90636,20191021,   98,    0
 16321, 90636,20191022,  115,    0
 16321, 90636,20191023,  113,    0
 16321, 90636,20191024,   90,    0
 16321, 90636,20191025,  111,    0
 16321, 90636,20191026,  148,    0
 16321, 90636,20191027,  149,    0
 16321, 90636,20191028,  135,    0
 16321, 90636,20191029,  125,    0
 16321, 90636,20191030,  123,    0
 16321, 90636,20191031,  127,    0
 16321, 90636,20191101,  128,    0
 16321, 90636,20191102,  144,    0
 16321, 90636,20191103,  107,    0
 16321, 90636,20191104,  117,    0
 16321, 90636,20191105,   80,    0
 16321, 90636,20191106,   71,    0
 16321, 90636,20191107,   65,    0
 16321, 90636,20191108,   32,    0
 16321, 90636,20191109,   52,    0
 16321, 90636,20191110,   41,    0
 16321, 90636,20191111,   35,    0
 16321, 90636,20191112,   48,    0
 16321, 90636,20191113,   52,    0
 16321, 90636,20191114,   45,    0
 16321, 90636,20191115,   17,    0
 16321, 90636,20191116,    7,    0
 16321, 90636,20191117,   32,    0
 16321, 90636,20191118,   38,    0
 16321, 90636,20191119,   16,    0
 16321, 90636,20191120,   46,    0
 16321, 90636,20191121,   48,    0
 16321, 90636,20191122,   83,    0
 16321, 90636,20191123,   59,    0
 16321, 90636,20191124,   51,    0
 16321, 90636,20191125,   67,    0
 16321, 90636,20191126,   86,    0
 16321, 90636,20191127,   92,    0
 16321, 90636,20191128,   87,    0
 16321, 90636,20191129,   92,    0
 16321, 90636,20191130,   98,    0
 16321, 90636,20191201,   72,    0
 16321, 90636,20191202,   56,    0
 16321, 90636,20191203,   40,    0
 16321, 90636,20191204,   76,    0
 16321, 90636,20191205,   73,    0
 16321, 90636,20191206,   67,    0
 16321, 90636,20191207,   53,    0
 16321, 90636,20191208,   38,    0
 16321, 90636,20191209,   53,    0
 16321, 90636,20191210,   40,    0
 16321, 90636,20191211,   42,    0
 16321, 90636,20191212,   37,    0
 16321, 90636,20191213,   88,    0
 16321, 90636,20191214,   78,    0
 16321, 90636,20191215,   67,    0
 16321, 90636,20191216,   74,    0
 16321, 90636,20191217,  100,    0
 16321, 90636,20191218,   78,    0
 16321, 90636,20191219,   81,    0
 16321, 90636,20191220,   96,    0
 16321, 90636,20191221,   92,    0
 16321, 90636,20191222,   76,    0
 16321, 90636,20191223,   59,    0
 16321, 90636,20191224,   69,    0
 16321, 90636,20191225,   73,    0
 16321, 90636,20191226,   51,    0
 16321, 90636,20191227,   26,    0
 16321, 90636,20191228,   49,    0
 16321, 90636,20191229,   46,    0
 16321, 90636,20191230,   38,    0
 16321, 90636,20191231,   18,    0
 16321, 90636,20200101,    5,    0
 16321, 90636,20200102,   12,    0
 16321, 90636,20200103,   -9,    0
 16321, 90636,20200104,  -13,    0
 16321, 90636,20200105,   14,    0
 16321, 90636,20200106,   47,    0
 16321, 90636,20200107,   -5,    0
 16321, 90636,20200108,   72,    0
 16321, 90636,20200109,   70,    0
 16321, 90636,20200110,   31,    0
 16321, 90636,20200111,   12,    0
 16321, 90636,20200112,   25,    0
 16321, 90636,20200113,   18,    0
 16321, 90636,20200114,   33,    0
 16321, 90636,20200115,   36,    0
 16321, 90636,20200116,   70,    0
 16321, 90636,20200117,   59,    0
 16321, 90636,20200118,   45,    0
 16321, 90636,20200119,   47,    0
 16321, 90636,20200120,   40,    0
 16321, 90636,20200121,   43,    0
 16321, 90636,20200122,   63,    0
 16321, 90636,20200123,   49,    0
 16321, 90636,20200124,   68,    0
 16321, 90636,20200125,   64,    0
 16321, 90636,20200126,   54,    0
 16321, 90636,20200127,   36,    0
 16321, 90636,20200128,   64,    0
 16321, 90636,20200129,   75,    0
 16321, 90636,20200130,   83,    0
 16321, 90636,20200131,   87,    0
 16321, 90636,20200201,   95,    0
 16321, 90636,20200202,  109,    0
 16321, 90636,20200203,  110,    0
 16321, 90636,20200204,   93,    0
 16321, 90636,20200205,   42,    0
 16321, 90636,20200206,   68,    0
 16321, 90636,20200207,   65,    0
 16321, 90636,20200208,   65,    0
 16321, 90636,20200209,   70,    0
 16321, 90636,20200210,   97,    0
 16321, 90636,20200211,   95,    0
 16321, 90636,20200212,   79,    0
 16321, 90636,20200213,   85,    0
 16321, 90636,20200214,   78,    0
 16321, 90636,20200215,  100,    0
 16321, 90636,20200216,  103,    0
 16321, 90636,20200217,   86,    0
 16321, 90636,20200218,   49,    0
 16321, 90636,20200219,   32,    0
 16321, 90636,20200220,   77,    0
 16321, 90636,20200221,   73,    0
 16321, 90636,20200222,   97,    0
 16321, 90636,20200223,  103,    0
 16321, 90636,20200224,  107,    0
 16321, 90636,20200225,   88,    0
 16321, 90636,20200226,   64,    0
 16321, 90636,20200227,   64,    0
 16321, 90636,20200228,   84,    0
 16321, 90636,20200229,   97,    0
 16321, 90636,20200301,   96,    0
 16321, 90636,20200302,   72,    0
 16321, 90636,20200303,   38,    0
 16321, 90636,20200304,   90,    0
 16321, 90636,20200305,   90,    0
 16321, 90636,20200306,   37,    0
 16321, 90636,20200307,   53,    0
 16321, 90636,20200308,   75,    0
 16321, 90636,20200309,   75,    0
 16321, 90636,20200310,   70,    0
 16321, 90636,20200311,  127,    0
 16321, 90636,20200312,  166,    0
 16321, 90636,20200313,  103,    0
 16321, 90636,20200314,   88,    0
 16321, 90636,20200315,   93,    0
 16321, 90636,20200316,   77,    0
 16321, 90636,20200317,   97,    0
 16321, 90636,20200318,  103,    0
 16321, 90636,20200319,   96,    0
 16321, 90636,20200320,   79,    0
 16321, 90636,20200321,   84,    0
 16321, 90636,20200322,   85,    0
 16321, 90636,20200323,   82,    0
 16321, 90636,20200324,   66,    0
 16321, 90636,20200325,   31,    0
 16321, 90636,20200326,   34,    0
 16321, 90636,20200327,   45,    0
 16321, 90636,20200328,   83,    0
 16321, 90636,20200329,   89,    0
 16321, 90636,20200330,   27,    0
 16321, 90636,20200331,   58,    0
 16321, 90636,20200401,   61,    0
 16321, 90636,20200402,   75,    0
 16321, 90636,20200403,   71,    0
 16321, 90636,20200404,   99,    0
 16321, 90636,20200405,   95,    0
 16321, 90636,20200406,   98,    0
 16321, 90636,20200407,   92,    0
 16321, 90636,20200408,  112,    0
 16321, 90636,20200409,  119,    0
 16321, 90636,20200410,  124,    0
 16321, 90636,20200411,  115,    0
 16321, 90636,20200412,  116,    0
 16321, 90636,20200413,   91,    0
 16321, 90636,20200414,  122,    0
 16321, 90636,20200415,  118,    0
 16321, 90636,20200416,  125,    0
 16321, 90636,20200417,  135,    0
 16321, 90636,20200418,  135,    0
 16321, 90636,20200419,  121,    0
 16321, 90636,20200420,  119,    0
 16321, 90636,20200421,  106,    0
 16321, 90636,20200422,  105,    0
 16321, 90636,20200423,  119,    0
 16321, 90636,20200424,  140,    0
 16321, 90636,20200425,  140,    0
 16321, 90636,20200426,  137,    0
 16321, 90636,20200427,  119,    0
 16321, 90636,20200428,  110,    0
 16321, 90636,20200429,  118,    0
 16321, 90636,20200430,  130,    0
 16321, 90636,20200501,  148,    0
 16321, 90636,20200502,  167,    0
 16321, 90636,20200503,  170,    0
 16321, 90636,20200504,  186,    0
 16321, 90636,20200505,  179,    0
 16321, 90636,20200506,  186,    0
 16321, 90636,20200507,  173,    0
 16321, 90636,20200508,  164,    0
 16321, 90636,20200509,  140,    0
 16321, 90636,20200510,  121,    0
 16321, 90636,20200511,  130,    0
 16321, 90636,20200512,  128,    0
 16321, 90636,20200513,  135,    0
 16321, 90636,20200514,  112,    0
 16321, 90636,20200515,  122,    0
 16321, 90636,20200516,  113,    0
 16321, 90636,20200517,  130,    0
 16321, 90636,20200518,  155,    0
 16321, 90636,20200519,  165,    0
 16321, 90636,20200520,  187,    0
 16321, 90636,20200521,  212,    0
 16321, 90636,20200522,  224,    0
 16321, 90636,20200523,  203,    0
 16321, 90636,20200524,  163,    0
 16321, 90636,20200525,  175,    0
 16321, 90636,20200526,  193,    0
 16321, 90636,20200527,  186,    0
 16321, 90636,20200528,  184,    0
 16321, 90636,20200529,  181,    0
 16321, 90636,20200530,  164,    0
 16321, 90636,20200531,  166,    0
 16321, 90636,20200601,  160,    0
 16321, 90636,20200602,  171,    0
 16321, 90636,20200603,  174,    0
 16321, 90636,20200604,  135,    0
 16321, 90636,20200605,  147,    0
 16321, 90636,20200606,  176,    0
 16321, 90636,20200607,  142,    0
 16321, 90636,20200608,  110,    0
 16321, 90636,20200609,  122,    0
 16321, 90636,20200610,  138,    0
 16321, 90636,20200611,  148,    0
 16321, 90636,20200612,  158,    0
 16321, 90636,20200613,  156,    0
 16321, 90636,20200614,  177,    0
 16321, 90636,20200615,  187,    0
 16321, 90636,20200616,  140,    0
 16321, 90636,20200617,  149,    0
 16321, 90636,20200618,  155,    0
 16321, 90636,20200619,  164,    0
 16321, 90636,20200620,  196,    0
 16321, 90636,20200621,  213,    0
 16321, 90636,20200622,  205,    0
 16321, 90636,20200623,  212,    0
 16321, 90636,20200624,  220,    0
 16321, 90636,20200625,  228,    0
 16321, 90636,20200626,  228,    0
 16321, 90636,20200627,  222,    0
 16321, 90636,20200628,  225,    0
 16321, 90636,20200629,  219,    0
 16321, 90636,20200630,  222,    0
 16321, 90636,20200701,  247,    0
 16321, 90636,20200702,  222,    0
 16321, 90636,20200703,  180,    0
 16321, 90636,20200704,  185,    0
 16321, 90636,20200705,  233,    0
 16321, 90636,20200706,  229,    0
 16321, 90636,20200707,  195,    0
 16321, 90636,20200708,  224,    0
 16321, 90636,20200709,  241,    0
 16321, 90636,20200710,  233,    0
 16321, 90636,20200711,  217,    0
 16321, 90636,20200712,  216,    0
 16321, 90636,20200713,  208,    0
 16321, 90636,20200714,  197,    0
 16321, 90636,20200715,  188,    0
 16321, 90636,20200716,  195,    0
 16321, 90636,20200717,  200,    0
 16321, 90636,20200718,  208,    0
 16321, 90636,20200719,  231,    0
 16321, 90636,20200720,  217,    0
 16321, 90636,20200721,  241,    0
 16321, 90636,20200722,  247,    0
 16321, 90636,20200723,  260,    0
 16321, 90636,20200724,  230,    0
 16321, 90636,20200725,  230,    0
 16321, 90636,20200726,  238,    0
 16321, 90636,20200727,  260,    0
 16321, 90636,20200728,  267,    0
 16321, 90636,20200729,  256,    0
 16321, 90636,20200730,  276,    0
 16321, 90636,20200731,  289,    0
 16321, 90636,20200801,  284,    0
 16321, 90636,20200802,  223,    0
 16321, 90636,20200803,  196,    0
 16321, 90636,20200804,  199,    0
 16321, 90636,20200805,  219,    0
 16321, 90636,20200806,  250,    0
 16321, 90636,20200807,  274,    0
 16321, 90636,20200808,  275,    0
 16321, 90636,20200809,  265,    0
 16321, 90636,20200810,  252,    0
 16321, 90636,20200811,  254,    0
 16321, 90636,20200812,  217,    0
 16321, 90636,20200813,  234,    0
 16321, 90636,20200814,  226,    0
 16321, 90636,20200815,  225,    0
 16321, 90636,20200816,  212,    0
 16321, 90636,20200817,  223,    0
 16321, 90636,20200818,  212,    0
 16321, 90636,20200819,  243,    0
 16321, 90636,20200820,  247,    0
 16321, 90636,20200821,  257,    0
 16321, 90636,20200822,  237,    0
 16321, 90636,20200823,  208,    0
 16321, 90636,20200824,  204,    0
 16321, 90636,20200825,  242,    0
 16321, 90636,20200826,  246,    0
 16321, 90636,20200827,  237,    0
 16321, 90636,20200828,  221,    0
 16321, 90636,20200829,  151,    0
 16321, 90636,20200830,  147,    0
 16321, 90636,20200831,  156,    0
 16321, 90636,20200901,  186,    0
 16321, 90636,20200902,  181,    0
 16321, 90636,20200903,  197,    0
 16321, 90636,20200904,  209,    0
 16321, 90636,20200905,  213,    0
 16321, 90636,20200906,  192,    0
 16321, 90636,20200907,  158,    0
 16321, 90636,20200908,  163,    0
 16321, 90636,20200909,  159,    0
 16321, 90636,20200910,  180,    0
 16321, 90636,20200911,  202,    0
 16321, 90636,20200912,  226,    0
 16321, 90636,20200913,  235,    0
 16321, 90636,20200914,  229,    0
 16321, 90636,20200915,  222,    0
 16321, 90636,20200916,  229,    0
 16321, 90636,20200917,  230,    0
 16321, 90636,20200918,  180,    0
 16321, 90636,20200919,  192,    0
 16321, 90636,20200920,  177,    0
 16321, 90636,20200921,  174,    0
 16321, 90636,20200922,  171,    0
 16321, 90636,20200923,  188,    0
 16321, 90636,20200924,  172,    0
 16321, 90636,20200925,  115,    0
 16321, 90636,20200926,  112,    0
 16321, 90636,20200927,  107,    0
 16321, 90636,20200928,  123,    0
 16321, 90636,20200929,  146,    0
 16321, 90636,20200930,  165,    0
 16321, 90636,20201001,  162,    0
 16321, 90636,20201002,   99,    0
 16321, 90636,20201003,   79,    0
 16321, 90636,20201004,   99,    0
 16321, 90636,20201005,  104,    0
 16321, 90636,20201006,  139,    0
 16321, 90636,20201007,  156,    0
 16321, 90636,20201008,  158,    0
 16321, 90636,20201009,  175,    0
 16321, 90636,20201010,  144,    0
 16321, 90636,20201011,  104,    0
 16321, 90636,20201012,   97,    0
 16321, 90636,20201013,  109,    0
 16321, 90636,20201014,   83,    0
 16321, 90636,20201015,   72,    0
 16321, 90636,20201016,   70,    0
 16321, 90636,20201017,   85,    0
 16321, 90636,20201018,  116,    0
 16321, 90636,20201019,  124,    0
 16321, 90636,20201020,  134,    0
 16321, 90636,20201021,  162,    0
 16321, 90636,20201022,  136,    0
 16321, 90636,20201023,  127,    0
 16321, 90636,20201024,  103,    0
 16321, 90636,20201025,  110,    0
 16321, 90636,20201026,   80,    0
 16321, 90636,20201027,   77,    0
 16321, 90636,20201028,  108,    0
 16321, 90636,20201029,  117,    0
 16321, 90636,20201030,  136,    0
 16321, 90636,20201031,  138,    0
 16321, 90636,20201101,  140,    0
 16321, 90636,20201102,  165,    0
 16321, 90636,20201103,  115,    0
 16321, 90636,20201104,   71,    0
 16321, 90636,20201105,  106,    0
 16321, 90636,20201106,  124,    0
 16321, 90636,20201107,  122,    0
 16321, 90636,20201108,  111,    0
 16321, 90636,20201109,  112,    0
 16321, 90636,20201110,   92,    0
 16321, 90636,20201111,   98,    0
 16321, 90636,20201112,  105,    0
 16321, 90636,20201113,  110,    0
 16321, 90636,20201114,  118,    0
 16321, 90636,20201115,  116,    0
 16321, 90636,20201116,  109,    0
 16321, 90636,20201117,   99,    0
 16321, 90636,20201118,  114,    0
 16321, 90636,20201119,   85,    0
 16321, 90636,20201120,   57,    0
 16321, 90636,20201121,   53,    0
 16321, 90636,20201122,   65,    0
 16321, 90636,20201123,   66,    0
 16321, 90636,20201124,   83,    0
 16321, 90636,20201125,   85,    0
 16321, 90636,20201126,   96,    0
 16321, 90636,20201127,   94,    0
 16321, 90636,20201128,   83,    0
 16321, 90636,20201129,   83,    0
 16321, 90636,20201130,   65,    0
 16321, 90636,20201201,   41,    0
 16321, 90636,20201202,   29,    0
 16321, 90636,20201203,   20,    0
 16321, 90636,20201204,   32,    0
 16321, 90636,20201205,    4,    0
 16321, 90636,20201206,   19,    0
 16321, 90636,20201207,   23,    0
 16321, 90636,20201208,   21,    0
 16321, 90636,20201209,   18,    0
 16321, 90636,20201210,   35,    0
 16321, 90636,20201211,   52,    0
 16321, 90636,20201212,   56,    0
 16321, 90636,20201213,   54,    0
 16321, 90636,20201214,   91,    0
 16321, 90636,20201215,   85,    0
 16321, 90636,20201216,   79,    0
 16321, 90636,20201217,   85,    0
 16321, 90636,20201218,   80,    0
 16321, 90636,20201219,   83,    0
 16321, 90636,20201220,   57,    0
 16321, 90636,20201221,   51,    0
 16321, 90636,20201222,   77,    0
 16321, 90636,20201223,   92,    0
 16321, 90636,20201224,   43,    0
 16321, 90636,20201225,   17,    0
 16321, 90636,20201226,   -3,    0
 16321, 90636,20201227,-9999,    9
 16321, 90636,20201228,-9999,    9
 16321, 90636,20201229,   21,    0
 16321, 90636,20201230,   11,    0
 16321, 90636,20201231,   15,    0
 16321, 90636,20210101,   13,    0
 16321, 90636,20210102,  -14,    0
 16321, 90636,20210103,  -10,    0
 16321, 90636,20210104,  -12,    0
 16321, 90636,20210105,  -23,    0
 16321, 90636,20210106,  -34,    0
 16321, 90636,20210107,  -14,    0
 16321, 90636,20210108,  -34,    0
 16321, 90636,20210109,    3,    0
 16321, 90636,20210110,  -13,    0
 16321, 90636,20210111,  -34,    0
 16321, 90636,20210112,  -39,    0
 16321, 90636,20210113,   -6,    0
 16321, 90636,20210114,   -4,    0
 16321, 90636,20210115,   14,    0
 16321, 90636,20210116,   15,    0
 16321, 90636,20210117,   42,    0
 16321, 90636,20210118,   44,    0
 16321, 90636,20210119,   48,    0
 16321, 90636,20210120,   50,    0
 16321, 90636,20210121,   59,    0
 16321, 90636,20210122,   53,    0
 16321, 90636,20210123,   34,    0
 16321, 90636,20210124,   53,    0
 16321, 90636,20210125,   46,    0
 16321, 90636,20210126,   37,    0
 16321, 90636,20210127,   79,    0
 16321, 90636,20210128,  103,    0
 16321, 90636,20210129,  106,    0
 16321, 90636,20210130,   74,    0
 16321, 90636,20210131,   65,    0
 16321, 90636,20210201,   88,    0
 16321, 90636,20210202,   95,    0
 16321, 90636,20210203,   96,    0
 16321, 90636,20210204,  112,    0
 16321, 90636,20210205,  110,    0
 16321, 90636,20210206,   98,    0
 16321, 90636,20210207,   39,    0
 16321, 90636,20210208,   41,    0
 16321, 90636,20210209,   51,    0
 16321, 90636,20210210,   48,    0
 16321, 90636,20210211,   67,    0
 16321, 90636,20210212,   84,    0
 16321, 90636,20210213,   66,    0
 16321, 90636,20210214,   41,    0
 16321, 90636,20210215,   47,    0
 16321, 90636,20210216,   77,    0
 16321, 90636,20210217,  102,    0
 16321, 90636,20210218,  117,    0
 16321, 90636,20210219,  108,    0
 16321, 90636,20210220,   89,    0
 16321, 90636,20210221,   84,    0
 16321, 90636,20210222,   83,    0
 16321, 90636,20210223,   97,    0
 16321, 90636,20210224,   87,    0
 16321, 90636,20210225,   89,    0
 16321, 90636,20210226,   64,    0
 16321, 90636,20210227,   57,    0
 16321, 90636,20210228,   76,    0
 16321, 90636,20210301,   71,    0
 16321, 90636,20210302,   77,    0
 16321, 90636,20210303,   92,    0
 16321, 90636,20210304,   83,    0
 16321, 90636,20210305,   84,    0
 16321, 90636,20210306,   81,    0
 16321, 90636,20210307,   78,    0
 16321, 90636,20210308,   67,    0
 16321, 90636,20210309,   50,    0
 16321, 90636,20210310,   43,    0
 16321, 90636,20210311,   99,    0
 16321, 90636,20210312,   87,    0
 16321, 90636,20210313,   66,    0
 16321, 90636,20210314,   70,    0
 16321, 90636,20210315,   61,    0
 16321, 90636,20210316,   78,    0
 16321, 90636,20210317,   83,    0
 16321, 90636,20210318,   70,    0
 16321, 90636,20210319,   31,    0
 16321, 90636,20210320,   35,    0
 16321, 90636,20210321,   51,    0
 16321, 90636,20210322,   63,    0
 16321, 90636,20210323,   77,    0
 16321, 90636,20210324,  114,    0
 16321, 90636,20210325,  117,    0
 16321, 90636,20210326,  129,    0
 16321, 90636,20210327,   98,    0
 16321, 90636,20210328,  117,    0
 16321, 90636,20210329,  131,    0
 16321, 90636,20210330,  140,    0
 16321, 90636,20210331,  125,    0
 16321, 90636,20210401,  139,    0
 16321, 90636,20210402,  146,    0
 16321, 90636,20210403,  136,    0
 16321, 90636,20210404,  101,    0
 16321, 90636,20210405,  114,    0
 16321, 90636,20210406,   87,    0
 16321, 90636,20210407,   53,    0
 16321, 90636,20210408,   71,    0
 16321, 90636,20210409,   65,    0
 16321, 90636,20210410,   81,    0
 16321, 90636,20210411,   88,    0
 16321, 90636,20210412,   66,    0
 16321, 90636,20210413,   88,    0
 16321, 90636,20210414,   90,    0
 16321, 90636,20210415,   86,    0
 16321, 90636,20210416,   48,    0
 16321, 90636,20210417,   54,    0
 16321, 90636,20210418,   66,    0
 16321, 90636,20210419,   93,    0
 16321, 90636,20210420,   90,    0
 16321, 90636,20210421,   81,    0
 16321, 90636,20210422,   86,    0
 16321, 90636,20210423,  116,    0
 16321, 90636,20210424,  120,    0
 16321, 90636,20210425,  119,    0
 16321, 90636,20210426,   88,    0
 16321, 90636,20210427,  104,    0
 16321, 90636,20210428,  111,    0
 16321, 90636,20210429,  120,    0
 16321, 90636,20210430,  111,    0
 16321, 90636,20210501,   86,    0
 16321, 90636,20210502,   79,    0
 16321, 90636,20210503,  105,    0
 16321, 90636,20210504,  132,    0
 16321, 90636,20210505,  140,    0
 16321, 90636,20210506,  152,    0
 16321, 90636,20210507,  159,    0
 16321, 90636,20210508,  164,    0
 16321, 90636,20210509,  152,    0
 16321, 90636,20210510,  130,    0
 16321, 90636,20210511,  105,    0
 16321, 90636,20210512,  121,    0
 16321, 90636,20210513,  107,    0
 16321, 90636,20210514,  119,    0
 16321, 90636,20210515,  155,    0
 16321, 90636,20210516,  179,    0
 16321, 90636,20210517,  129,    0
 16321, 90636,20210518,  151,    0
 16321, 90636,20210519,  130,    0
 16321, 90636,20210520,  145,    0
 16321, 90636,20210521,  155,    0
 16321, 90636,20210522,  140,    0
 16321, 90636,20210523,  107,    0
 16321, 90636,20210524,  136,    0
 16321, 90636,20210525,  122,    0
 16321, 90636,20210526,  147,    0
 16321, 90636,20210527,  169,    0
 16321, 90636,20210528,  195,    0
 16321, 90636,20210529,  205,    0
 16321, 90636,20210530,  183,    0
 16321, 90636,20210531,  181,    0
 16321, 90636,20210601,  168,    0
 16321, 90636,20210602,  177,    0
 16321, 90636,20210603,  181,    0
 16321, 90636,20210604,  179,    0
 16321, 90636,20210605,  178,    0
 16321, 90636,20210606,  173,    0
 16321, 90636,20210607,  180,    0
 16321, 90636,20210608,  207,    0
 16321, 90636,20210609,  213,    0
 16321, 90636,20210610,  217,    0
 16321, 90636,20210611,  208,    0
 16321, 90636,20210612,  227,    0
 16321, 90636,20210613,  252,    0
 16321, 90636,20210614,  268,    0
 16321, 90636,20210615,  247,    0
 16321, 90636,20210616,  238,    0
 16321, 90636,20210617,  181,    0
 16321, 90636,20210618,  207,    0
 16321, 90636,20210619,  199,    0
 16321, 90636,20210620,  185,    0
 16321, 90636,20210621,  191,    0
 16321, 90636,20210622,  178,    0
 16321, 90636,20210623,  148,    0
 16321, 90636,20210624,  161,    0
 16321, 90636,20210625,  195,    0
 16321, 90636,20210626,  199,    0
 16321, 90636,20210627,  213,    0
 16321, 90636,20210628,  197,    0
 16321, 90636,20210629,  193,    0
 16321, 90636,20210630,  186,    0
 16321, 90636,20210701,  214,    0
 16321, 90636,20210702,  230,    0
 16321, 90636,20210703,  228,    0
 16321, 90636,20210704,  223,    0
 16321, 90636,20210705,  232,    0
 16321, 90636,20210706,  223,    0
 16321, 90636,20210707,  199,    0
 16321, 90636,20210708,  183,    0
 16321, 90636,20210709,  207,    0
 16321, 90636,20210710,  233,    0
 16321, 90636,20210711,  230,    0
 16321, 90636,20210712,  205,    0
 16321, 90636,20210713,  161,    0
 16321, 90636,20210714,  174,    0
 16321, 90636,20210715,  188,    0
 16321, 90636,20210716,  206,    0
 16321, 90636,20210717,  221,    0
 16321, 90636,20210718,  226,    0
 16321, 90636,20210719,  241,    0
 16321, 90636,20210720,  252,    0
 16321, 90636,20210721,  255,    0
 16321, 90636,20210722,  271,    0
 16321, 90636,20210723,  260,    0
 16321, 90636,20210724,  241,    0
 16321, 90636,20210725,  219,    0
 16321, 90636,20210726,  188,    0
 16321, 90636,20210727,  219,    0
 16321, 90636,20210728,  215,    0
 16321, 90636,20210729,  227,    0
 16321, 90636,20210730,  240,    0
 16321, 90636,20210731,  190,    0
 16321, 90636,20210801,  158,    0
 16321, 90636,20210802,  192,    0
 16321, 90636,20210803,  211,    0
 16321, 90636,20210804,  207,    0
 16321, 90636,20210805,  219,    0
 16321, 90636,20210806,  219,    0
 16321, 90636,20210807,  222,    0
 16321, 90636,20210808,  195,    0
 16321, 90636,20210809,  217,    0
 16321, 90636,20210810,  240,    0
 16321, 90636,20210811,  265,    0
 16321, 90636,20210812,  293,    0
 16321, 90636,20210813,  286,    0
 16321, 90636,20210814,  302,    0
 16321, 90636,20210815,  296,    0
 16321, 90636,20210816,  212,    0
 16321, 90636,20210817,  190,    0
 16321, 90636,20210818,  188,    0
 16321, 90636,20210819,  191,    0
 16321, 90636,20210820,  219,    0
 16321, 90636,20210821,  242,    0
 16321, 90636,20210822,  237,    0
 16321, 90636,20210823,  217,    0
 16321, 90636,20210824,  203,    0
 16321, 90636,20210825,  198,    0
 16321, 90636,20210826,  225,    0
 16321, 90636,20210827,  229,    0
 16321, 90636,20210828,  209,    0
 16321, 90636,20210829,  186,    0
 16321, 90636,20210830,  181,    0
 16321, 90636,20210831,  200,    0
 16321, 90636,20210901,  185,    0
 16321, 90636,20210902,  187,    0
 16321, 90636,20210903,  206,    0
 16321, 90636,20210904,  207,    0
 16321, 90636,20210905,  229,    0
 16321, 90636,20210906,  230,    0
 16321, 90636,20210907,  214,    0
 16321, 90636,20210908,  214,    0
 16321, 90636,20210909,  192,    0
 16321, 90636,20210910,  193,    0
 16321, 90636,20210911,  197,    0
 16321, 90636,20210912,  206,    0
 16321, 90636,20210913,  209,    0
 16321, 90636,20210914,  211,    0
 16321, 90636,20210915,  210,    0
 16321, 90636,20210916,  186,    0
 16321, 90636,20210917,  181,    0
 16321, 90636,20210918,  179,    0
 16321, 90636,20210919,  151,    0
 16321, 90636,20210920,  149,    0
 16321, 90636,20210921,  138,    0
 16321, 90636,20210922,  160,    0
 16321, 90636,20210923,  165,    0
 16321, 90636,20210924,  180,    0
 16321, 90636,20210925,  195,    0
 16321, 90636,20210926,  182,    0
 16321, 90636,20210927,  187,    0
 16321, 90636,20210928,  183,    0
 16321, 90636,20210929,  166,    0
 16321, 90636,20210930,  150,    0
 16321, 90636,20211001,  173,    0
 16321, 90636,20211002,  175,    0
 16321, 90636,20211003,  172,    0
 16321, 90636,20211004,  105,    0
 16321, 90636,20211005,  128,    0
 16321, 90636,20211006,  130,    0
 16321, 90636,20211007,  132,    0
 16321, 90636,20211008,  142,    0
 16321, 90636,20211009,  141,    0
 16321, 90636,20211010,  129,    0
 16321, 90636,20211011,  128,    0
 16321, 90636,20211012,  131,    0
 16321, 90636,20211013,  126,    0
 16321, 90636,20211014,  134,    0
 16321, 90636,20211015,  137,    0
 16321, 90636,20211016,  140,    0
 16321, 90636,20211017,  141,    0
 16321, 90636,20211018,  155,    0
 16321, 90636,20211019,  160,    0
 16321, 90636,20211020,  152,    0
 16321, 90636,20211021,  136,    0
 16321, 90636,20211022,  112,    0
 16321, 90636,20211023,   96,    0
 16321, 90636,20211024,  121,    0
 16321, 90636,20211025,  129,    0
 16321, 90636,20211026,  118,    0
 16321, 90636,20211027,  123,    0
 16321, 90636,20211028,  114,    0
 16321, 90636,20211029,  130,    0
 16321, 90636,20211030,  141,    0
 16321, 90636,20211031,  148,    0
 16321, 90636,20211101,  119,    0
 16321, 90636,20211102,   81,    0
 16321, 90636,20211103,   68,    0
 16321, 90636,20211104,   48,    0
 16321, 90636,20211105,   49,    0
 16321, 90636,20211106,   47,    0
 16321, 90636,20211107,   51,    0
 16321, 90636,20211108,   84,    0
 16321, 90636,20211109,   77,    0
 16321, 90636,20211110,   68,    0
 16321, 90636,20211111,   84,    0
 16321, 90636,20211112,   78,    0
 16321, 90636,20211113,   72,    0
 16321, 90636,20211114,   76,    0
 16321, 90636,20211115,   67,    0
 16321, 90636,20211116,   46,    0
 16321, 90636,20211117,   46,    0
 16321, 90636,20211118,   48,    0
 16321, 90636,20211119,   89,    0
 16321, 90636,20211120,   87,    0
 16321, 90636,20211121,   71,    0
 16321, 90636,20211122,   64,    0
 16321, 90636,20211123,   64,    0
 16321, 90636,20211124,   54,    0
 16321, 90636,20211125,   43,    0
 16321, 90636,20211126,   23,    0
 16321, 90636,20211127,   21,    0
 16321, 90636,20211128,    2,    0
 16321, 90636,20211129,   28,    0
 16321, 90636,20211130,   42,    0
 16321, 90636,20211201,   40,    0
 16321, 90636,20211202,   32,    0
 16321, 90636,20211203,   36,    0
 16321, 90636,20211204,   55,    0
 16321, 90636,20211205,   21,    0
 16321, 90636,20211206,   33,    0
 16321, 90636,20211207,   64,    0
 16321, 90636,20211208,   41,    0
 16321, 90636,20211209,   16,    0
 16321, 90636,20211210,   65,    0
 16321, 90636,20211211,   55,    0
 16321, 90636,20211212,   59,    0
 16321, 90636,20211213,   74,    0
 16321, 90636,20211214,   40,    0
 16321, 90636,20211215,   61,    0
 16321, 90636,20211216,   64,    0
 16321, 90636,20211217,   58,    0
 16321, 90636,20211218,   28,    0
 16321, 90636,20211219,   12,    0
 16321, 90636,20211220,  -24,    0
 16321, 90636,20211221,   35,    0
 16321, 90636,20211222,   68,    0
 16321, 90636,20211223,   67,    0
 16321, 90636,20211224,   85,    0
 16321, 90636,20211225,   77,    0
 16321, 90636,20211226,   56,    0
 16321, 90636,20211227,   84,    0
 16321, 90636,20211228,   92,    0
 16321, 90636,20211229,   93,    0
 16321, 90636,20211230,   92,    0
 16321, 90636,20211231,  109,    0
 16321, 90636,20220101,-9999,    9
 16321, 90636,20220102,-9999,    9
 16321, 90636,20220103,-9999,    9
 16321, 90636,20220104,-9999,    9
 16321, 90636,20220105,-9999,    9
 16321, 90636,20220106,-9999,    9
 16321, 90636,20220107,-9999,    9
 16321, 90636,20220108,-9999,    9
 16321, 90636,20220109,-9999,    9
 16321, 90636,20220110,-9999,    9
 16321, 90636,20220111,-9999,    9
 16321, 90636,20220112,-9999,    9
 16321, 90636,20220113,-9999,    9
 16321, 90636,20220114,-9999,    9
 16321, 90636,20220115,-9999,    9
 16321, 90636,20220116,-9999,    9
 16321, 90636,20220117,-9999,    9
 16321, 90636,20220118,-9999,    9
 16321, 90636,20220119,-9999,    9
 16321, 90636,20220120,-9999,    9
 16321, 90636,20220121,-9999,    9
 16321, 90636,20220122,-9999,    9
 16321, 90636,20220123,-9999,    9
 16321, 90636,20220124,-9999,    9
 16321, 90636,20220125,-9999,    9
 16321, 90636,20220126,-9999,    9
 16321, 90636,20220127,-9999,    9
 16321, 90636,20220128,-9999,    9
 16321, 90636,20220129,-9999,    9
 16321, 90636,20220130,-9999,    9
 16321, 90636,20220131,-9999,    9
 16321, 90636,20220201,-9999,    9
 16321, 90636,20220202,-9999,    9
 16321, 90636,20220203,-9999,    9
 16321, 90636,20220204,-9999,    9
 16321, 90636,20220205,-9999,    9
 16321, 90636,20220206,-9999,    9
 16321, 90636,20220207,-9999,    9
 16321, 90636,20220208,-9999,    9
 16321, 90636,20220209,-9999,    9
 16321, 90636,20220210,-9999,    9
 16321, 90636,20220211,-9999,    9
 16321, 90636,20220212,-9999,    9
 16321, 90636,20220213,-9999,    9
 16321, 90636,20220214,-9999,    9
 16321, 90636,20220215,-9999,    9
 16321, 90636,20220216,-9999,    9
 16321, 90636,20220217,-9999,    9
 16321, 90636,20220218,-9999,    9
 16321, 90636,20220219,-9999,    9
 16321, 90636,20220220,-9999,    9
 16321, 90636,20220221,-9999,    9
 16321, 90636,20220222,-9999,    9
 16321, 90636,20220223,-9999,    9
 16321, 90636,20220224,-9999,    9
 16321, 90636,20220225,-9999,    9
 16321, 90636,20220226,-9999,    9
 16321, 90636,20220227,-9999,    9
 16321, 90636,20220228,-9999,    9
 16321, 90636,20220301,-9999,    9
 16321, 90636,20220302,-9999,    9
 16321, 90636,20220303,-9999,    9
 16321, 90636,20220304,-9999,    9
 16321, 90636,20220305,-9999,    9
 16321, 90636,20220306,-9999,    9
 16321, 90636,20220307,-9999,    9
 16321, 90636,20220308,-9999,    9
 16321, 90636,20220309,-9999,    9
 16321, 90636,20220310,-9999,    9
 16321, 90636,20220311,-9999,    9
 16321, 90636,20220312,-9999,    9
 16321, 90636,20220313,-9999,    9
 16321, 90636,20220314,-9999,    9
 16321, 90636,20220315,-9999,    9
 16321, 90636,20220316,-9999,    9
 16321, 90636,20220317,-9999,    9
 16321, 90636,20220318,-9999,    9
 16321, 90636,20220319,-9999,    9
 16321, 90636,20220320,-9999,    9
 16321, 90636,20220321,-9999,    9
 16321, 90636,20220322,-9999,    9
 16321, 90636,20220323,-9999,    9
 16321, 90636,20220324,-9999,    9
 16321, 90636,20220325,-9999,    9
 16321, 90636,20220326,-9999,    9
 16321, 90636,20220327,-9999,    9
 16321, 90636,20220328,-9999,    9
 16321, 90636,20220329,-9999,    9
 16321, 90636,20220330,-9999,    9
 16321, 90636,20220331,-9999,    9
 16321, 90636,20220401,-9999,    9
 16321, 90636,20220402,-9999,    9
 16321, 90636,20220403,-9999,    9
 16321, 90636,20220404,-9999,    9
 16321, 90636,20220405,-9999,    9
 16321, 90636,20220406,-9999,    9
 16321, 90636,20220407,-9999,    9
 16321, 90636,20220408,-9999,    9
 16321, 90636,20220409,-9999,    9
 16321, 90636,20220410,-9999,    9
 16321, 90636,20220411,-9999,    9
 16321, 90636,20220412,-9999,    9
 16321, 90636,20220413,-9999,    9
 16321, 90636,20220414,-9999,    9
 16321, 90636,20220415,-9999,    9
 16321, 90636,20220416,-9999,    9
 16321, 90636,20220417,-9999,    9
 16321, 90636,20220418,-9999,    9
 16321, 90636,20220419,-9999,    9
 16321, 90636,20220420,-9999,    9
 16321, 90636,20220421,-9999,    9
 16321, 90636,20220422,-9999,    9
 16321, 90636,20220423,-9999,    9
 16321, 90636,20220424,-9999,    9
 16321, 90636,20220425,-9999,    9
 16321, 90636,20220426,-9999,    9
 16321, 90636,20220427,-9999,    9
 16321, 90636,20220428,-9999,    9
 16321, 90636,20220429,-9999,    9
 16321, 90636,20220430,-9999,    9
 16321, 90636,20220501,-9999,    9
 16321, 90636,20220502,-9999,    9
 16321, 90636,20220503,-9999,    9
 16321, 90636,20220504,-9999,    9
 16321, 90636,20220505,-9999,    9
 16321, 90636,20220506,-9999,    9
 16321, 90636,20220507,-9999,    9
 16321, 90636,20220508,-9999,    9
 16321, 90636,20220509,-9999,    9
 16321, 90636,20220510,-9999,    9
 16321, 90636,20220511,-9999,    9
 16321, 90636,20220512,-9999,    9
 16321, 90636,20220513,-9999,    9
 16321, 90636,20220514,-9999,    9
 16321, 90636,20220515,-9999,    9
 16321, 90636,20220516,-9999,    9
 16321, 90636,20220517,-9999,    9
 16321, 90636,20220518,-9999,    9
 16321, 90636,20220519,-9999,    9
 16321, 90636,20220520,-9999,    9
 16321, 90636,20220521,-9999,    9
 16321, 90636,20220522,-9999,    9
 16321, 90636,20220523,-9999,    9
 16321, 90636,20220524,-9999,    9
 16321, 90636,20220525,-9999,    9
 16321, 90636,20220526,-9999,    9
 16321, 90636,20220527,-9999,    9
 16321, 90636,20220528,-9999,    9
 16321, 90636,20220529,-9999,    9
 16321, 90636,20220530,-9999,    9
 16321, 90636,20220531,-9999,    9
 16321, 90636,20220601,-9999,    9
 16321, 90636,20220602,-9999,    9
 16321, 90636,20220603,-9999,    9
 16321, 90636,20220604,-9999,    9
 16321, 90636,20220605,-9999,    9
 16321, 90636,20220606,-9999,    9
 16321, 90636,20220607,-9999,    9
 16321, 90636,20220608,-9999,    9
 16321, 90636,20220609,-9999,    9
 16321, 90636,20220610,-9999,    9
 16321, 90636,20220611,-9999,    9
 16321, 90636,20220612,-9999,    9
 16321, 90636,20220613,-9999,    9
 16321, 90636,20220614,-9999,    9
 16321, 90636,20220615,-9999,    9
 16321, 90636,20220616,-9999,    9
 16321, 90636,20220617,-9999,    9
 16321, 90636,20220618,-9999,    9
 16321, 90636,20220619,-9999,    9
 16321, 90636,20220620,-9999,    9
 16321, 90636,20220621,-9999,    9
 16321, 90636,20220622,-9999,    9
 16321, 90636,20220623,-9999,    9
 16321, 90636,20220624,-9999,    9
 16321, 90636,20220625,-9999,    9
 16321, 90636,20220626,-9999,    9
 16321, 90636,20220627,-9999,    9
 16321, 90636,20220628,-9999,    9
 16321, 90636,20220629,-9999,    9
 16321, 90636,20220630,-9999,    9
 16321, 90636,20220701,-9999,    9
 16321, 90636,20220702,-9999,    9
 16321, 90636,20220703,-9999,    9
 16321, 90636,20220704,-9999,    9
 16321, 90636,20220705,-9999,    9
 16321, 90636,20220706,-9999,    9
 16321, 90636,20220707,-9999,    9
 16321, 90636,20220708,-9999,    9
 16321, 90636,20220709,-9999,    9
 16321, 90636,20220710,-9999,    9
 16321, 90636,20220711,-9999,    9
 16321, 90636,20220712,-9999,    9
 16321, 90636,20220713,-9999,    9
 16321, 90636,20220714,-9999,    9
 16321, 90636,20220715,-9999,    9
 16321, 90636,20220716,-9999,    9
 16321, 90636,20220717,-9999,    9
 16321, 90636,20220718,-9999,    9
 16321, 90636,20220719,-9999,    9
 16321, 90636,20220720,-9999,    9
 16321, 90636,20220721,-9999,    9
 16321, 90636,20220722,-9999,    9
 16321, 90636,20220723,-9999,    9
 16321, 90636,20220724,-9999,    9
 16321, 90636,20220725,-9999,    9
 16321, 90636,20220726,-9999,    9
 16321, 90636,20220727,-9999,    9
 16321, 90636,20220728,-9999,    9
 16321, 90636,20220729,-9999,    9
 16321, 90636,20220730,-9999,    9
 16321, 90636,20220731,-9999,    9
 16321, 90636,20220801,-9999,    9
 16321, 90636,20220802,-9999,    9
 16321, 90636,20220803,-9999,    9
 16321, 90636,20220804,-9999,    9
 16321, 90636,20220805,-9999,    9
 16321, 90636,20220806,-9999,    9
 16321, 90636,20220807,-9999,    9
 16321, 90636,20220808,-9999,    9
 16321, 90636,20220809,-9999,    9
 16321, 90636,20220810,-9999,    9
 16321, 90636,20220811,-9999,    9
 16321, 90636,20220812,-9999,    9
 16321, 90636,20220813,-9999,    9
 16321, 90636,20220814,-9999,    9
 16321, 90636,20220815,-9999,    9
 16321, 90636,20220816,-9999,    9
 16321, 90636,20220817,-9999,    9
 16321, 90636,20220818,-9999,    9
 16321, 90636,20220819,-9999,    9
 16321, 90636,20220820,-9999,    9
 16321, 90636,20220821,-9999,    9
 16321, 90636,20220822,-9999,    9
 16321, 90636,20220823,-9999,    9
 16321, 90636,20220824,-9999,    9
 16321, 90636,20220825,-9999,    9
 16321, 90636,20220826,-9999,    9
 16321, 90636,20220827,-9999,    9
 16321, 90636,20220828,-9999,    9
 16321, 90636,20220829,-9999,    9
 16321, 90636,20220830,-9999,    9
 16321, 90636,20220831,-9999,    9
 16321, 90636,20220901,-9999,    9
 16321, 90636,20220902,-9999,    9
 16321, 90636,20220903,-9999,    9
 16321, 90636,20220904,-9999,    9
 16321, 90636,20220905,-9999,    9
 16321, 90636,20220906,-9999,    9
 16321, 90636,20220907,-9999,    9
 16321, 90636,20220908,-9999,    9
 16321, 90636,20220909,-9999,    9
 16321, 90636,20220910,-9999,    9
 16321, 90636,20220911,-9999,    9
 16321, 90636,20220912,-9999,    9
 16321, 90636,20220913,-9999,    9
 16321, 90636,20220914,-9999,    9
 16321, 90636,20220915,-9999,    9
 16321, 90636,20220916,-9999,    9
 16321, 90636,20220917,-9999,    9
 16321, 90636,20220918,-9999,    9
 16321, 90636,20220919,-9999,    9
 16321, 90636,20220920,-9999,    9
 16321, 90636,20220921,-9999,    9
 16321, 90636,20220922,-9999,    9
 16321, 90636,20220923,-9999,    9
 16321, 90636,20220924,-9999,    9
 16321, 90636,20220925,-9999,    9
 16321, 90636,20220926,-9999,    9
 16321, 90636,20220927,-9999,    9
 16321, 90636,20220928,-9999,    9
 16321, 90636,20220929,-9999,    9
 16321, 90636,20220930,-9999,    9
 16321, 90636,20221001,-9999,    9
 16321, 90636,20221002,-9999,    9
 16321, 90636,20221003,-9999,    9
 16321, 90636,20221004,-9999,    9
 16321, 90636,20221005,-9999,    9
 16321, 90636,20221006,-9999,    9
 16321, 90636,20221007,-9999,    9
 16321, 90636,20221008,-9999,    9
 16321, 90636,20221009,-9999,    9
 16321, 90636,20221010,-9999,    9
 16321, 90636,20221011,-9999,    9
 16321, 90636,20221012,-9999,    9
 16321, 90636,20221013,-9999,    9
 16321, 90636,20221014,-9999,    9
 16321, 90636,20221015,-9999,    9
 16321, 90636,20221016,-9999,    9
 16321, 90636,20221017,-9999,    9
 16321, 90636,20221018,-9999,    9
 16321, 90636,20221019,-9999,    9
 16321, 90636,20221020,-9999,    9
 16321, 90636,20221021,-9999,    9
 16321, 90636,20221022,-9999,    9
 16321, 90636,20221023,-9999,    9
 16321, 90636,20221024,-9999,    9
 16321, 90636,20221025,-9999,    9
 16321, 90636,20221026,-9999,    9
 16321, 90636,20221027,-9999,    9
 16321, 90636,20221028,-9999,    9
 16321, 90636,20221029,-9999,    9
 16321, 90636,20221030,-9999,    9
 16321, 90636,20221031,-9999,    9
