EUROPEAN CLIMATE ASSESSMENT & DATASET (ECA&D), file created on: 16-11-2022
THESE DATA CAN BE USED FOR NON-COMMERCIAL RESEARCH AND EDUCATION PROVIDED THAT THE FOLLOWING SOURCE IS ACKNOWLEDGED: 

Klein Tank, A.M.G. and Coauthors, 2002. Daily dataset of 20th-century surface
air temperature and precipitation series for the European Climate Assessment.
Int. J. of Climatol., 22, 1441-1453.
Data and metadata available at http://www.ecad.eu

FILE FORMAT (MISSING VALUE CODE = -9999):

01-06 STAID: Station identifier
08-13 SOUID: Source identifier
15-22 DATE : Date YYYYMMDD
24-28 TG   : Mean temperature in 0.1 &#176;C
30-34 Q_TG : quality code for TG (0='valid'; 1='suspect'; 9='missing')

This is the blended series of station ENNIGERLOH-OSTENFELDE, GERMANY (STAID: 11745)
Blended and updated with sources:80987 
See files sources.txt and stations.txt for more info.

STAID, SOUID,    DATE,   TG, Q_TG
 11745, 80987,20150801,  169,    0
 11745, 80987,20150802,  185,    0
 11745, 80987,20150803,  238,    0
 11745, 80987,20150804,  192,    0
 11745, 80987,20150805,  191,    0
 11745, 80987,20150806,  241,    0
 11745, 80987,20150807,  218,    0
 11745, 80987,20150808,  194,    0
 11745, 80987,20150809,  191,    0
 11745, 80987,20150810,  199,    0
 11745, 80987,20150811,  202,    0
 11745, 80987,20150812,  201,    0
 11745, 80987,20150813,  230,    0
 11745, 80987,20150814,  228,    0
 11745, 80987,20150815,  217,    0
 11745, 80987,20150816,  170,    0
 11745, 80987,20150817,  143,    0
 11745, 80987,20150818,  143,    0
 11745, 80987,20150819,  160,    0
 11745, 80987,20150820,  178,    0
 11745, 80987,20150821,  188,    0
 11745, 80987,20150822,  193,    0
 11745, 80987,20150823,  195,    0
 11745, 80987,20150824,  196,    0
 11745, 80987,20150825,  166,    0
 11745, 80987,20150826,  216,    0
 11745, 80987,20150827,  172,    0
 11745, 80987,20150828,  158,    0
 11745, 80987,20150829,  175,    0
 11745, 80987,20150830,  232,    0
 11745, 80987,20150831,  248,    0
 11745, 80987,20150901,  164,    0
 11745, 80987,20150902,  137,    0
 11745, 80987,20150903,  141,    0
 11745, 80987,20150904,  135,    0
 11745, 80987,20150905,  125,    0
 11745, 80987,20150906,  120,    0
 11745, 80987,20150907,  134,    0
 11745, 80987,20150908,  133,    0
 11745, 80987,20150909,  131,    0
 11745, 80987,20150910,  133,    0
 11745, 80987,20150911,  136,    0
 11745, 80987,20150912,  151,    0
 11745, 80987,20150913,  171,    0
 11745, 80987,20150914,  162,    0
 11745, 80987,20150915,  127,    0
 11745, 80987,20150916,  154,    0
 11745, 80987,20150917,  156,    0
 11745, 80987,20150918,  142,    0
 11745, 80987,20150919,  133,    0
 11745, 80987,20150920,  131,    0
 11745, 80987,20150921,  140,    0
 11745, 80987,20150922,  128,    0
 11745, 80987,20150923,  122,    0
 11745, 80987,20150924,  135,    0
 11745, 80987,20150925,  128,    0
 11745, 80987,20150926,  119,    0
 11745, 80987,20150927,  107,    0
 11745, 80987,20150928,  100,    0
 11745, 80987,20150929,  104,    0
 11745, 80987,20150930,  109,    0
 11745, 80987,20151001,   94,    0
 11745, 80987,20151002,  104,    0
 11745, 80987,20151003,  127,    0
 11745, 80987,20151004,  135,    0
 11745, 80987,20151005,  135,    0
 11745, 80987,20151006,  156,    0
 11745, 80987,20151007,  152,    0
 11745, 80987,20151008,  126,    0
 11745, 80987,20151009,  124,    0
 11745, 80987,20151010,   97,    0
 11745, 80987,20151011,   55,    0
 11745, 80987,20151012,   44,    0
 11745, 80987,20151013,   31,    0
 11745, 80987,20151014,   32,    0
 11745, 80987,20151015,   53,    0
 11745, 80987,20151016,   64,    0
 11745, 80987,20151017,   64,    0
 11745, 80987,20151018,   69,    0
 11745, 80987,20151019,   79,    0
 11745, 80987,20151020,   69,    0
 11745, 80987,20151021,   96,    0
 11745, 80987,20151022,  107,    0
 11745, 80987,20151023,  102,    0
 11745, 80987,20151024,   99,    0
 11745, 80987,20151025,   97,    0
 11745, 80987,20151026,   93,    0
 11745, 80987,20151027,   97,    0
 11745, 80987,20151028,   85,    0
 11745, 80987,20151029,  107,    0
 11745, 80987,20151030,   92,    0
 11745, 80987,20151031,  100,    0
 11745, 80987,20151101,   83,    0
 11745, 80987,20151102,   68,    0
 11745, 80987,20151103,   68,    0
 11745, 80987,20151104,  113,    0
 11745, 80987,20151105,  135,    0
 11745, 80987,20151106,  145,    0
 11745, 80987,20151107,  168,    0
 11745, 80987,20151108,  136,    0
 11745, 80987,20151109,  142,    0
 11745, 80987,20151110,  132,    0
 11745, 80987,20151111,  121,    0
 11745, 80987,20151112,  125,    0
 11745, 80987,20151113,  116,    0
 11745, 80987,20151114,   75,    0
 11745, 80987,20151115,  123,    0
 11745, 80987,20151116,  116,    0
 11745, 80987,20151117,  132,    0
 11745, 80987,20151118,  122,    0
 11745, 80987,20151119,  107,    0
 11745, 80987,20151120,   71,    0
 11745, 80987,20151121,   43,    0
 11745, 80987,20151122,   16,    0
 11745, 80987,20151123,   27,    0
 11745, 80987,20151124,   24,    0
 11745, 80987,20151125,   43,    0
 11745, 80987,20151126,   40,    0
 11745, 80987,20151127,   32,    0
 11745, 80987,20151128,   49,    0
 11745, 80987,20151129,   84,    0
 11745, 80987,20151130,   82,    0
 11745, 80987,20151201,   85,    0
 11745, 80987,20151202,   99,    0
 11745, 80987,20151203,   81,    0
 11745, 80987,20151204,   79,    0
 11745, 80987,20151205,   71,    0
 11745, 80987,20151206,   90,    0
 11745, 80987,20151207,   97,    0
 11745, 80987,20151208,   84,    0
 11745, 80987,20151209,   73,    0
 11745, 80987,20151210,   47,    0
 11745, 80987,20151211,   57,    0
 11745, 80987,20151212,   63,    0
 11745, 80987,20151213,   63,    0
 11745, 80987,20151214,   63,    0
 11745, 80987,20151215,   60,    0
 11745, 80987,20151216,   88,    0
 11745, 80987,20151217,  129,    0
 11745, 80987,20151218,  118,    0
 11745, 80987,20151219,  116,    0
 11745, 80987,20151220,  116,    0
 11745, 80987,20151221,  103,    0
 11745, 80987,20151222,  118,    0
 11745, 80987,20151223,  101,    0
 11745, 80987,20151224,  101,    0
 11745, 80987,20151225,   88,    0
 11745, 80987,20151226,  131,    0
 11745, 80987,20151227,  113,    0
 11745, 80987,20151228,   91,    0
 11745, 80987,20151229,   76,    0
 11745, 80987,20151230,   56,    0
 11745, 80987,20151231,   59,    0
 11745, 80987,20160101,   48,    0
 11745, 80987,20160102,   29,    0
 11745, 80987,20160103,   26,    0
 11745, 80987,20160104,   14,    0
 11745, 80987,20160105,   39,    0
 11745, 80987,20160106,    3,    0
 11745, 80987,20160107,   39,    0
 11745, 80987,20160108,   47,    0
 11745, 80987,20160109,   40,    0
 11745, 80987,20160110,   60,    0
 11745, 80987,20160111,   43,    0
 11745, 80987,20160112,   56,    0
 11745, 80987,20160113,   44,    0
 11745, 80987,20160114,   25,    0
 11745, 80987,20160115,   18,    0
 11745, 80987,20160116,    5,    0
 11745, 80987,20160117,  -11,    0
 11745, 80987,20160118,  -37,    0
 11745, 80987,20160119,  -36,    0
 11745, 80987,20160120,   -4,    0
 11745, 80987,20160121,  -34,    0
 11745, 80987,20160122,  -27,    0
 11745, 80987,20160123,   47,    0
 11745, 80987,20160124,   56,    0
 11745, 80987,20160125,  102,    0
 11745, 80987,20160126,   98,    0
 11745, 80987,20160127,  102,    0
 11745, 80987,20160128,   62,    0
 11745, 80987,20160129,   67,    0
 11745, 80987,20160130,   63,    0
 11745, 80987,20160131,   45,    0
 11745, 80987,20160201,  106,    0
 11745, 80987,20160202,   84,    0
 11745, 80987,20160203,   45,    0
 11745, 80987,20160204,   30,    0
 11745, 80987,20160205,   63,    0
 11745, 80987,20160206,   91,    0
 11745, 80987,20160207,   88,    0
 11745, 80987,20160208,   73,    0
 11745, 80987,20160209,   57,    0
 11745, 80987,20160210,   37,    0
 11745, 80987,20160211,   42,    0
 11745, 80987,20160212,   30,    0
 11745, 80987,20160213,   22,    0
 11745, 80987,20160214,   14,    0
 11745, 80987,20160215,    2,    0
 11745, 80987,20160216,   -5,    0
 11745, 80987,20160217,   -6,    0
 11745, 80987,20160218,   12,    0
 11745, 80987,20160219,   13,    0
 11745, 80987,20160220,   60,    0
 11745, 80987,20160221,   98,    0
 11745, 80987,20160222,   65,    0
 11745, 80987,20160223,   39,    0
 11745, 80987,20160224,   21,    0
 11745, 80987,20160225,    8,    0
 11745, 80987,20160226,   11,    0
 11745, 80987,20160227,   14,    0
 11745, 80987,20160228,   13,    0
 11745, 80987,20160229,    7,    0
 11745, 80987,20160301,    4,    0
 11745, 80987,20160302,   52,    0
 11745, 80987,20160303,   36,    0
 11745, 80987,20160304,   26,    0
 11745, 80987,20160305,   34,    0
 11745, 80987,20160306,   24,    0
 11745, 80987,20160307,   23,    0
 11745, 80987,20160308,   14,    0
 11745, 80987,20160309,   33,    0
 11745, 80987,20160310,   34,    0
 11745, 80987,20160311,   32,    0
 11745, 80987,20160312,   16,    0
 11745, 80987,20160313,   31,    0
 11745, 80987,20160314,   34,    0
 11745, 80987,20160315,   38,    0
 11745, 80987,20160316,   45,    0
 11745, 80987,20160317,   55,    0
 11745, 80987,20160318,   27,    0
 11745, 80987,20160319,   46,    0
 11745, 80987,20160320,   56,    0
 11745, 80987,20160321,   64,    0
 11745, 80987,20160322,   62,    0
 11745, 80987,20160323,   67,    0
 11745, 80987,20160324,   58,    0
 11745, 80987,20160325,   66,    0
 11745, 80987,20160326,   98,    0
 11745, 80987,20160327,   98,    0
 11745, 80987,20160328,   85,    0
 11745, 80987,20160329,   68,    0
 11745, 80987,20160330,   87,    0
 11745, 80987,20160331,   74,    0
 11745, 80987,20160401,   80,    0
 11745, 80987,20160402,   99,    0
 11745, 80987,20160403,  150,    0
 11745, 80987,20160404,  143,    0
 11745, 80987,20160405,  106,    0
 11745, 80987,20160406,   98,    0
 11745, 80987,20160407,   73,    0
 11745, 80987,20160408,   68,    0
 11745, 80987,20160409,   91,    0
 11745, 80987,20160410,  118,    0
 11745, 80987,20160411,  101,    0
 11745, 80987,20160412,  121,    0
 11745, 80987,20160413,   99,    0
 11745, 80987,20160414,  105,    0
 11745, 80987,20160415,  110,    0
 11745, 80987,20160416,   99,    0
 11745, 80987,20160417,   66,    0
 11745, 80987,20160418,   74,    0
 11745, 80987,20160419,   92,    0
 11745, 80987,20160420,   75,    0
 11745, 80987,20160421,   97,    0
 11745, 80987,20160422,   85,    0
 11745, 80987,20160423,   54,    0
 11745, 80987,20160424,   30,    0
 11745, 80987,20160425,   38,    0
 11745, 80987,20160426,   32,    0
 11745, 80987,20160427,   42,    0
 11745, 80987,20160428,   51,    0
 11745, 80987,20160429,   75,    0
 11745, 80987,20160430,   70,    0
 11745, 80987,20160501,   97,    0
 11745, 80987,20160502,  124,    0
 11745, 80987,20160503,  104,    0
 11745, 80987,20160504,   91,    0
 11745, 80987,20160505,  121,    0
 11745, 80987,20160506,  172,    0
 11745, 80987,20160507,  189,    0
 11745, 80987,20160508,  183,    0
 11745, 80987,20160509,  186,    0
 11745, 80987,20160510,  192,    0
 11745, 80987,20160511,  195,    0
 11745, 80987,20160512,  187,    0
 11745, 80987,20160513,  165,    0
 11745, 80987,20160514,   85,    0
 11745, 80987,20160515,   70,    0
 11745, 80987,20160516,   80,    0
 11745, 80987,20160517,  115,    0
 11745, 80987,20160518,  140,    0
 11745, 80987,20160519,  136,    0
 11745, 80987,20160520,  133,    0
 11745, 80987,20160521,  175,    0
 11745, 80987,20160522,  178,    0
 11745, 80987,20160523,  140,    0
 11745, 80987,20160524,  105,    0
 11745, 80987,20160525,  122,    0
 11745, 80987,20160526,  157,    0
 11745, 80987,20160527,  160,    0
 11745, 80987,20160528,  182,    0
 11745, 80987,20160529,  164,    0
 11745, 80987,20160530,  184,    0
 11745, 80987,20160531,  184,    0
 11745, 80987,20160601,  175,    0
 11745, 80987,20160602,  173,    0
 11745, 80987,20160603,  185,    0
 11745, 80987,20160604,  188,    0
 11745, 80987,20160605,  187,    0
 11745, 80987,20160606,  199,    0
 11745, 80987,20160607,  202,    0
 11745, 80987,20160608,  167,    0
 11745, 80987,20160609,  139,    0
 11745, 80987,20160610,  151,    0
 11745, 80987,20160611,  161,    0
 11745, 80987,20160612,  166,    0
 11745, 80987,20160613,  163,    0
 11745, 80987,20160614,  157,    0
 11745, 80987,20160615,  146,    0
 11745, 80987,20160616,  154,    0
 11745, 80987,20160617,  148,    0
 11745, 80987,20160618,  142,    0
 11745, 80987,20160619,  139,    0
 11745, 80987,20160620,  155,    0
 11745, 80987,20160621,  176,    0
 11745, 80987,20160622,  205,    0
 11745, 80987,20160623,  246,    0
 11745, 80987,20160624,  215,    0
 11745, 80987,20160625,  165,    0
 11745, 80987,20160626,  149,    0
 11745, 80987,20160627,  152,    0
 11745, 80987,20160628,  168,    0
 11745, 80987,20160629,  169,    0
 11745, 80987,20160630,  174,    0
 11745, 80987,20160701,  188,    0
 11745, 80987,20160702,  151,    0
 11745, 80987,20160703,  139,    0
 11745, 80987,20160704,  173,    0
 11745, 80987,20160705,  165,    0
 11745, 80987,20160706,  147,    0
 11745, 80987,20160707,  165,    0
 11745, 80987,20160708,  187,    0
 11745, 80987,20160709,  192,    0
 11745, 80987,20160710,  238,    0
 11745, 80987,20160711,  200,    0
 11745, 80987,20160712,  183,    0
 11745, 80987,20160713,  160,    0
 11745, 80987,20160714,  139,    0
 11745, 80987,20160715,  153,    0
 11745, 80987,20160716,  177,    0
 11745, 80987,20160717,  204,    0
 11745, 80987,20160718,  203,    0
 11745, 80987,20160719,  227,    0
 11745, 80987,20160720,  255,    0
 11745, 80987,20160721,  229,    0
 11745, 80987,20160722,  214,    0
 11745, 80987,20160723,  200,    0
 11745, 80987,20160724,  228,    0
 11745, 80987,20160725,  226,    0
 11745, 80987,20160726,  201,    0
 11745, 80987,20160727,  197,    0
 11745, 80987,20160728,  189,    0
 11745, 80987,20160729,  186,    0
 11745, 80987,20160730,  183,    0
 11745, 80987,20160731,  164,    0
 11745, 80987,20160801,  150,    0
 11745, 80987,20160802,  158,    0
 11745, 80987,20160803,  181,    0
 11745, 80987,20160804,  172,    0
 11745, 80987,20160805,  165,    0
 11745, 80987,20160806,  169,    0
 11745, 80987,20160807,  194,    0
 11745, 80987,20160808,  177,    0
 11745, 80987,20160809,  143,    0
 11745, 80987,20160810,  126,    0
 11745, 80987,20160811,  118,    0
 11745, 80987,20160812,  172,    0
 11745, 80987,20160813,  188,    0
 11745, 80987,20160814,  179,    0
 11745, 80987,20160815,  165,    0
 11745, 80987,20160816,  163,    0
 11745, 80987,20160817,  163,    0
 11745, 80987,20160818,  175,    0
 11745, 80987,20160819,  194,    0
 11745, 80987,20160820,  190,    0
 11745, 80987,20160821,  165,    0
 11745, 80987,20160822,  162,    0
 11745, 80987,20160823,  207,    0
 11745, 80987,20160824,  241,    0
 11745, 80987,20160825,  254,    0
 11745, 80987,20160826,  263,    0
 11745, 80987,20160827,  234,    0
 11745, 80987,20160828,  238,    0
 11745, 80987,20160829,  178,    0
 11745, 80987,20160830,  167,    0
 11745, 80987,20160831,  190,    0
 11745, 80987,20160901,  180,    0
 11745, 80987,20160902,  191,    0
 11745, 80987,20160903,  189,    0
 11745, 80987,20160904,  178,    0
 11745, 80987,20160905,  171,    0
 11745, 80987,20160906,  184,    0
 11745, 80987,20160907,  192,    0
 11745, 80987,20160908,  214,    0
 11745, 80987,20160909,  190,    0
 11745, 80987,20160910,  197,    0
 11745, 80987,20160911,  200,    0
 11745, 80987,20160912,  225,    0
 11745, 80987,20160913,  243,    0
 11745, 80987,20160914,  241,    0
 11745, 80987,20160915,  230,    0
 11745, 80987,20160916,  186,    0
 11745, 80987,20160917,  166,    0
 11745, 80987,20160918,  163,    0
 11745, 80987,20160919,  149,    0
 11745, 80987,20160920,  150,    0
 11745, 80987,20160921,  133,    0
 11745, 80987,20160922,  146,    0
 11745, 80987,20160923,  151,    0
 11745, 80987,20160924,  160,    0
 11745, 80987,20160925,  187,    0
 11745, 80987,20160926,  153,    0
 11745, 80987,20160927,  150,    0
 11745, 80987,20160928,  177,    0
 11745, 80987,20160929,  190,    0
 11745, 80987,20160930,  145,    0
 11745, 80987,20161001,  129,    0
 11745, 80987,20161002,  121,    0
 11745, 80987,20161003,  114,    0
 11745, 80987,20161004,  119,    0
 11745, 80987,20161005,   88,    0
 11745, 80987,20161006,   85,    0
 11745, 80987,20161007,  114,    0
 11745, 80987,20161008,   92,    0
 11745, 80987,20161009,   88,    0
 11745, 80987,20161010,   83,    0
 11745, 80987,20161011,   68,    0
 11745, 80987,20161012,   78,    0
 11745, 80987,20161013,   82,    0
 11745, 80987,20161014,   94,    0
 11745, 80987,20161015,  105,    0
 11745, 80987,20161016,  112,    0
 11745, 80987,20161017,  124,    0
 11745, 80987,20161018,  114,    0
 11745, 80987,20161019,   73,    0
 11745, 80987,20161020,   73,    0
 11745, 80987,20161021,   67,    0
 11745, 80987,20161022,   71,    0
 11745, 80987,20161023,   62,    0
 11745, 80987,20161024,   71,    0
 11745, 80987,20161025,   82,    0
 11745, 80987,20161026,   88,    0
 11745, 80987,20161027,  105,    0
 11745, 80987,20161028,  118,    0
 11745, 80987,20161029,   89,    0
 11745, 80987,20161030,   84,    0
 11745, 80987,20161031,   97,    0
 11745, 80987,20161101,   85,    0
 11745, 80987,20161102,   66,    0
 11745, 80987,20161103,   65,    0
 11745, 80987,20161104,   70,    0
 11745, 80987,20161105,   67,    0
 11745, 80987,20161106,   56,    0
 11745, 80987,20161107,   40,    0
 11745, 80987,20161108,   12,    0
 11745, 80987,20161109,   24,    0
 11745, 80987,20161110,   33,    0
 11745, 80987,20161111,   20,    0
 11745, 80987,20161112,   -1,    0
 11745, 80987,20161113,    9,    0
 11745, 80987,20161114,   10,    0
 11745, 80987,20161115,   64,    0
 11745, 80987,20161116,  109,    0
 11745, 80987,20161117,   98,    0
 11745, 80987,20161118,   71,    0
 11745, 80987,20161119,   54,    0
 11745, 80987,20161120,   91,    0
 11745, 80987,20161121,  130,    0
 11745, 80987,20161122,  113,    0
 11745, 80987,20161123,   83,    0
 11745, 80987,20161124,   63,    0
 11745, 80987,20161125,   29,    0
 11745, 80987,20161126,    0,    0
 11745, 80987,20161127,   32,    0
 11745, 80987,20161128,   -6,    0
 11745, 80987,20161129,  -26,    0
 11745, 80987,20161130,   -2,    0
 11745, 80987,20161201,   48,    0
 11745, 80987,20161202,   53,    0
 11745, 80987,20161203,    0,    0
 11745, 80987,20161204,   -9,    0
 11745, 80987,20161205,  -16,    0
 11745, 80987,20161206,  -24,    0
 11745, 80987,20161207,   35,    0
 11745, 80987,20161208,   74,    0
 11745, 80987,20161209,   85,    0
 11745, 80987,20161210,   80,    0
 11745, 80987,20161211,   77,    0
 11745, 80987,20161212,   66,    0
 11745, 80987,20161213,   62,    0
 11745, 80987,20161214,   72,    0
 11745, 80987,20161215,   49,    0
 11745, 80987,20161216,   20,    0
 11745, 80987,20161217,   23,    0
 11745, 80987,20161218,   55,    0
 11745, 80987,20161219,   37,    0
 11745, 80987,20161220,    1,    0
 11745, 80987,20161221,   23,    0
 11745, 80987,20161222,   40,    0
 11745, 80987,20161223,   54,    0
 11745, 80987,20161224,   69,    0
 11745, 80987,20161225,   84,    0
 11745, 80987,20161226,   74,    0
 11745, 80987,20161227,   50,    0
 11745, 80987,20161228,   36,    0
 11745, 80987,20161229,   12,    0
 11745, 80987,20161230,    2,    0
 11745, 80987,20161231,   -5,    0
 11745, 80987,20170101,    6,    0
 11745, 80987,20170102,    2,    0
 11745, 80987,20170103,   17,    0
 11745, 80987,20170104,   34,    0
 11745, 80987,20170105,  -15,    0
 11745, 80987,20170106,  -56,    0
 11745, 80987,20170107,  -28,    0
 11745, 80987,20170108,    7,    0
 11745, 80987,20170109,   19,    0
 11745, 80987,20170110,   27,    0
 11745, 80987,20170111,   45,    0
 11745, 80987,20170112,   41,    0
 11745, 80987,20170113,   17,    0
 11745, 80987,20170114,   17,    0
 11745, 80987,20170115,  -10,    0
 11745, 80987,20170116,  -21,    0
 11745, 80987,20170117,  -45,    0
 11745, 80987,20170118,  -51,    0
 11745, 80987,20170119,  -25,    0
 11745, 80987,20170120,   -9,    0
 11745, 80987,20170121,   -9,    0
 11745, 80987,20170122,  -33,    0
 11745, 80987,20170123,  -41,    0
 11745, 80987,20170124,  -11,    0
 11745, 80987,20170125,  -31,    0
 11745, 80987,20170126,  -14,    0
 11745, 80987,20170127,    5,    0
 11745, 80987,20170128,   45,    0
 11745, 80987,20170129,   46,    0
 11745, 80987,20170130,   42,    0
 11745, 80987,20170131,   15,    0
 11745, 80987,20170201,   25,    0
 11745, 80987,20170202,   58,    0
 11745, 80987,20170203,   70,    0
 11745, 80987,20170204,   65,    0
 11745, 80987,20170205,   48,    0
 11745, 80987,20170206,   22,    0
 11745, 80987,20170207,    5,    0
 11745, 80987,20170208,    1,    0
 11745, 80987,20170209,  -16,    0
 11745, 80987,20170210,  -16,    0
 11745, 80987,20170211,    6,    0
 11745, 80987,20170212,   10,    0
 11745, 80987,20170213,   22,    0
 11745, 80987,20170214,   37,    0
 11745, 80987,20170215,   60,    0
 11745, 80987,20170216,   80,    0
 11745, 80987,20170217,   60,    0
 11745, 80987,20170218,   52,    0
 11745, 80987,20170219,   45,    0
 11745, 80987,20170220,   79,    0
 11745, 80987,20170221,   85,    0
 11745, 80987,20170222,   90,    0
 11745, 80987,20170223,   79,    0
 11745, 80987,20170224,   38,    0
 11745, 80987,20170225,   43,    0
 11745, 80987,20170226,   83,    0
 11745, 80987,20170227,  101,    0
 11745, 80987,20170228,   53,    0
 11745, 80987,20170301,   51,    0
 11745, 80987,20170302,   58,    0
 11745, 80987,20170303,   64,    0
 11745, 80987,20170304,  101,    0
 11745, 80987,20170305,   77,    0
 11745, 80987,20170306,   56,    0
 11745, 80987,20170307,   52,    0
 11745, 80987,20170308,   54,    0
 11745, 80987,20170309,   74,    0
 11745, 80987,20170310,   65,    0
 11745, 80987,20170311,   72,    0
 11745, 80987,20170312,   71,    0
 11745, 80987,20170313,   75,    0
 11745, 80987,20170314,   88,    0
 11745, 80987,20170315,   94,    0
 11745, 80987,20170316,   92,    0
 11745, 80987,20170317,   84,    0
 11745, 80987,20170318,   80,    0
 11745, 80987,20170319,  100,    0
 11745, 80987,20170320,  104,    0
 11745, 80987,20170321,   78,    0
 11745, 80987,20170322,   60,    0
 11745, 80987,20170323,   83,    0
 11745, 80987,20170324,   86,    0
 11745, 80987,20170325,   82,    0
 11745, 80987,20170326,   84,    0
 11745, 80987,20170327,  104,    0
 11745, 80987,20170328,  126,    0
 11745, 80987,20170329,  123,    0
 11745, 80987,20170330,  160,    0
 11745, 80987,20170331,  164,    0
 11745, 80987,20170401,  137,    0
 11745, 80987,20170402,  130,    0
 11745, 80987,20170403,   90,    0
 11745, 80987,20170404,   86,    0
 11745, 80987,20170405,   80,    0
 11745, 80987,20170406,   79,    0
 11745, 80987,20170407,   96,    0
 11745, 80987,20170408,  102,    0
 11745, 80987,20170409,  121,    0
 11745, 80987,20170410,  108,    0
 11745, 80987,20170411,   83,    0
 11745, 80987,20170412,   96,    0
 11745, 80987,20170413,   83,    0
 11745, 80987,20170414,   72,    0
 11745, 80987,20170415,   84,    0
 11745, 80987,20170416,   70,    0
 11745, 80987,20170417,   59,    0
 11745, 80987,20170418,   40,    0
 11745, 80987,20170419,   31,    0
 11745, 80987,20170420,   54,    0
 11745, 80987,20170421,   95,    0
 11745, 80987,20170422,   74,    0
 11745, 80987,20170423,   59,    0
 11745, 80987,20170424,   88,    0
 11745, 80987,20170425,   65,    0
 11745, 80987,20170426,   45,    0
 11745, 80987,20170427,   58,    0
 11745, 80987,20170428,   67,    0
 11745, 80987,20170429,   70,    0
 11745, 80987,20170430,  104,    0
 11745, 80987,20170501,  102,    0
 11745, 80987,20170502,   86,    0
 11745, 80987,20170503,  105,    0
 11745, 80987,20170504,   93,    0
 11745, 80987,20170505,   79,    0
 11745, 80987,20170506,  115,    0
 11745, 80987,20170507,  132,    0
 11745, 80987,20170508,   85,    0
 11745, 80987,20170509,   76,    0
 11745, 80987,20170510,   87,    0
 11745, 80987,20170511,  149,    0
 11745, 80987,20170512,  153,    0
 11745, 80987,20170513,  171,    0
 11745, 80987,20170514,  161,    0
 11745, 80987,20170515,  159,    0
 11745, 80987,20170516,  193,    0
 11745, 80987,20170517,  224,    0
 11745, 80987,20170518,  192,    0
 11745, 80987,20170519,  135,    0
 11745, 80987,20170520,  133,    0
 11745, 80987,20170521,  148,    0
 11745, 80987,20170522,  173,    0
 11745, 80987,20170523,  179,    0
 11745, 80987,20170524,  149,    0
 11745, 80987,20170525,  157,    0
 11745, 80987,20170526,  184,    0
 11745, 80987,20170527,  218,    0
 11745, 80987,20170528,  199,    0
 11745, 80987,20170529,  243,    0
 11745, 80987,20170530,  206,    0
 11745, 80987,20170531,  172,    0
 11745, 80987,20170601,  166,    0
 11745, 80987,20170602,  199,    0
 11745, 80987,20170603,  197,    0
 11745, 80987,20170604,  159,    0
 11745, 80987,20170605,  157,    0
 11745, 80987,20170606,  148,    0
 11745, 80987,20170607,  129,    0
 11745, 80987,20170608,  164,    0
 11745, 80987,20170609,  162,    0
 11745, 80987,20170610,  170,    0
 11745, 80987,20170611,  209,    0
 11745, 80987,20170612,  164,    0
 11745, 80987,20170613,  157,    0
 11745, 80987,20170614,  167,    0
 11745, 80987,20170615,  201,    0
 11745, 80987,20170616,  161,    0
 11745, 80987,20170617,  157,    0
 11745, 80987,20170618,  200,    0
 11745, 80987,20170619,  230,    0
 11745, 80987,20170620,  220,    0
 11745, 80987,20170621,  197,    0
 11745, 80987,20170622,  250,    0
 11745, 80987,20170623,  206,    0
 11745, 80987,20170624,  174,    0
 11745, 80987,20170625,  170,    0
 11745, 80987,20170626,  171,    0
 11745, 80987,20170627,  163,    0
 11745, 80987,20170628,  181,    0
 11745, 80987,20170629,  169,    0
 11745, 80987,20170630,  167,    0
 11745, 80987,20170701,  157,    0
 11745, 80987,20170702,  157,    0
 11745, 80987,20170703,  164,    0
 11745, 80987,20170704,  175,    0
 11745, 80987,20170705,  193,    0
 11745, 80987,20170706,  209,    0
 11745, 80987,20170707,  217,    0
 11745, 80987,20170708,  200,    0
 11745, 80987,20170709,  200,    0
 11745, 80987,20170710,  189,    0
 11745, 80987,20170711,  175,    0
 11745, 80987,20170712,  149,    0
 11745, 80987,20170713,  141,    0
 11745, 80987,20170714,  148,    0
 11745, 80987,20170715,  156,    0
 11745, 80987,20170716,  180,    0
 11745, 80987,20170717,  186,    0
 11745, 80987,20170718,  195,    0
 11745, 80987,20170719,  221,    0
 11745, 80987,20170720,  207,    0
 11745, 80987,20170721,  191,    0
 11745, 80987,20170722,  210,    0
 11745, 80987,20170723,  172,    0
 11745, 80987,20170724,  145,    0
 11745, 80987,20170725,  149,    0
 11745, 80987,20170726,  177,    0
 11745, 80987,20170727,  179,    0
 11745, 80987,20170728,  167,    0
 11745, 80987,20170729,  201,    0
 11745, 80987,20170730,  221,    0
 11745, 80987,20170731,  196,    0
 11745, 80987,20170801,  190,    0
 11745, 80987,20170802,  186,    0
 11745, 80987,20170803,  199,    0
 11745, 80987,20170804,  185,    0
 11745, 80987,20170805,  150,    0
 11745, 80987,20170806,  157,    0
 11745, 80987,20170807,  181,    0
 11745, 80987,20170808,  173,    0
 11745, 80987,20170809,  171,    0
 11745, 80987,20170810,  167,    0
 11745, 80987,20170811,  140,    0
 11745, 80987,20170812,  150,    0
 11745, 80987,20170813,  167,    0
 11745, 80987,20170814,  185,    0
 11745, 80987,20170815,  211,    0
 11745, 80987,20170816,  195,    0
 11745, 80987,20170817,  195,    0
 11745, 80987,20170818,  169,    0
 11745, 80987,20170819,  145,    0
 11745, 80987,20170820,  144,    0
 11745, 80987,20170821,  144,    0
 11745, 80987,20170822,  158,    0
 11745, 80987,20170823,  177,    0
 11745, 80987,20170824,  186,    0
 11745, 80987,20170825,  181,    0
 11745, 80987,20170826,  193,    0
 11745, 80987,20170827,  176,    0
 11745, 80987,20170828,  186,    0
 11745, 80987,20170829,  215,    0
 11745, 80987,20170830,  222,    0
 11745, 80987,20170831,  152,    0
 11745, 80987,20170901,  136,    0
 11745, 80987,20170902,  139,    0
 11745, 80987,20170903,  138,    0
 11745, 80987,20170904,  156,    0
 11745, 80987,20170905,  182,    0
 11745, 80987,20170906,  156,    0
 11745, 80987,20170907,  145,    0
 11745, 80987,20170908,  146,    0
 11745, 80987,20170909,  134,    0
 11745, 80987,20170910,  138,    0
 11745, 80987,20170911,  147,    0
 11745, 80987,20170912,  139,    0
 11745, 80987,20170913,  139,    0
 11745, 80987,20170914,  113,    0
 11745, 80987,20170915,  118,    0
 11745, 80987,20170916,  113,    0
 11745, 80987,20170917,  103,    0
 11745, 80987,20170918,  104,    0
 11745, 80987,20170919,  117,    0
 11745, 80987,20170920,  120,    0
 11745, 80987,20170921,  131,    0
 11745, 80987,20170922,  137,    0
 11745, 80987,20170923,  137,    0
 11745, 80987,20170924,  142,    0
 11745, 80987,20170925,  138,    0
 11745, 80987,20170926,  135,    0
 11745, 80987,20170927,  144,    0
 11745, 80987,20170928,  147,    0
 11745, 80987,20170929,  176,    0
 11745, 80987,20170930,  143,    0
 11745, 80987,20171001,  129,    0
 11745, 80987,20171002,  148,    0
 11745, 80987,20171003,  122,    0
 11745, 80987,20171004,  118,    0
 11745, 80987,20171005,  113,    0
 11745, 80987,20171006,  101,    0
 11745, 80987,20171007,  100,    0
 11745, 80987,20171008,  108,    0
 11745, 80987,20171009,   97,    0
 11745, 80987,20171010,  128,    0
 11745, 80987,20171011,  140,    0
 11745, 80987,20171012,  129,    0
 11745, 80987,20171013,  139,    0
 11745, 80987,20171014,  164,    0
 11745, 80987,20171015,  164,    0
 11745, 80987,20171016,  180,    0
 11745, 80987,20171017,  146,    0
 11745, 80987,20171018,  139,    0
 11745, 80987,20171019,  144,    0
 11745, 80987,20171020,  147,    0
 11745, 80987,20171021,  129,    0
 11745, 80987,20171022,  100,    0
 11745, 80987,20171023,  103,    0
 11745, 80987,20171024,  133,    0
 11745, 80987,20171025,  146,    0
 11745, 80987,20171026,  135,    0
 11745, 80987,20171027,  109,    0
 11745, 80987,20171028,   99,    0
 11745, 80987,20171029,   93,    0
 11745, 80987,20171030,   65,    0
 11745, 80987,20171031,   73,    0
 11745, 80987,20171101,  100,    0
 11745, 80987,20171102,   98,    0
 11745, 80987,20171103,   89,    0
 11745, 80987,20171104,  102,    0
 11745, 80987,20171105,   85,    0
 11745, 80987,20171106,   41,    0
 11745, 80987,20171107,   39,    0
 11745, 80987,20171108,   67,    0
 11745, 80987,20171109,   70,    0
 11745, 80987,20171110,   72,    0
 11745, 80987,20171111,   51,    0
 11745, 80987,20171112,   38,    0
 11745, 80987,20171113,   51,    0
 11745, 80987,20171114,   50,    0
 11745, 80987,20171115,   80,    0
 11745, 80987,20171116,   79,    0
 11745, 80987,20171117,   61,    0
 11745, 80987,20171118,   45,    0
 11745, 80987,20171119,   47,    0
 11745, 80987,20171120,   49,    0
 11745, 80987,20171121,  101,    0
 11745, 80987,20171122,  102,    0
 11745, 80987,20171123,  115,    0
 11745, 80987,20171124,   69,    0
 11745, 80987,20171125,   42,    0
 11745, 80987,20171126,   34,    0
 11745, 80987,20171127,   48,    0
 11745, 80987,20171128,   48,    0
 11745, 80987,20171129,   11,    0
 11745, 80987,20171130,    7,    0
 11745, 80987,20171201,   16,    0
 11745, 80987,20171202,    1,    0
 11745, 80987,20171203,    8,    0
 11745, 80987,20171204,   55,    0
 11745, 80987,20171205,   57,    0
 11745, 80987,20171206,   65,    0
 11745, 80987,20171207,   54,    0
 11745, 80987,20171208,   25,    0
 11745, 80987,20171209,    5,    0
 11745, 80987,20171210,   13,    0
 11745, 80987,20171211,   15,    0
 11745, 80987,20171212,   15,    0
 11745, 80987,20171213,   29,    0
 11745, 80987,20171214,   34,    0
 11745, 80987,20171215,   30,    0
 11745, 80987,20171216,   25,    0
 11745, 80987,20171217,   20,    0
 11745, 80987,20171218,   19,    0
 11745, 80987,20171219,   36,    0
 11745, 80987,20171220,   55,    0
 11745, 80987,20171221,   73,    0
 11745, 80987,20171222,   66,    0
 11745, 80987,20171223,   77,    0
 11745, 80987,20171224,   85,    0
 11745, 80987,20171225,   69,    0
 11745, 80987,20171226,   55,    0
 11745, 80987,20171227,   51,    0
 11745, 80987,20171228,   28,    0
 11745, 80987,20171229,   21,    0
 11745, 80987,20171230,   73,    0
 11745, 80987,20171231,  111,    0
 11745, 80987,20180101,   67,    0
 11745, 80987,20180102,   51,    0
 11745, 80987,20180103,   72,    0
 11745, 80987,20180104,   73,    0
 11745, 80987,20180105,   74,    0
 11745, 80987,20180106,   46,    0
 11745, 80987,20180107,   16,    0
 11745, 80987,20180108,   16,    0
 11745, 80987,20180109,   40,    0
 11745, 80987,20180110,   64,    0
 11745, 80987,20180111,   50,    0
 11745, 80987,20180112,   31,    0
 11745, 80987,20180113,   42,    0
 11745, 80987,20180114,   13,    0
 11745, 80987,20180115,   38,    0
 11745, 80987,20180116,   39,    0
 11745, 80987,20180117,   17,    0
 11745, 80987,20180118,   39,    0
 11745, 80987,20180119,   19,    0
 11745, 80987,20180120,   21,    0
 11745, 80987,20180121,   17,    0
 11745, 80987,20180122,   42,    0
 11745, 80987,20180123,   68,    0
 11745, 80987,20180124,  115,    0
 11745, 80987,20180125,   80,    0
 11745, 80987,20180126,   60,    0
 11745, 80987,20180127,   53,    0
 11745, 80987,20180128,   78,    0
 11745, 80987,20180129,   89,    0
 11745, 80987,20180130,   37,    0
 11745, 80987,20180131,   63,    0
 11745, 80987,20180201,   25,    0
 11745, 80987,20180202,   29,    0
 11745, 80987,20180203,   17,    0
 11745, 80987,20180204,   -8,    0
 11745, 80987,20180205,   -1,    0
 11745, 80987,20180206,  -18,    0
 11745, 80987,20180207,  -15,    0
 11745, 80987,20180208,  -30,    0
 11745, 80987,20180209,  -17,    0
 11745, 80987,20180210,    8,    0
 11745, 80987,20180211,   26,    0
 11745, 80987,20180212,   12,    0
 11745, 80987,20180213,   10,    0
 11745, 80987,20180214,    0,    0
 11745, 80987,20180215,   27,    0
 11745, 80987,20180216,   26,    0
 11745, 80987,20180217,    7,    0
 11745, 80987,20180218,   12,    0
 11745, 80987,20180219,   12,    0
 11745, 80987,20180220,    5,    0
 11745, 80987,20180221,   -2,    0
 11745, 80987,20180222,   -5,    0
 11745, 80987,20180223,   -9,    0
 11745, 80987,20180224,  -20,    0
 11745, 80987,20180225,  -39,    0
 11745, 80987,20180226,  -43,    0
 11745, 80987,20180227,  -56,    0
 11745, 80987,20180228,  -79,    0
 11745, 80987,20180301,  -58,    0
 11745, 80987,20180302,  -57,    0
 11745, 80987,20180303,  -35,    0
 11745, 80987,20180304,   28,    0
 11745, 80987,20180305,   68,    0
 11745, 80987,20180306,   58,    0
 11745, 80987,20180307,   57,    0
 11745, 80987,20180308,   54,    0
 11745, 80987,20180309,   56,    0
 11745, 80987,20180310,  110,    0
 11745, 80987,20180311,  118,    0
 11745, 80987,20180312,   94,    0
 11745, 80987,20180313,   66,    0
 11745, 80987,20180314,   43,    0
 11745, 80987,20180315,   53,    0
 11745, 80987,20180316,   17,    0
 11745, 80987,20180317,  -33,    0
 11745, 80987,20180318,  -25,    0
 11745, 80987,20180319,  -18,    0
 11745, 80987,20180320,   14,    0
 11745, 80987,20180321,    3,    0
 11745, 80987,20180322,   42,    0
 11745, 80987,20180323,   56,    0
 11745, 80987,20180324,   55,    0
 11745, 80987,20180325,   53,    0
 11745, 80987,20180326,   57,    0
 11745, 80987,20180327,   56,    0
 11745, 80987,20180328,   66,    0
 11745, 80987,20180329,   42,    0
 11745, 80987,20180330,   74,    0
 11745, 80987,20180331,   73,    0
 11745, 80987,20180401,   38,    0
 11745, 80987,20180402,   80,    0
 11745, 80987,20180403,  131,    0
 11745, 80987,20180404,  112,    0
 11745, 80987,20180405,   69,    0
 11745, 80987,20180406,   72,    0
 11745, 80987,20180407,  140,    0
 11745, 80987,20180408,  171,    0
 11745, 80987,20180409,  157,    0
 11745, 80987,20180410,  167,    0
 11745, 80987,20180411,  131,    0
 11745, 80987,20180412,  129,    0
 11745, 80987,20180413,  128,    0
 11745, 80987,20180414,  121,    0
 11745, 80987,20180415,  131,    0
 11745, 80987,20180416,  137,    0
 11745, 80987,20180417,  138,    0
 11745, 80987,20180418,  175,    0
 11745, 80987,20180419,  202,    0
 11745, 80987,20180420,  205,    0
 11745, 80987,20180421,  168,    0
 11745, 80987,20180422,  171,    0
 11745, 80987,20180423,  146,    0
 11745, 80987,20180424,  112,    0
 11745, 80987,20180425,  124,    0
 11745, 80987,20180426,   89,    0
 11745, 80987,20180427,  112,    0
 11745, 80987,20180428,  135,    0
 11745, 80987,20180429,  148,    0
 11745, 80987,20180430,  129,    0
 11745, 80987,20180501,   81,    0
 11745, 80987,20180502,  112,    0
 11745, 80987,20180503,  120,    0
 11745, 80987,20180504,  123,    0
 11745, 80987,20180505,  143,    0
 11745, 80987,20180506,  169,    0
 11745, 80987,20180507,  182,    0
 11745, 80987,20180508,  193,    0
 11745, 80987,20180509,  205,    0
 11745, 80987,20180510,  140,    0
 11745, 80987,20180511,  131,    0
 11745, 80987,20180512,  181,    0
 11745, 80987,20180513,  169,    0
 11745, 80987,20180514,  191,    0
 11745, 80987,20180515,  181,    0
 11745, 80987,20180516,  144,    0
 11745, 80987,20180517,  115,    0
 11745, 80987,20180518,  111,    0
 11745, 80987,20180519,  119,    0
 11745, 80987,20180520,  160,    0
 11745, 80987,20180521,  183,    0
 11745, 80987,20180522,  173,    0
 11745, 80987,20180523,  192,    0
 11745, 80987,20180524,  179,    0
 11745, 80987,20180525,  197,    0
 11745, 80987,20180526,  222,    0
 11745, 80987,20180527,  203,    0
 11745, 80987,20180528,  226,    0
 11745, 80987,20180529,  222,    0
 11745, 80987,20180530,  220,    0
 11745, 80987,20180531,  222,    0
 11745, 80987,20180601,  191,    0
 11745, 80987,20180602,  180,    0
 11745, 80987,20180603,  191,    0
 11745, 80987,20180604,  193,    0
 11745, 80987,20180605,  164,    0
 11745, 80987,20180606,  202,    0
 11745, 80987,20180607,  222,    0
 11745, 80987,20180608,  203,    0
 11745, 80987,20180609,  219,    0
 11745, 80987,20180610,  195,    0
 11745, 80987,20180611,  175,    0
 11745, 80987,20180612,  149,    0
 11745, 80987,20180613,  136,    0
 11745, 80987,20180614,  150,    0
 11745, 80987,20180615,  182,    0
 11745, 80987,20180616,  196,    0
 11745, 80987,20180617,  163,    0
 11745, 80987,20180618,  175,    0
 11745, 80987,20180619,  178,    0
 11745, 80987,20180620,  211,    0
 11745, 80987,20180621,  152,    0
 11745, 80987,20180622,  124,    0
 11745, 80987,20180623,  137,    0
 11745, 80987,20180624,  129,    0
 11745, 80987,20180625,  159,    0
 11745, 80987,20180626,  135,    0
 11745, 80987,20180627,  178,    0
 11745, 80987,20180628,  204,    0
 11745, 80987,20180629,  213,    0
 11745, 80987,20180630,  202,    0
 11745, 80987,20180701,  189,    0
 11745, 80987,20180702,  188,    0
 11745, 80987,20180703,  206,    0
 11745, 80987,20180704,  217,    0
 11745, 80987,20180705,  210,    0
 11745, 80987,20180706,  188,    0
 11745, 80987,20180707,  184,    0
 11745, 80987,20180708,  177,    0
 11745, 80987,20180709,  171,    0
 11745, 80987,20180710,  141,    0
 11745, 80987,20180711,  148,    0
 11745, 80987,20180712,  181,    0
 11745, 80987,20180713,  185,    0
 11745, 80987,20180714,  190,    0
 11745, 80987,20180715,  193,    0
 11745, 80987,20180716,  216,    0
 11745, 80987,20180717,  231,    0
 11745, 80987,20180718,  195,    0
 11745, 80987,20180719,  199,    0
 11745, 80987,20180720,  225,    0
 11745, 80987,20180721,  216,    0
 11745, 80987,20180722,  215,    0
 11745, 80987,20180723,  223,    0
 11745, 80987,20180724,  253,    0
 11745, 80987,20180725,  260,    0
 11745, 80987,20180726,  276,    0
 11745, 80987,20180727,  278,    0
 11745, 80987,20180728,  231,    0
 11745, 80987,20180729,  225,    0
 11745, 80987,20180730,  260,    0
 11745, 80987,20180731,  254,    0
 11745, 80987,20180801,  240,    0
 11745, 80987,20180802,  255,    0
 11745, 80987,20180803,  268,    0
 11745, 80987,20180804,  251,    0
 11745, 80987,20180805,  216,    0
 11745, 80987,20180806,  235,    0
 11745, 80987,20180807,  282,    0
 11745, 80987,20180808,  237,    0
 11745, 80987,20180809,  206,    0
 11745, 80987,20180810,  183,    0
 11745, 80987,20180811,  165,    0
 11745, 80987,20180812,  193,    0
 11745, 80987,20180813,  186,    0
 11745, 80987,20180814,  189,    0
 11745, 80987,20180815,  204,    0
 11745, 80987,20180816,  215,    0
 11745, 80987,20180817,  178,    0
 11745, 80987,20180818,  183,    0
 11745, 80987,20180819,  200,    0
 11745, 80987,20180820,  204,    0
 11745, 80987,20180821,  210,    0
 11745, 80987,20180822,  237,    0
 11745, 80987,20180823,  217,    0
 11745, 80987,20180824,  173,    0
 11745, 80987,20180825,  129,    0
 11745, 80987,20180826,  143,    0
 11745, 80987,20180827,  171,    0
 11745, 80987,20180828,  179,    0
 11745, 80987,20180829,  194,    0
 11745, 80987,20180830,  157,    0
 11745, 80987,20180831,  141,    0
 11745, 80987,20180901,  151,    0
 11745, 80987,20180902,  176,    0
 11745, 80987,20180903,  194,    0
 11745, 80987,20180904,  209,    0
 11745, 80987,20180905,  206,    0
 11745, 80987,20180906,  174,    0
 11745, 80987,20180907,  153,    0
 11745, 80987,20180908,  150,    0
 11745, 80987,20180909,  178,    0
 11745, 80987,20180910,  181,    0
 11745, 80987,20180911,  198,    0
 11745, 80987,20180912,  176,    0
 11745, 80987,20180913,  135,    0
 11745, 80987,20180914,  129,    0
 11745, 80987,20180915,  144,    0
 11745, 80987,20180916,  159,    0
 11745, 80987,20180917,  181,    0
 11745, 80987,20180918,  235,    0
 11745, 80987,20180919,  211,    0
 11745, 80987,20180920,  210,    0
 11745, 80987,20180921,  170,    0
 11745, 80987,20180922,  120,    0
 11745, 80987,20180923,   97,    0
 11745, 80987,20180924,   91,    0
 11745, 80987,20180925,   88,    0
 11745, 80987,20180926,  120,    0
 11745, 80987,20180927,  164,    0
 11745, 80987,20180928,  114,    0
 11745, 80987,20180929,   84,    0
 11745, 80987,20180930,  103,    0
 11745, 80987,20181001,   90,    0
 11745, 80987,20181002,   89,    0
 11745, 80987,20181003,  114,    0
 11745, 80987,20181004,  121,    0
 11745, 80987,20181005,  145,    0
 11745, 80987,20181006,  174,    0
 11745, 80987,20181007,  112,    0
 11745, 80987,20181008,   91,    0
 11745, 80987,20181009,  119,    0
 11745, 80987,20181010,  157,    0
 11745, 80987,20181011,  176,    0
 11745, 80987,20181012,  204,    0
 11745, 80987,20181013,  216,    0
 11745, 80987,20181014,  193,    0
 11745, 80987,20181015,  183,    0
 11745, 80987,20181016,  174,    0
 11745, 80987,20181017,  165,    0
 11745, 80987,20181018,  129,    0
 11745, 80987,20181019,   98,    0
 11745, 80987,20181020,   79,    0
 11745, 80987,20181021,   93,    0
 11745, 80987,20181022,   96,    0
 11745, 80987,20181023,   90,    0
 11745, 80987,20181024,  126,    0
 11745, 80987,20181025,  114,    0
 11745, 80987,20181026,   92,    0
 11745, 80987,20181027,   61,    0
 11745, 80987,20181028,   38,    0
 11745, 80987,20181029,   45,    0
 11745, 80987,20181030,   61,    0
 11745, 80987,20181031,   87,    0
 11745, 80987,20181101,   90,    0
 11745, 80987,20181102,   84,    0
 11745, 80987,20181103,   44,    0
 11745, 80987,20181104,   66,    0
 11745, 80987,20181105,   92,    0
 11745, 80987,20181106,  106,    0
 11745, 80987,20181107,  129,    0
 11745, 80987,20181108,  103,    0
 11745, 80987,20181109,  101,    0
 11745, 80987,20181110,  124,    0
 11745, 80987,20181111,  125,    0
 11745, 80987,20181112,  118,    0
 11745, 80987,20181113,  102,    0
 11745, 80987,20181114,   82,    0
 11745, 80987,20181115,   45,    0
 11745, 80987,20181116,   46,    0
 11745, 80987,20181117,   36,    0
 11745, 80987,20181118,   15,    0
 11745, 80987,20181119,   42,    0
 11745, 80987,20181120,   21,    0
 11745, 80987,20181121,   25,    0
 11745, 80987,20181122,   21,    0
 11745, 80987,20181123,   18,    0
 11745, 80987,20181124,   14,    0
 11745, 80987,20181125,   31,    0
 11745, 80987,20181126,   38,    0
 11745, 80987,20181127,   18,    0
 11745, 80987,20181128,   28,    0
 11745, 80987,20181129,   89,    0
 11745, 80987,20181130,   91,    0
 11745, 80987,20181201,   79,    0
 11745, 80987,20181202,  107,    0
 11745, 80987,20181203,  116,    0
 11745, 80987,20181204,   53,    0
 11745, 80987,20181205,   33,    0
 11745, 80987,20181206,   97,    0
 11745, 80987,20181207,  103,    0
 11745, 80987,20181208,   74,    0
 11745, 80987,20181209,   69,    0
 11745, 80987,20181210,   38,    0
 11745, 80987,20181211,   35,    0
 11745, 80987,20181212,   25,    0
 11745, 80987,20181213,   11,    0
 11745, 80987,20181214,    2,    0
 11745, 80987,20181215,   -3,    0
 11745, 80987,20181216,   -6,    0
 11745, 80987,20181217,   39,    0
 11745, 80987,20181218,   52,    0
 11745, 80987,20181219,   64,    0
 11745, 80987,20181220,   69,    0
 11745, 80987,20181221,   90,    0
 11745, 80987,20181222,   81,    0
 11745, 80987,20181223,   68,    0
 11745, 80987,20181224,   42,    0
 11745, 80987,20181225,   43,    0
 11745, 80987,20181226,   22,    0
 11745, 80987,20181227,   22,    0
 11745, 80987,20181228,    9,    0
 11745, 80987,20181229,   52,    0
 11745, 80987,20181230,   69,    0
 11745, 80987,20181231,   82,    0
 11745, 80987,20190101,   62,    0
 11745, 80987,20190102,   32,    0
 11745, 80987,20190103,   19,    0
 11745, 80987,20190104,   25,    0
 11745, 80987,20190105,   64,    0
 11745, 80987,20190106,   61,    0
 11745, 80987,20190107,   52,    0
 11745, 80987,20190108,   56,    0
 11745, 80987,20190109,   25,    0
 11745, 80987,20190110,    1,    0
 11745, 80987,20190111,   37,    0
 11745, 80987,20190112,   55,    0
 11745, 80987,20190113,   73,    0
 11745, 80987,20190114,   39,    0
 11745, 80987,20190115,   43,    0
 11745, 80987,20190116,   56,    0
 11745, 80987,20190117,   31,    0
 11745, 80987,20190118,   -2,    0
 11745, 80987,20190119,  -18,    0
 11745, 80987,20190120,  -28,    0
 11745, 80987,20190121,  -40,    0
 11745, 80987,20190122,  -27,    0
 11745, 80987,20190123,  -39,    0
 11745, 80987,20190124,  -54,    0
 11745, 80987,20190125,  -22,    0
 11745, 80987,20190126,   49,    0
 11745, 80987,20190127,   50,    0
 11745, 80987,20190128,   24,    0
 11745, 80987,20190129,   10,    0
 11745, 80987,20190130,   -6,    0
 11745, 80987,20190131,  -11,    0
 11745, 80987,20190201,    9,    0
 11745, 80987,20190202,    5,    0
 11745, 80987,20190203,    6,    0
 11745, 80987,20190204,   19,    0
 11745, 80987,20190205,   24,    0
 11745, 80987,20190206,   50,    0
 11745, 80987,20190207,   71,    0
 11745, 80987,20190208,   74,    0
 11745, 80987,20190209,   80,    0
 11745, 80987,20190210,   66,    0
 11745, 80987,20190211,   44,    0
 11745, 80987,20190212,   34,    0
 11745, 80987,20190213,   53,    0
 11745, 80987,20190214,   50,    0
 11745, 80987,20190215,   69,    0
 11745, 80987,20190216,   84,    0
 11745, 80987,20190217,   81,    0
 11745, 80987,20190218,  101,    0
 11745, 80987,20190219,   72,    0
 11745, 80987,20190220,   68,    0
 11745, 80987,20190221,   82,    0
 11745, 80987,20190222,   81,    0
 11745, 80987,20190223,   46,    0
 11745, 80987,20190224,   64,    0
 11745, 80987,20190225,   79,    0
 11745, 80987,20190226,   83,    0
 11745, 80987,20190227,   96,    0
 11745, 80987,20190228,   90,    0
 11745, 80987,20190301,   68,    0
 11745, 80987,20190302,   67,    0
 11745, 80987,20190303,  100,    0
 11745, 80987,20190304,   91,    0
 11745, 80987,20190305,   60,    0
 11745, 80987,20190306,   95,    0
 11745, 80987,20190307,   95,    0
 11745, 80987,20190308,   71,    0
 11745, 80987,20190309,   79,    0
 11745, 80987,20190310,   54,    0
 11745, 80987,20190311,   35,    0
 11745, 80987,20190312,   59,    0
 11745, 80987,20190313,   56,    0
 11745, 80987,20190314,   64,    0
 11745, 80987,20190315,   79,    0
 11745, 80987,20190316,   88,    0
 11745, 80987,20190317,   74,    0
 11745, 80987,20190318,   46,    0
 11745, 80987,20190319,   41,    0
 11745, 80987,20190320,   76,    0
 11745, 80987,20190321,  108,    0
 11745, 80987,20190322,  123,    0
 11745, 80987,20190323,   87,    0
 11745, 80987,20190324,   65,    0
 11745, 80987,20190325,   52,    0
 11745, 80987,20190326,   61,    0
 11745, 80987,20190327,   75,    0
 11745, 80987,20190328,   95,    0
 11745, 80987,20190329,  108,    0
 11745, 80987,20190330,  117,    0
 11745, 80987,20190331,   79,    0
 11745, 80987,20190401,   72,    0
 11745, 80987,20190402,   98,    0
 11745, 80987,20190403,   76,    0
 11745, 80987,20190404,   52,    0
 11745, 80987,20190405,   62,    0
 11745, 80987,20190406,  116,    0
 11745, 80987,20190407,  140,    0
 11745, 80987,20190408,  136,    0
 11745, 80987,20190409,   89,    0
 11745, 80987,20190410,   59,    0
 11745, 80987,20190411,   47,    0
 11745, 80987,20190412,   36,    0
 11745, 80987,20190413,   24,    0
 11745, 80987,20190414,   43,    0
 11745, 80987,20190415,   97,    0
 11745, 80987,20190416,  114,    0
 11745, 80987,20190417,  136,    0
 11745, 80987,20190418,  154,    0
 11745, 80987,20190419,  165,    0
 11745, 80987,20190420,  165,    0
 11745, 80987,20190421,  156,    0
 11745, 80987,20190422,  162,    0
 11745, 80987,20190423,  151,    0
 11745, 80987,20190424,  181,    0
 11745, 80987,20190425,  150,    0
 11745, 80987,20190426,  111,    0
 11745, 80987,20190427,   93,    0
 11745, 80987,20190428,   88,    0
 11745, 80987,20190429,   87,    0
 11745, 80987,20190430,  118,    0
 11745, 80987,20190501,   98,    0
 11745, 80987,20190502,   97,    0
 11745, 80987,20190503,   83,    0
 11745, 80987,20190504,   50,    0
 11745, 80987,20190505,   54,    0
 11745, 80987,20190506,   70,    0
 11745, 80987,20190507,   79,    0
 11745, 80987,20190508,   92,    0
 11745, 80987,20190509,  122,    0
 11745, 80987,20190510,  104,    0
 11745, 80987,20190511,   93,    0
 11745, 80987,20190512,   87,    0
 11745, 80987,20190513,   94,    0
 11745, 80987,20190514,   95,    0
 11745, 80987,20190515,  103,    0
 11745, 80987,20190516,   93,    0
 11745, 80987,20190517,  110,    0
 11745, 80987,20190518,  160,    0
 11745, 80987,20190519,  152,    0
 11745, 80987,20190520,  141,    0
 11745, 80987,20190521,  133,    0
 11745, 80987,20190522,  132,    0
 11745, 80987,20190523,  150,    0
 11745, 80987,20190524,  162,    0
 11745, 80987,20190525,  127,    0
 11745, 80987,20190526,  157,    0
 11745, 80987,20190527,  155,    0
 11745, 80987,20190528,  117,    0
 11745, 80987,20190529,  120,    0
 11745, 80987,20190530,  153,    0
 11745, 80987,20190531,  184,    0
 11745, 80987,20190601,  194,    0
 11745, 80987,20190602,  239,    0
 11745, 80987,20190603,  198,    0
 11745, 80987,20190604,  211,    0
 11745, 80987,20190605,  224,    0
 11745, 80987,20190606,  156,    0
 11745, 80987,20190607,  162,    0
 11745, 80987,20190608,  152,    0
 11745, 80987,20190609,  168,    0
 11745, 80987,20190610,  193,    0
 11745, 80987,20190611,  166,    0
 11745, 80987,20190612,  160,    0
 11745, 80987,20190613,  170,    0
 11745, 80987,20190614,  201,    0
 11745, 80987,20190615,  184,    0
 11745, 80987,20190616,  182,    0
 11745, 80987,20190617,  201,    0
 11745, 80987,20190618,  230,    0
 11745, 80987,20190619,  230,    0
 11745, 80987,20190620,  186,    0
 11745, 80987,20190621,  175,    0
 11745, 80987,20190622,  187,    0
 11745, 80987,20190623,  221,    0
 11745, 80987,20190624,  245,    0
 11745, 80987,20190625,  272,    0
 11745, 80987,20190626,  251,    0
 11745, 80987,20190627,  182,    0
 11745, 80987,20190628,  178,    0
 11745, 80987,20190629,  232,    0
 11745, 80987,20190630,  251,    0
 11745, 80987,20190701,  197,    0
 11745, 80987,20190702,  166,    0
 11745, 80987,20190703,  158,    0
 11745, 80987,20190704,  163,    0
 11745, 80987,20190705,  198,    0
 11745, 80987,20190706,  177,    0
 11745, 80987,20190707,  141,    0
 11745, 80987,20190708,  132,    0
 11745, 80987,20190709,  144,    0
 11745, 80987,20190710,  156,    0
 11745, 80987,20190711,  152,    0
 11745, 80987,20190712,  165,    0
 11745, 80987,20190713,  168,    0
 11745, 80987,20190714,  146,    0
 11745, 80987,20190715,  142,    0
 11745, 80987,20190716,  141,    0
 11745, 80987,20190717,  164,    0
 11745, 80987,20190718,  195,    0
 11745, 80987,20190719,  200,    0
 11745, 80987,20190720,  197,    0
 11745, 80987,20190721,  190,    0
 11745, 80987,20190722,  207,    0
 11745, 80987,20190723,  246,    0
 11745, 80987,20190724,  280,    0
 11745, 80987,20190725,  302,    0
 11745, 80987,20190726,  285,    0
 11745, 80987,20190727,  251,    0
 11745, 80987,20190728,  224,    0
 11745, 80987,20190729,  209,    0
 11745, 80987,20190730,  235,    0
 11745, 80987,20190731,  207,    0
 11745, 80987,20190801,  188,    0
 11745, 80987,20190802,  188,    0
 11745, 80987,20190803,  181,    0
 11745, 80987,20190804,  200,    0
 11745, 80987,20190805,  220,    0
 11745, 80987,20190806,  206,    0
 11745, 80987,20190807,  206,    0
 11745, 80987,20190808,  190,    0
 11745, 80987,20190809,  206,    0
 11745, 80987,20190810,  219,    0
 11745, 80987,20190811,  196,    0
 11745, 80987,20190812,  169,    0
 11745, 80987,20190813,  136,    0
 11745, 80987,20190814,  161,    0
 11745, 80987,20190815,  170,    0
 11745, 80987,20190816,  177,    0
 11745, 80987,20190817,  193,    0
 11745, 80987,20190818,  163,    0
 11745, 80987,20190819,  173,    0
 11745, 80987,20190820,  163,    0
 11745, 80987,20190821,  159,    0
 11745, 80987,20190822,  188,    0
 11745, 80987,20190823,  203,    0
 11745, 80987,20190824,  223,    0
 11745, 80987,20190825,  240,    0
 11745, 80987,20190826,  253,    0
 11745, 80987,20190827,  249,    0
 11745, 80987,20190828,  251,    0
 11745, 80987,20190829,  205,    0
 11745, 80987,20190830,  195,    0
 11745, 80987,20190831,  236,    0
 11745, 80987,20190901,  172,    0
 11745, 80987,20190902,  145,    0
 11745, 80987,20190903,  158,    0
 11745, 80987,20190904,  176,    0
 11745, 80987,20190905,  137,    0
 11745, 80987,20190906,  136,    0
 11745, 80987,20190907,  144,    0
 11745, 80987,20190908,  122,    0
 11745, 80987,20190909,  135,    0
 11745, 80987,20190910,  134,    0
 11745, 80987,20190911,  142,    0
 11745, 80987,20190912,  184,    0
 11745, 80987,20190913,  171,    0
 11745, 80987,20190914,  128,    0
 11745, 80987,20190915,  165,    0
 11745, 80987,20190916,  131,    0
 11745, 80987,20190917,  119,    0
 11745, 80987,20190918,  106,    0
 11745, 80987,20190919,  102,    0
 11745, 80987,20190920,  110,    0
 11745, 80987,20190921,  151,    0
 11745, 80987,20190922,  192,    0
 11745, 80987,20190923,  162,    0
 11745, 80987,20190924,  159,    0
 11745, 80987,20190925,  155,    0
 11745, 80987,20190926,  162,    0
 11745, 80987,20190927,  158,    0
 11745, 80987,20190928,  147,    0
 11745, 80987,20190929,  150,    0
 11745, 80987,20190930,  140,    0
 11745, 80987,20191001,  148,    0
 11745, 80987,20191002,  101,    0
 11745, 80987,20191003,   99,    0
 11745, 80987,20191004,   99,    0
 11745, 80987,20191005,   95,    0
 11745, 80987,20191006,   85,    0
 11745, 80987,20191007,   96,    0
 11745, 80987,20191008,  127,    0
 11745, 80987,20191009,  121,    0
 11745, 80987,20191010,  114,    0
 11745, 80987,20191011,  141,    0
 11745, 80987,20191012,  163,    0
 11745, 80987,20191013,  192,    0
 11745, 80987,20191014,  167,    0
 11745, 80987,20191015,  159,    0
 11745, 80987,20191016,  134,    0
 11745, 80987,20191017,  145,    0
 11745, 80987,20191018,  130,    0
 11745, 80987,20191019,  123,    0
 11745, 80987,20191020,  117,    0
 11745, 80987,20191021,  139,    0
 11745, 80987,20191022,  108,    0
 11745, 80987,20191023,  118,    0
 11745, 80987,20191024,  145,    0
 11745, 80987,20191025,  140,    0
 11745, 80987,20191026,  164,    0
 11745, 80987,20191027,  103,    0
 11745, 80987,20191028,   70,    0
 11745, 80987,20191029,   58,    0
 11745, 80987,20191030,   42,    0
 11745, 80987,20191031,   32,    0
 11745, 80987,20191101,   52,    0
 11745, 80987,20191102,  132,    0
 11745, 80987,20191103,  117,    0
 11745, 80987,20191104,  105,    0
 11745, 80987,20191105,   85,    0
 11745, 80987,20191106,   72,    0
 11745, 80987,20191107,   71,    0
 11745, 80987,20191108,   54,    0
 11745, 80987,20191109,   45,    0
 11745, 80987,20191110,   27,    0
 11745, 80987,20191111,   37,    0
 11745, 80987,20191112,   46,    0
 11745, 80987,20191113,   46,    0
 11745, 80987,20191114,   46,    0
 11745, 80987,20191115,   38,    0
 11745, 80987,20191116,   44,    0
 11745, 80987,20191117,   23,    0
 11745, 80987,20191118,   44,    0
 11745, 80987,20191119,   41,    0
 11745, 80987,20191120,   16,    0
 11745, 80987,20191121,   29,    0
 11745, 80987,20191122,   50,    0
 11745, 80987,20191123,   57,    0
 11745, 80987,20191124,   52,    0
 11745, 80987,20191125,   52,    0
 11745, 80987,20191126,   85,    0
 11745, 80987,20191127,   99,    0
 11745, 80987,20191128,   95,    0
 11745, 80987,20191129,   52,    0
 11745, 80987,20191130,   14,    0
 11745, 80987,20191201,   -8,    0
 11745, 80987,20191202,   20,    0
 11745, 80987,20191203,   51,    0
 11745, 80987,20191204,   24,    0
 11745, 80987,20191205,    4,    0
 11745, 80987,20191206,   51,    0
 11745, 80987,20191207,   83,    0
 11745, 80987,20191208,   89,    0
 11745, 80987,20191209,   61,    0
 11745, 80987,20191210,   32,    0
 11745, 80987,20191211,   41,    0
 11745, 80987,20191212,   38,    0
 11745, 80987,20191213,   32,    0
 11745, 80987,20191214,   50,    0
 11745, 80987,20191215,   70,    0
 11745, 80987,20191216,   71,    0
 11745, 80987,20191217,  115,    0
 11745, 80987,20191218,   67,    0
 11745, 80987,20191219,   92,    0
 11745, 80987,20191220,   99,    0
 11745, 80987,20191221,   76,    0
 11745, 80987,20191222,   74,    0
 11745, 80987,20191223,   71,    0
 11745, 80987,20191224,   70,    0
 11745, 80987,20191225,   68,    0
 11745, 80987,20191226,   49,    0
 11745, 80987,20191227,   27,    0
 11745, 80987,20191228,   -5,    0
 11745, 80987,20191229,    0,    0
 11745, 80987,20191230,   59,    0
 11745, 80987,20191231,   29,    0
 11745, 80987,20200101,   -8,    0
 11745, 80987,20200102,    1,    0
 11745, 80987,20200103,   70,    0
 11745, 80987,20200104,   44,    0
 11745, 80987,20200105,   49,    0
 11745, 80987,20200106,   45,    0
 11745, 80987,20200107,   58,    0
 11745, 80987,20200108,   89,    0
 11745, 80987,20200109,  113,    0
 11745, 80987,20200110,   73,    0
 11745, 80987,20200111,   36,    0
 11745, 80987,20200112,   56,    0
 11745, 80987,20200113,   70,    0
 11745, 80987,20200114,  100,    0
 11745, 80987,20200115,  111,    0
 11745, 80987,20200116,   72,    0
 11745, 80987,20200117,   84,    0
 11745, 80987,20200118,   39,    0
 11745, 80987,20200119,   28,    0
 11745, 80987,20200120,   29,    0
 11745, 80987,20200121,    6,    0
 11745, 80987,20200122,    8,    0
 11745, 80987,20200123,   18,    0
 11745, 80987,20200124,   -9,    0
 11745, 80987,20200125,   -4,    0
 11745, 80987,20200126,   34,    0
 11745, 80987,20200127,   71,    0
 11745, 80987,20200128,   50,    0
 11745, 80987,20200129,   40,    0
 11745, 80987,20200130,   74,    0
 11745, 80987,20200131,  112,    0
 11745, 80987,20200201,  106,    0
 11745, 80987,20200202,   83,    0
 11745, 80987,20200203,   90,    0
 11745, 80987,20200204,   41,    0
 11745, 80987,20200205,   33,    0
 11745, 80987,20200206,   36,    0
 11745, 80987,20200207,   46,    0
 11745, 80987,20200208,   56,    0
 11745, 80987,20200209,  103,    0
 11745, 80987,20200210,   75,    0
 11745, 80987,20200211,   44,    0
 11745, 80987,20200212,   38,    0
 11745, 80987,20200213,   41,    0
 11745, 80987,20200214,   60,    0
 11745, 80987,20200215,   85,    0
 11745, 80987,20200216,  131,    0
 11745, 80987,20200217,   77,    0
 11745, 80987,20200218,   66,    0
 11745, 80987,20200219,   52,    0
 11745, 80987,20200220,   71,    0
 11745, 80987,20200221,   59,    0
 11745, 80987,20200222,   85,    0
 11745, 80987,20200223,   81,    0
 11745, 80987,20200224,   62,    0
 11745, 80987,20200225,   71,    0
 11745, 80987,20200226,   27,    0
 11745, 80987,20200227,   24,    0
 11745, 80987,20200228,   35,    0
 11745, 80987,20200229,   88,    0
 11745, 80987,20200301,   67,    0
 11745, 80987,20200302,   66,    0
 11745, 80987,20200303,   50,    0
 11745, 80987,20200304,   51,    0
 11745, 80987,20200305,   52,    0
 11745, 80987,20200306,   41,    0
 11745, 80987,20200307,   56,    0
 11745, 80987,20200308,   86,    0
 11745, 80987,20200309,   72,    0
 11745, 80987,20200310,   89,    0
 11745, 80987,20200311,  103,    0
 11745, 80987,20200312,   91,    0
 11745, 80987,20200313,   58,    0
 11745, 80987,20200314,   56,    0
 11745, 80987,20200315,  100,    0
 11745, 80987,20200316,  102,    0
 11745, 80987,20200317,   99,    0
 11745, 80987,20200318,  108,    0
 11745, 80987,20200319,  105,    0
 11745, 80987,20200320,   68,    0
 11745, 80987,20200321,   40,    0
 11745, 80987,20200322,   32,    0
 11745, 80987,20200323,   32,    0
 11745, 80987,20200324,   39,    0
 11745, 80987,20200325,   45,    0
 11745, 80987,20200326,   54,    0
 11745, 80987,20200327,   91,    0
 11745, 80987,20200328,   79,    0
 11745, 80987,20200329,   27,    0
 11745, 80987,20200330,   13,    0
 11745, 80987,20200331,   30,    0
 11745, 80987,20200401,   38,    0
 11745, 80987,20200402,   56,    0
 11745, 80987,20200403,   70,    0
 11745, 80987,20200404,   68,    0
 11745, 80987,20200405,  118,    0
 11745, 80987,20200406,  151,    0
 11745, 80987,20200407,  135,    0
 11745, 80987,20200408,  159,    0
 11745, 80987,20200409,  141,    0
 11745, 80987,20200410,  100,    0
 11745, 80987,20200411,  119,    0
 11745, 80987,20200412,  151,    0
 11745, 80987,20200413,   79,    0
 11745, 80987,20200414,   61,    0
 11745, 80987,20200415,   85,    0
 11745, 80987,20200416,  129,    0
 11745, 80987,20200417,  111,    0
 11745, 80987,20200418,  136,    0
 11745, 80987,20200419,  120,    0
 11745, 80987,20200420,  112,    0
 11745, 80987,20200421,  125,    0
 11745, 80987,20200422,  140,    0
 11745, 80987,20200423,  147,    0
 11745, 80987,20200424,  131,    0
 11745, 80987,20200425,  103,    0
 11745, 80987,20200426,  109,    0
 11745, 80987,20200427,  135,    0
 11745, 80987,20200428,  126,    0
 11745, 80987,20200429,  124,    0
 11745, 80987,20200430,  115,    0
 11745, 80987,20200501,  100,    0
 11745, 80987,20200502,   89,    0
 11745, 80987,20200503,  102,    0
 11745, 80987,20200504,  103,    0
 11745, 80987,20200505,   84,    0
 11745, 80987,20200506,  104,    0
 11745, 80987,20200507,  120,    0
 11745, 80987,20200508,  143,    0
 11745, 80987,20200509,  165,    0
 11745, 80987,20200510,  148,    0
 11745, 80987,20200511,   78,    0
 11745, 80987,20200512,   65,    0
 11745, 80987,20200513,   79,    0
 11745, 80987,20200514,   83,    0
 11745, 80987,20200515,   90,    0
 11745, 80987,20200516,  110,    0
 11745, 80987,20200517,  117,    0
 11745, 80987,20200518,  153,    0
 11745, 80987,20200519,  161,    0
 11745, 80987,20200520,  156,    0
 11745, 80987,20200521,  176,    0
 11745, 80987,20200522,  184,    0
 11745, 80987,20200523,  143,    0
 11745, 80987,20200524,  122,    0
 11745, 80987,20200525,  144,    0
 11745, 80987,20200526,  138,    0
 11745, 80987,20200527,  164,    0
 11745, 80987,20200528,  142,    0
 11745, 80987,20200529,  148,    0
 11745, 80987,20200530,  163,    0
 11745, 80987,20200531,  155,    0
 11745, 80987,20200601,  179,    0
 11745, 80987,20200602,  204,    0
 11745, 80987,20200603,  192,    0
 11745, 80987,20200604,  131,    0
 11745, 80987,20200605,   98,    0
 11745, 80987,20200606,  118,    0
 11745, 80987,20200607,  127,    0
 11745, 80987,20200608,  139,    0
 11745, 80987,20200609,  145,    0
 11745, 80987,20200610,  141,    0
 11745, 80987,20200611,  165,    0
 11745, 80987,20200612,  202,    0
 11745, 80987,20200613,  218,    0
 11745, 80987,20200614,  186,    0
 11745, 80987,20200615,  170,    0
 11745, 80987,20200616,  173,    0
 11745, 80987,20200617,  181,    0
 11745, 80987,20200618,  174,    0
 11745, 80987,20200619,  185,    0
 11745, 80987,20200620,  175,    0
 11745, 80987,20200621,  195,    0
 11745, 80987,20200622,  185,    0
 11745, 80987,20200623,  200,    0
 11745, 80987,20200624,  209,    0
 11745, 80987,20200625,  218,    0
 11745, 80987,20200626,  224,    0
 11745, 80987,20200627,  224,    0
 11745, 80987,20200628,  181,    0
 11745, 80987,20200629,  166,    0
 11745, 80987,20200630,  168,    0
 11745, 80987,20200701,  172,    0
 11745, 80987,20200702,  167,    0
 11745, 80987,20200703,  161,    0
 11745, 80987,20200704,  181,    0
 11745, 80987,20200705,  192,    0
 11745, 80987,20200706,  141,    0
 11745, 80987,20200707,  140,    0
 11745, 80987,20200708,  143,    0
 11745, 80987,20200709,  173,    0
 11745, 80987,20200710,  157,    0
 11745, 80987,20200711,  135,    0
 11745, 80987,20200712,  152,    0
 11745, 80987,20200713,  178,    0
 11745, 80987,20200714,  163,    0
 11745, 80987,20200715,  159,    0
 11745, 80987,20200716,  154,    0
 11745, 80987,20200717,  172,    0
 11745, 80987,20200718,  199,    0
 11745, 80987,20200719,  218,    0
 11745, 80987,20200720,  173,    0
 11745, 80987,20200721,  156,    0
 11745, 80987,20200722,  159,    0
 11745, 80987,20200723,  178,    0
 11745, 80987,20200724,  194,    0
 11745, 80987,20200725,  195,    0
 11745, 80987,20200726,  190,    0
 11745, 80987,20200727,  191,    0
 11745, 80987,20200728,  194,    0
 11745, 80987,20200729,  169,    0
 11745, 80987,20200730,  177,    0
 11745, 80987,20200731,  229,    0
 11745, 80987,20200801,  231,    0
 11745, 80987,20200802,  195,    0
 11745, 80987,20200803,  167,    0
 11745, 80987,20200804,  165,    0
 11745, 80987,20200805,  212,    0
 11745, 80987,20200806,  242,    0
 11745, 80987,20200807,  250,    0
 11745, 80987,20200808,  266,    0
 11745, 80987,20200809,  242,    0
 11745, 80987,20200810,  245,    0
 11745, 80987,20200811,  260,    0
 11745, 80987,20200812,  248,    0
 11745, 80987,20200813,  243,    0
 11745, 80987,20200814,  225,    0
 11745, 80987,20200815,  209,    0
 11745, 80987,20200816,  238,    0
 11745, 80987,20200817,  207,    0
 11745, 80987,20200818,  196,    0
 11745, 80987,20200819,  207,    0
 11745, 80987,20200820,  241,    0
 11745, 80987,20200821,  246,    0
 11745, 80987,20200822,  208,    0
 11745, 80987,20200823,  174,    0
 11745, 80987,20200824,  161,    0
 11745, 80987,20200825,  171,    0
 11745, 80987,20200826,  165,    0
 11745, 80987,20200827,  162,    0
 11745, 80987,20200828,  174,    0
 11745, 80987,20200829,  160,    0
 11745, 80987,20200830,  158,    0
 11745, 80987,20200831,  157,    0
 11745, 80987,20200901,  146,    0
 11745, 80987,20200902,  141,    0
 11745, 80987,20200903,  144,    0
 11745, 80987,20200904,  182,    0
 11745, 80987,20200905,  136,    0
 11745, 80987,20200906,  135,    0
 11745, 80987,20200907,  146,    0
 11745, 80987,20200908,  163,    0
 11745, 80987,20200909,  180,    0
 11745, 80987,20200910,  137,    0
 11745, 80987,20200911,  141,    0
 11745, 80987,20200912,  154,    0
 11745, 80987,20200913,  170,    0
 11745, 80987,20200914,  210,    0
 11745, 80987,20200915,  222,    0
 11745, 80987,20200916,  199,    0
 11745, 80987,20200917,  138,    0
 11745, 80987,20200918,  143,    0
 11745, 80987,20200919,  161,    0
 11745, 80987,20200920,  157,    0
 11745, 80987,20200921,  167,    0
 11745, 80987,20200922,  165,    0
 11745, 80987,20200923,  182,    0
 11745, 80987,20200924,  159,    0
 11745, 80987,20200925,  122,    0
 11745, 80987,20200926,  105,    0
 11745, 80987,20200927,  106,    0
 11745, 80987,20200928,  117,    0
 11745, 80987,20200929,  117,    0
 11745, 80987,20200930,  143,    0
 11745, 80987,20201001,  138,    0
 11745, 80987,20201002,  139,    0
 11745, 80987,20201003,  133,    0
 11745, 80987,20201004,  121,    0
 11745, 80987,20201005,  117,    0
 11745, 80987,20201006,  124,    0
 11745, 80987,20201007,  121,    0
 11745, 80987,20201008,  127,    0
 11745, 80987,20201009,  122,    0
 11745, 80987,20201010,   94,    0
 11745, 80987,20201011,   84,    0
 11745, 80987,20201012,   88,    0
 11745, 80987,20201013,   87,    0
 11745, 80987,20201014,   85,    0
 11745, 80987,20201015,   86,    0
 11745, 80987,20201016,   87,    0
 11745, 80987,20201017,   76,    0
 11745, 80987,20201018,   79,    0
 11745, 80987,20201019,   95,    0
 11745, 80987,20201020,  102,    0
 11745, 80987,20201021,  152,    0
 11745, 80987,20201022,  157,    0
 11745, 80987,20201023,  130,    0
 11745, 80987,20201024,  135,    0
 11745, 80987,20201025,  131,    0
 11745, 80987,20201026,  105,    0
 11745, 80987,20201027,  105,    0
 11745, 80987,20201028,  120,    0
 11745, 80987,20201029,   98,    0
 11745, 80987,20201030,  131,    0
 11745, 80987,20201031,  133,    0
 11745, 80987,20201101,  147,    0
 11745, 80987,20201102,  169,    0
 11745, 80987,20201103,   98,    0
 11745, 80987,20201104,   65,    0
 11745, 80987,20201105,   59,    0
 11745, 80987,20201106,   77,    0
 11745, 80987,20201107,   85,    0
 11745, 80987,20201108,   85,    0
 11745, 80987,20201109,   90,    0
 11745, 80987,20201110,   78,    0
 11745, 80987,20201111,  101,    0
 11745, 80987,20201112,   90,    0
 11745, 80987,20201113,  100,    0
 11745, 80987,20201114,  130,    0
 11745, 80987,20201115,  137,    0
 11745, 80987,20201116,  101,    0
 11745, 80987,20201117,  105,    0
 11745, 80987,20201118,  120,    0
 11745, 80987,20201119,   84,    0
 11745, 80987,20201120,   38,    0
 11745, 80987,20201121,   59,    0
 11745, 80987,20201122,   84,    0
 11745, 80987,20201123,   54,    0
 11745, 80987,20201124,   58,    0
 11745, 80987,20201125,   47,    0
 11745, 80987,20201126,   82,    0
 11745, 80987,20201127,   42,    0
 11745, 80987,20201128,   21,    0
 11745, 80987,20201129,    4,    0
 11745, 80987,20201130,   -6,    0
 11745, 80987,20201201,   51,    0
 11745, 80987,20201202,   36,    0
 11745, 80987,20201203,   37,    0
 11745, 80987,20201204,   56,    0
 11745, 80987,20201205,   38,    0
 11745, 80987,20201206,   26,    0
 11745, 80987,20201207,   31,    0
 11745, 80987,20201208,   26,    0
 11745, 80987,20201209,    1,    0
 11745, 80987,20201210,    3,    0
 11745, 80987,20201211,   22,    0
 11745, 80987,20201212,   53,    0
 11745, 80987,20201213,   69,    0
 11745, 80987,20201214,   77,    0
 11745, 80987,20201215,   87,    0
 11745, 80987,20201216,   72,    0
 11745, 80987,20201217,   91,    0
 11745, 80987,20201218,   73,    0
 11745, 80987,20201219,   81,    0
 11745, 80987,20201220,   86,    0
 11745, 80987,20201221,   71,    0
 11745, 80987,20201222,  112,    0
 11745, 80987,20201223,  103,    0
 11745, 80987,20201224,   55,    0
 11745, 80987,20201225,   14,    0
 11745, 80987,20201226,   30,    0
 11745, 80987,20201227,   42,    0
 11745, 80987,20201228,   42,    0
 11745, 80987,20201229,   26,    0
 11745, 80987,20201230,   30,    0
 11745, 80987,20201231,   27,    0
 11745, 80987,20210101,   23,    0
 11745, 80987,20210102,   29,    0
 11745, 80987,20210103,   22,    0
 11745, 80987,20210104,   10,    0
 11745, 80987,20210105,   17,    0
 11745, 80987,20210106,   15,    0
 11745, 80987,20210107,    7,    0
 11745, 80987,20210108,   10,    0
 11745, 80987,20210109,   10,    0
 11745, 80987,20210110,   18,    0
 11745, 80987,20210111,   21,    0
 11745, 80987,20210112,   42,    0
 11745, 80987,20210113,   21,    0
 11745, 80987,20210114,    4,    0
 11745, 80987,20210115,   -4,    0
 11745, 80987,20210116,   -4,    0
 11745, 80987,20210117,    0,    0
 11745, 80987,20210118,   41,    0
 11745, 80987,20210119,   57,    0
 11745, 80987,20210120,   81,    0
 11745, 80987,20210121,   79,    0
 11745, 80987,20210122,   50,    0
 11745, 80987,20210123,   25,    0
 11745, 80987,20210124,   13,    0
 11745, 80987,20210125,    2,    0
 11745, 80987,20210126,   22,    0
 11745, 80987,20210127,   23,    0
 11745, 80987,20210128,   38,    0
 11745, 80987,20210129,   60,    0
 11745, 80987,20210130,    0,    0
 11745, 80987,20210131,  -15,    0
 11745, 80987,20210201,   13,    0
 11745, 80987,20210202,   43,    0
 11745, 80987,20210203,   82,    0
 11745, 80987,20210204,   62,    0
 11745, 80987,20210205,   51,    0
 11745, 80987,20210206,   13,    0
 11745, 80987,20210207,  -51,    0
 11745, 80987,20210208,  -80,    0
 11745, 80987,20210209,  -91,    0
 11745, 80987,20210210,  -76,    0
 11745, 80987,20210211,  -57,    0
 11745, 80987,20210212,  -89,    0
 11745, 80987,20210213,  -81,    0
 11745, 80987,20210214,  -60,    0
 11745, 80987,20210215,    8,    0
 11745, 80987,20210216,   54,    0
 11745, 80987,20210217,   77,    0
 11745, 80987,20210218,   82,    0
 11745, 80987,20210219,   69,    0
 11745, 80987,20210220,  112,    0
 11745, 80987,20210221,  116,    0
 11745, 80987,20210222,  115,    0
 11745, 80987,20210223,  140,    0
 11745, 80987,20210224,  141,    0
 11745, 80987,20210225,  131,    0
 11745, 80987,20210226,   75,    0
 11745, 80987,20210227,   40,    0
 11745, 80987,20210228,   43,    0
 11745, 80987,20210301,   37,    0
 11745, 80987,20210302,   77,    0
 11745, 80987,20210303,   80,    0
 11745, 80987,20210304,   31,    0
 11745, 80987,20210305,   16,    0
 11745, 80987,20210306,   13,    0
 11745, 80987,20210307,   13,    0
 11745, 80987,20210308,   32,    0
 11745, 80987,20210309,   36,    0
 11745, 80987,20210310,   58,    0
 11745, 80987,20210311,   86,    0
 11745, 80987,20210312,   63,    0
 11745, 80987,20210313,   58,    0
 11745, 80987,20210314,   50,    0
 11745, 80987,20210315,   54,    0
 11745, 80987,20210316,   53,    0
 11745, 80987,20210317,   33,    0
 11745, 80987,20210318,   18,    0
 11745, 80987,20210319,   30,    0
 11745, 80987,20210320,   22,    0
 11745, 80987,20210321,   54,    0
 11745, 80987,20210322,   52,    0
 11745, 80987,20210323,   68,    0
 11745, 80987,20210324,   81,    0
 11745, 80987,20210325,   84,    0
 11745, 80987,20210326,  108,    0
 11745, 80987,20210327,   55,    0
 11745, 80987,20210328,   92,    0
 11745, 80987,20210329,  136,    0
 11745, 80987,20210330,  146,    0
 11745, 80987,20210331,  158,    0
 11745, 80987,20210401,  117,    0
 11745, 80987,20210402,   53,    0
 11745, 80987,20210403,   59,    0
 11745, 80987,20210404,   49,    0
 11745, 80987,20210405,   27,    0
 11745, 80987,20210406,   12,    0
 11745, 80987,20210407,   18,    0
 11745, 80987,20210408,   33,    0
 11745, 80987,20210409,   76,    0
 11745, 80987,20210410,   72,    0
 11745, 80987,20210411,   58,    0
 11745, 80987,20210412,   27,    0
 11745, 80987,20210413,   38,    0
 11745, 80987,20210414,   32,    0
 11745, 80987,20210415,   44,    0
 11745, 80987,20210416,   71,    0
 11745, 80987,20210417,   70,    0
 11745, 80987,20210418,   92,    0
 11745, 80987,20210419,  104,    0
 11745, 80987,20210420,  117,    0
 11745, 80987,20210421,   97,    0
 11745, 80987,20210422,   67,    0
 11745, 80987,20210423,   69,    0
 11745, 80987,20210424,   70,    0
 11745, 80987,20210425,   57,    0
 11745, 80987,20210426,   72,    0
 11745, 80987,20210427,   86,    0
 11745, 80987,20210428,  122,    0
 11745, 80987,20210429,  101,    0
 11745, 80987,20210430,   77,    0
 11745, 80987,20210501,   85,    0
 11745, 80987,20210502,   69,    0
 11745, 80987,20210503,   86,    0
 11745, 80987,20210504,   96,    0
 11745, 80987,20210505,   62,    0
 11745, 80987,20210506,   63,    0
 11745, 80987,20210507,   65,    0
 11745, 80987,20210508,   95,    0
 11745, 80987,20210509,  207,    0
 11745, 80987,20210510,  189,    0
 11745, 80987,20210511,  135,    0
 11745, 80987,20210512,  132,    0
 11745, 80987,20210513,  127,    0
 11745, 80987,20210514,  121,    0
 11745, 80987,20210515,  109,    0
 11745, 80987,20210516,  113,    0
 11745, 80987,20210517,  109,    0
 11745, 80987,20210518,  105,    0
 11745, 80987,20210519,  104,    0
 11745, 80987,20210520,  117,    0
 11745, 80987,20210521,  139,    0
 11745, 80987,20210522,  102,    0
 11745, 80987,20210523,  112,    0
 11745, 80987,20210524,  133,    0
 11745, 80987,20210525,   94,    0
 11745, 80987,20210526,  110,    0
 11745, 80987,20210527,  100,    0
 11745, 80987,20210528,  125,    0
 11745, 80987,20210529,  110,    0
 11745, 80987,20210530,  140,    0
 11745, 80987,20210531,  155,    0
 11745, 80987,20210601,  170,    0
 11745, 80987,20210602,  207,    0
 11745, 80987,20210603,  202,    0
 11745, 80987,20210604,  211,    0
 11745, 80987,20210605,  194,    0
 11745, 80987,20210606,  157,    0
 11745, 80987,20210607,  166,    0
 11745, 80987,20210608,  177,    0
 11745, 80987,20210609,  209,    0
 11745, 80987,20210610,  207,    0
 11745, 80987,20210611,  210,    0
 11745, 80987,20210612,  178,    0
 11745, 80987,20210613,  159,    0
 11745, 80987,20210614,  202,    0
 11745, 80987,20210615,  191,    0
 11745, 80987,20210616,  226,    0
 11745, 80987,20210617,  273,    0
 11745, 80987,20210618,  258,    0
 11745, 80987,20210619,  247,    0
 11745, 80987,20210620,  222,    0
 11745, 80987,20210621,  168,    0
 11745, 80987,20210622,  149,    0
 11745, 80987,20210623,  161,    0
 11745, 80987,20210624,  168,    0
 11745, 80987,20210625,  176,    0
 11745, 80987,20210626,  203,    0
 11745, 80987,20210627,  210,    0
 11745, 80987,20210628,  211,    0
 11745, 80987,20210629,  206,    0
 11745, 80987,20210630,  168,    0
 11745, 80987,20210701,  137,    0
 11745, 80987,20210702,  163,    0
 11745, 80987,20210703,  190,    0
 11745, 80987,20210704,  184,    0
 11745, 80987,20210705,  170,    0
 11745, 80987,20210706,  193,    0
 11745, 80987,20210707,  187,    0
 11745, 80987,20210708,  181,    0
 11745, 80987,20210709,  183,    0
 11745, 80987,20210710,  185,    0
 11745, 80987,20210711,  186,    0
 11745, 80987,20210712,  203,    0
 11745, 80987,20210713,  203,    0
 11745, 80987,20210714,  185,    0
 11745, 80987,20210715,  193,    0
 11745, 80987,20210716,  179,    0
 11745, 80987,20210717,  200,    0
 11745, 80987,20210718,  201,    0
 11745, 80987,20210719,  164,    0
 11745, 80987,20210720,  171,    0
 11745, 80987,20210721,  182,    0
 11745, 80987,20210722,  190,    0
 11745, 80987,20210723,  184,    0
 11745, 80987,20210724,  194,    0
 11745, 80987,20210725,  206,    0
 11745, 80987,20210726,  209,    0
 11745, 80987,20210727,  185,    0
 11745, 80987,20210728,  184,    0
 11745, 80987,20210729,  174,    0
 11745, 80987,20210730,  188,    0
 11745, 80987,20210731,  165,    0
 11745, 80987,20210801,  163,    0
 11745, 80987,20210802,  150,    0
 11745, 80987,20210803,  151,    0
 11745, 80987,20210804,  168,    0
 11745, 80987,20210805,  178,    0
 11745, 80987,20210806,  176,    0
 11745, 80987,20210807,  185,    0
 11745, 80987,20210808,  165,    0
 11745, 80987,20210809,  170,    0
 11745, 80987,20210810,  167,    0
 11745, 80987,20210811,  180,    0
 11745, 80987,20210812,  199,    0
 11745, 80987,20210813,  198,    0
 11745, 80987,20210814,  186,    0
 11745, 80987,20210815,  200,    0
 11745, 80987,20210816,  152,    0
 11745, 80987,20210817,  143,    0
 11745, 80987,20210818,  162,    0
 11745, 80987,20210819,  161,    0
 11745, 80987,20210820,  173,    0
 11745, 80987,20210821,  189,    0
 11745, 80987,20210822,  186,    0
 11745, 80987,20210823,  174,    0
 11745, 80987,20210824,  155,    0
 11745, 80987,20210825,  159,    0
 11745, 80987,20210826,  149,    0
 11745, 80987,20210827,  142,    0
 11745, 80987,20210828,  150,    0
 11745, 80987,20210829,  154,    0
 11745, 80987,20210830,  169,    0
 11745, 80987,20210831,  165,    0
 11745, 80987,20210901,  147,    0
 11745, 80987,20210902,  150,    0
 11745, 80987,20210903,  172,    0
 11745, 80987,20210904,  150,    0
 11745, 80987,20210905,  160,    0
 11745, 80987,20210906,  165,    0
 11745, 80987,20210907,  177,    0
 11745, 80987,20210908,  195,    0
 11745, 80987,20210909,  208,    0
 11745, 80987,20210910,  205,    0
 11745, 80987,20210911,  185,    0
 11745, 80987,20210912,  170,    0
 11745, 80987,20210913,  151,    0
 11745, 80987,20210914,  181,    0
 11745, 80987,20210915,  189,    0
 11745, 80987,20210916,  150,    0
 11745, 80987,20210917,  148,    0
 11745, 80987,20210918,  152,    0
 11745, 80987,20210919,  135,    0
 11745, 80987,20210920,  114,    0
 11745, 80987,20210921,  118,    0
 11745, 80987,20210922,  132,    0
 11745, 80987,20210923,  147,    0
 11745, 80987,20210924,  155,    0
 11745, 80987,20210925,  167,    0
 11745, 80987,20210926,  180,    0
 11745, 80987,20210927,  173,    0
 11745, 80987,20210928,  132,    0
 11745, 80987,20210929,  110,    0
 11745, 80987,20210930,  111,    0
 11745, 80987,20211001,  139,    0
 11745, 80987,20211002,  148,    0
 11745, 80987,20211003,  170,    0
 11745, 80987,20211004,  129,    0
 11745, 80987,20211005,  127,    0
 11745, 80987,20211006,  115,    0
 11745, 80987,20211007,  114,    0
 11745, 80987,20211008,  113,    0
 11745, 80987,20211009,  103,    0
 11745, 80987,20211010,   95,    0
 11745, 80987,20211011,  107,    0
 11745, 80987,20211012,   92,    0
 11745, 80987,20211013,   85,    0
 11745, 80987,20211014,  112,    0
 11745, 80987,20211015,  101,    0
 11745, 80987,20211016,   69,    0
 11745, 80987,20211017,   87,    0
 11745, 80987,20211018,  110,    0
 11745, 80987,20211019,  146,    0
 11745, 80987,20211020,  163,    0
 11745, 80987,20211021,  101,    0
 11745, 80987,20211022,   74,    0
 11745, 80987,20211023,   69,    0
 11745, 80987,20211024,   76,    0
 11745, 80987,20211025,  101,    0
 11745, 80987,20211026,  120,    0
 11745, 80987,20211027,  129,    0
 11745, 80987,20211028,  107,    0
 11745, 80987,20211029,  119,    0
 11745, 80987,20211030,  119,    0
 11745, 80987,20211031,  137,    0
 11745, 80987,20211101,  104,    0
 11745, 80987,20211102,   85,    0
 11745, 80987,20211103,   56,    0
 11745, 80987,20211104,   66,    0
 11745, 80987,20211105,   74,    0
 11745, 80987,20211106,   83,    0
 11745, 80987,20211107,   86,    0
 11745, 80987,20211108,   77,    0
 11745, 80987,20211109,   80,    0
 11745, 80987,20211110,   45,    0
 11745, 80987,20211111,   49,    0
 11745, 80987,20211112,   73,    0
 11745, 80987,20211113,   77,    0
 11745, 80987,20211114,   72,    0
 11745, 80987,20211115,   59,    0
 11745, 80987,20211116,   47,    0
 11745, 80987,20211117,   59,    0
 11745, 80987,20211118,   81,    0
 11745, 80987,20211119,  101,    0
 11745, 80987,20211120,   94,    0
 11745, 80987,20211121,   68,    0
 11745, 80987,20211122,   33,    0
 11745, 80987,20211123,   36,    0
 11745, 80987,20211124,   56,    0
 11745, 80987,20211125,   33,    0
 11745, 80987,20211126,   39,    0
 11745, 80987,20211127,   29,    0
 11745, 80987,20211128,   15,    0
 11745, 80987,20211129,   14,    0
 11745, 80987,20211130,   57,    0
 11745, 80987,20211201,   74,    0
 11745, 80987,20211202,   20,    0
 11745, 80987,20211203,   23,    0
 11745, 80987,20211204,   38,    0
 11745, 80987,20211205,   39,    0
 11745, 80987,20211206,   25,    0
 11745, 80987,20211207,   29,    0
 11745, 80987,20211208,   42,    0
 11745, 80987,20211209,   37,    0
 11745, 80987,20211210,   17,    0
 11745, 80987,20211211,   -8,    0
 11745, 80987,20211212,   59,    0
 11745, 80987,20211213,   86,    0
 11745, 80987,20211214,   75,    0
 11745, 80987,20211215,   84,    0
 11745, 80987,20211216,   84,    0
 11745, 80987,20211217,   76,    0
 11745, 80987,20211218,   62,    0
 11745, 80987,20211219,   58,    0
 11745, 80987,20211220,    8,    0
 11745, 80987,20211221,  -33,    0
 11745, 80987,20211222,  -36,    0
 11745, 80987,20211223,   12,    0
 11745, 80987,20211224,   66,    0
 11745, 80987,20211225,  -20,    0
 11745, 80987,20211226,  -21,    0
 11745, 80987,20211227,   33,    0
 11745, 80987,20211228,   73,    0
 11745, 80987,20211229,   85,    0
 11745, 80987,20211230,  129,    0
 11745, 80987,20211231,  132,    0
 11745, 80987,20220101,  123,    0
 11745, 80987,20220102,  117,    0
 11745, 80987,20220103,   93,    0
 11745, 80987,20220104,   64,    0
 11745, 80987,20220105,   33,    0
 11745, 80987,20220106,   23,    0
 11745, 80987,20220107,   25,    0
 11745, 80987,20220108,   19,    0
 11745, 80987,20220109,   42,    0
 11745, 80987,20220110,   24,    0
 11745, 80987,20220111,   11,    0
 11745, 80987,20220112,   24,    0
 11745, 80987,20220113,   18,    0
 11745, 80987,20220114,   21,    0
 11745, 80987,20220115,   25,    0
 11745, 80987,20220116,   31,    0
 11745, 80987,20220117,   58,    0
 11745, 80987,20220118,   58,    0
 11745, 80987,20220119,   29,    0
 11745, 80987,20220120,   25,    0
 11745, 80987,20220121,   26,    0
 11745, 80987,20220122,   52,    0
 11745, 80987,20220123,   50,    0
 11745, 80987,20220124,   42,    0
 11745, 80987,20220125,   28,    0
 11745, 80987,20220126,   20,    0
 11745, 80987,20220127,   47,    0
 11745, 80987,20220128,   46,    0
 11745, 80987,20220129,   72,    0
 11745, 80987,20220130,   46,    0
 11745, 80987,20220131,   40,    0
 11745, 80987,20220201,   48,    0
 11745, 80987,20220202,   60,    0
 11745, 80987,20220203,   66,    0
 11745, 80987,20220204,   61,    0
 11745, 80987,20220205,   47,    0
 11745, 80987,20220206,   58,    0
 11745, 80987,20220207,   47,    0
 11745, 80987,20220208,   76,    0
 11745, 80987,20220209,   85,    0
 11745, 80987,20220210,   61,    0
 11745, 80987,20220211,   33,    0
 11745, 80987,20220212,   21,    0
 11745, 80987,20220213,   53,    0
 11745, 80987,20220214,   91,    0
 11745, 80987,20220215,   68,    0
 11745, 80987,20220216,   97,    0
 11745, 80987,20220217,   83,    0
 11745, 80987,20220218,   79,    0
 11745, 80987,20220219,   53,    0
 11745, 80987,20220220,   75,    0
 11745, 80987,20220221,   48,    0
 11745, 80987,20220222,   59,    0
 11745, 80987,20220223,   67,    0
 11745, 80987,20220224,   69,    0
 11745, 80987,20220225,   33,    0
 11745, 80987,20220226,   28,    0
 11745, 80987,20220227,   34,    0
 11745, 80987,20220228,   42,    0
 11745, 80987,20220301,   40,    0
 11745, 80987,20220302,   45,    0
 11745, 80987,20220303,   38,    0
 11745, 80987,20220304,   12,    0
 11745, 80987,20220305,   18,    0
 11745, 80987,20220306,    9,    0
 11745, 80987,20220307,   23,    0
 11745, 80987,20220308,   39,    0
 11745, 80987,20220309,   54,    0
 11745, 80987,20220310,   80,    0
 11745, 80987,20220311,   72,    0
 11745, 80987,20220312,   85,    0
 11745, 80987,20220313,   89,    0
 11745, 80987,20220314,   84,    0
 11745, 80987,20220315,   69,    0
 11745, 80987,20220316,   78,    0
 11745, 80987,20220317,   79,    0
 11745, 80987,20220318,   68,    0
 11745, 80987,20220319,   73,    0
 11745, 80987,20220320,   78,    0
 11745, 80987,20220321,  103,    0
 11745, 80987,20220322,  110,    0
 11745, 80987,20220323,  108,    0
 11745, 80987,20220324,  107,    0
 11745, 80987,20220325,  102,    0
 11745, 80987,20220326,  112,    0
 11745, 80987,20220327,   98,    0
 11745, 80987,20220328,   94,    0
 11745, 80987,20220329,   73,    0
 11745, 80987,20220330,   55,    0
 11745, 80987,20220331,   38,    0
 11745, 80987,20220401,    2,    0
 11745, 80987,20220402,   20,    0
 11745, 80987,20220403,   23,    0
 11745, 80987,20220404,   40,    0
 11745, 80987,20220405,   86,    0
 11745, 80987,20220406,   91,    0
 11745, 80987,20220407,   86,    0
 11745, 80987,20220408,   60,    0
 11745, 80987,20220409,   41,    0
 11745, 80987,20220410,   46,    0
 11745, 80987,20220411,   82,    0
 11745, 80987,20220412,  138,    0
 11745, 80987,20220413,  160,    0
 11745, 80987,20220414,  134,    0
 11745, 80987,20220415,   85,    0
 11745, 80987,20220416,   91,    0
 11745, 80987,20220417,   96,    0
 11745, 80987,20220418,  115,    0
 11745, 80987,20220419,  111,    0
 11745, 80987,20220420,  107,    0
 11745, 80987,20220421,  100,    0
 11745, 80987,20220422,  114,    0
 11745, 80987,20220423,  130,    0
 11745, 80987,20220424,  116,    0
 11745, 80987,20220425,   89,    0
 11745, 80987,20220426,  101,    0
 11745, 80987,20220427,   97,    0
 11745, 80987,20220428,  102,    0
 11745, 80987,20220429,   97,    0
 11745, 80987,20220430,   96,    0
 11745, 80987,20220501,  105,    0
 11745, 80987,20220502,  124,    0
 11745, 80987,20220503,  116,    0
 11745, 80987,20220504,  113,    0
 11745, 80987,20220505,  128,    0
 11745, 80987,20220506,  141,    0
 11745, 80987,20220507,  144,    0
 11745, 80987,20220508,  121,    0
 11745, 80987,20220509,  160,    0
 11745, 80987,20220510,  195,    0
 11745, 80987,20220511,  197,    0
 11745, 80987,20220512,  145,    0
 11745, 80987,20220513,  137,    0
 11745, 80987,20220514,  152,    0
 11745, 80987,20220515,  172,    0
 11745, 80987,20220516,  175,    0
 11745, 80987,20220517,  166,    0
 11745, 80987,20220518,  221,    0
 11745, 80987,20220519,  202,    0
 11745, 80987,20220520,  164,    0
 11745, 80987,20220521,  138,    0
 11745, 80987,20220522,  149,    0
 11745, 80987,20220523,  179,    0
 11745, 80987,20220524,  139,    0
 11745, 80987,20220525,  145,    0
 11745, 80987,20220526,  161,    0
 11745, 80987,20220527,  139,    0
 11745, 80987,20220528,  116,    0
 11745, 80987,20220529,   99,    0
 11745, 80987,20220530,  105,    0
 11745, 80987,20220531,  117,    0
 11745, 80987,20220601,  116,    0
 11745, 80987,20220602,  130,    0
 11745, 80987,20220603,  173,    0
 11745, 80987,20220604,  181,    0
 11745, 80987,20220605,  178,    0
 11745, 80987,20220606,  166,    0
 11745, 80987,20220607,  163,    0
 11745, 80987,20220608,  165,    0
 11745, 80987,20220609,  156,    0
 11745, 80987,20220610,  177,    0
 11745, 80987,20220611,  202,    0
 11745, 80987,20220612,  183,    0
 11745, 80987,20220613,  148,    0
 11745, 80987,20220614,  150,    0
 11745, 80987,20220615,  188,    0
 11745, 80987,20220616,  178,    0
 11745, 80987,20220617,  207,    0
 11745, 80987,20220618,  255,    0
 11745, 80987,20220619,  182,    0
 11745, 80987,20220620,  155,    0
 11745, 80987,20220621,  163,    0
 11745, 80987,20220622,  205,    0
 11745, 80987,20220623,  239,    0
 11745, 80987,20220624,  210,    0
 11745, 80987,20220625,  216,    0
 11745, 80987,20220626,  197,    0
 11745, 80987,20220627,  166,    0
 11745, 80987,20220628,  182,    0
 11745, 80987,20220629,  212,    0
 11745, 80987,20220630,  231,    0
 11745, 80987,20220701,  167,    0
 11745, 80987,20220702,  200,    0
 11745, 80987,20220703,  207,    0
 11745, 80987,20220704,  185,    0
 11745, 80987,20220705,  181,    0
 11745, 80987,20220706,  164,    0
 11745, 80987,20220707,  162,    0
 11745, 80987,20220708,  176,    0
 11745, 80987,20220709,  179,    0
 11745, 80987,20220710,  149,    0
 11745, 80987,20220711,  170,    0
 11745, 80987,20220712,  204,    0
 11745, 80987,20220713,  239,    0
 11745, 80987,20220714,  182,    0
 11745, 80987,20220715,  166,    0
 11745, 80987,20220716,  179,    0
 11745, 80987,20220717,  184,    0
 11745, 80987,20220718,  241,    0
 11745, 80987,20220719,  281,    0
 11745, 80987,20220720,  275,    0
 11745, 80987,20220721,  192,    0
 11745, 80987,20220722,  168,    0
 11745, 80987,20220723,  187,    0
 11745, 80987,20220724,  234,    0
 11745, 80987,20220725,  247,    0
 11745, 80987,20220726,  177,    0
 11745, 80987,20220727,  160,    0
 11745, 80987,20220728,  176,    0
 11745, 80987,20220729,  198,    0
 11745, 80987,20220730,  200,    0
 11745, 80987,20220731,  203,    0
 11745, 80987,20220801,  186,    0
 11745, 80987,20220802,  210,    0
 11745, 80987,20220803,  253,    0
 11745, 80987,20220804,  258,    0
 11745, 80987,20220805,  179,    0
 11745, 80987,20220806,  160,    0
 11745, 80987,20220807,  180,    0
 11745, 80987,20220808,  192,    0
 11745, 80987,20220809,  208,    0
 11745, 80987,20220810,  224,    0
 11745, 80987,20220811,  235,    0
 11745, 80987,20220812,  238,    0
 11745, 80987,20220813,  244,    0
 11745, 80987,20220814,  250,    0
 11745, 80987,20220815,  226,    0
 11745, 80987,20220816,  234,    0
 11745, 80987,20220817,  219,    0
 11745, 80987,20220818,  199,    0
 11745, 80987,20220819,  215,    0
 11745, 80987,20220820,  197,    0
 11745, 80987,20220821,  195,    0
 11745, 80987,20220822,  201,    0
 11745, 80987,20220823,  237,    0
 11745, 80987,20220824,  247,    0
 11745, 80987,20220825,  246,    0
 11745, 80987,20220826,  208,    0
 11745, 80987,20220827,  183,    0
 11745, 80987,20220828,  171,    0
 11745, 80987,20220829,  165,    0
 11745, 80987,20220830,  185,    0
 11745, 80987,20220831,  182,    0
 11745, 80987,20220901,  178,    0
 11745, 80987,20220902,  188,    0
 11745, 80987,20220903,  192,    0
 11745, 80987,20220904,  205,    0
 11745, 80987,20220905,  228,    0
 11745, 80987,20220906,  240,    0
 11745, 80987,20220907,  198,    0
 11745, 80987,20220908,  175,    0
 11745, 80987,20220909,  171,    0
 11745, 80987,20220910,  159,    0
 11745, 80987,20220911,  155,    0
 11745, 80987,20220912,  170,    0
 11745, 80987,20220913,  190,    0
 11745, 80987,20220914,  142,    0
 11745, 80987,20220915,  141,    0
 11745, 80987,20220916,  132,    0
 11745, 80987,20220917,  112,    0
 11745, 80987,20220918,  102,    0
 11745, 80987,20220919,  117,    0
 11745, 80987,20220920,  109,    0
 11745, 80987,20220921,  104,    0
 11745, 80987,20220922,  116,    0
 11745, 80987,20220923,  133,    0
 11745, 80987,20220924,  134,    0
 11745, 80987,20220925,  124,    0
 11745, 80987,20220926,  109,    0
 11745, 80987,20220927,   98,    0
 11745, 80987,20220928,   91,    0
 11745, 80987,20220929,   93,    0
 11745, 80987,20220930,  107,    0
 11745, 80987,20221001,  127,    0
 11745, 80987,20221002,  133,    0
 11745, 80987,20221003,  110,    0
 11745, 80987,20221004,  133,    0
 11745, 80987,20221005,  158,    0
 11745, 80987,20221006,  131,    0
 11745, 80987,20221007,  124,    0
 11745, 80987,20221008,  111,    0
 11745, 80987,20221009,  102,    0
 11745, 80987,20221010,  118,    0
 11745, 80987,20221011,   85,    0
 11745, 80987,20221012,   89,    0
 11745, 80987,20221013,  128,    0
 11745, 80987,20221014,  138,    0
 11745, 80987,20221015,  148,    0
 11745, 80987,20221016,  151,    0
 11745, 80987,20221017,  174,    0
 11745, 80987,20221018,  142,    0
 11745, 80987,20221019,   89,    0
 11745, 80987,20221020,  104,    0
 11745, 80987,20221021,  142,    0
 11745, 80987,20221022,  141,    0
 11745, 80987,20221023,  145,    0
 11745, 80987,20221024,  156,    0
 11745, 80987,20221025,  132,    0
 11745, 80987,20221026,  140,    0
 11745, 80987,20221027,  168,    0
 11745, 80987,20221028,  187,    0
 11745, 80987,20221029,  175,    0
 11745, 80987,20221030,  172,    0
 11745, 80987,20221031,  141,    0
