EUROPEAN CLIMATE ASSESSMENT & DATASET (ECA&D), file created on: 16-11-2022
THESE DATA CAN BE USED FOR NON-COMMERCIAL RESEARCH AND EDUCATION PROVIDED THAT THE FOLLOWING SOURCE IS ACKNOWLEDGED: 

Klein Tank, A.M.G. and Coauthors, 2002. Daily dataset of 20th-century surface
air temperature and precipitation series for the European Climate Assessment.
Int. J. of Climatol., 22, 1441-1453.
Data and metadata available at http://www.ecad.eu

FILE FORMAT (MISSING VALUE CODE = -9999):

01-06 STAID: Station identifier
08-13 SOUID: Source identifier
15-22 DATE : Date YYYYMMDD
24-28 TG   : Mean temperature in 0.1 &#176;C
30-34 Q_TG : quality code for TG (0='valid'; 1='suspect'; 9='missing')

This is the blended series of station MORTENHALSSKOLTEN, NORWAY (STAID: 18297)
Blended and updated with sources:99655 
See files sources.txt and stations.txt for more info.

STAID, SOUID,    DATE,   TG, Q_TG
 18297, 99655,20160401,-9999,    9
 18297, 99655,20160402,-9999,    9
 18297, 99655,20160403,-9999,    9
 18297, 99655,20160404,-9999,    9
 18297, 99655,20160405,-9999,    9
 18297, 99655,20160406,  -33,    0
 18297, 99655,20160407,  -22,    0
 18297, 99655,20160408,   -9,    0
 18297, 99655,20160409,  -13,    0
 18297, 99655,20160410,  -28,    0
 18297, 99655,20160411,  -34,    0
 18297, 99655,20160412,  -55,    0
 18297, 99655,20160413,  -76,    0
 18297, 99655,20160414,  -74,    0
 18297, 99655,20160415,  -43,    0
 18297, 99655,20160416,  -36,    0
 18297, 99655,20160417,  -34,    0
 18297, 99655,20160418,  -30,    0
 18297, 99655,20160419,  -40,    0
 18297, 99655,20160420,  -45,    0
 18297, 99655,20160421,  -44,    0
 18297, 99655,20160422,  -30,    0
 18297, 99655,20160423,  -47,    0
 18297, 99655,20160424,  -46,    0
 18297, 99655,20160425,  -38,    0
 18297, 99655,20160426,  -24,    0
 18297, 99655,20160427,   22,    0
 18297, 99655,20160428,   52,    0
 18297, 99655,20160429,   59,    0
 18297, 99655,20160430,   54,    0
 18297, 99655,20160501,   41,    0
 18297, 99655,20160502,   47,    0
 18297, 99655,20160503,   43,    0
 18297, 99655,20160504,   28,    0
 18297, 99655,20160505,   25,    0
 18297, 99655,20160506,   29,    0
 18297, 99655,20160507,   32,    0
 18297, 99655,20160508,    6,    0
 18297, 99655,20160509,   -5,    0
 18297, 99655,20160510,  -12,    0
 18297, 99655,20160511,  -10,    0
 18297, 99655,20160512,   -5,    0
 18297, 99655,20160513,   -2,    0
 18297, 99655,20160514,    5,    0
 18297, 99655,20160515,   -1,    0
 18297, 99655,20160516,   -9,    0
 18297, 99655,20160517,  -25,    0
 18297, 99655,20160518,  -27,    0
 18297, 99655,20160519,  -17,    0
 18297, 99655,20160520,   -4,    0
 18297, 99655,20160521,   50,    0
 18297, 99655,20160522,   80,    0
 18297, 99655,20160523,   62,    0
 18297, 99655,20160524,   24,    0
 18297, 99655,20160525,    9,    0
 18297, 99655,20160526,   34,    0
 18297, 99655,20160527,   90,    0
 18297, 99655,20160528,  106,    0
 18297, 99655,20160529,  130,    0
 18297, 99655,20160530,  140,    0
 18297, 99655,20160531,  110,    0
 18297, 99655,20160601,   16,    0
 18297, 99655,20160602,   26,    0
 18297, 99655,20160603,   -7,    0
 18297, 99655,20160604,  -15,    0
 18297, 99655,20160605,  -17,    0
 18297, 99655,20160606,   11,    0
 18297, 99655,20160607,    4,    0
 18297, 99655,20160608,   -9,    0
 18297, 99655,20160609,  -13,    0
 18297, 99655,20160610,    4,    0
 18297, 99655,20160611,    9,    0
 18297, 99655,20160612,    8,    0
 18297, 99655,20160613,   15,    0
 18297, 99655,20160614,   14,    0
 18297, 99655,20160615,   24,    0
 18297, 99655,20160616,   33,    0
 18297, 99655,20160617,   75,    0
 18297, 99655,20160618,   32,    0
 18297, 99655,20160619,   12,    0
 18297, 99655,20160620,   19,    0
 18297, 99655,20160621,   68,    0
 18297, 99655,20160622,   40,    0
 18297, 99655,20160623,   66,    0
 18297, 99655,20160624,   64,    0
 18297, 99655,20160625,   50,    0
 18297, 99655,20160626,   68,    0
 18297, 99655,20160627,  150,    0
 18297, 99655,20160628,   95,    0
 18297, 99655,20160629,   88,    0
 18297, 99655,20160630,  138,    0
 18297, 99655,20160701,  136,    0
 18297, 99655,20160702,  135,    0
 18297, 99655,20160703,  104,    0
 18297, 99655,20160704,   91,    0
 18297, 99655,20160705,   62,    0
 18297, 99655,20160706,   59,    0
 18297, 99655,20160707,   46,    0
 18297, 99655,20160708,   52,    0
 18297, 99655,20160709,   56,    0
 18297, 99655,20160710,   46,    0
 18297, 99655,20160711,   86,    0
 18297, 99655,20160712,  148,    0
 18297, 99655,20160713,   98,    0
 18297, 99655,20160714,   49,    0
 18297, 99655,20160715,   52,    0
 18297, 99655,20160716,   85,    0
 18297, 99655,20160717,   67,    0
 18297, 99655,20160718,   38,    0
 18297, 99655,20160719,   48,    0
 18297, 99655,20160720,   62,    0
 18297, 99655,20160721,  127,    0
 18297, 99655,20160722,  184,    0
 18297, 99655,20160723,  179,    0
 18297, 99655,20160724,  137,    0
 18297, 99655,20160725,  112,    0
 18297, 99655,20160726,  153,    0
 18297, 99655,20160727,  125,    0
 18297, 99655,20160728,  108,    0
 18297, 99655,20160729,  107,    0
 18297, 99655,20160730,   99,    0
 18297, 99655,20160731,   94,    0
 18297, 99655,20160801,   62,    0
 18297, 99655,20160802,   90,    0
 18297, 99655,20160803,   98,    0
 18297, 99655,20160804,   97,    0
 18297, 99655,20160805,  103,    0
 18297, 99655,20160806,   62,    0
 18297, 99655,20160807,   54,    0
 18297, 99655,20160808,   90,    0
 18297, 99655,20160809,   46,    0
 18297, 99655,20160810,   23,    0
 18297, 99655,20160811,   47,    0
 18297, 99655,20160812,   43,    0
 18297, 99655,20160813,   49,    0
 18297, 99655,20160814,   44,    0
 18297, 99655,20160815,   70,    0
 18297, 99655,20160816,   64,    0
 18297, 99655,20160817,  108,    0
 18297, 99655,20160818,  142,    0
 18297, 99655,20160819,  129,    0
 18297, 99655,20160820,  130,    0
 18297, 99655,20160821,   92,    0
 18297, 99655,20160822,   99,    0
 18297, 99655,20160823,   31,    0
 18297, 99655,20160824,   57,    0
 18297, 99655,20160825,   42,    0
 18297, 99655,20160826,   49,    0
 18297, 99655,20160827,   14,    0
 18297, 99655,20160828,   16,    0
 18297, 99655,20160829,   42,    0
 18297, 99655,20160830,   42,    0
 18297, 99655,20160831,   52,    0
 18297, 99655,20160901,   69,    0
 18297, 99655,20160902,   21,    0
 18297, 99655,20160903,   31,    0
 18297, 99655,20160904,   24,    0
 18297, 99655,20160905,   16,    0
 18297, 99655,20160906,   30,    0
 18297, 99655,20160907,   55,    0
 18297, 99655,20160908,   52,    0
 18297, 99655,20160909,   77,    0
 18297, 99655,20160910,   85,    0
 18297, 99655,20160911,   88,    0
 18297, 99655,20160912,   48,    0
 18297, 99655,20160913,   80,    0
 18297, 99655,20160914,   93,    0
 18297, 99655,20160915,   29,    0
 18297, 99655,20160916,   55,    0
 18297, 99655,20160917,   83,    0
 18297, 99655,20160918,  101,    0
 18297, 99655,20160919,   98,    0
 18297, 99655,20160920,   75,    0
 18297, 99655,20160921,   96,    0
 18297, 99655,20160922,  105,    0
 18297, 99655,20160923,   76,    0
 18297, 99655,20160924,   54,    0
 18297, 99655,20160925,   61,    0
 18297, 99655,20160926,  106,    0
 18297, 99655,20160927,   69,    0
 18297, 99655,20160928,   63,    0
 18297, 99655,20160929,   45,    0
 18297, 99655,20160930,   34,    0
 18297, 99655,20161001,   30,    0
 18297, 99655,20161002,   -2,    0
 18297, 99655,20161003,  -16,    0
 18297, 99655,20161004,   12,    0
 18297, 99655,20161005,   46,    0
 18297, 99655,20161006,   45,    0
 18297, 99655,20161007,   33,    0
 18297, 99655,20161008,   16,    0
 18297, 99655,20161009,   82,    0
 18297, 99655,20161010,   57,    0
 18297, 99655,20161011,   14,    0
 18297, 99655,20161012,   25,    0
 18297, 99655,20161013,   21,    0
 18297, 99655,20161014,    1,    0
 18297, 99655,20161015,  -13,    0
 18297, 99655,20161016,  -28,    0
 18297, 99655,20161017,  -29,    0
 18297, 99655,20161018,  -32,    0
 18297, 99655,20161019,  -27,    0
 18297, 99655,20161020,   -4,    0
 18297, 99655,20161021,  -11,    0
 18297, 99655,20161022,  -22,    0
 18297, 99655,20161023,  -29,    0
 18297, 99655,20161024,  -42,    0
 18297, 99655,20161025,  -35,    0
 18297, 99655,20161026,  -28,    0
 18297, 99655,20161027,  -22,    0
 18297, 99655,20161028,  -17,    0
 18297, 99655,20161029,  -21,    0
 18297, 99655,20161030,  -28,    0
 18297, 99655,20161031,  -43,    0
 18297, 99655,20161101,  -43,    0
 18297, 99655,20161102,  -51,    0
 18297, 99655,20161103,  -57,    0
 18297, 99655,20161104,  -92,    0
 18297, 99655,20161105,  -75,    0
 18297, 99655,20161106,  -65,    0
 18297, 99655,20161107,  -80,    0
 18297, 99655,20161108,  -79,    0
 18297, 99655,20161109,  -52,    0
 18297, 99655,20161110,  -74,    0
 18297, 99655,20161111,  -57,    0
 18297, 99655,20161112,  -35,    0
 18297, 99655,20161113,    0,    0
 18297, 99655,20161114,   -2,    0
 18297, 99655,20161115,   -5,    0
 18297, 99655,20161116,  -13,    0
 18297, 99655,20161117,  -33,    0
 18297, 99655,20161118,  -34,    0
 18297, 99655,20161119,  -34,    0
 18297, 99655,20161120,  -22,    0
 18297, 99655,20161121,  -38,    0
 18297, 99655,20161122,  -28,    0
 18297, 99655,20161123,  -29,    0
 18297, 99655,20161124,  -33,    0
 18297, 99655,20161125,  -57,    0
 18297, 99655,20161126,  -72,    0
 18297, 99655,20161127,  -62,    0
 18297, 99655,20161128,  -58,    0
 18297, 99655,20161129,  -16,    0
 18297, 99655,20161130,  -26,    0
 18297, 99655,20161201,  -44,    0
 18297, 99655,20161202,  -79,    0
 18297, 99655,20161203,  -96,    0
 18297, 99655,20161204,  -53,    0
 18297, 99655,20161205,  -57,    0
 18297, 99655,20161206,  -42,    0
 18297, 99655,20161207,  -35,    0
 18297, 99655,20161208,  -44,    0
 18297, 99655,20161209,  -88,    0
 18297, 99655,20161210,  -79,    0
 18297, 99655,20161211,  -72,    0
 18297, 99655,20161212,  -46,    0
 18297, 99655,20161213,  -34,    0
 18297, 99655,20161214,  -13,    0
 18297, 99655,20161215,   -2,    0
 18297, 99655,20161216,    4,    0
 18297, 99655,20161217,    0,    0
 18297, 99655,20161218,   -9,    0
 18297, 99655,20161219,   18,    0
 18297, 99655,20161220,  -17,    0
 18297, 99655,20161221,   15,    0
 18297, 99655,20161222,  -29,    0
 18297, 99655,20161223,  -48,    0
 18297, 99655,20161224,  -67,    0
 18297, 99655,20161225,  -59,    0
 18297, 99655,20161226,  -62,    0
 18297, 99655,20161227,  -45,    0
 18297, 99655,20161228,  -30,    0
 18297, 99655,20161229,  -30,    0
 18297, 99655,20161230,  -31,    0
 18297, 99655,20161231,  -51,    0
 18297, 99655,20170101,  -60,    0
 18297, 99655,20170102,  -94,    0
 18297, 99655,20170103, -146,    0
 18297, 99655,20170104, -176,    0
 18297, 99655,20170105, -126,    0
 18297, 99655,20170106,  -36,    0
 18297, 99655,20170107,  -40,    0
 18297, 99655,20170108,  -31,    0
 18297, 99655,20170109,  -56,    0
 18297, 99655,20170110,  -81,    0
 18297, 99655,20170111,  -47,    0
 18297, 99655,20170112,  -68,    0
 18297, 99655,20170113,  -92,    0
 18297, 99655,20170114,  -67,    0
 18297, 99655,20170115,  -61,    0
 18297, 99655,20170116,  -53,    0
 18297, 99655,20170117,  -33,    0
 18297, 99655,20170118,  -40,    0
 18297, 99655,20170119,  -74,    0
 18297, 99655,20170120,  -87,    0
 18297, 99655,20170121,  -77,    0
 18297, 99655,20170122,  -75,    0
 18297, 99655,20170123,  -85,    0
 18297, 99655,20170124,  -90,    0
 18297, 99655,20170125,  -12,    0
 18297, 99655,20170126,  -14,    0
 18297, 99655,20170127,    7,    0
 18297, 99655,20170128,   -3,    0
 18297, 99655,20170129,   -2,    0
 18297, 99655,20170130,  -61,    0
 18297, 99655,20170131,  -78,    0
 18297, 99655,20170201,  -97,    0
 18297, 99655,20170202,  -32,    0
 18297, 99655,20170203,  -30,    0
 18297, 99655,20170204,  -19,    0
 18297, 99655,20170205,  -47,    0
 18297, 99655,20170206,  -36,    0
 18297, 99655,20170207,  -27,    0
 18297, 99655,20170208,  -26,    0
 18297, 99655,20170209,  -14,    0
 18297, 99655,20170210,  -27,    0
 18297, 99655,20170211,  -49,    0
 18297, 99655,20170212,  -15,    0
 18297, 99655,20170213,   -7,    0
 18297, 99655,20170214,  -43,    0
 18297, 99655,20170215,  -19,    0
 18297, 99655,20170216,  -18,    0
 18297, 99655,20170217,  -49,    0
 18297, 99655,20170218,  -83,    0
 18297, 99655,20170219, -101,    0
 18297, 99655,20170220,  -92,    0
 18297, 99655,20170221, -106,    0
 18297, 99655,20170222, -123,    0
 18297, 99655,20170223, -102,    0
 18297, 99655,20170224,  -88,    0
 18297, 99655,20170225,  -75,    0
 18297, 99655,20170226,  -64,    0
 18297, 99655,20170227,  -96,    0
 18297, 99655,20170228,  -94,    0
 18297, 99655,20170301,  -71,    0
 18297, 99655,20170302,  -79,    0
 18297, 99655,20170303,  -75,    0
 18297, 99655,20170304,  -74,    0
 18297, 99655,20170305,  -68,    0
 18297, 99655,20170306,  -60,    0
 18297, 99655,20170307,  -44,    0
 18297, 99655,20170308,  -75,    0
 18297, 99655,20170309,  -88,    0
 18297, 99655,20170310,  -46,    0
 18297, 99655,20170311,  -68,    0
 18297, 99655,20170312,  -72,    0
 18297, 99655,20170313,  -37,    0
 18297, 99655,20170314,  -16,    0
 18297, 99655,20170315,  -27,    0
 18297, 99655,20170316,  -52,    0
 18297, 99655,20170317,  -50,    0
 18297, 99655,20170318,  -91,    0
 18297, 99655,20170319,  -94,    0
 18297, 99655,20170320,  -69,    0
 18297, 99655,20170321,  -46,    0
 18297, 99655,20170322,  -41,    0
 18297, 99655,20170323,  -62,    0
 18297, 99655,20170324,  -55,    0
 18297, 99655,20170325,  -25,    0
 18297, 99655,20170326,  -38,    0
 18297, 99655,20170327,  -69,    0
 18297, 99655,20170328,  -92,    0
 18297, 99655,20170329,  -92,    0
 18297, 99655,20170330,  -85,    0
 18297, 99655,20170331,  -71,    0
 18297, 99655,20170401,  -68,    0
 18297, 99655,20170402,  -80,    0
 18297, 99655,20170403,  -19,    0
 18297, 99655,20170404,    1,    0
 18297, 99655,20170405,  -24,    0
 18297, 99655,20170406,  -57,    0
 18297, 99655,20170407,  -66,    0
 18297, 99655,20170408,  -72,    0
 18297, 99655,20170409,  -66,    0
 18297, 99655,20170410,  -47,    0
 18297, 99655,20170411,  -68,    0
 18297, 99655,20170412,  -70,    0
 18297, 99655,20170413,  -91,    0
 18297, 99655,20170414,  -77,    0
 18297, 99655,20170415,  -69,    0
 18297, 99655,20170416,  -73,    0
 18297, 99655,20170417,  -68,    0
 18297, 99655,20170418,  -65,    0
 18297, 99655,20170419,  -44,    0
 18297, 99655,20170420,  -35,    0
 18297, 99655,20170421,  -29,    0
 18297, 99655,20170422,  -41,    0
 18297, 99655,20170423,  -49,    0
 18297, 99655,20170424,  -51,    0
 18297, 99655,20170425,  -51,    0
 18297, 99655,20170426,  -50,    0
 18297, 99655,20170427,  -41,    0
 18297, 99655,20170428,  -24,    0
 18297, 99655,20170429,  -18,    0
 18297, 99655,20170430,  -27,    0
 18297, 99655,20170501,  -26,    0
 18297, 99655,20170502,  -21,    0
 18297, 99655,20170503,  -25,    0
 18297, 99655,20170504,   -2,    0
 18297, 99655,20170505,   -2,    0
 18297, 99655,20170506,  -48,    0
 18297, 99655,20170507,  -67,    0
 18297, 99655,20170508,  -65,    0
 18297, 99655,20170509,  -48,    0
 18297, 99655,20170510,  -49,    0
 18297, 99655,20170511,  -57,    0
 18297, 99655,20170512,  -50,    0
 18297, 99655,20170513,  -36,    0
 18297, 99655,20170514,  -27,    0
 18297, 99655,20170515,   -8,    0
 18297, 99655,20170516,   15,    0
 18297, 99655,20170517,   37,    0
 18297, 99655,20170518,   40,    0
 18297, 99655,20170519,   21,    0
 18297, 99655,20170520,   -4,    0
 18297, 99655,20170521,    8,    0
 18297, 99655,20170522,    1,    0
 18297, 99655,20170523,  -33,    0
 18297, 99655,20170524,  -11,    0
 18297, 99655,20170525,  -13,    0
 18297, 99655,20170526,  -28,    0
 18297, 99655,20170527,  -13,    0
 18297, 99655,20170528,  -15,    0
 18297, 99655,20170529,  -34,    0
 18297, 99655,20170530,  -30,    0
 18297, 99655,20170531,  -22,    0
 18297, 99655,20170601,  -16,    0
 18297, 99655,20170602,  -17,    0
 18297, 99655,20170603,  -13,    0
 18297, 99655,20170604,   -6,    0
 18297, 99655,20170605,    5,    0
 18297, 99655,20170606,   47,    0
 18297, 99655,20170607,   98,    0
 18297, 99655,20170608,  127,    0
 18297, 99655,20170609,  148,    0
 18297, 99655,20170610,  132,    0
 18297, 99655,20170611,   96,    0
 18297, 99655,20170612,   87,    0
 18297, 99655,20170613,   80,    0
 18297, 99655,20170614,   75,    0
 18297, 99655,20170615,   49,    0
 18297, 99655,20170616,   51,    0
 18297, 99655,20170617,   51,    0
 18297, 99655,20170618,   53,    0
 18297, 99655,20170619,   40,    0
 18297, 99655,20170620,   42,    0
 18297, 99655,20170621,   10,    0
 18297, 99655,20170622,   15,    0
 18297, 99655,20170623,   38,    0
 18297, 99655,20170624,   75,    0
 18297, 99655,20170625,   53,    0
 18297, 99655,20170626,   72,    0
 18297, 99655,20170627,   31,    0
 18297, 99655,20170628,   25,    0
 18297, 99655,20170629,   45,    0
 18297, 99655,20170630,   83,    0
 18297, 99655,20170701,  122,    0
 18297, 99655,20170702,   99,    0
 18297, 99655,20170703,   37,    0
 18297, 99655,20170704,   19,    0
 18297, 99655,20170705,   11,    0
 18297, 99655,20170706,   29,    0
 18297, 99655,20170707,   36,    0
 18297, 99655,20170708,   83,    0
 18297, 99655,20170709,  123,    0
 18297, 99655,20170710,  106,    0
 18297, 99655,20170711,   94,    0
 18297, 99655,20170712,   72,    0
 18297, 99655,20170713,   44,    0
 18297, 99655,20170714,   58,    0
 18297, 99655,20170715,   65,    0
 18297, 99655,20170716,   84,    0
 18297, 99655,20170717,   54,    0
 18297, 99655,20170718,   43,    0
 18297, 99655,20170719,   46,    0
 18297, 99655,20170720,   37,    0
 18297, 99655,20170721,   71,    0
 18297, 99655,20170722,  110,    0
 18297, 99655,20170723,  126,    0
 18297, 99655,20170724,  151,    0
 18297, 99655,20170725,  152,    0
 18297, 99655,20170726,  150,    0
 18297, 99655,20170727,  156,    0
 18297, 99655,20170728,  166,    0
 18297, 99655,20170729,  155,    0
 18297, 99655,20170730,   89,    0
 18297, 99655,20170731,   63,    0
 18297, 99655,20170801,  100,    0
 18297, 99655,20170802,   86,    0
 18297, 99655,20170803,   88,    0
 18297, 99655,20170804,  112,    0
 18297, 99655,20170805,  110,    0
 18297, 99655,20170806,  103,    0
 18297, 99655,20170807,   84,    0
 18297, 99655,20170808,  100,    0
 18297, 99655,20170809,   65,    0
 18297, 99655,20170810,   92,    0
 18297, 99655,20170811,   81,    0
 18297, 99655,20170812,   89,    0
 18297, 99655,20170813,   64,    0
 18297, 99655,20170814,   37,    0
 18297, 99655,20170815,   40,    0
 18297, 99655,20170816,   87,    0
 18297, 99655,20170817,   66,    0
 18297, 99655,20170818,  104,    0
 18297, 99655,20170819,  124,    0
 18297, 99655,20170820,   73,    0
 18297, 99655,20170821,   27,    0
 18297, 99655,20170822,   24,    0
 18297, 99655,20170823,   44,    0
 18297, 99655,20170824,   43,    0
 18297, 99655,20170825,   17,    0
 18297, 99655,20170826,   24,    0
 18297, 99655,20170827,   39,    0
 18297, 99655,20170828,   66,    0
 18297, 99655,20170829,   74,    0
 18297, 99655,20170830,   63,    0
 18297, 99655,20170831,   37,    0
 18297, 99655,20170901,   16,    0
 18297, 99655,20170902,   42,    0
 18297, 99655,20170903,   65,    0
 18297, 99655,20170904,  102,    0
 18297, 99655,20170905,   87,    0
 18297, 99655,20170906,   78,    0
 18297, 99655,20170907,   86,    0
 18297, 99655,20170908,   67,    0
 18297, 99655,20170909,   39,    0
 18297, 99655,20170910,   49,    0
 18297, 99655,20170911,   69,    0
 18297, 99655,20170912,   74,    0
 18297, 99655,20170913,   63,    0
 18297, 99655,20170914,   52,    0
 18297, 99655,20170915,   14,    0
 18297, 99655,20170916,   36,    0
 18297, 99655,20170917,   36,    0
 18297, 99655,20170918,   40,    0
 18297, 99655,20170919,   17,    0
 18297, 99655,20170920,   12,    0
 18297, 99655,20170921,   17,    0
 18297, 99655,20170922,   62,    0
 18297, 99655,20170923,   71,    0
 18297, 99655,20170924,   88,    0
 18297, 99655,20170925,   92,    0
 18297, 99655,20170926,  100,    0
 18297, 99655,20170927,  105,    0
 18297, 99655,20170928,  118,    0
 18297, 99655,20170929,  124,    0
 18297, 99655,20170930,  133,    0
 18297, 99655,20171001,   94,    0
 18297, 99655,20171002,   32,    0
 18297, 99655,20171003,   26,    0
 18297, 99655,20171004,   26,    0
 18297, 99655,20171005,   31,    0
 18297, 99655,20171006,   27,    0
 18297, 99655,20171007,   21,    0
 18297, 99655,20171008,   17,    0
 18297, 99655,20171009,    9,    0
 18297, 99655,20171010,  -12,    0
 18297, 99655,20171011,   -2,    0
 18297, 99655,20171012,   -2,    0
 18297, 99655,20171013,   -3,    0
 18297, 99655,20171014,   -5,    0
 18297, 99655,20171015,   10,    0
 18297, 99655,20171016,    1,    0
 18297, 99655,20171017,    6,    0
 18297, 99655,20171018,   -5,    0
 18297, 99655,20171019,  -16,    0
 18297, 99655,20171020,  -32,    0
 18297, 99655,20171021,  -14,    0
 18297, 99655,20171022,  -26,    0
 18297, 99655,20171023,  -17,    0
 18297, 99655,20171024,  -21,    0
 18297, 99655,20171025,  -21,    0
 18297, 99655,20171026,  -21,    0
 18297, 99655,20171027,   -5,    0
 18297, 99655,20171028,  -34,    0
 18297, 99655,20171029,  -45,    0
 18297, 99655,20171030,  -53,    0
 18297, 99655,20171031,  -54,    0
 18297, 99655,20171101,  -52,    0
 18297, 99655,20171102,  -33,    0
 18297, 99655,20171103,   -6,    0
 18297, 99655,20171104,   -9,    0
 18297, 99655,20171105,  -12,    0
 18297, 99655,20171106,  -14,    0
 18297, 99655,20171107,  -27,    0
 18297, 99655,20171108,    3,    0
 18297, 99655,20171109,  -20,    0
 18297, 99655,20171110,  -26,    0
 18297, 99655,20171111,  -37,    0
 18297, 99655,20171112,  -47,    0
 18297, 99655,20171113,  -25,    0
 18297, 99655,20171114,  -20,    0
 18297, 99655,20171115,  -31,    0
 18297, 99655,20171116,  -39,    0
 18297, 99655,20171117,  -62,    0
 18297, 99655,20171118,  -75,    0
 18297, 99655,20171119,  -81,    0
 18297, 99655,20171120,  -86,    0
 18297, 99655,20171121,  -85,    0
 18297, 99655,20171122, -102,    0
 18297, 99655,20171123, -100,    0
 18297, 99655,20171124,  -79,    0
 18297, 99655,20171125,  -45,    0
 18297, 99655,20171126,  -32,    0
 18297, 99655,20171127,  -27,    0
 18297, 99655,20171128,  -53,    0
 18297, 99655,20171129,  -79,    0
 18297, 99655,20171130,  -72,    0
 18297, 99655,20171201,  -53,    0
 18297, 99655,20171202,  -42,    0
 18297, 99655,20171203,  -49,    0
 18297, 99655,20171204,  -67,    0
 18297, 99655,20171205,  -54,    0
 18297, 99655,20171206,  -57,    0
 18297, 99655,20171207,  -85,    0
 18297, 99655,20171208,  -96,    0
 18297, 99655,20171209,  -73,    0
 18297, 99655,20171210,  -48,    0
 18297, 99655,20171211,  -65,    0
 18297, 99655,20171212,  -90,    0
 18297, 99655,20171213,  -74,    0
 18297, 99655,20171214,  -50,    0
 18297, 99655,20171215,  -81,    0
 18297, 99655,20171216,  -82,    0
 18297, 99655,20171217,  -58,    0
 18297, 99655,20171218,  -56,    0
 18297, 99655,20171219,  -10,    0
 18297, 99655,20171220,  -15,    0
 18297, 99655,20171221,  -27,    0
 18297, 99655,20171222,  -44,    0
 18297, 99655,20171223,  -71,    0
 18297, 99655,20171224,  -58,    0
 18297, 99655,20171225,  -77,    0
 18297, 99655,20171226,  -67,    0
 18297, 99655,20171227,  -88,    0
 18297, 99655,20171228,  -98,    0
 18297, 99655,20171229,  -75,    0
 18297, 99655,20171230,  -88,    0
 18297, 99655,20171231,  -48,    0
 18297, 99655,20180101,  -66,    0
 18297, 99655,20180102,  -81,    0
 18297, 99655,20180103,  -74,    0
 18297, 99655,20180104,  -70,    0
 18297, 99655,20180105,  -93,    0
 18297, 99655,20180106, -101,    0
 18297, 99655,20180107,  -97,    0
 18297, 99655,20180108,  -58,    0
 18297, 99655,20180109,  -27,    0
 18297, 99655,20180110,  -23,    0
 18297, 99655,20180111,  -12,    0
 18297, 99655,20180112,   -6,    0
 18297, 99655,20180113,  -22,    0
 18297, 99655,20180114,  -45,    0
 18297, 99655,20180115,  -88,    0
 18297, 99655,20180116,  -87,    0
 18297, 99655,20180117, -109,    0
 18297, 99655,20180118, -153,    0
 18297, 99655,20180119, -137,    0
 18297, 99655,20180120, -142,    0
 18297, 99655,20180121, -139,    0
 18297, 99655,20180122, -108,    0
 18297, 99655,20180123,  -84,    0
 18297, 99655,20180124, -139,    0
 18297, 99655,20180125, -102,    0
 18297, 99655,20180126,  -71,    0
 18297, 99655,20180127,  -88,    0
 18297, 99655,20180128, -114,    0
 18297, 99655,20180129, -107,    0
 18297, 99655,20180130, -100,    0
 18297, 99655,20180131, -115,    0
 18297, 99655,20180201, -128,    0
 18297, 99655,20180202, -131,    0
 18297, 99655,20180203, -124,    0
 18297, 99655,20180204, -103,    0
 18297, 99655,20180205,  -27,    0
 18297, 99655,20180206,  -30,    0
 18297, 99655,20180207, -104,    0
 18297, 99655,20180208,  -63,    0
 18297, 99655,20180209,  -57,    0
 18297, 99655,20180210,  -44,    0
 18297, 99655,20180211,  -76,    0
 18297, 99655,20180212, -103,    0
 18297, 99655,20180213,  -97,    0
 18297, 99655,20180214,  -72,    0
 18297, 99655,20180215,  -71,    0
 18297, 99655,20180216,  -57,    0
 18297, 99655,20180217,  -75,    0
 18297, 99655,20180218,  -89,    0
 18297, 99655,20180219, -119,    0
 18297, 99655,20180220, -125,    0
 18297, 99655,20180221,  -86,    0
 18297, 99655,20180222,  -89,    0
 18297, 99655,20180223, -130,    0
 18297, 99655,20180224, -139,    0
 18297, 99655,20180225, -120,    0
 18297, 99655,20180226, -100,    0
 18297, 99655,20180227, -101,    0
 18297, 99655,20180228,  -62,    0
 18297, 99655,20180301,  -55,    0
 18297, 99655,20180302,  -67,    0
 18297, 99655,20180303, -109,    0
 18297, 99655,20180304, -128,    0
 18297, 99655,20180305, -125,    0
 18297, 99655,20180306, -138,    0
 18297, 99655,20180307, -153,    0
 18297, 99655,20180308, -160,    0
 18297, 99655,20180309, -130,    0
 18297, 99655,20180310, -108,    0
 18297, 99655,20180311,  -97,    0
 18297, 99655,20180312,  -74,    0
 18297, 99655,20180313,  -95,    0
 18297, 99655,20180314, -103,    0
 18297, 99655,20180315,  -99,    0
 18297, 99655,20180316,  -89,    0
 18297, 99655,20180317,  -57,    0
 18297, 99655,20180318,  -71,    0
 18297, 99655,20180319,  -77,    0
 18297, 99655,20180320,  -96,    0
 18297, 99655,20180321,  -65,    0
 18297, 99655,20180322,  -89,    0
 18297, 99655,20180323, -102,    0
 18297, 99655,20180324, -104,    0
 18297, 99655,20180325, -114,    0
 18297, 99655,20180326, -105,    0
 18297, 99655,20180327,  -63,    0
 18297, 99655,20180328,  -49,    0
 18297, 99655,20180329,  -69,    0
 18297, 99655,20180330,  -63,    0
 18297, 99655,20180331,  -72,    0
 18297, 99655,20180401,  -69,    0
 18297, 99655,20180402,  -72,    0
 18297, 99655,20180403,  -68,    0
 18297, 99655,20180404,  -61,    0
 18297, 99655,20180405,  -50,    0
 18297, 99655,20180406,  -47,    0
 18297, 99655,20180407,  -58,    0
 18297, 99655,20180408,  -58,    0
 18297, 99655,20180409,  -55,    0
 18297, 99655,20180410,  -36,    0
 18297, 99655,20180411,  -28,    0
 18297, 99655,20180412,  -24,    0
 18297, 99655,20180413,   38,    0
 18297, 99655,20180414,   -3,    0
 18297, 99655,20180415,    8,    0
 18297, 99655,20180416,   29,    0
 18297, 99655,20180417,   41,    0
 18297, 99655,20180418,   38,    0
 18297, 99655,20180419,    0,    0
 18297, 99655,20180420,    7,    0
 18297, 99655,20180421,   10,    0
 18297, 99655,20180422,  -28,    0
 18297, 99655,20180423,   -2,    0
 18297, 99655,20180424,   -3,    0
 18297, 99655,20180425,  -12,    0
 18297, 99655,20180426,  -12,    0
 18297, 99655,20180427,   -3,    0
 18297, 99655,20180428,  -22,    0
 18297, 99655,20180429,  -28,    0
 18297, 99655,20180430,  -22,    0
 18297, 99655,20180501,  -12,    0
 18297, 99655,20180502,    4,    0
 18297, 99655,20180503,    4,    0
 18297, 99655,20180504,   24,    0
 18297, 99655,20180505,   25,    0
 18297, 99655,20180506,    9,    0
 18297, 99655,20180507,   -9,    0
 18297, 99655,20180508,   19,    0
 18297, 99655,20180509,   81,    0
 18297, 99655,20180510,  120,    0
 18297, 99655,20180511,   75,    0
 18297, 99655,20180512,   60,    0
 18297, 99655,20180513,   88,    0
 18297, 99655,20180514,  115,    0
 18297, 99655,20180515,   79,    0
 18297, 99655,20180516,   75,    0
 18297, 99655,20180517,   12,    0
 18297, 99655,20180518,    8,    0
 18297, 99655,20180519,   14,    0
 18297, 99655,20180520,   26,    0
 18297, 99655,20180521,   26,    0
 18297, 99655,20180522,    5,    0
 18297, 99655,20180523,   -3,    0
 18297, 99655,20180524,   21,    0
 18297, 99655,20180525,   54,    0
 18297, 99655,20180526,    6,    0
 18297, 99655,20180527,   17,    0
 18297, 99655,20180528,  103,    0
 18297, 99655,20180529,   27,    0
 18297, 99655,20180530,    3,    0
 18297, 99655,20180531,   78,    0
 18297, 99655,20180601,   32,    0
 18297, 99655,20180602,   16,    0
 18297, 99655,20180603,    7,    0
 18297, 99655,20180604,  -10,    0
 18297, 99655,20180605,   -9,    0
 18297, 99655,20180606,  -20,    0
 18297, 99655,20180607,  -16,    0
 18297, 99655,20180608,   -4,    0
 18297, 99655,20180609,   19,    0
 18297, 99655,20180610,   29,    0
 18297, 99655,20180611,    7,    0
 18297, 99655,20180612,   -6,    0
 18297, 99655,20180613,    3,    0
 18297, 99655,20180614,   65,    0
 18297, 99655,20180615,   69,    0
 18297, 99655,20180616,   54,    0
 18297, 99655,20180617,   73,    0
 18297, 99655,20180618,   83,    0
 18297, 99655,20180619,   78,    0
 18297, 99655,20180620,   41,    0
 18297, 99655,20180621,   39,    0
 18297, 99655,20180622,   43,    0
 18297, 99655,20180623,   14,    0
 18297, 99655,20180624,   23,    0
 18297, 99655,20180625,   54,    0
 18297, 99655,20180626,   47,    0
 18297, 99655,20180627,   24,    0
 18297, 99655,20180628,   24,    0
 18297, 99655,20180629,   12,    0
 18297, 99655,20180630,   22,    0
 18297, 99655,20180701,   98,    0
 18297, 99655,20180702,  158,    0
 18297, 99655,20180703,  102,    0
 18297, 99655,20180704,   71,    0
 18297, 99655,20180705,  131,    0
 18297, 99655,20180706,   97,    0
 18297, 99655,20180707,   60,    0
 18297, 99655,20180708,   83,    0
 18297, 99655,20180709,   97,    0
 18297, 99655,20180710,  102,    0
 18297, 99655,20180711,  143,    0
 18297, 99655,20180712,  137,    0
 18297, 99655,20180713,   93,    0
 18297, 99655,20180714,   71,    0
 18297, 99655,20180715,   89,    0
 18297, 99655,20180716,  131,    0
 18297, 99655,20180717,  208,    0
 18297, 99655,20180718,  228,    0
 18297, 99655,20180719,  153,    0
 18297, 99655,20180720,  113,    0
 18297, 99655,20180721,  163,    0
 18297, 99655,20180722,  135,    0
 18297, 99655,20180723,  107,    0
 18297, 99655,20180724,  131,    0
 18297, 99655,20180725,  113,    0
 18297, 99655,20180726,   92,    0
 18297, 99655,20180727,  157,    0
 18297, 99655,20180728,  202,    0
 18297, 99655,20180729,  210,    0
 18297, 99655,20180730,  198,    0
 18297, 99655,20180731,  220,    0
 18297, 99655,20180801,  202,    0
 18297, 99655,20180802,  124,    0
 18297, 99655,20180803,  118,    0
 18297, 99655,20180804,   94,    0
 18297, 99655,20180805,   85,    0
 18297, 99655,20180806,   63,    0
 18297, 99655,20180807,   56,    0
 18297, 99655,20180808,  105,    0
 18297, 99655,20180809,  113,    0
 18297, 99655,20180810,  102,    0
 18297, 99655,20180811,  117,    0
 18297, 99655,20180812,   71,    0
 18297, 99655,20180813,   42,    0
 18297, 99655,20180814,   51,    0
 18297, 99655,20180815,   85,    0
 18297, 99655,20180816,  103,    0
 18297, 99655,20180817,  101,    0
 18297, 99655,20180818,   96,    0
 18297, 99655,20180819,   76,    0
 18297, 99655,20180820,   46,    0
 18297, 99655,20180821,   34,    0
 18297, 99655,20180822,   61,    0
 18297, 99655,20180823,   71,    0
 18297, 99655,20180824,   83,    0
 18297, 99655,20180825,   77,    0
 18297, 99655,20180826,   61,    0
 18297, 99655,20180827,   39,    0
 18297, 99655,20180828,   62,    0
 18297, 99655,20180829,   94,    0
 18297, 99655,20180830,   79,    0
 18297, 99655,20180831,   41,    0
 18297, 99655,20180901,   84,    0
 18297, 99655,20180902,   85,    0
 18297, 99655,20180903,   89,    0
 18297, 99655,20180904,   47,    0
 18297, 99655,20180905,   71,    0
 18297, 99655,20180906,   82,    0
 18297, 99655,20180907,   95,    0
 18297, 99655,20180908,  108,    0
 18297, 99655,20180909,  122,    0
 18297, 99655,20180910,  118,    0
 18297, 99655,20180911,   82,    0
 18297, 99655,20180912,   75,    0
 18297, 99655,20180913,   61,    0
 18297, 99655,20180914,   48,    0
 18297, 99655,20180915,   57,    0
 18297, 99655,20180916,   42,    0
 18297, 99655,20180917,   33,    0
 18297, 99655,20180918,   37,    0
 18297, 99655,20180919,   45,    0
 18297, 99655,20180920,   63,    0
 18297, 99655,20180921,   49,    0
 18297, 99655,20180922,   59,    0
 18297, 99655,20180923,   25,    0
 18297, 99655,20180924,   -4,    0
 18297, 99655,20180925,   -7,    0
 18297, 99655,20180926,   -8,    0
 18297, 99655,20180927,  -26,    0
 18297, 99655,20180928,-9999,    9
 18297, 99655,20180929,-9999,    9
 18297, 99655,20180930,-9999,    9
 18297, 99655,20181001,-9999,    9
 18297, 99655,20181002,  -18,    0
 18297, 99655,20181003,  -24,    0
 18297, 99655,20181004,  -33,    0
 18297, 99655,20181005,  -38,    0
 18297, 99655,20181006,  -36,    0
 18297, 99655,20181007,  -27,    0
 18297, 99655,20181008,  -23,    0
 18297, 99655,20181009,   -6,    0
 18297, 99655,20181010,  -14,    0
 18297, 99655,20181011,-9999,    9
 18297, 99655,20181012,-9999,    9
 18297, 99655,20181013,   47,    0
 18297, 99655,20181014,   56,    0
 18297, 99655,20181015,   16,    0
 18297, 99655,20181016,    9,    0
 18297, 99655,20181017,   18,    0
 18297, 99655,20181018,   11,    0
 18297, 99655,20181019,   14,    0
 18297, 99655,20181020,    7,    0
 18297, 99655,20181021,   10,    0
 18297, 99655,20181022,  -15,    0
 18297, 99655,20181023,  -29,    0
 18297, 99655,20181024,  -40,    0
 18297, 99655,20181025,  -44,    0
 18297, 99655,20181026,  -50,    0
 18297, 99655,20181027,  -53,    0
 18297, 99655,20181028,  -70,    0
 18297, 99655,20181029,  -42,    0
 18297, 99655,20181030,  -67,    0
 18297, 99655,20181031,  -34,    0
 18297, 99655,20181101,    2,    0
 18297, 99655,20181102,   10,    0
 18297, 99655,20181103,   -6,    0
 18297, 99655,20181104,   17,    0
 18297, 99655,20181105,   35,    0
 18297, 99655,20181106,   23,    0
 18297, 99655,20181107,    8,    0
 18297, 99655,20181108,   23,    0
 18297, 99655,20181109,   -6,    0
 18297, 99655,20181110,    3,    0
 18297, 99655,20181111,    5,    0
 18297, 99655,20181112,    9,    0
 18297, 99655,20181113,    8,    0
 18297, 99655,20181114,   17,    0
 18297, 99655,20181115,   24,    0
 18297, 99655,20181116,   35,    0
 18297, 99655,20181117,   -3,    0
 18297, 99655,20181118,    2,    0
 18297, 99655,20181119,   21,    0
 18297, 99655,20181120,  -25,    0
 18297, 99655,20181121,  -22,    0
 18297, 99655,20181122,   -7,    0
 18297, 99655,20181123,  -34,    0
 18297, 99655,20181124,  -41,    0
 18297, 99655,20181125,  -58,    0
 18297, 99655,20181126,  -75,    0
 18297, 99655,20181127,  -62,    0
 18297, 99655,20181128,  -43,    0
 18297, 99655,20181129,  -41,    0
 18297, 99655,20181130,   -8,    0
 18297, 99655,20181201,  -12,    0
 18297, 99655,20181202,  -20,    0
 18297, 99655,20181203,  -23,    0
 18297, 99655,20181204,  -38,    0
 18297, 99655,20181205,  -34,    0
 18297, 99655,20181206,  -41,    0
 18297, 99655,20181207,  -72,    0
 18297, 99655,20181208,  -78,    0
 18297, 99655,20181209,  -65,    0
 18297, 99655,20181210,  -54,    0
 18297, 99655,20181211,  -53,    0
 18297, 99655,20181212,  -34,    0
 18297, 99655,20181213,  -14,    0
 18297, 99655,20181214,  -13,    0
 18297, 99655,20181215,  -27,    0
 18297, 99655,20181216,  -44,    0
 18297, 99655,20181217,  -70,    0
 18297, 99655,20181218,  -58,    0
 18297, 99655,20181219,  -79,    0
 18297, 99655,20181220,  -72,    0
 18297, 99655,20181221,  -61,    0
 18297, 99655,20181222,  -71,    0
 18297, 99655,20181223,  -51,    0
 18297, 99655,20181224,  -58,    0
 18297, 99655,20181225,  -45,    0
 18297, 99655,20181226,  -60,    0
 18297, 99655,20181227,  -52,    0
 18297, 99655,20181228,  -26,    0
 18297, 99655,20181229,  -39,    0
 18297, 99655,20181230,  -74,    0
 18297, 99655,20181231,  -70,    0
 18297, 99655,20190101,  -86,    0
 18297, 99655,20190102,  -87,    0
 18297, 99655,20190103,  -48,    0
 18297, 99655,20190104,  -38,    0
 18297, 99655,20190105,  -21,    0
 18297, 99655,20190106,   -8,    0
 18297, 99655,20190107,  -45,    0
 18297, 99655,20190108,  -46,    0
 18297, 99655,20190109,  -50,    0
 18297, 99655,20190110,  -40,    0
 18297, 99655,20190111,  -49,    0
 18297, 99655,20190112,  -66,    0
 18297, 99655,20190113,  -90,    0
 18297, 99655,20190114, -102,    0
 18297, 99655,20190115,  -85,    0
 18297, 99655,20190116,  -89,    0
 18297, 99655,20190117, -102,    0
 18297, 99655,20190118, -101,    0
 18297, 99655,20190119, -101,    0
 18297, 99655,20190120, -106,    0
 18297, 99655,20190121, -102,    0
 18297, 99655,20190122,  -88,    0
 18297, 99655,20190123, -125,    0
 18297, 99655,20190124, -120,    0
 18297, 99655,20190125, -132,    0
 18297, 99655,20190126, -150,    0
 18297, 99655,20190127, -192,    0
 18297, 99655,20190128, -137,    0
 18297, 99655,20190129, -149,    0
 18297, 99655,20190130, -117,    0
 18297, 99655,20190131,  -49,    0
 18297, 99655,20190201,  -42,    0
 18297, 99655,20190202, -113,    0
 18297, 99655,20190203, -143,    0
 18297, 99655,20190204, -142,    0
 18297, 99655,20190205, -137,    0
 18297, 99655,20190206,  -87,    0
 18297, 99655,20190207,  -92,    0
 18297, 99655,20190208,  -83,    0
 18297, 99655,20190209,  -90,    0
 18297, 99655,20190210,  -87,    0
 18297, 99655,20190211,  -66,    0
 18297, 99655,20190212,  -53,    0
 18297, 99655,20190213,  -78,    0
 18297, 99655,20190214,  -35,    0
 18297, 99655,20190215,  -44,    0
 18297, 99655,20190216,  -35,    0
 18297, 99655,20190217,  -77,    0
 18297, 99655,20190218,  -81,    0
 18297, 99655,20190219, -107,    0
 18297, 99655,20190220, -127,    0
 18297, 99655,20190221, -111,    0
 18297, 99655,20190222,  -33,    0
 18297, 99655,20190223,   16,    0
 18297, 99655,20190224,   -3,    0
 18297, 99655,20190225,  -26,    0
 18297, 99655,20190226,  -43,    0
 18297, 99655,20190227,  -31,    0
 18297, 99655,20190228, -108,    0
 18297, 99655,20190301,  -94,    0
 18297, 99655,20190302, -136,    0
 18297, 99655,20190303, -126,    0
 18297, 99655,20190304, -139,    0
 18297, 99655,20190305, -123,    0
 18297, 99655,20190306, -101,    0
 18297, 99655,20190307, -106,    0
 18297, 99655,20190308, -130,    0
 18297, 99655,20190309, -108,    0
 18297, 99655,20190310, -114,    0
 18297, 99655,20190311, -104,    0
 18297, 99655,20190312,  -83,    0
 18297, 99655,20190313,  -94,    0
 18297, 99655,20190314,  -89,    0
 18297, 99655,20190315,  -75,    0
 18297, 99655,20190316,  -75,    0
 18297, 99655,20190317,  -83,    0
 18297, 99655,20190318,  -88,    0
 18297, 99655,20190319,  -60,    0
 18297, 99655,20190320,  -30,    0
 18297, 99655,20190321,  -41,    0
 18297, 99655,20190322,  -46,    0
 18297, 99655,20190323,  -23,    0
 18297, 99655,20190324,  -42,    0
 18297, 99655,20190325,  -74,    0
 18297, 99655,20190326,  -75,    0
 18297, 99655,20190327,  -43,    0
 18297, 99655,20190328,  -27,    0
 18297, 99655,20190329,  -55,    0
 18297, 99655,20190330,  -52,    0
 18297, 99655,20190331,  -64,    0
 18297, 99655,20190401,  -51,    0
 18297, 99655,20190402,  -24,    0
 18297, 99655,20190403,  -33,    0
 18297, 99655,20190404,  -72,    0
 18297, 99655,20190405,  -71,    0
 18297, 99655,20190406,  -55,    0
 18297, 99655,20190407,  -67,    0
 18297, 99655,20190408,  -64,    0
 18297, 99655,20190409,  -82,    0
 18297, 99655,20190410,  -69,    0
 18297, 99655,20190411,  -58,    0
 18297, 99655,20190412,  -29,    0
 18297, 99655,20190413,  -23,    0
 18297, 99655,20190414,  -12,    0
 18297, 99655,20190415,  -18,    0
 18297, 99655,20190416,  -31,    0
 18297, 99655,20190417,   -7,    0
 18297, 99655,20190418,    9,    0
 18297, 99655,20190419,    3,    0
 18297, 99655,20190420,   37,    0
 18297, 99655,20190421,   -1,    0
 18297, 99655,20190422,    4,    0
 18297, 99655,20190423,   28,    0
 18297, 99655,20190424,   48,    0
 18297, 99655,20190425,   70,    0
 18297, 99655,20190426,   76,    0
 18297, 99655,20190427,   19,    0
 18297, 99655,20190428,   37,    0
 18297, 99655,20190429,  -18,    0
 18297, 99655,20190430,  -25,    0
 18297, 99655,20190501,  -60,    0
 18297, 99655,20190502,  -71,    0
 18297, 99655,20190503,  -68,    0
 18297, 99655,20190504,  -67,    0
 18297, 99655,20190505,  -53,    0
 18297, 99655,20190506,  -37,    0
 18297, 99655,20190507,    1,    0
 18297, 99655,20190508,  -23,    0
 18297, 99655,20190509,   -9,    0
 18297, 99655,20190510,   36,    0
 18297, 99655,20190511,   52,    0
 18297, 99655,20190512,   23,    0
 18297, 99655,20190513,  -19,    0
 18297, 99655,20190514,  -19,    0
 18297, 99655,20190515,  -19,    0
 18297, 99655,20190516,    3,    0
 18297, 99655,20190517,   29,    0
 18297, 99655,20190518,   85,    0
 18297, 99655,20190519,   85,    0
 18297, 99655,20190520,   95,    0
 18297, 99655,20190521,   56,    0
 18297, 99655,20190522,    2,    0
 18297, 99655,20190523,   -3,    0
 18297, 99655,20190524,   13,    0
 18297, 99655,20190525,  -19,    0
 18297, 99655,20190526,  -16,    0
 18297, 99655,20190527,    9,    0
 18297, 99655,20190528,   47,    0
 18297, 99655,20190529,   43,    0
 18297, 99655,20190530,    6,    0
 18297, 99655,20190531,    6,    0
 18297, 99655,20190601,   -4,    0
 18297, 99655,20190602,   -3,    0
 18297, 99655,20190603,   22,    0
 18297, 99655,20190604,   45,    0
 18297, 99655,20190605,   64,    0
 18297, 99655,20190606,   85,    0
 18297, 99655,20190607,  130,    0
 18297, 99655,20190608,   81,    0
 18297, 99655,20190609,   63,    0
 18297, 99655,20190610,   -3,    0
 18297, 99655,20190611,   -8,    0
 18297, 99655,20190612,   34,    0
 18297, 99655,20190613,   84,    0
 18297, 99655,20190614,   82,    0
 18297, 99655,20190615,   80,    0
 18297, 99655,20190616,   48,    0
 18297, 99655,20190617,   87,    0
 18297, 99655,20190618,   61,    0
 18297, 99655,20190619,   44,    0
 18297, 99655,20190620,   77,    0
 18297, 99655,20190621,   82,    0
 18297, 99655,20190622,   50,    0
 18297, 99655,20190623,   44,    0
 18297, 99655,20190624,   40,    0
 18297, 99655,20190625,   35,    0
 18297, 99655,20190626,   35,    0
 18297, 99655,20190627,    7,    0
 18297, 99655,20190628,   19,    0
 18297, 99655,20190629,   -3,    0
 18297, 99655,20190630,   21,    0
 18297, 99655,20190701,   40,    0
 18297, 99655,20190702,   31,    0
 18297, 99655,20190703,   55,    0
 18297, 99655,20190704,   36,    0
 18297, 99655,20190705,   52,    0
 18297, 99655,20190706,   43,    0
 18297, 99655,20190707,  115,    0
 18297, 99655,20190708,  122,    0
 18297, 99655,20190709,  135,    0
 18297, 99655,20190710,  109,    0
 18297, 99655,20190711,  103,    0
 18297, 99655,20190712,   95,    0
 18297, 99655,20190713,   94,    0
 18297, 99655,20190714,   45,    0
 18297, 99655,20190715,   45,    0
 18297, 99655,20190716,   48,    0
 18297, 99655,20190717,   45,    0
 18297, 99655,20190718,   90,    0
 18297, 99655,20190719,  140,    0
 18297, 99655,20190720,  147,    0
 18297, 99655,20190721,  159,    0
 18297, 99655,20190722,  143,    0
 18297, 99655,20190723,  156,    0
 18297, 99655,20190724,  113,    0
 18297, 99655,20190725,  143,    0
 18297, 99655,20190726,  136,    0
 18297, 99655,20190727,  148,    0
 18297, 99655,20190728,  111,    0
 18297, 99655,20190729,   59,    0
 18297, 99655,20190730,   61,    0
 18297, 99655,20190731,   88,    0
 18297, 99655,20190801,   68,    0
 18297, 99655,20190802,   81,    0
 18297, 99655,20190803,   89,    0
 18297, 99655,20190804,   85,    0
 18297, 99655,20190805,   63,    0
 18297, 99655,20190806,   80,    0
 18297, 99655,20190807,   76,    0
 18297, 99655,20190808,   77,    0
 18297, 99655,20190809,   82,    0
 18297, 99655,20190810,   96,    0
 18297, 99655,20190811,  113,    0
 18297, 99655,20190812,  134,    0
 18297, 99655,20190813,  118,    0
 18297, 99655,20190814,  111,    0
 18297, 99655,20190815,   74,    0
 18297, 99655,20190816,   79,    0
 18297, 99655,20190817,  100,    0
 18297, 99655,20190818,  116,    0
 18297, 99655,20190819,   97,    0
 18297, 99655,20190820,   78,    0
 18297, 99655,20190821,   90,    0
 18297, 99655,20190822,   63,    0
 18297, 99655,20190823,   83,    0
 18297, 99655,20190824,   37,    0
 18297, 99655,20190825,   71,    0
 18297, 99655,20190826,   76,    0
 18297, 99655,20190827,  109,    0
 18297, 99655,20190828,  144,    0
 18297, 99655,20190829,  152,    0
 18297, 99655,20190830,   94,    0
 18297, 99655,20190831,   94,    0
 18297, 99655,20190901,  125,    0
 18297, 99655,20190902,   68,    0
 18297, 99655,20190903,   62,    0
 18297, 99655,20190904,   48,    0
 18297, 99655,20190905,   46,    0
 18297, 99655,20190906,   32,    0
 18297, 99655,20190907,   31,    0
 18297, 99655,20190908,   43,    0
 18297, 99655,20190909,   92,    0
 18297, 99655,20190910,  100,    0
 18297, 99655,20190911,  113,    0
 18297, 99655,20190912,   70,    0
 18297, 99655,20190913,   21,    0
 18297, 99655,20190914,    9,    0
 18297, 99655,20190915,   28,    0
 18297, 99655,20190916,   28,    0
 18297, 99655,20190917,   22,    0
 18297, 99655,20190918,   -6,    0
 18297, 99655,20190919,  -15,    0
 18297, 99655,20190920,   -7,    0
 18297, 99655,20190921,  -14,    0
 18297, 99655,20190922,  -12,    0
 18297, 99655,20190923,  -15,    0
 18297, 99655,20190924,   -1,    0
 18297, 99655,20190925,   31,    0
 18297, 99655,20190926,   47,    0
 18297, 99655,20190927,   68,    0
 18297, 99655,20190928,   59,    0
 18297, 99655,20190929,  -17,    0
 18297, 99655,20190930,  -11,    0
 18297, 99655,20191001,    8,    0
 18297, 99655,20191002,  -20,    0
 18297, 99655,20191003,  -23,    0
 18297, 99655,20191004,  -22,    0
 18297, 99655,20191005,   -7,    0
 18297, 99655,20191006,    0,    0
 18297, 99655,20191007,   -9,    0
 18297, 99655,20191008,  -25,    0
 18297, 99655,20191009,  -23,    0
 18297, 99655,20191010,  -21,    0
 18297, 99655,20191011,  -32,    0
 18297, 99655,20191012,  -55,    0
 18297, 99655,20191013,  -40,    0
 18297, 99655,20191014,  -37,    0
 18297, 99655,20191015,  -33,    0
 18297, 99655,20191016,  -24,    0
 18297, 99655,20191017,  -30,    0
 18297, 99655,20191018,  -34,    0
 18297, 99655,20191019,  -56,    0
 18297, 99655,20191020,  -60,    0
 18297, 99655,20191021,  -36,    0
 18297, 99655,20191022,  -28,    0
 18297, 99655,20191023,  -21,    0
 18297, 99655,20191024,  -36,    0
 18297, 99655,20191025,  -36,    0
 18297, 99655,20191026,  -65,    0
 18297, 99655,20191027,  -81,    0
 18297, 99655,20191028,  -63,    0
 18297, 99655,20191029,  -68,    0
 18297, 99655,20191030,  -68,    0
 18297, 99655,20191031,  -42,    0
 18297, 99655,20191101,  -57,    0
 18297, 99655,20191102,  -65,    0
 18297, 99655,20191103,  -54,    0
 18297, 99655,20191104,  -62,    0
 18297, 99655,20191105,  -56,    0
 18297, 99655,20191106,  -67,    0
 18297, 99655,20191107,  -93,    0
 18297, 99655,20191108, -102,    0
 18297, 99655,20191109,  -84,    0
 18297, 99655,20191110,  -76,    0
 18297, 99655,20191111,  -86,    0
 18297, 99655,20191112,  -86,    0
 18297, 99655,20191113,  -63,    0
 18297, 99655,20191114,  -38,    0
 18297, 99655,20191115,  -29,    0
 18297, 99655,20191116,  -36,    0
 18297, 99655,20191117,  -52,    0
 18297, 99655,20191118,  -32,    0
 18297, 99655,20191119,  -22,    0
 18297, 99655,20191120,   -2,    0
 18297, 99655,20191121,    1,    0
 18297, 99655,20191122,   -3,    0
 18297, 99655,20191123,  -10,    0
 18297, 99655,20191124,  -12,    0
 18297, 99655,20191125,  -19,    0
 18297, 99655,20191126,  -52,    0
 18297, 99655,20191127,  -78,    0
 18297, 99655,20191128, -100,    0
 18297, 99655,20191129,  -84,    0
 18297, 99655,20191130,  -90,    0
 18297, 99655,20191201,  -53,    0
 18297, 99655,20191202,  -54,    0
 18297, 99655,20191203,  -40,    0
 18297, 99655,20191204,   11,    0
 18297, 99655,20191205,  -17,    0
 18297, 99655,20191206,  -46,    0
 18297, 99655,20191207,  -70,    0
 18297, 99655,20191208,  -74,    0
 18297, 99655,20191209,  -92,    0
 18297, 99655,20191210,  -96,    0
 18297, 99655,20191211,  -66,    0
 18297, 99655,20191212,  -37,    0
 18297, 99655,20191213,  -35,    0
 18297, 99655,20191214,  -50,    0
 18297, 99655,20191215,  -42,    0
 18297, 99655,20191216,  -51,    0
 18297, 99655,20191217,  -53,    0
 18297, 99655,20191218,  -42,    0
 18297, 99655,20191219,  -75,    0
 18297, 99655,20191220,  -71,    0
 18297, 99655,20191221,  -61,    0
 18297, 99655,20191222,  -51,    0
 18297, 99655,20191223,  -46,    0
 18297, 99655,20191224,  -23,    0
 18297, 99655,20191225,  -42,    0
 18297, 99655,20191226,  -82,    0
 18297, 99655,20191227,  -74,    0
 18297, 99655,20191228,  -19,    0
 18297, 99655,20191229,   -9,    0
 18297, 99655,20191230,  -52,    0
 18297, 99655,20191231,  -69,    0
 18297, 99655,20200101,  -45,    0
 18297, 99655,20200102,  -12,    0
 18297, 99655,20200103,  -46,    0
 18297, 99655,20200104,  -79,    0
 18297, 99655,20200105,  -83,    0
 18297, 99655,20200106,  -23,    0
 18297, 99655,20200107,   -8,    0
 18297, 99655,20200108,  -25,    0
 18297, 99655,20200109,  -40,    0
 18297, 99655,20200110,  -34,    0
 18297, 99655,20200111,  -43,    0
 18297, 99655,20200112,  -35,    0
 18297, 99655,20200113,  -42,    0
 18297, 99655,20200114,  -52,    0
 18297, 99655,20200115,  -75,    0
 18297, 99655,20200116,  -64,    0
 18297, 99655,20200117,  -95,    0
 18297, 99655,20200118,  -85,    0
 18297, 99655,20200119,  -47,    0
 18297, 99655,20200120,  -23,    0
 18297, 99655,20200121,  -48,    0
 18297, 99655,20200122,  -64,    0
 18297, 99655,20200123,  -51,    0
 18297, 99655,20200124,  -61,    0
 18297, 99655,20200125,  -88,    0
 18297, 99655,20200126, -132,    0
 18297, 99655,20200127, -137,    0
 18297, 99655,20200128, -133,    0
 18297, 99655,20200129, -125,    0
 18297, 99655,20200130,  -90,    0
 18297, 99655,20200131, -103,    0
 18297, 99655,20200201,  -96,    0
 18297, 99655,20200202,  -67,    0
 18297, 99655,20200203,  -87,    0
 18297, 99655,20200204, -101,    0
 18297, 99655,20200205, -105,    0
 18297, 99655,20200206,  -85,    0
 18297, 99655,20200207,  -31,    0
 18297, 99655,20200208,   -5,    0
 18297, 99655,20200209,  -24,    0
 18297, 99655,20200210,  -45,    0
 18297, 99655,20200211,  -30,    0
 18297, 99655,20200212,  -47,    0
 18297, 99655,20200213,  -67,    0
 18297, 99655,20200214,  -73,    0
 18297, 99655,20200215,  -88,    0
 18297, 99655,20200216,  -63,    0
 18297, 99655,20200217,  -34,    0
 18297, 99655,20200218,  -68,    0
 18297, 99655,20200219, -101,    0
 18297, 99655,20200220,  -96,    0
 18297, 99655,20200221,  -40,    0
 18297, 99655,20200222,  -25,    0
 18297, 99655,20200223,  -34,    0
 18297, 99655,20200224,  -71,    0
 18297, 99655,20200225,  -90,    0
 18297, 99655,20200226,  -66,    0
 18297, 99655,20200227,  -76,    0
 18297, 99655,20200228,  -78,    0
 18297, 99655,20200229,  -86,    0
 18297, 99655,20200301, -108,    0
 18297, 99655,20200302,  -90,    0
 18297, 99655,20200303,  -89,    0
 18297, 99655,20200304,  -98,    0
 18297, 99655,20200305,  -85,    0
 18297, 99655,20200306,  -49,    0
 18297, 99655,20200307,  -36,    1
 18297, 99655,20200308,  -52,    0
 18297, 99655,20200309,  -12,    0
 18297, 99655,20200310,  -83,    0
 18297, 99655,20200311,  -91,    0
 18297, 99655,20200312,  -84,    0
 18297, 99655,20200313, -119,    0
 18297, 99655,20200314, -105,    0
 18297, 99655,20200315,  -70,    0
 18297, 99655,20200316,  -79,    0
 18297, 99655,20200317,  -51,    0
 18297, 99655,20200318,  -38,    0
 18297, 99655,20200319, -108,    0
 18297, 99655,20200320,  -93,    0
 18297, 99655,20200321,  -65,    0
 18297, 99655,20200322,  -36,    0
 18297, 99655,20200323,  -22,    0
 18297, 99655,20200324,  -18,    0
 18297, 99655,20200325,  -34,    0
 18297, 99655,20200326,  -28,    0
 18297, 99655,20200327,  -36,    0
 18297, 99655,20200328,  -92,    0
 18297, 99655,20200329, -102,    0
 18297, 99655,20200330,  -89,    0
 18297, 99655,20200331,  -61,    0
 18297, 99655,20200401,  -83,    0
 18297, 99655,20200402, -113,    0
 18297, 99655,20200403,  -99,    0
 18297, 99655,20200404,  -95,    0
 18297, 99655,20200405,  -89,    0
 18297, 99655,20200406,  -65,    0
 18297, 99655,20200407,  -13,    0
 18297, 99655,20200408,  -27,    0
 18297, 99655,20200409,  -78,    0
 18297, 99655,20200410,  -72,    0
 18297, 99655,20200411,  -58,    0
 18297, 99655,20200412,  -75,    0
 18297, 99655,20200413,  -51,    0
 18297, 99655,20200414,  -55,    0
 18297, 99655,20200415,  -38,    0
 18297, 99655,20200416,  -39,    0
 18297, 99655,20200417,  -37,    0
 18297, 99655,20200418,  -17,    0
 18297, 99655,20200419,   -4,    0
 18297, 99655,20200420,   -8,    0
 18297, 99655,20200421,  -24,    0
 18297, 99655,20200422,  -23,    0
 18297, 99655,20200423,  -21,    0
 18297, 99655,20200424,  -56,    0
 18297, 99655,20200425,  -44,    0
 18297, 99655,20200426,  -47,    0
 18297, 99655,20200427,  -61,    0
 18297, 99655,20200428,  -74,    0
 18297, 99655,20200429,  -71,    0
 18297, 99655,20200430,  -52,    0
 18297, 99655,20200501,  -35,    0
 18297, 99655,20200502,  -21,    0
 18297, 99655,20200503,  -13,    0
 18297, 99655,20200504,  -22,    0
 18297, 99655,20200505,  -23,    0
 18297, 99655,20200506,  -25,    0
 18297, 99655,20200507,  -40,    0
 18297, 99655,20200508,  -50,    0
 18297, 99655,20200509,  -59,    0
 18297, 99655,20200510,  -50,    0
 18297, 99655,20200511,  -47,    0
 18297, 99655,20200512,  -57,    0
 18297, 99655,20200513,  -51,    0
 18297, 99655,20200514,  -39,    0
 18297, 99655,20200515,  -44,    0
 18297, 99655,20200516,  -23,    0
 18297, 99655,20200517,  -20,    0
 18297, 99655,20200518,  -20,    0
 18297, 99655,20200519,  -16,    0
 18297, 99655,20200520,  -11,    0
 18297, 99655,20200521,    2,    0
 18297, 99655,20200522,   21,    0
 18297, 99655,20200523,   57,    0
 18297, 99655,20200524,   43,    0
 18297, 99655,20200525,   50,    0
 18297, 99655,20200526,   48,    0
 18297, 99655,20200527,   22,    0
 18297, 99655,20200528,    0,    0
 18297, 99655,20200529,    8,    0
 18297, 99655,20200530,   23,    0
 18297, 99655,20200531,   76,    0
 18297, 99655,20200601,  106,    0
 18297, 99655,20200602,   46,    0
 18297, 99655,20200603,   14,    0
 18297, 99655,20200604,   52,    0
 18297, 99655,20200605,   90,    0
 18297, 99655,20200606,   64,    0
 18297, 99655,20200607,   57,    0
 18297, 99655,20200608,   20,    0
 18297, 99655,20200609,    5,    0
 18297, 99655,20200610,   22,    0
 18297, 99655,20200611,    6,    0
 18297, 99655,20200612,   48,    0
 18297, 99655,20200613,  129,    0
 18297, 99655,20200614,   89,    0
 18297, 99655,20200615,   14,    0
 18297, 99655,20200616,   28,    0
 18297, 99655,20200617,   90,    0
 18297, 99655,20200618,   60,    0
 18297, 99655,20200619,   22,    0
 18297, 99655,20200620,  104,    0
 18297, 99655,20200621,  146,    0
 18297, 99655,20200622,  161,    0
 18297, 99655,20200623,  123,    0
 18297, 99655,20200624,   81,    0
 18297, 99655,20200625,   80,    0
 18297, 99655,20200626,   42,    0
 18297, 99655,20200627,   51,    0
 18297, 99655,20200628,  108,    0
 18297, 99655,20200629,   65,    0
 18297, 99655,20200630,   18,    0
 18297, 99655,20200701,   17,    0
 18297, 99655,20200702,   14,    0
 18297, 99655,20200703,   46,    0
 18297, 99655,20200704,   36,    0
 18297, 99655,20200705,   40,    0
 18297, 99655,20200706,   45,    0
 18297, 99655,20200707,   42,    0
 18297, 99655,20200708,   59,    0
 18297, 99655,20200709,   70,    0
 18297, 99655,20200710,   68,    0
 18297, 99655,20200711,   86,    0
 18297, 99655,20200712,   72,    0
 18297, 99655,20200713,   84,    0
 18297, 99655,20200714,  111,    0
 18297, 99655,20200715,  107,    0
 18297, 99655,20200716,  113,    0
 18297, 99655,20200717,  124,    0
 18297, 99655,20200718,   89,    0
 18297, 99655,20200719,   96,    0
 18297, 99655,20200720,   89,    0
 18297, 99655,20200721,   67,    0
 18297, 99655,20200722,   55,    0
 18297, 99655,20200723,   43,    0
 18297, 99655,20200724,  100,    0
 18297, 99655,20200725,  106,    0
 18297, 99655,20200726,  117,    0
 18297, 99655,20200727,  142,    0
 18297, 99655,20200728,  144,    0
 18297, 99655,20200729,  156,    0
 18297, 99655,20200730,  157,    0
 18297, 99655,20200731,  136,    0
 18297, 99655,20200801,  105,    0
 18297, 99655,20200802,  118,    0
 18297, 99655,20200803,  132,    0
 18297, 99655,20200804,   99,    0
 18297, 99655,20200805,   91,    0
 18297, 99655,20200806,  112,    0
 18297, 99655,20200807,   95,    0
 18297, 99655,20200808,  148,    0
 18297, 99655,20200809,   72,    0
 18297, 99655,20200810,   60,    0
 18297, 99655,20200811,   96,    0
 18297, 99655,20200812,  105,    0
 18297, 99655,20200813,   86,    0
 18297, 99655,20200814,   80,    0
 18297, 99655,20200815,   58,    0
 18297, 99655,20200816,   28,    0
 18297, 99655,20200817,   35,    0
 18297, 99655,20200818,   49,    0
 18297, 99655,20200819,   63,    0
 18297, 99655,20200820,   47,    0
 18297, 99655,20200821,  100,    0
 18297, 99655,20200822,  131,    0
 18297, 99655,20200823,  101,    0
 18297, 99655,20200824,   48,    0
 18297, 99655,20200825,   40,    0
 18297, 99655,20200826,   26,    0
 18297, 99655,20200827,   20,    0
 18297, 99655,20200828,   23,    0
 18297, 99655,20200829,   35,    0
 18297, 99655,20200830,   22,    0
 18297, 99655,20200831,   26,    0
 18297, 99655,20200901,   61,    0
 18297, 99655,20200902,   93,    0
 18297, 99655,20200903,  105,    0
 18297, 99655,20200904,   93,    0
 18297, 99655,20200905,   71,    0
 18297, 99655,20200906,   54,    0
 18297, 99655,20200907,   63,    0
 18297, 99655,20200908,   63,    0
 18297, 99655,20200909,   43,    0
 18297, 99655,20200910,   32,    0
 18297, 99655,20200911,   26,    0
 18297, 99655,20200912,   49,    0
 18297, 99655,20200913,   57,    0
 18297, 99655,20200914,   37,    0
 18297, 99655,20200915,   33,    0
 18297, 99655,20200916,   17,    0
 18297, 99655,20200917,   10,    0
 18297, 99655,20200918,   22,    0
 18297, 99655,20200919,    2,    0
 18297, 99655,20200920,   13,    0
 18297, 99655,20200921,   19,    0
 18297, 99655,20200922,    1,    0
 18297, 99655,20200923,   18,    0
 18297, 99655,20200924,   -1,    0
 18297, 99655,20200925,   18,    0
 18297, 99655,20200926,   -9,    0
 18297, 99655,20200927,    8,    0
 18297, 99655,20200928,   78,    0
 18297, 99655,20200929,  101,    0
 18297, 99655,20200930,   74,    0
 18297, 99655,20201001,   83,    0
 18297, 99655,20201002,   72,    0
 18297, 99655,20201003,   62,    0
 18297, 99655,20201004,   69,    0
 18297, 99655,20201005,   65,    0
 18297, 99655,20201006,   53,    0
 18297, 99655,20201007,   59,    0
 18297, 99655,20201008,   74,    0
 18297, 99655,20201009,   62,    0
 18297, 99655,20201010,   41,    0
 18297, 99655,20201011,   20,    0
 18297, 99655,20201012,    5,    0
 18297, 99655,20201013,  -18,    0
 18297, 99655,20201014,   -5,    0
 18297, 99655,20201015,  -11,    0
 18297, 99655,20201016,   -8,    0
 18297, 99655,20201017,  -34,    0
 18297, 99655,20201018,  -40,    0
 18297, 99655,20201019,  -50,    0
 18297, 99655,20201020,  -44,    0
 18297, 99655,20201021,  -64,    0
 18297, 99655,20201022,  -68,    0
 18297, 99655,20201023,  -45,    0
 18297, 99655,20201024,  -24,    0
 18297, 99655,20201025,  -29,    0
 18297, 99655,20201026,   -2,    0
 18297, 99655,20201027,   16,    0
 18297, 99655,20201028,    0,    0
 18297, 99655,20201029,  -30,    0
 18297, 99655,20201030,  -50,    0
 18297, 99655,20201031,  -20,    0
 18297, 99655,20201101,    5,    0
 18297, 99655,20201102,   16,    0
 18297, 99655,20201103,    8,    0
 18297, 99655,20201104,    8,    0
 18297, 99655,20201105,  -12,    0
 18297, 99655,20201106,   -6,    0
 18297, 99655,20201107,  -26,    0
 18297, 99655,20201108,  -32,    0
 18297, 99655,20201109,  -30,    0
 18297, 99655,20201110,  -41,    0
 18297, 99655,20201111,   22,    0
 18297, 99655,20201112,   39,    0
 18297, 99655,20201113,   34,    0
 18297, 99655,20201114,   -5,    0
 18297, 99655,20201115,   11,    0
 18297, 99655,20201116,   18,    0
 18297, 99655,20201117,   24,    0
 18297, 99655,20201118,  -14,    0
 18297, 99655,20201119,  -65,    0
 18297, 99655,20201120,  -53,    0
 18297, 99655,20201121,  -60,    0
 18297, 99655,20201122,  -25,    0
 18297, 99655,20201123,  -32,    0
 18297, 99655,20201124,  -55,    0
 18297, 99655,20201125,  -31,    0
 18297, 99655,20201126,  -41,    0
 18297, 99655,20201127,   -8,    0
 18297, 99655,20201128,    2,    0
 18297, 99655,20201129,    2,    0
 18297, 99655,20201130,  -11,    0
 18297, 99655,20201201,  -46,    0
 18297, 99655,20201202,  -19,    0
 18297, 99655,20201203,  -29,    0
 18297, 99655,20201204,  -34,    0
 18297, 99655,20201205,  -44,    0
 18297, 99655,20201206,  -62,    0
 18297, 99655,20201207,  -51,    0
 18297, 99655,20201208,  -34,    0
 18297, 99655,20201209,  -19,    0
 18297, 99655,20201210,  -17,    0
 18297, 99655,20201211,  -27,    0
 18297, 99655,20201212,  -25,    0
 18297, 99655,20201213,  -31,    0
 18297, 99655,20201214,  -52,    0
 18297, 99655,20201215,  -47,    0
 18297, 99655,20201216,  -58,    0
 18297, 99655,20201217,  -99,    0
 18297, 99655,20201218,  -79,    0
 18297, 99655,20201219,  -14,    0
 18297, 99655,20201220,   -4,    0
 18297, 99655,20201221,    9,    0
 18297, 99655,20201222,   -9,    0
 18297, 99655,20201223,  -33,    0
 18297, 99655,20201224,  -47,    0
 18297, 99655,20201225,  -84,    0
 18297, 99655,20201226, -132,    0
 18297, 99655,20201227, -150,    0
 18297, 99655,20201228,  -45,    0
 18297, 99655,20201229,  -32,    0
 18297, 99655,20201230,  -36,    0
 18297, 99655,20201231,  -54,    0
 18297, 99655,20210101,  -50,    0
 18297, 99655,20210102,  -50,    0
 18297, 99655,20210103,  -27,    0
 18297, 99655,20210104,  -15,    0
 18297, 99655,20210105,   -9,    0
 18297, 99655,20210106,   -6,    0
 18297, 99655,20210107,  -46,    0
 18297, 99655,20210108,  -90,    0
 18297, 99655,20210109, -109,    0
 18297, 99655,20210110, -102,    0
 18297, 99655,20210111, -122,    0
 18297, 99655,20210112, -107,    0
 18297, 99655,20210113,  -85,    0
 18297, 99655,20210114,  -49,    0
 18297, 99655,20210115,  -29,    0
 18297, 99655,20210116,  -28,    0
 18297, 99655,20210117,  -36,    0
 18297, 99655,20210118,  -51,    0
 18297, 99655,20210119,  -87,    0
 18297, 99655,20210120, -120,    0
 18297, 99655,20210121, -147,    0
 18297, 99655,20210122, -156,    0
 18297, 99655,20210123, -163,    0
 18297, 99655,20210124, -142,    0
 18297, 99655,20210125, -120,    0
 18297, 99655,20210126,  -93,    0
 18297, 99655,20210127, -104,    0
 18297, 99655,20210128, -127,    0
 18297, 99655,20210129, -152,    0
 18297, 99655,20210130, -107,    0
 18297, 99655,20210131,  -88,    0
 18297, 99655,20210201,  -70,    0
 18297, 99655,20210202,  -92,    0
 18297, 99655,20210203,  -94,    0
 18297, 99655,20210204,  -62,    0
 18297, 99655,20210205,  -65,    0
 18297, 99655,20210206,  -77,    0
 18297, 99655,20210207,  -77,    0
 18297, 99655,20210208,  -89,    0
 18297, 99655,20210209, -109,    0
 18297, 99655,20210210,  -91,    0
 18297, 99655,20210211,  -77,    0
 18297, 99655,20210212,  -72,    0
 18297, 99655,20210213,  -98,    0
 18297, 99655,20210214,  -77,    0
 18297, 99655,20210215,  -43,    0
 18297, 99655,20210216,  -83,    0
 18297, 99655,20210217,  -52,    0
 18297, 99655,20210218,  -74,    0
 18297, 99655,20210219, -134,    0
 18297, 99655,20210220, -135,    0
 18297, 99655,20210221, -152,    0
 18297, 99655,20210222,  -91,    0
 18297, 99655,20210223,  -67,    0
 18297, 99655,20210224,  -26,    0
 18297, 99655,20210225,   -7,    0
 18297, 99655,20210226,  -29,    0
 18297, 99655,20210227,  -26,    0
 18297, 99655,20210228,   -5,    0
 18297, 99655,20210301,  -39,    0
 18297, 99655,20210302,  -46,    0
 18297, 99655,20210303,  -73,    0
 18297, 99655,20210304,  -97,    0
 18297, 99655,20210305,  -80,    0
 18297, 99655,20210306, -102,    0
 18297, 99655,20210307,  -90,    0
 18297, 99655,20210308, -100,    0
 18297, 99655,20210309, -120,    0
 18297, 99655,20210310, -102,    0
 18297, 99655,20210311,  -98,    0
 18297, 99655,20210312,  -84,    0
 18297, 99655,20210313,  -46,    0
 18297, 99655,20210314,  -29,    0
 18297, 99655,20210315,  -50,    0
 18297, 99655,20210316,  -77,    0
 18297, 99655,20210317, -109,    0
 18297, 99655,20210318, -103,    0
 18297, 99655,20210319,  -53,    0
 18297, 99655,20210320,  -49,    0
 18297, 99655,20210321,  -88,    0
 18297, 99655,20210322,  -52,    0
 18297, 99655,20210323,  -28,    0
 18297, 99655,20210324,  -21,    0
 18297, 99655,20210325,  -43,    0
 18297, 99655,20210326,  -44,    0
 18297, 99655,20210327,  -12,    0
 18297, 99655,20210328,  -31,    0
 18297, 99655,20210329,  -20,    0
 18297, 99655,20210330,  -20,    0
 18297, 99655,20210331,  -26,    0
 18297, 99655,20210401,  -30,    0
 18297, 99655,20210402,  -35,    0
 18297, 99655,20210403,  -39,    0
 18297, 99655,20210404,  -60,    0
 18297, 99655,20210405,  -54,    0
 18297, 99655,20210406,  -32,    0
 18297, 99655,20210407,  -54,    0
 18297, 99655,20210408,  -71,    0
 18297, 99655,20210409,  -91,    0
 18297, 99655,20210410,  -64,    0
 18297, 99655,20210411,  -39,    0
 18297, 99655,20210412,  -52,    0
 18297, 99655,20210413,  -60,    0
 18297, 99655,20210414,  -50,    0
 18297, 99655,20210415,  -17,    0
 18297, 99655,20210416,   -6,    0
 18297, 99655,20210417,   -9,    0
 18297, 99655,20210418,   -9,    0
 18297, 99655,20210419,   38,    0
 18297, 99655,20210420,   50,    0
 18297, 99655,20210421,  -21,    0
 18297, 99655,20210422,  -54,    0
 18297, 99655,20210423,  -51,    0
 18297, 99655,20210424,  -57,    0
 18297, 99655,20210425,  -49,    0
 18297, 99655,20210426,  -47,    0
 18297, 99655,20210427,  -55,    0
 18297, 99655,20210428,  -62,    0
 18297, 99655,20210429,  -56,    0
 18297, 99655,20210430,  -87,    0
 18297, 99655,20210501,  -67,    0
 18297, 99655,20210502,  -61,    0
 18297, 99655,20210503,  -52,    0
 18297, 99655,20210504,  -40,    0
 18297, 99655,20210505,  -29,    0
 18297, 99655,20210506,  -42,    0
 18297, 99655,20210507,  -38,    0
 18297, 99655,20210508,  -34,    0
 18297, 99655,20210509,  -24,    0
 18297, 99655,20210510,  -11,    0
 18297, 99655,20210511,  -10,    0
 18297, 99655,20210512,   25,    0
 18297, 99655,20210513,   -6,    0
 18297, 99655,20210514,  -14,    0
 18297, 99655,20210515,    0,    0
 18297, 99655,20210516,   26,    0
 18297, 99655,20210517,   59,    0
 18297, 99655,20210518,   54,    0
 18297, 99655,20210519,   45,    0
 18297, 99655,20210520,   24,    0
 18297, 99655,20210521,   11,    0
 18297, 99655,20210522,  -30,    0
 18297, 99655,20210523,  -33,    0
 18297, 99655,20210524,  -11,    0
 18297, 99655,20210525,   -4,    0
 18297, 99655,20210526,   18,    0
 18297, 99655,20210527,   -6,    0
 18297, 99655,20210528,  -18,    0
 18297, 99655,20210529,   -3,    0
 18297, 99655,20210530,    7,    0
 18297, 99655,20210531,   25,    0
 18297, 99655,20210601,   81,    0
 18297, 99655,20210602,  135,    0
 18297, 99655,20210603,  131,    0
 18297, 99655,20210604,  110,    0
 18297, 99655,20210605,   45,    0
 18297, 99655,20210606,   88,    0
 18297, 99655,20210607,   80,    0
 18297, 99655,20210608,   81,    0
 18297, 99655,20210609,   82,    0
 18297, 99655,20210610,   94,    0
 18297, 99655,20210611,  104,    0
 18297, 99655,20210612,   54,    0
 18297, 99655,20210613,   27,    0
 18297, 99655,20210614,   16,    0
 18297, 99655,20210615,   10,    0
 18297, 99655,20210616,   -1,    0
 18297, 99655,20210617,   35,    0
 18297, 99655,20210618,   59,    0
 18297, 99655,20210619,   39,    0
 18297, 99655,20210620,   51,    0
 18297, 99655,20210621,   72,    0
 18297, 99655,20210622,   44,    0
 18297, 99655,20210623,   77,    0
 18297, 99655,20210624,   68,    0
 18297, 99655,20210625,   33,    0
 18297, 99655,20210626,   35,    0
 18297, 99655,20210627,   61,    0
 18297, 99655,20210628,   40,    0
 18297, 99655,20210629,   27,    0
 18297, 99655,20210630,   34,    0
 18297, 99655,20210701,   80,    0
 18297, 99655,20210702,   74,    0
 18297, 99655,20210703,  115,    0
 18297, 99655,20210704,  153,    0
 18297, 99655,20210705,  203,    0
 18297, 99655,20210706,  207,    0
 18297, 99655,20210707,  179,    0
 18297, 99655,20210708,  100,    0
 18297, 99655,20210709,   88,    0
 18297, 99655,20210710,   92,    0
 18297, 99655,20210711,  148,    0
 18297, 99655,20210712,  107,    0
 18297, 99655,20210713,   88,    0
 18297, 99655,20210714,   87,    0
 18297, 99655,20210715,  111,    0
 18297, 99655,20210716,   58,    0
 18297, 99655,20210717,   64,    0
 18297, 99655,20210718,   51,    0
 18297, 99655,20210719,   30,    0
 18297, 99655,20210720,   13,    0
 18297, 99655,20210721,   30,    0
 18297, 99655,20210722,   27,    0
 18297, 99655,20210723,   28,    0
 18297, 99655,20210724,   62,    0
 18297, 99655,20210725,   81,    0
 18297, 99655,20210726,  128,    0
 18297, 99655,20210727,  166,    0
 18297, 99655,20210728,  145,    0
 18297, 99655,20210729,   85,    0
 18297, 99655,20210730,   88,    0
 18297, 99655,20210731,   38,    0
 18297, 99655,20210801,   24,    0
 18297, 99655,20210802,   26,    0
 18297, 99655,20210803,   43,    0
 18297, 99655,20210804,   51,    0
 18297, 99655,20210805,   72,    0
 18297, 99655,20210806,  121,    0
 18297, 99655,20210807,  146,    0
 18297, 99655,20210808,  144,    0
 18297, 99655,20210809,  117,    0
 18297, 99655,20210810,  124,    0
 18297, 99655,20210811,  101,    0
 18297, 99655,20210812,   84,    0
 18297, 99655,20210813,   72,    0
 18297, 99655,20210814,   58,    0
 18297, 99655,20210815,   55,    0
 18297, 99655,20210816,   57,    0
 18297, 99655,20210817,   66,    0
 18297, 99655,20210818,   85,    0
 18297, 99655,20210819,   89,    0
 18297, 99655,20210820,   46,    0
 18297, 99655,20210821,   22,    0
 18297, 99655,20210822,   22,    0
 18297, 99655,20210823,   32,    0
 18297, 99655,20210824,   48,    0
 18297, 99655,20210825,   59,    0
 18297, 99655,20210826,   67,    0
 18297, 99655,20210827,   74,    0
 18297, 99655,20210828,   66,    0
 18297, 99655,20210829,   71,    0
 18297, 99655,20210830,   59,    0
 18297, 99655,20210831,   34,    0
 18297, 99655,20210901,   20,    0
 18297, 99655,20210902,   13,    0
 18297, 99655,20210903,    6,    0
 18297, 99655,20210904,    9,    0
 18297, 99655,20210905,   37,    0
 18297, 99655,20210906,   56,    0
 18297, 99655,20210907,   57,    0
 18297, 99655,20210908,   27,    0
 18297, 99655,20210909,   25,    0
 18297, 99655,20210910,   17,    0
 18297, 99655,20210911,   30,    0
 18297, 99655,20210912,   47,    0
 18297, 99655,20210913,    2,    0
 18297, 99655,20210914,   18,    0
 18297, 99655,20210915,   24,    0
 18297, 99655,20210916,   25,    0
 18297, 99655,20210917,   36,    0
 18297, 99655,20210918,   39,    0
 18297, 99655,20210919,   53,    0
 18297, 99655,20210920,   30,    0
 18297, 99655,20210921,   13,    0
 18297, 99655,20210922,   44,    0
 18297, 99655,20210923,   45,    0
 18297, 99655,20210924,   12,    0
 18297, 99655,20210925,   19,    0
 18297, 99655,20210926,   41,    0
 18297, 99655,20210927,  111,    0
 18297, 99655,20210928,   99,    0
 18297, 99655,20210929,   64,    0
 18297, 99655,20210930,   45,    0
 18297, 99655,20211001,   35,    0
 18297, 99655,20211002,   70,    0
 18297, 99655,20211003,   55,    0
 18297, 99655,20211004,   76,    0
 18297, 99655,20211005,   55,    0
 18297, 99655,20211006,   24,    0
 18297, 99655,20211007,  -22,    0
 18297, 99655,20211008,  -20,    0
 18297, 99655,20211009,   35,    0
 18297, 99655,20211010,   46,    0
 18297, 99655,20211011,   21,    0
 18297, 99655,20211012,   -6,    0
 18297, 99655,20211013,  -27,    0
 18297, 99655,20211014,  -38,    0
 18297, 99655,20211015,  -30,    0
 18297, 99655,20211016,  -27,    0
 18297, 99655,20211017,  -24,    0
 18297, 99655,20211018,  -52,    0
 18297, 99655,20211019,  -69,    0
 18297, 99655,20211020,  -74,    0
 18297, 99655,20211021,  -56,    0
 18297, 99655,20211022,  -51,    0
 18297, 99655,20211023,  -58,    0
 18297, 99655,20211024,  -51,    0
 18297, 99655,20211025,  -46,    0
 18297, 99655,20211026,  -51,    0
 18297, 99655,20211027,  -61,    0
 18297, 99655,20211028,  -23,    0
 18297, 99655,20211029,   -3,    0
 18297, 99655,20211030,   -9,    0
 18297, 99655,20211031,   -1,    0
 18297, 99655,20211101,    9,    0
 18297, 99655,20211102,   28,    0
 18297, 99655,20211103,   27,    0
 18297, 99655,20211104,   -9,    0
 18297, 99655,20211105,  -18,    0
 18297, 99655,20211106,  -25,    0
 18297, 99655,20211107,  -52,    0
 18297, 99655,20211108,  -57,    0
 18297, 99655,20211109,  -65,    0
 18297, 99655,20211110,  -11,    0
 18297, 99655,20211111,  -11,    0
 18297, 99655,20211112,  -31,    0
 18297, 99655,20211113,  -36,    0
 18297, 99655,20211114,  -54,    0
 18297, 99655,20211115,  -10,    0
 18297, 99655,20211116,    3,    0
 18297, 99655,20211117,    7,    0
 18297, 99655,20211118,  -22,    0
 18297, 99655,20211119,  -30,    0
 18297, 99655,20211120,  -50,    0
 18297, 99655,20211121,  -85,    0
 18297, 99655,20211122,  -83,    0
 18297, 99655,20211123,  -57,    0
 18297, 99655,20211124,  -88,    0
 18297, 99655,20211125, -118,    0
 18297, 99655,20211126, -134,    0
 18297, 99655,20211127, -133,    0
 18297, 99655,20211128, -120,    0
 18297, 99655,20211129,  -99,    0
 18297, 99655,20211130, -129,    0
 18297, 99655,20211201, -103,    0
 18297, 99655,20211202,  -70,    0
 18297, 99655,20211203, -106,    0
 18297, 99655,20211204, -132,    0
 18297, 99655,20211205, -129,    0
 18297, 99655,20211206, -107,    0
 18297, 99655,20211207, -137,    0
 18297, 99655,20211208, -139,    0
 18297, 99655,20211209, -110,    0
 18297, 99655,20211210,  -75,    0
 18297, 99655,20211211,  -48,    0
 18297, 99655,20211212,  -43,    0
 18297, 99655,20211213,  -37,    0
 18297, 99655,20211214,  -36,    0
 18297, 99655,20211215,  -29,    0
 18297, 99655,20211216,  -17,    0
 18297, 99655,20211217,   -8,    0
 18297, 99655,20211218,  -25,    0
 18297, 99655,20211219,  -46,    0
 18297, 99655,20211220,  -82,    0
 18297, 99655,20211221, -121,    0
 18297, 99655,20211222,  -89,    0
 18297, 99655,20211223, -119,    0
 18297, 99655,20211224,  -82,    0
 18297, 99655,20211225,  -91,    0
 18297, 99655,20211226,  -95,    0
 18297, 99655,20211227,  -77,    0
 18297, 99655,20211228,  -85,    0
 18297, 99655,20211229,  -80,    0
 18297, 99655,20211230,  -75,    0
 18297, 99655,20211231,  -92,    0
 18297, 99655,20220101,  -82,    0
 18297, 99655,20220102, -102,    0
 18297, 99655,20220103, -113,    0
 18297, 99655,20220104, -125,    0
 18297, 99655,20220105,  -99,    0
 18297, 99655,20220106,  -91,    0
 18297, 99655,20220107,  -92,    0
 18297, 99655,20220108,  -78,    0
 18297, 99655,20220109,  -93,    0
 18297, 99655,20220110,  -83,    0
 18297, 99655,20220111,  -35,    0
 18297, 99655,20220112,  -27,    0
 18297, 99655,20220113,  -46,    0
 18297, 99655,20220114,  -41,    0
 18297, 99655,20220115,  -67,    0
 18297, 99655,20220116,  -55,    0
 18297, 99655,20220117,  -88,    0
 18297, 99655,20220118,  -36,    0
 18297, 99655,20220119,  -47,    0
 18297, 99655,20220120,  -60,    0
 18297, 99655,20220121,  -82,    0
 18297, 99655,20220122,  -37,    0
 18297, 99655,20220123,   -7,    0
 18297, 99655,20220124,  -60,    0
 18297, 99655,20220125,  -73,    0
 18297, 99655,20220126,  -69,    0
 18297, 99655,20220127,  -62,    0
 18297, 99655,20220128,  -86,    0
 18297, 99655,20220129, -114,    0
 18297, 99655,20220130,  -91,    0
 18297, 99655,20220131,  -91,    0
 18297, 99655,20220201, -106,    0
 18297, 99655,20220202, -133,    0
 18297, 99655,20220203, -138,    0
 18297, 99655,20220204, -148,    0
 18297, 99655,20220205,  -99,    0
 18297, 99655,20220206,  -82,    0
 18297, 99655,20220207,  -83,    0
 18297, 99655,20220208,  -87,    0
 18297, 99655,20220209,  -76,    0
 18297, 99655,20220210,  -78,    0
 18297, 99655,20220211,  -80,    0
 18297, 99655,20220212, -140,    0
 18297, 99655,20220213, -121,    0
 18297, 99655,20220214,  -94,    0
 18297, 99655,20220215, -109,    0
 18297, 99655,20220216, -114,    0
 18297, 99655,20220217,  -98,    0
 18297, 99655,20220218,  -90,    0
 18297, 99655,20220219,  -97,    0
 18297, 99655,20220220, -126,    0
 18297, 99655,20220221, -139,    0
 18297, 99655,20220222, -183,    0
 18297, 99655,20220223, -136,    0
 18297, 99655,20220224,  -84,    0
 18297, 99655,20220225,  -88,    0
 18297, 99655,20220226,  -94,    0
 18297, 99655,20220227,   -9,    0
 18297, 99655,20220228,  -27,    0
 18297, 99655,20220301,  -26,    0
 18297, 99655,20220302,  -36,    0
 18297, 99655,20220303,  -71,    0
 18297, 99655,20220304,  -71,    0
 18297, 99655,20220305,  -39,    0
 18297, 99655,20220306,  -69,    0
 18297, 99655,20220307,  -70,    0
 18297, 99655,20220308,  -79,    0
 18297, 99655,20220309,  -36,    0
 18297, 99655,20220310,  -19,    0
 18297, 99655,20220311,  -11,    0
 18297, 99655,20220312,    5,    0
 18297, 99655,20220313,  -23,    0
 18297, 99655,20220314,  -11,    0
 18297, 99655,20220315,   -3,    0
 18297, 99655,20220316,  -31,    0
 18297, 99655,20220317,   -6,    0
 18297, 99655,20220318,  -25,    0
 18297, 99655,20220319,  -18,    0
 18297, 99655,20220320,   -7,    0
 18297, 99655,20220321,  -27,    0
 18297, 99655,20220322,  -25,    0
 18297, 99655,20220323,  -28,    0
 18297, 99655,20220324,  -73,    0
 18297, 99655,20220325,  -73,    0
 18297, 99655,20220326,  -97,    0
 18297, 99655,20220327, -103,    0
 18297, 99655,20220328, -113,    0
 18297, 99655,20220329,  -81,    0
 18297, 99655,20220330,  -79,    0
 18297, 99655,20220331,  -91,    0
 18297, 99655,20220401,  -77,    0
 18297, 99655,20220402,  -77,    0
 18297, 99655,20220403,  -97,    0
 18297, 99655,20220404, -113,    0
 18297, 99655,20220405, -101,    0
 18297, 99655,20220406,  -53,    0
 18297, 99655,20220407,  -61,    0
 18297, 99655,20220408,  -61,    0
 18297, 99655,20220409,  -24,    0
 18297, 99655,20220410,  -40,    0
 18297, 99655,20220411,  -30,    0
 18297, 99655,20220412,  -61,    0
 18297, 99655,20220413,  -40,    0
 18297, 99655,20220414,  -42,    0
 18297, 99655,20220415,  -44,    0
 18297, 99655,20220416,  -15,    0
 18297, 99655,20220417,   -1,    0
 18297, 99655,20220418,    2,    0
 18297, 99655,20220419,   14,    0
 18297, 99655,20220420,    9,    0
 18297, 99655,20220421,   -8,    0
 18297, 99655,20220422,  -29,    0
 18297, 99655,20220423,  -32,    0
 18297, 99655,20220424,  -16,    0
 18297, 99655,20220425,  -44,    0
 18297, 99655,20220426,  -91,    0
 18297, 99655,20220427,  -85,    0
 18297, 99655,20220428,  -75,    0
 18297, 99655,20220429,  -69,    0
 18297, 99655,20220430,  -65,    0
 18297, 99655,20220501,  -40,    0
 18297, 99655,20220502,  -50,    0
 18297, 99655,20220503,  -69,    0
 18297, 99655,20220504,  -68,    0
 18297, 99655,20220505,  -33,    0
 18297, 99655,20220506,   -7,    0
 18297, 99655,20220507,  -30,    0
 18297, 99655,20220508,  -45,    0
 18297, 99655,20220509,  -25,    0
 18297, 99655,20220510,   -4,    0
 18297, 99655,20220511,    3,    0
 18297, 99655,20220512,  -17,    0
 18297, 99655,20220513,  -16,    0
 18297, 99655,20220514,   -3,    0
 18297, 99655,20220515,  -10,    0
 18297, 99655,20220516,  -36,    0
 18297, 99655,20220517,  -37,    0
 18297, 99655,20220518,  -28,    0
 18297, 99655,20220519,  -16,    0
 18297, 99655,20220520,   13,    0
 18297, 99655,20220521,   -1,    0
 18297, 99655,20220522,   16,    0
 18297, 99655,20220523,   41,    0
 18297, 99655,20220524,   56,    0
 18297, 99655,20220525,   65,    0
 18297, 99655,20220526,   70,    0
 18297, 99655,20220527,   32,    0
 18297, 99655,20220528,   11,    0
 18297, 99655,20220529,   50,    0
 18297, 99655,20220530,   74,    0
 18297, 99655,20220531,   81,    0
 18297, 99655,20220601,   82,    0
 18297, 99655,20220602,   77,    0
 18297, 99655,20220603,   64,    0
 18297, 99655,20220604,   29,    0
 18297, 99655,20220605,    6,    0
 18297, 99655,20220606,   25,    0
 18297, 99655,20220607,   -7,    0
 18297, 99655,20220608,   -2,    0
 18297, 99655,20220609,    5,    0
 18297, 99655,20220610,   14,    0
 18297, 99655,20220611,   66,    0
 18297, 99655,20220612,   30,    0
 18297, 99655,20220613,   47,    0
 18297, 99655,20220614,   56,    0
 18297, 99655,20220615,   49,    0
 18297, 99655,20220616,   51,    0
 18297, 99655,20220617,   52,    0
 18297, 99655,20220618,   73,    0
 18297, 99655,20220619,   60,    0
 18297, 99655,20220620,   40,    0
 18297, 99655,20220621,   35,    0
 18297, 99655,20220622,   39,    0
 18297, 99655,20220623,   51,    0
 18297, 99655,20220624,   35,    0
 18297, 99655,20220625,  111,    0
 18297, 99655,20220626,  151,    0
 18297, 99655,20220627,  187,    0
 18297, 99655,20220628,  206,    0
 18297, 99655,20220629,  147,    0
 18297, 99655,20220630,  102,    0
 18297, 99655,20220701,  190,    0
 18297, 99655,20220702,  206,    0
 18297, 99655,20220703,  114,    0
 18297, 99655,20220704,  127,    0
 18297, 99655,20220705,  126,    0
 18297, 99655,20220706,   55,    0
 18297, 99655,20220707,   52,    0
 18297, 99655,20220708,   46,    0
 18297, 99655,20220709,   79,    0
 18297, 99655,20220710,   96,    0
 18297, 99655,20220711,  101,    0
 18297, 99655,20220712,  142,    0
 18297, 99655,20220713,  114,    0
 18297, 99655,20220714,  103,    0
 18297, 99655,20220715,   59,    0
 18297, 99655,20220716,   57,    0
 18297, 99655,20220717,   43,    0
 18297, 99655,20220718,   69,    0
 18297, 99655,20220719,   79,    0
 18297, 99655,20220720,  117,    0
 18297, 99655,20220721,   99,    0
 18297, 99655,20220722,   61,    0
 18297, 99655,20220723,   52,    0
 18297, 99655,20220724,   66,    0
 18297, 99655,20220725,   88,    0
 18297, 99655,20220726,  119,    0
 18297, 99655,20220727,   65,    0
 18297, 99655,20220728,   52,    0
 18297, 99655,20220729,   82,    0
 18297, 99655,20220730,  125,    0
 18297, 99655,20220731,  129,    0
 18297, 99655,20220801,  137,    0
 18297, 99655,20220802,   80,    0
 18297, 99655,20220803,  118,    0
 18297, 99655,20220804,  102,    0
 18297, 99655,20220805,   74,    0
 18297, 99655,20220806,   82,    0
 18297, 99655,20220807,   60,    0
 18297, 99655,20220808,   55,    0
 18297, 99655,20220809,   68,    0
 18297, 99655,20220810,   77,    0
 18297, 99655,20220811,   54,    0
 18297, 99655,20220812,   38,    0
 18297, 99655,20220813,   51,    0
 18297, 99655,20220814,   50,    0
 18297, 99655,20220815,  126,    0
 18297, 99655,20220816,  153,    0
 18297, 99655,20220817,   83,    0
 18297, 99655,20220818,   62,    0
 18297, 99655,20220819,  117,    0
 18297, 99655,20220820,  142,    0
 18297, 99655,20220821,  150,    0
 18297, 99655,20220822,   93,    0
 18297, 99655,20220823,   47,    0
 18297, 99655,20220824,   80,    0
 18297, 99655,20220825,  118,    0
 18297, 99655,20220826,  139,    0
 18297, 99655,20220827,   81,    0
 18297, 99655,20220828,   49,    0
 18297, 99655,20220829,   41,    0
 18297, 99655,20220830,   28,    0
 18297, 99655,20220831,   27,    0
 18297, 99655,20220901,   25,    0
 18297, 99655,20220902,   27,    0
 18297, 99655,20220903,   31,    0
 18297, 99655,20220904,   43,    0
 18297, 99655,20220905,   24,    0
 18297, 99655,20220906,   37,    0
 18297, 99655,20220907,   47,    0
 18297, 99655,20220908,   51,    0
 18297, 99655,20220909,   30,    0
 18297, 99655,20220910,   35,    0
 18297, 99655,20220911,   37,    0
 18297, 99655,20220912,   23,    0
 18297, 99655,20220913,   29,    0
 18297, 99655,20220914,   19,    0
 18297, 99655,20220915,   38,    0
 18297, 99655,20220916,   46,    0
 18297, 99655,20220917,   33,    0
 18297, 99655,20220918,   31,    0
 18297, 99655,20220919,    7,    0
 18297, 99655,20220920,    0,    0
 18297, 99655,20220921,   24,    0
 18297, 99655,20220922,   69,    0
 18297, 99655,20220923,   57,    0
 18297, 99655,20220924,   47,    0
 18297, 99655,20220925,   44,    0
 18297, 99655,20220926,   33,    0
 18297, 99655,20220927,   36,    0
 18297, 99655,20220928,   35,    0
 18297, 99655,20220929,   32,    0
 18297, 99655,20220930,   19,    0
 18297, 99655,20221001,    4,    0
 18297, 99655,20221002,    4,    0
 18297, 99655,20221003,   17,    0
 18297, 99655,20221004,   30,    0
 18297, 99655,20221005,   18,    0
 18297, 99655,20221006,   16,    0
 18297, 99655,20221007,   17,    0
 18297, 99655,20221008,   15,    0
 18297, 99655,20221009,    6,    0
 18297, 99655,20221010,   30,    0
 18297, 99655,20221011,   20,    0
 18297, 99655,20221012,    1,    0
 18297, 99655,20221013,   16,    0
 18297, 99655,20221014,    2,    0
 18297, 99655,20221015,   12,    0
 18297, 99655,20221016,    8,    0
 18297, 99655,20221017,   -2,    0
 18297, 99655,20221018,  -18,    0
 18297, 99655,20221019,   -5,    0
 18297, 99655,20221020,  -20,    0
 18297, 99655,20221021,   -8,    0
 18297, 99655,20221022,  -18,    0
 18297, 99655,20221023,  -28,    0
 18297, 99655,20221024,  -43,    0
 18297, 99655,20221025,  -47,    0
 18297, 99655,20221026,  -43,    0
 18297, 99655,20221027,  -28,    0
 18297, 99655,20221028,    2,    0
 18297, 99655,20221029,  -26,    0
 18297, 99655,20221030,  -21,    0
 18297, 99655,20221031,   -5,    0
