EUROPEAN CLIMATE ASSESSMENT & DATASET (ECA&D), file created on: 16-11-2022
THESE DATA CAN BE USED FOR NON-COMMERCIAL RESEARCH AND EDUCATION PROVIDED THAT THE FOLLOWING SOURCE IS ACKNOWLEDGED: 

Klein Tank, A.M.G. and Coauthors, 2002. Daily dataset of 20th-century surface
air temperature and precipitation series for the European Climate Assessment.
Int. J. of Climatol., 22, 1441-1453.
Data and metadata available at http://www.ecad.eu

FILE FORMAT (MISSING VALUE CODE = -9999):

01-06 STAID: Station identifier
08-13 SOUID: Source identifier
15-22 DATE : Date YYYYMMDD
24-28 TG   : Mean temperature in 0.1 &#176;C
30-34 Q_TG : quality code for TG (0='valid'; 1='suspect'; 9='missing')

This is the blended series of station FV289 HURUM, NORWAY (STAID: 18345)
Blended and updated with sources:99062 
See files sources.txt and stations.txt for more info.

STAID, SOUID,    DATE,   TG, Q_TG
 18345, 99062,20170301,-9999,    9
 18345, 99062,20170302,-9999,    9
 18345, 99062,20170303,-9999,    9
 18345, 99062,20170304,-9999,    9
 18345, 99062,20170305,-9999,    9
 18345, 99062,20170306,-9999,    9
 18345, 99062,20170307,-9999,    9
 18345, 99062,20170308,-9999,    9
 18345, 99062,20170309,-9999,    9
 18345, 99062,20170310,-9999,    9
 18345, 99062,20170311,-9999,    9
 18345, 99062,20170312,-9999,    9
 18345, 99062,20170313,   15,    0
 18345, 99062,20170314,-9999,    9
 18345, 99062,20170315,-9999,    9
 18345, 99062,20170316,-9999,    9
 18345, 99062,20170317,-9999,    9
 18345, 99062,20170318,-9999,    9
 18345, 99062,20170319,-9999,    9
 18345, 99062,20170320,-9999,    9
 18345, 99062,20170321,-9999,    9
 18345, 99062,20170322,-9999,    9
 18345, 99062,20170323,-9999,    9
 18345, 99062,20170324,-9999,    9
 18345, 99062,20170325,-9999,    9
 18345, 99062,20170326,-9999,    9
 18345, 99062,20170327,-9999,    9
 18345, 99062,20170328,-9999,    9
 18345, 99062,20170329,-9999,    9
 18345, 99062,20170330,-9999,    9
 18345, 99062,20170331,-9999,    9
 18345, 99062,20170401,-9999,    9
 18345, 99062,20170402,-9999,    9
 18345, 99062,20170403,   35,    0
 18345, 99062,20170404,   48,    0
 18345, 99062,20170405,   60,    0
 18345, 99062,20170406,   68,    0
 18345, 99062,20170407,  107,    0
 18345, 99062,20170408,   89,    0
 18345, 99062,20170409,   74,    0
 18345, 99062,20170410,   78,    0
 18345, 99062,20170411,   56,    0
 18345, 99062,20170412,   45,    0
 18345, 99062,20170413,   23,    0
 18345, 99062,20170414,    4,    0
 18345, 99062,20170415,  -10,    0
 18345, 99062,20170416,    6,    0
 18345, 99062,20170417,   14,    0
 18345, 99062,20170418,   17,    0
 18345, 99062,20170419,   42,    0
 18345, 99062,20170420,   72,    0
 18345, 99062,20170421,   68,    0
 18345, 99062,20170422,   58,    0
 18345, 99062,20170423,   48,    0
 18345, 99062,20170424,    9,    0
 18345, 99062,20170425,   20,    0
 18345, 99062,20170426,   44,    0
 18345, 99062,20170427,-9999,    9
 18345, 99062,20170428,   25,    0
 18345, 99062,20170429,   45,    0
 18345, 99062,20170430,   53,    0
 18345, 99062,20170501,   63,    0
 18345, 99062,20170502,  100,    0
 18345, 99062,20170503,  105,    0
 18345, 99062,20170504,   97,    0
 18345, 99062,20170505,  128,    0
 18345, 99062,20170506,  149,    0
 18345, 99062,20170507,   83,    0
 18345, 99062,20170508,   52,    0
 18345, 99062,20170509,   51,    0
 18345, 99062,20170510,   10,    0
 18345, 99062,20170511,   23,    0
 18345, 99062,20170512,   48,    0
 18345, 99062,20170513,   63,    0
 18345, 99062,20170514,   76,    0
 18345, 99062,20170515,   88,    0
 18345, 99062,20170516,   78,    0
 18345, 99062,20170517,  101,    0
 18345, 99062,20170518,  123,    0
 18345, 99062,20170519,  134,    0
 18345, 99062,20170520,-9999,    9
 18345, 99062,20170521,  132,    0
 18345, 99062,20170522,  117,    0
 18345, 99062,20170523,  121,    0
 18345, 99062,20170524,  137,    0
 18345, 99062,20170525,  151,    0
 18345, 99062,20170526,  166,    0
 18345, 99062,20170527,  143,    0
 18345, 99062,20170528,  145,    0
 18345, 99062,20170529,  148,    0
 18345, 99062,20170530,  121,    0
 18345, 99062,20170531,  131,    0
 18345, 99062,20170601,  112,    0
 18345, 99062,20170602,   94,    0
 18345, 99062,20170603,  103,    0
 18345, 99062,20170604,  120,    0
 18345, 99062,20170605,  137,    0
 18345, 99062,20170606,  146,    0
 18345, 99062,20170607,  122,    0
 18345, 99062,20170608,  121,    0
 18345, 99062,20170609,-9999,    9
 18345, 99062,20170610,  138,    0
 18345, 99062,20170611,  127,    0
 18345, 99062,20170612,  142,    0
 18345, 99062,20170613,  158,    0
 18345, 99062,20170614,  162,    0
 18345, 99062,20170615,  154,    0
 18345, 99062,20170616,  146,    0
 18345, 99062,20170617,  169,    0
 18345, 99062,20170618,  194,    0
 18345, 99062,20170619,  156,    0
 18345, 99062,20170620,  147,    0
 18345, 99062,20170621,  141,    0
 18345, 99062,20170622,  145,    0
 18345, 99062,20170623,  132,    0
 18345, 99062,20170624,  151,    0
 18345, 99062,20170625,  131,    0
 18345, 99062,20170626,  146,    0
 18345, 99062,20170627,  136,    0
 18345, 99062,20170628,  153,    0
 18345, 99062,20170629,  169,    0
 18345, 99062,20170630,  185,    0
 18345, 99062,20170701,  186,    0
 18345, 99062,20170702,  173,    0
 18345, 99062,20170703,  158,    0
 18345, 99062,20170704,  146,    0
 18345, 99062,20170705,  146,    0
 18345, 99062,20170706,  143,    0
 18345, 99062,20170707,  146,    0
 18345, 99062,20170708,  157,    0
 18345, 99062,20170709,  158,    0
 18345, 99062,20170710,  140,    0
 18345, 99062,20170711,  146,    0
 18345, 99062,20170712,  138,    0
 18345, 99062,20170713,  150,    0
 18345, 99062,20170714,  152,    0
 18345, 99062,20170715,  158,    0
 18345, 99062,20170716,  159,    0
 18345, 99062,20170717,  150,    0
 18345, 99062,20170718,  164,    0
 18345, 99062,20170719,  158,    0
 18345, 99062,20170720,  182,    0
 18345, 99062,20170721,  157,    0
 18345, 99062,20170722,  179,    0
 18345, 99062,20170723,  194,    0
 18345, 99062,20170724,  170,    0
 18345, 99062,20170725,  177,    0
 18345, 99062,20170726,  170,    0
 18345, 99062,20170727,  160,    0
 18345, 99062,20170728,  153,    0
 18345, 99062,20170729,  143,    0
 18345, 99062,20170730,  148,    0
 18345, 99062,20170731,-9999,    9
 18345, 99062,20170801,-9999,    9
 18345, 99062,20170802,-9999,    9
 18345, 99062,20170803,-9999,    9
 18345, 99062,20170804,-9999,    9
 18345, 99062,20170805,-9999,    9
 18345, 99062,20170806,-9999,    9
 18345, 99062,20170807,-9999,    9
 18345, 99062,20170808,-9999,    9
 18345, 99062,20170809,-9999,    9
 18345, 99062,20170810,-9999,    9
 18345, 99062,20170811,-9999,    9
 18345, 99062,20170812,-9999,    9
 18345, 99062,20170813,-9999,    9
 18345, 99062,20170814,-9999,    9
 18345, 99062,20170815,-9999,    9
 18345, 99062,20170816,-9999,    9
 18345, 99062,20170817,-9999,    9
 18345, 99062,20170818,-9999,    9
 18345, 99062,20170819,-9999,    9
 18345, 99062,20170820,-9999,    9
 18345, 99062,20170821,-9999,    9
 18345, 99062,20170822,-9999,    9
 18345, 99062,20170823,-9999,    9
 18345, 99062,20170824,-9999,    9
 18345, 99062,20170825,-9999,    9
 18345, 99062,20170826,-9999,    9
 18345, 99062,20170827,-9999,    9
 18345, 99062,20170828,-9999,    9
 18345, 99062,20170829,-9999,    9
 18345, 99062,20170830,-9999,    9
 18345, 99062,20170831,-9999,    9
 18345, 99062,20170901,-9999,    9
 18345, 99062,20170902,-9999,    9
 18345, 99062,20170903,-9999,    9
 18345, 99062,20170904,-9999,    9
 18345, 99062,20170905,-9999,    9
 18345, 99062,20170906,-9999,    9
 18345, 99062,20170907,-9999,    9
 18345, 99062,20170908,-9999,    9
 18345, 99062,20170909,-9999,    9
 18345, 99062,20170910,-9999,    9
 18345, 99062,20170911,-9999,    9
 18345, 99062,20170912,-9999,    9
 18345, 99062,20170913,-9999,    9
 18345, 99062,20170914,-9999,    9
 18345, 99062,20170915,-9999,    9
 18345, 99062,20170916,-9999,    9
 18345, 99062,20170917,-9999,    9
 18345, 99062,20170918,-9999,    9
 18345, 99062,20170919,-9999,    9
 18345, 99062,20170920,-9999,    9
 18345, 99062,20170921,-9999,    9
 18345, 99062,20170922,-9999,    9
 18345, 99062,20170923,-9999,    9
 18345, 99062,20170924,-9999,    9
 18345, 99062,20170925,-9999,    9
 18345, 99062,20170926,-9999,    9
 18345, 99062,20170927,-9999,    9
 18345, 99062,20170928,-9999,    9
 18345, 99062,20170929,-9999,    9
 18345, 99062,20170930,-9999,    9
 18345, 99062,20171001,-9999,    9
 18345, 99062,20171002,-9999,    9
 18345, 99062,20171003,-9999,    9
 18345, 99062,20171004,-9999,    9
 18345, 99062,20171005,-9999,    9
 18345, 99062,20171006,-9999,    9
 18345, 99062,20171007,-9999,    9
 18345, 99062,20171008,-9999,    9
 18345, 99062,20171009,-9999,    9
 18345, 99062,20171010,-9999,    9
 18345, 99062,20171011,-9999,    9
 18345, 99062,20171012,-9999,    9
 18345, 99062,20171013,-9999,    9
 18345, 99062,20171014,-9999,    9
 18345, 99062,20171015,-9999,    9
 18345, 99062,20171016,-9999,    9
 18345, 99062,20171017,-9999,    9
 18345, 99062,20171018,-9999,    9
 18345, 99062,20171019,-9999,    9
 18345, 99062,20171020,-9999,    9
 18345, 99062,20171021,-9999,    9
 18345, 99062,20171022,-9999,    9
 18345, 99062,20171023,-9999,    9
 18345, 99062,20171024,-9999,    9
 18345, 99062,20171025,-9999,    9
 18345, 99062,20171026,-9999,    9
 18345, 99062,20171027,-9999,    9
 18345, 99062,20171028,-9999,    9
 18345, 99062,20171029,-9999,    9
 18345, 99062,20171030,-9999,    9
 18345, 99062,20171031,   38,    0
 18345, 99062,20171101,-9999,    9
 18345, 99062,20171102,-9999,    9
 18345, 99062,20171103,   44,    0
 18345, 99062,20171104,   48,    0
 18345, 99062,20171105,   58,    0
 18345, 99062,20171106,   29,    0
 18345, 99062,20171107,   34,    0
 18345, 99062,20171108,   55,    0
 18345, 99062,20171109,   66,    0
 18345, 99062,20171110,   21,    0
 18345, 99062,20171111,    7,    0
 18345, 99062,20171112,   15,    0
 18345, 99062,20171113,    9,    0
 18345, 99062,20171114,  -15,    0
 18345, 99062,20171115,   27,    0
 18345, 99062,20171116,   28,    0
 18345, 99062,20171117,   37,    0
 18345, 99062,20171118,   13,    0
 18345, 99062,20171119,   -9,    0
 18345, 99062,20171120,  -35,    0
 18345, 99062,20171121,  -41,    0
 18345, 99062,20171122,  -49,    0
 18345, 99062,20171123,   52,    0
 18345, 99062,20171124,   23,    0
 18345, 99062,20171125,    3,    0
 18345, 99062,20171126,   16,    0
 18345, 99062,20171127,   -5,    0
 18345, 99062,20171128,-9999,    9
 18345, 99062,20171129,-9999,    9
 18345, 99062,20171130,  -15,    0
 18345, 99062,20171201,  -31,    0
 18345, 99062,20171202,  -49,    0
 18345, 99062,20171203,    6,    0
 18345, 99062,20171204,    0,    0
 18345, 99062,20171205,   19,    0
 18345, 99062,20171206,   -2,    0
 18345, 99062,20171207,   54,    0
 18345, 99062,20171208,   40,    0
 18345, 99062,20171209,   26,    0
 18345, 99062,20171210,  -44,    0
 18345, 99062,20171211,  -40,    0
 18345, 99062,20171212,  -57,    0
 18345, 99062,20171213,  -75,    0
 18345, 99062,20171214,  -36,    0
 18345, 99062,20171215,  -26,    0
 18345, 99062,20171216,  -39,    0
 18345, 99062,20171217,  -82,    0
 18345, 99062,20171218,  -33,    0
 18345, 99062,20171219,  -37,    0
 18345, 99062,20171220,  -15,    0
 18345, 99062,20171221,  -19,    0
 18345, 99062,20171222,    8,    0
 18345, 99062,20171223,   27,    0
 18345, 99062,20171224,   13,    0
 18345, 99062,20171225,   10,    0
 18345, 99062,20171226,   13,    0
 18345, 99062,20171227,    9,    0
 18345, 99062,20171228,   -2,    0
 18345, 99062,20171229,  -21,    0
 18345, 99062,20171230,  -65,    0
 18345, 99062,20171231,  -33,    0
 18345, 99062,20180101,   21,    0
 18345, 99062,20180102,  -16,    0
 18345, 99062,20180103,  -14,    0
 18345, 99062,20180104,   -3,    0
 18345, 99062,20180105,  -25,    0
 18345, 99062,20180106,  -62,    0
 18345, 99062,20180107,  -50,    0
 18345, 99062,20180108,  -29,    0
 18345, 99062,20180109,  -74,    0
 18345, 99062,20180110,  -68,    0
 18345, 99062,20180111,  -28,    0
 18345, 99062,20180112,  -42,    0
 18345, 99062,20180113,  -34,    0
 18345, 99062,20180114,  -37,    0
 18345, 99062,20180115,  -25,    0
 18345, 99062,20180116,   -9,    0
 18345, 99062,20180117,  -31,    0
 18345, 99062,20180118,  -40,    0
 18345, 99062,20180119,  -38,    0
 18345, 99062,20180120,  -32,    0
 18345, 99062,20180121,  -45,    0
 18345, 99062,20180122,  -52,    0
 18345, 99062,20180123,  -13,    0
 18345, 99062,20180124,   31,    0
 18345, 99062,20180125,   39,    0
 18345, 99062,20180126,  -10,    0
 18345, 99062,20180127,  -32,    0
 18345, 99062,20180128,  -10,    0
 18345, 99062,20180129,  -29,    0
 18345, 99062,20180130,  -41,    0
 18345, 99062,20180131,   10,    0
 18345, 99062,20180201,    0,    0
 18345, 99062,20180202,  -65,    0
 18345, 99062,20180203,  -78,    0
 18345, 99062,20180204,  -96,    0
 18345, 99062,20180205,  -99,    0
 18345, 99062,20180206,  -65,    0
 18345, 99062,20180207,  -56,    0
 18345, 99062,20180208,  -48,    0
 18345, 99062,20180209,   -3,    0
 18345, 99062,20180210,  -20,    0
 18345, 99062,20180211,  -26,    0
 18345, 99062,20180212,  -21,    0
 18345, 99062,20180213,  -49,    0
 18345, 99062,20180214,    5,    0
 18345, 99062,20180215,   -9,    0
 18345, 99062,20180216,  -23,    0
 18345, 99062,20180217,  -45,    0
 18345, 99062,20180218,  -21,    0
 18345, 99062,20180219,  -26,    0
 18345, 99062,20180220,  -49,    0
 18345, 99062,20180221,  -50,    0
 18345, 99062,20180222,  -57,    0
 18345, 99062,20180223,  -56,    0
 18345, 99062,20180224,  -46,    0
 18345, 99062,20180225,  -77,    0
 18345, 99062,20180226, -118,    0
 18345, 99062,20180227,  -99,    0
 18345, 99062,20180228, -121,    0
 18345, 99062,20180301, -118,    0
 18345, 99062,20180302,  -98,    0
 18345, 99062,20180303,-9999,    9
 18345, 99062,20180304,  -66,    0
 18345, 99062,20180305,  -57,    0
 18345, 99062,20180306,  -50,    0
 18345, 99062,20180307,  -25,    0
 18345, 99062,20180308,  -29,    0
 18345, 99062,20180309,  -44,    0
 18345, 99062,20180310,-9999,    9
 18345, 99062,20180311,  -39,    0
 18345, 99062,20180312,  -20,    0
 18345, 99062,20180313,   -3,    0
 18345, 99062,20180314,  -30,    0
 18345, 99062,20180315,  -42,    0
 18345, 99062,20180316,  -72,    0
 18345, 99062,20180317,-9999,    9
 18345, 99062,20180318,  -69,    0
 18345, 99062,20180319,  -19,    0
 18345, 99062,20180320,    1,    0
 18345, 99062,20180321,   15,    0
 18345, 99062,20180322,  -13,    0
 18345, 99062,20180323,   -9,    0
 18345, 99062,20180324,   19,    0
 18345, 99062,20180325,   24,    0
 18345, 99062,20180326,  -13,    0
 18345, 99062,20180327,  -38,    0
 18345, 99062,20180328,  -48,    0
 18345, 99062,20180329,  -41,    0
 18345, 99062,20180330,  -44,    0
 18345, 99062,20180331,  -29,    0
 18345, 99062,20180401,  -30,    0
 18345, 99062,20180402,  -25,    0
 18345, 99062,20180403,  -24,    0
 18345, 99062,20180404,   15,    0
 18345, 99062,20180405,   21,    0
 18345, 99062,20180406,   32,    0
 18345, 99062,20180407,-9999,    9
 18345, 99062,20180408,   16,    0
 18345, 99062,20180409,   21,    0
 18345, 99062,20180410,   28,    0
 18345, 99062,20180411,   26,    0
 18345, 99062,20180412,   38,    0
 18345, 99062,20180413,   52,    0
 18345, 99062,20180414,   80,    0
 18345, 99062,20180415,   81,    0
 18345, 99062,20180416,   48,    0
 18345, 99062,20180417,   51,    0
 18345, 99062,20180418,   86,    0
 18345, 99062,20180419,   80,    0
 18345, 99062,20180420,   76,    0
 18345, 99062,20180421,  100,    0
 18345, 99062,20180422,   71,    0
 18345, 99062,20180423,   64,    0
 18345, 99062,20180424,   70,    0
 18345, 99062,20180425,   72,    0
 18345, 99062,20180426,   75,    0
 18345, 99062,20180427,   59,    0
 18345, 99062,20180428,   53,    0
 18345, 99062,20180429,   66,    0
 18345, 99062,20180430,   77,    0
 18345, 99062,20180501,   33,    0
 18345, 99062,20180502,   71,    0
 18345, 99062,20180503,   71,    0
 18345, 99062,20180504,   78,    0
 18345, 99062,20180505,-9999,    9
 18345, 99062,20180506,  117,    0
 18345, 99062,20180507,  116,    0
 18345, 99062,20180508,  135,    0
 18345, 99062,20180509,  154,    0
 18345, 99062,20180510,  168,    0
 18345, 99062,20180511,  130,    0
 18345, 99062,20180512,  125,    0
 18345, 99062,20180513,  139,    0
 18345, 99062,20180514,  177,    0
 18345, 99062,20180515,  191,    0
 18345, 99062,20180516,-9999,    9
 18345, 99062,20180517,  123,    0
 18345, 99062,20180518,  136,    0
 18345, 99062,20180519,-9999,    9
 18345, 99062,20180520,  153,    0
 18345, 99062,20180521,  156,    0
 18345, 99062,20180522,  161,    0
 18345, 99062,20180523,  175,    0
 18345, 99062,20180524,  189,    0
 18345, 99062,20180525,  206,    0
 18345, 99062,20180526,-9999,    9
 18345, 99062,20180527,  207,    0
 18345, 99062,20180528,  168,    0
 18345, 99062,20180529,  183,    0
 18345, 99062,20180530,-9999,    9
 18345, 99062,20180531,  218,    0
 18345, 99062,20180601,  202,    0
 18345, 99062,20180602,  220,    0
 18345, 99062,20180603,  219,    0
 18345, 99062,20180604,  196,    0
 18345, 99062,20180605,  128,    0
 18345, 99062,20180606,-9999,    9
 18345, 99062,20180607,  190,    0
 18345, 99062,20180608,  193,    0
 18345, 99062,20180609,  191,    0
 18345, 99062,20180610,  185,    0
 18345, 99062,20180611,  152,    0
 18345, 99062,20180612,  168,    0
 18345, 99062,20180613,  155,    0
 18345, 99062,20180614,  137,    0
 18345, 99062,20180615,  139,    0
 18345, 99062,20180616,  138,    0
 18345, 99062,20180617,  124,    0
 18345, 99062,20180618,  133,    0
 18345, 99062,20180619,  150,    0
 18345, 99062,20180620,  106,    0
 18345, 99062,20180621,  110,    0
 18345, 99062,20180622,  128,    0
 18345, 99062,20180623,  145,    0
 18345, 99062,20180624,  175,    0
 18345, 99062,20180625,  215,    0
 18345, 99062,20180626,  214,    0
 18345, 99062,20180627,  201,    0
 18345, 99062,20180628,  226,    0
 18345, 99062,20180629,  170,    0
 18345, 99062,20180630,  161,    0
 18345, 99062,20180701,  193,    0
 18345, 99062,20180702,  203,    0
 18345, 99062,20180703,  218,    0
 18345, 99062,20180704,  209,    0
 18345, 99062,20180705,  170,    0
 18345, 99062,20180706,  202,    0
 18345, 99062,20180707,  192,    0
 18345, 99062,20180708,  198,    0
 18345, 99062,20180709,  172,    0
 18345, 99062,20180710,  217,    0
 18345, 99062,20180711,  229,    0
 18345, 99062,20180712,  204,    0
 18345, 99062,20180713,  209,    0
 18345, 99062,20180714,  182,    0
 18345, 99062,20180715,  183,    0
 18345, 99062,20180716,  203,    0
 18345, 99062,20180717,  223,    0
 18345, 99062,20180718,  207,    0
 18345, 99062,20180719,  205,    0
 18345, 99062,20180720,  191,    0
 18345, 99062,20180721,  185,    0
 18345, 99062,20180722,  188,    0
 18345, 99062,20180723,  208,    0
 18345, 99062,20180724,  209,    0
 18345, 99062,20180725,  205,    0
 18345, 99062,20180726,  220,    0
 18345, 99062,20180727,  245,    0
 18345, 99062,20180728,  245,    0
 18345, 99062,20180729,  213,    0
 18345, 99062,20180730,  199,    0
 18345, 99062,20180731,  216,    0
 18345, 99062,20180801,  195,    0
 18345, 99062,20180802,  192,    0
 18345, 99062,20180803,  198,    0
 18345, 99062,20180804,  209,    0
 18345, 99062,20180805,  192,    0
 18345, 99062,20180806,  161,    0
 18345, 99062,20180807,  167,    0
 18345, 99062,20180808,  172,    0
 18345, 99062,20180809,  196,    0
 18345, 99062,20180810,  153,    0
 18345, 99062,20180811,  143,    0
 18345, 99062,20180812,  131,    0
 18345, 99062,20180813,  147,    0
 18345, 99062,20180814,  140,    0
 18345, 99062,20180815,  150,    0
 18345, 99062,20180816,  169,    0
 18345, 99062,20180817,  151,    0
 18345, 99062,20180818,  142,    0
 18345, 99062,20180819,  155,    0
 18345, 99062,20180820,  136,    0
 18345, 99062,20180821,  140,    0
 18345, 99062,20180822,  155,    0
 18345, 99062,20180823,  149,    0
 18345, 99062,20180824,  145,    0
 18345, 99062,20180825,  124,    0
 18345, 99062,20180826,  122,    0
 18345, 99062,20180827,  122,    0
 18345, 99062,20180828,  142,    0
 18345, 99062,20180829,  140,    0
 18345, 99062,20180830,  149,    0
 18345, 99062,20180831,  139,    0
 18345, 99062,20180901,  139,    0
 18345, 99062,20180902,  143,    0
 18345, 99062,20180903,  155,    0
 18345, 99062,20180904,  149,    0
 18345, 99062,20180905,  154,    0
 18345, 99062,20180906,  146,    0
 18345, 99062,20180907,  151,    0
 18345, 99062,20180908,  134,    0
 18345, 99062,20180909,  137,    0
 18345, 99062,20180910,  143,    0
 18345, 99062,20180911,  125,    0
 18345, 99062,20180912,  126,    0
 18345, 99062,20180913,  115,    0
 18345, 99062,20180914,  117,    0
 18345, 99062,20180915,  119,    0
 18345, 99062,20180916,   89,    0
 18345, 99062,20180917,  120,    0
 18345, 99062,20180918,  150,    0
 18345, 99062,20180919,  160,    0
 18345, 99062,20180920,  138,    0
 18345, 99062,20180921,  106,    0
 18345, 99062,20180922,  113,    0
 18345, 99062,20180923,  103,    0
 18345, 99062,20180924,   80,    0
 18345, 99062,20180925,   79,    0
 18345, 99062,20180926,-9999,    9
 18345, 99062,20180927,-9999,    9
 18345, 99062,20180928,-9999,    9
 18345, 99062,20180929,-9999,    9
 18345, 99062,20180930,-9999,    9
 18345, 99062,20181001,-9999,    9
 18345, 99062,20181002,-9999,    9
 18345, 99062,20181003,-9999,    9
 18345, 99062,20181004,   63,    0
 18345, 99062,20181005,   99,    0
 18345, 99062,20181006,   77,    0
 18345, 99062,20181007,   66,    0
 18345, 99062,20181008,  109,    0
 18345, 99062,20181009,  124,    0
 18345, 99062,20181010,  128,    0
 18345, 99062,20181011,-9999,    9
 18345, 99062,20181012,  102,    0
 18345, 99062,20181013,  147,    0
 18345, 99062,20181014,  132,    0
 18345, 99062,20181015,  115,    0
 18345, 99062,20181016,   65,    0
 18345, 99062,20181017,-9999,    9
 18345, 99062,20181018,-9999,    9
 18345, 99062,20181019,   64,    0
 18345, 99062,20181020,   69,    0
 18345, 99062,20181021,  108,    0
 18345, 99062,20181022,-9999,    9
 18345, 99062,20181023,   80,    0
 18345, 99062,20181024,   51,    0
 18345, 99062,20181025,   50,    0
 18345, 99062,20181026,   20,    0
 18345, 99062,20181027,   11,    0
 18345, 99062,20181028,   -3,    0
 18345, 99062,20181029,  -16,    0
 18345, 99062,20181030,    7,    0
 18345, 99062,20181031,   48,    0
 18345, 99062,20181101,   53,    0
 18345, 99062,20181102,   51,    0
 18345, 99062,20181103,   47,    0
 18345, 99062,20181104,   74,    0
 18345, 99062,20181105,   58,    0
 18345, 99062,20181106,   61,    0
 18345, 99062,20181107,   59,    0
 18345, 99062,20181108,   67,    0
 18345, 99062,20181109,   69,    0
 18345, 99062,20181110,   71,    0
 18345, 99062,20181111,   84,    0
 18345, 99062,20181112,   84,    0
 18345, 99062,20181113,   69,    0
 18345, 99062,20181114,   43,    0
 18345, 99062,20181115,   91,    0
 18345, 99062,20181116,   67,    0
 18345, 99062,20181117,   42,    0
 18345, 99062,20181118,   21,    0
 18345, 99062,20181119,   -5,    0
 18345, 99062,20181120,  -22,    0
 18345, 99062,20181121,   10,    0
 18345, 99062,20181122,  -25,    0
 18345, 99062,20181123,  -52,    0
 18345, 99062,20181124,  -41,    0
 18345, 99062,20181125,  -26,    0
 18345, 99062,20181126,  -58,    0
 18345, 99062,20181127,  -53,    0
 18345, 99062,20181128,  -48,    0
 18345, 99062,20181129,   22,    0
 18345, 99062,20181130,   64,    0
 18345, 99062,20181201,   46,    0
 18345, 99062,20181202,   40,    0
 18345, 99062,20181203,   42,    0
 18345, 99062,20181204,   25,    0
 18345, 99062,20181205,  -12,    0
 18345, 99062,20181206,  -26,    0
 18345, 99062,20181207,  -13,    0
 18345, 99062,20181208,  -12,    0
 18345, 99062,20181209,  -11,    0
 18345, 99062,20181210,   24,    0
 18345, 99062,20181211,   19,    0
 18345, 99062,20181212,  -47,    0
 18345, 99062,20181213,  -62,    0
 18345, 99062,20181214,  -83,    0
 18345, 99062,20181215,  -65,    0
 18345, 99062,20181216,   -9,    0
 18345, 99062,20181217,  -26,    0
 18345, 99062,20181218,  -57,    0
 18345, 99062,20181219,  -10,    0
 18345, 99062,20181220,    5,    0
 18345, 99062,20181221,  -18,    0
 18345, 99062,20181222,  -40,    0
 18345, 99062,20181223,  -65,    0
 18345, 99062,20181224,  -65,    0
 18345, 99062,20181225,   36,    0
 18345, 99062,20181226,   27,    0
 18345, 99062,20181227,   10,    0
 18345, 99062,20181228,   -1,    0
 18345, 99062,20181229,  -37,    0
 18345, 99062,20181230,   -3,    0
 18345, 99062,20181231,   20,    0
 18345, 99062,20190101,   48,    0
 18345, 99062,20190102,   -1,    0
 18345, 99062,20190103,   17,    0
 18345, 99062,20190104,   64,    0
 18345, 99062,20190105,   22,    0
 18345, 99062,20190106,   -8,    0
 18345, 99062,20190107,  -24,    0
 18345, 99062,20190108,    2,    0
 18345, 99062,20190109,   -4,    0
 18345, 99062,20190110,  -10,    0
 18345, 99062,20190111,   28,    0
 18345, 99062,20190112,  -43,    0
 18345, 99062,20190113,  -30,    0
 18345, 99062,20190114,  -16,    0
 18345, 99062,20190115,  -34,    0
 18345, 99062,20190116,  -58,    0
 18345, 99062,20190117,  -69,    0
 18345, 99062,20190118,-9999,    9
 18345, 99062,20190119,-9999,    9
 18345, 99062,20190120,  -60,    0
 18345, 99062,20190121,  -69,    0
 18345, 99062,20190122,  -70,    0
 18345, 99062,20190123,  -48,    0
 18345, 99062,20190124,  -31,    0
 18345, 99062,20190125,  -32,    0
 18345, 99062,20190126,  -55,    0
 18345, 99062,20190127,  -64,    0
 18345, 99062,20190128,  -62,    0
 18345, 99062,20190129, -121,    0
 18345, 99062,20190130,-9999,    9
 18345, 99062,20190131,  -72,    0
 18345, 99062,20190201,  -31,    0
 18345, 99062,20190202,  -39,    0
 18345, 99062,20190203,  -59,    0
 18345, 99062,20190204,  -88,    0
 18345, 99062,20190205,  -45,    0
 18345, 99062,20190206,  -71,    0
 18345, 99062,20190207,  -53,    0
 18345, 99062,20190208,  -23,    0
 18345, 99062,20190209,   28,    0
 18345, 99062,20190210,   19,    0
 18345, 99062,20190211,   -2,    0
 18345, 99062,20190212,  -12,    0
 18345, 99062,20190213,-9999,    9
 18345, 99062,20190214,-9999,    9
 18345, 99062,20190215,-9999,    9
 18345, 99062,20190216,   17,    0
 18345, 99062,20190217,    7,    0
 18345, 99062,20190218,   31,    0
 18345, 99062,20190219,   38,    0
 18345, 99062,20190220,   14,    0
 18345, 99062,20190221,   -7,    0
 18345, 99062,20190222,   -3,    0
 18345, 99062,20190223,   15,    0
 18345, 99062,20190224,   36,    0
 18345, 99062,20190225,   42,    0
 18345, 99062,20190226,   50,    0
 18345, 99062,20190227,   33,    0
 18345, 99062,20190228,   33,    0
 18345, 99062,20190301,    8,    0
 18345, 99062,20190302,   -7,    0
 18345, 99062,20190303,   19,    0
 18345, 99062,20190304,    9,    0
 18345, 99062,20190305,  -19,    0
 18345, 99062,20190306,  -24,    0
 18345, 99062,20190307,    0,    0
 18345, 99062,20190308,   -2,    0
 18345, 99062,20190309,  -23,    0
 18345, 99062,20190310,  -37,    0
 18345, 99062,20190311,  -40,    0
 18345, 99062,20190312,  -45,    0
 18345, 99062,20190313,    1,    0
 18345, 99062,20190314,  -28,    0
 18345, 99062,20190315,   -9,    0
 18345, 99062,20190316,    3,    0
 18345, 99062,20190317,   14,    0
 18345, 99062,20190318,   23,    0
 18345, 99062,20190319,   14,    0
 18345, 99062,20190320,   58,    0
 18345, 99062,20190321,   68,    0
 18345, 99062,20190322,   18,    0
 18345, 99062,20190323,   55,    0
 18345, 99062,20190324,   37,    0
 18345, 99062,20190325,   24,    0
 18345, 99062,20190326,   32,    0
 18345, 99062,20190327,   60,    0
 18345, 99062,20190328,   71,    0
 18345, 99062,20190329,   80,    0
 18345, 99062,20190330,   64,    0
 18345, 99062,20190331,   24,    0
 18345, 99062,20190401,   13,    0
 18345, 99062,20190402,   30,    0
 18345, 99062,20190403,   22,    0
 18345, 99062,20190404,   57,    0
 18345, 99062,20190405,   47,    0
 18345, 99062,20190406,   44,    0
 18345, 99062,20190407,   52,    0
 18345, 99062,20190408,   34,    0
 18345, 99062,20190409,-9999,    9
 18345, 99062,20190410,-9999,    9
 18345, 99062,20190411,-9999,    9
 18345, 99062,20190412,   16,    0
 18345, 99062,20190413,   29,    0
 18345, 99062,20190414,   35,    0
 18345, 99062,20190415,   49,    0
 18345, 99062,20190416,   52,    0
 18345, 99062,20190417,   64,    0
 18345, 99062,20190418,   87,    0
 18345, 99062,20190419,  109,    0
 18345, 99062,20190420,  103,    0
 18345, 99062,20190421,  104,    0
 18345, 99062,20190422,  100,    0
 18345, 99062,20190423,  118,    0
 18345, 99062,20190424,  136,    0
 18345, 99062,20190425,  120,    0
 18345, 99062,20190426,  121,    0
 18345, 99062,20190427,  119,    0
 18345, 99062,20190428,  127,    0
 18345, 99062,20190429,  138,    0
 18345, 99062,20190430,  151,    0
 18345, 99062,20190501,  130,    0
 18345, 99062,20190502,   68,    0
 18345, 99062,20190503,   34,    0
 18345, 99062,20190504,   47,    0
 18345, 99062,20190505,   54,    0
 18345, 99062,20190506,   25,    0
 18345, 99062,20190507,   45,    0
 18345, 99062,20190508,   47,    0
 18345, 99062,20190509,   57,    0
 18345, 99062,20190510,   82,    0
 18345, 99062,20190511,   78,    0
 18345, 99062,20190512,   73,    0
 18345, 99062,20190513,   78,    0
 18345, 99062,20190514,   94,    0
 18345, 99062,20190515,  115,    0
 18345, 99062,20190516,  149,    0
 18345, 99062,20190517,  154,    0
 18345, 99062,20190518,  103,    0
 18345, 99062,20190519,  130,    0
 18345, 99062,20190520,  119,    0
 18345, 99062,20190521,  160,    0
 18345, 99062,20190522,  149,    0
 18345, 99062,20190523,  101,    0
 18345, 99062,20190524,   94,    0
 18345, 99062,20190525,  116,    0
 18345, 99062,20190526,  103,    0
 18345, 99062,20190527,   94,    0
 18345, 99062,20190528,   99,    0
 18345, 99062,20190529,-9999,    9
 18345, 99062,20190530,-9999,    9
 18345, 99062,20190531,-9999,    9
 18345, 99062,20190601,  119,    0
 18345, 99062,20190602,  122,    0
 18345, 99062,20190603,  127,    0
 18345, 99062,20190604,  126,    0
 18345, 99062,20190605,  112,    0
 18345, 99062,20190606,  164,    0
 18345, 99062,20190607,  140,    0
 18345, 99062,20190608,  124,    0
 18345, 99062,20190609,  126,    0
 18345, 99062,20190610,  128,    0
 18345, 99062,20190611,  135,    0
 18345, 99062,20190612,   93,    0
 18345, 99062,20190613,  105,    0
 18345, 99062,20190614,  135,    0
 18345, 99062,20190615,  173,    0
 18345, 99062,20190616,  153,    0
 18345, 99062,20190617,  147,    0
 18345, 99062,20190618,  144,    0
 18345, 99062,20190619,  143,    0
 18345, 99062,20190620,  138,    0
 18345, 99062,20190621,  135,    0
 18345, 99062,20190622,  149,    0
 18345, 99062,20190623,  139,    0
 18345, 99062,20190624,  164,    0
 18345, 99062,20190625,-9999,    9
 18345, 99062,20190626,  162,    0
 18345, 99062,20190627,  161,    0
 18345, 99062,20190628,  169,    0
 18345, 99062,20190629,  187,    0
 18345, 99062,20190630,  174,    0
 18345, 99062,20190701,  171,    0
 18345, 99062,20190702,  138,    0
 18345, 99062,20190703,  129,    0
 18345, 99062,20190704,  124,    0
 18345, 99062,20190705,  135,    0
 18345, 99062,20190706,  121,    0
 18345, 99062,20190707,  133,    0
 18345, 99062,20190708,  154,    0
 18345, 99062,20190709,  159,    0
 18345, 99062,20190710,  190,    0
 18345, 99062,20190711,  181,    0
 18345, 99062,20190712,  173,    0
 18345, 99062,20190713,  169,    0
 18345, 99062,20190714,  161,    0
 18345, 99062,20190715,  156,    0
 18345, 99062,20190716,  155,    0
 18345, 99062,20190717,  163,    0
 18345, 99062,20190718,  149,    0
 18345, 99062,20190719,  152,    0
 18345, 99062,20190720,  156,    0
 18345, 99062,20190721,  159,    0
 18345, 99062,20190722,  156,    0
 18345, 99062,20190723,  188,    0
 18345, 99062,20190724,  191,    0
 18345, 99062,20190725,  198,    0
 18345, 99062,20190726,  231,    0
 18345, 99062,20190727,  234,    0
 18345, 99062,20190728,  231,    0
 18345, 99062,20190729,  232,    0
 18345, 99062,20190730,  141,    0
 18345, 99062,20190731,  133,    0
 18345, 99062,20190801,  171,    0
 18345, 99062,20190802,  194,    0
 18345, 99062,20190803,  181,    0
 18345, 99062,20190804,  163,    0
 18345, 99062,20190805,  153,    0
 18345, 99062,20190806,  143,    0
 18345, 99062,20190807,  161,    0
 18345, 99062,20190808,  169,    0
 18345, 99062,20190809,  170,    0
 18345, 99062,20190810,  157,    0
 18345, 99062,20190811,  166,    0
 18345, 99062,20190812,  167,    0
 18345, 99062,20190813,  155,    0
 18345, 99062,20190814,  139,    0
 18345, 99062,20190815,  130,    0
 18345, 99062,20190816,  148,    0
 18345, 99062,20190817,  145,    0
 18345, 99062,20190818,  144,    0
 18345, 99062,20190819,  145,    0
 18345, 99062,20190820,  148,    0
 18345, 99062,20190821,  147,    0
 18345, 99062,20190822,-9999,    9
 18345, 99062,20190823,  173,    0
 18345, 99062,20190824,  165,    0
 18345, 99062,20190825,  178,    0
 18345, 99062,20190826,  181,    0
 18345, 99062,20190827,  188,    0
 18345, 99062,20190828,  173,    0
 18345, 99062,20190829,  175,    0
 18345, 99062,20190830,  153,    0
 18345, 99062,20190831,  166,    0
 18345, 99062,20190901,  157,    0
 18345, 99062,20190902,  130,    0
 18345, 99062,20190903,  130,    0
 18345, 99062,20190904,  103,    0
 18345, 99062,20190905,  109,    0
 18345, 99062,20190906,   96,    0
 18345, 99062,20190907,  104,    0
 18345, 99062,20190908,   97,    0
 18345, 99062,20190909,  112,    0
 18345, 99062,20190910,-9999,    9
 18345, 99062,20190911,  130,    0
 18345, 99062,20190912,  124,    0
 18345, 99062,20190913,  128,    0
 18345, 99062,20190914,   99,    0
 18345, 99062,20190915,  133,    0
 18345, 99062,20190916,  113,    0
 18345, 99062,20190917,   93,    0
 18345, 99062,20190918,  100,    0
 18345, 99062,20190919,   81,    0
 18345, 99062,20190920,  123,    0
 18345, 99062,20190921,  136,    0
 18345, 99062,20190922,  115,    0
 18345, 99062,20190923,   92,    0
 18345, 99062,20190924,   96,    0
 18345, 99062,20190925,   94,    0
 18345, 99062,20190926,   98,    0
 18345, 99062,20190927,   95,    0
 18345, 99062,20190928,   99,    0
 18345, 99062,20190929,  101,    0
 18345, 99062,20190930,   73,    0
 18345, 99062,20191001,   79,    0
 18345, 99062,20191002,   74,    0
 18345, 99062,20191003,   44,    0
 18345, 99062,20191004,   25,    0
 18345, 99062,20191005,   22,    0
 18345, 99062,20191006,   13,    0
 18345, 99062,20191007,   22,    0
 18345, 99062,20191008,   30,    0
 18345, 99062,20191009,   42,    0
 18345, 99062,20191010,   61,    0
 18345, 99062,20191011,   56,    0
 18345, 99062,20191012,   84,    0
 18345, 99062,20191013,   77,    0
 18345, 99062,20191014,   71,    0
 18345, 99062,20191015,   60,    0
 18345, 99062,20191016,   56,    0
 18345, 99062,20191017,   62,    0
 18345, 99062,20191018,   64,    0
 18345, 99062,20191019,   60,    0
 18345, 99062,20191020,   47,    0
 18345, 99062,20191021,   32,    0
 18345, 99062,20191022,   67,    0
 18345, 99062,20191023,-9999,    9
 18345, 99062,20191024,-9999,    9
 18345, 99062,20191025,-9999,    9
 18345, 99062,20191026,-9999,    9
 18345, 99062,20191027,   26,    0
 18345, 99062,20191028,   23,    0
 18345, 99062,20191029,   18,    0
 18345, 99062,20191030,   10,    0
 18345, 99062,20191031,   60,    0
 18345, 99062,20191101,    2,    0
 18345, 99062,20191102,   16,    0
 18345, 99062,20191103,    7,    0
 18345, 99062,20191104,   -9,    0
 18345, 99062,20191105,  -27,    0
 18345, 99062,20191106,  -44,    0
 18345, 99062,20191107,  -38,    0
 18345, 99062,20191108,  -25,    0
 18345, 99062,20191109,  -14,    0
 18345, 99062,20191110,  -23,    0
 18345, 99062,20191111,  -31,    0
 18345, 99062,20191112,    3,    0
 18345, 99062,20191113,   23,    0
 18345, 99062,20191114,   15,    0
 18345, 99062,20191115,   17,    0
 18345, 99062,20191116,   11,    0
 18345, 99062,20191117,   11,    0
 18345, 99062,20191118,   11,    0
 18345, 99062,20191119,   25,    0
 18345, 99062,20191120,   -3,    0
 18345, 99062,20191121,   35,    0
 18345, 99062,20191122,   47,    0
 18345, 99062,20191123,   40,    0
 18345, 99062,20191124,   24,    0
 18345, 99062,20191125,    9,    0
 18345, 99062,20191126,    4,    0
 18345, 99062,20191127,    3,    0
 18345, 99062,20191128,   -4,    0
 18345, 99062,20191129,  -19,    0
 18345, 99062,20191130,  -27,    0
 18345, 99062,20191201,  -38,    0
 18345, 99062,20191202,  -30,    0
 18345, 99062,20191203,  -10,    0
 18345, 99062,20191204,    8,    0
 18345, 99062,20191205,   44,    0
 18345, 99062,20191206,   29,    0
 18345, 99062,20191207,-9999,    9
 18345, 99062,20191208,    1,    0
 18345, 99062,20191209,   14,    0
 18345, 99062,20191210,  -18,    0
 18345, 99062,20191211,   40,    0
 18345, 99062,20191212,   33,    0
 18345, 99062,20191213,   14,    0
 18345, 99062,20191214,-9999,    9
 18345, 99062,20191215,    6,    0
 18345, 99062,20191216,   -4,    0
 18345, 99062,20191217,  -29,    0
 18345, 99062,20191218,  -49,    0
 18345, 99062,20191219,  -39,    0
 18345, 99062,20191220,   -4,    0
 18345, 99062,20191221,-9999,    9
 18345, 99062,20191222,-9999,    9
 18345, 99062,20191223,-9999,    9
 18345, 99062,20191224,    0,    0
 18345, 99062,20191225,  -14,    0
 18345, 99062,20191226,  -38,    0
 18345, 99062,20191227,  -51,    0
 18345, 99062,20191228,  -14,    0
 18345, 99062,20191229,   49,    0
 18345, 99062,20191230,   61,    0
 18345, 99062,20191231,   37,    0
 18345, 99062,20200101,   37,    0
 18345, 99062,20200102,   48,    0
 18345, 99062,20200103,   47,    0
 18345, 99062,20200104,   13,    0
 18345, 99062,20200105,-9999,    9
 18345, 99062,20200106,-9999,    9
 18345, 99062,20200107,   43,    0
 18345, 99062,20200108,   60,    0
 18345, 99062,20200109,   12,    0
 18345, 99062,20200110,  -18,    0
 18345, 99062,20200111,   33,    0
 18345, 99062,20200112,-9999,    9
 18345, 99062,20200113,-9999,    9
 18345, 99062,20200114,-9999,    9
 18345, 99062,20200115,-9999,    9
 18345, 99062,20200116,   52,    0
 18345, 99062,20200117,   53,    0
 18345, 99062,20200118,   43,    0
 18345, 99062,20200119,   21,    0
 18345, 99062,20200120,   56,    0
 18345, 99062,20200121,   63,    0
 18345, 99062,20200122,   26,    0
 18345, 99062,20200123,   36,    0
 18345, 99062,20200124,   47,    0
 18345, 99062,20200125,   35,    0
 18345, 99062,20200126,   44,    0
 18345, 99062,20200127,-9999,    9
 18345, 99062,20200128,-9999,    9
 18345, 99062,20200129,    3,    0
 18345, 99062,20200130,  -13,    0
 18345, 99062,20200131,    0,    0
 18345, 99062,20200201,   49,    0
 18345, 99062,20200202,   23,    0
 18345, 99062,20200203,  -14,    0
 18345, 99062,20200204,  -18,    0
 18345, 99062,20200205,    9,    0
 18345, 99062,20200206,   61,    0
 18345, 99062,20200207,    8,    0
 18345, 99062,20200208,   27,    0
 18345, 99062,20200209,   43,    0
 18345, 99062,20200210,   51,    0
 18345, 99062,20200211,   22,    0
 18345, 99062,20200212,   29,    0
 18345, 99062,20200213,    2,    0
 18345, 99062,20200214,   -8,    0
 18345, 99062,20200215,   43,    0
 18345, 99062,20200216,   57,    0
 18345, 99062,20200217,   53,    0
 18345, 99062,20200218,   45,    0
 18345, 99062,20200219,   13,    0
 18345, 99062,20200220,   25,    0
 18345, 99062,20200221,   37,    0
 18345, 99062,20200222,   55,    0
 18345, 99062,20200223,   38,    0
 18345, 99062,20200224,   11,    0
 18345, 99062,20200225,   -5,    0
 18345, 99062,20200226,  -28,    0
 18345, 99062,20200227,  -53,    0
 18345, 99062,20200228,  -21,    0
 18345, 99062,20200229,  -19,    0
 18345, 99062,20200301,    6,    0
 18345, 99062,20200302,   27,    0
 18345, 99062,20200303,    4,    0
 18345, 99062,20200304,   -3,    0
 18345, 99062,20200305,  -18,    0
 18345, 99062,20200306,  -27,    0
 18345, 99062,20200307,  -22,    0
 18345, 99062,20200308,   40,    0
 18345, 99062,20200309,   37,    0
 18345, 99062,20200310,   25,    0
 18345, 99062,20200311,   45,    0
 18345, 99062,20200312,   27,    0
 18345, 99062,20200313,    5,    0
 18345, 99062,20200314,  -13,    0
 18345, 99062,20200315,   41,    0
 18345, 99062,20200316,   37,    0
 18345, 99062,20200317,   63,    0
 18345, 99062,20200318,   57,    0
 18345, 99062,20200319,   37,    0
 18345, 99062,20200320,-9999,    9
 18345, 99062,20200321,-9999,    9
 18345, 99062,20200322,-9999,    9
 18345, 99062,20200323,-9999,    9
 18345, 99062,20200324,-9999,    9
 18345, 99062,20200325,-9999,    9
 18345, 99062,20200326,-9999,    9
 18345, 99062,20200327,   39,    0
 18345, 99062,20200328,   32,    0
 18345, 99062,20200329,   11,    0
 18345, 99062,20200330,   16,    0
 18345, 99062,20200331,   45,    0
 18345, 99062,20200401,   68,    0
 18345, 99062,20200402,   35,    0
 18345, 99062,20200403,   30,    0
 18345, 99062,20200404,   21,    0
 18345, 99062,20200405,   44,    0
 18345, 99062,20200406,   63,    0
 18345, 99062,20200407,   82,    0
 18345, 99062,20200408,   72,    0
 18345, 99062,20200409,   57,    0
 18345, 99062,20200410,   47,    0
 18345, 99062,20200411,-9999,    9
 18345, 99062,20200412,-9999,    9
 18345, 99062,20200413,-9999,    9
 18345, 99062,20200414,-9999,    9
 18345, 99062,20200415,-9999,    9
 18345, 99062,20200416,-9999,    9
 18345, 99062,20200417,   51,    0
 18345, 99062,20200418,   51,    0
 18345, 99062,20200419,   80,    0
 18345, 99062,20200420,  100,    0
 18345, 99062,20200421,  115,    0
 18345, 99062,20200422,  127,    0
 18345, 99062,20200423,  118,    0
 18345, 99062,20200424,   84,    0
 18345, 99062,20200425,   80,    0
 18345, 99062,20200426,   74,    0
 18345, 99062,20200427,   49,    0
 18345, 99062,20200428,   29,    0
 18345, 99062,20200429,   41,    0
 18345, 99062,20200430,   41,    0
 18345, 99062,20200501,   41,    0
 18345, 99062,20200502,   77,    0
 18345, 99062,20200503,   79,    0
 18345, 99062,20200504,   62,    0
 18345, 99062,20200505,   72,    0
 18345, 99062,20200506,   99,    0
 18345, 99062,20200507,   87,    0
 18345, 99062,20200508,   97,    0
 18345, 99062,20200509,   90,    0
 18345, 99062,20200510,   38,    0
 18345, 99062,20200511,   44,    0
 18345, 99062,20200512,   40,    0
 18345, 99062,20200513,   50,    0
 18345, 99062,20200514,   54,    0
 18345, 99062,20200515,   74,    0
 18345, 99062,20200516,   64,    0
 18345, 99062,20200517,   83,    0
 18345, 99062,20200518,   88,    0
 18345, 99062,20200519,   92,    0
 18345, 99062,20200520,  100,    0
 18345, 99062,20200521,  105,    0
 18345, 99062,20200522,  117,    0
 18345, 99062,20200523,   96,    0
 18345, 99062,20200524,  103,    0
 18345, 99062,20200525,  135,    0
 18345, 99062,20200526,  117,    0
 18345, 99062,20200527,  126,    0
 18345, 99062,20200528,  122,    0
 18345, 99062,20200529,  141,    0
 18345, 99062,20200530,  163,    0
 18345, 99062,20200531,  169,    0
 18345, 99062,20200601,  185,    0
 18345, 99062,20200602,-9999,    9
 18345, 99062,20200603,  153,    0
 18345, 99062,20200604,  141,    0
 18345, 99062,20200605,  113,    0
 18345, 99062,20200606,   94,    0
 18345, 99062,20200607,  106,    0
 18345, 99062,20200608,  108,    0
 18345, 99062,20200609,  131,    0
 18345, 99062,20200610,  146,    0
 18345, 99062,20200611,  182,    0
 18345, 99062,20200612,  200,    0
 18345, 99062,20200613,  196,    0
 18345, 99062,20200614,  195,    0
 18345, 99062,20200615,  211,    0
 18345, 99062,20200616,  221,    0
 18345, 99062,20200617,  203,    0
 18345, 99062,20200618,  215,    0
 18345, 99062,20200619,  229,    0
 18345, 99062,20200620,  205,    0
 18345, 99062,20200621,  167,    0
 18345, 99062,20200622,  159,    0
 18345, 99062,20200623,  180,    0
 18345, 99062,20200624,  201,    0
 18345, 99062,20200625,  202,    0
 18345, 99062,20200626,  212,    0
 18345, 99062,20200627,-9999,    9
 18345, 99062,20200628,  185,    0
 18345, 99062,20200629,  155,    0
 18345, 99062,20200630,-9999,    9
 18345, 99062,20200701,  129,    0
 18345, 99062,20200702,  135,    0
 18345, 99062,20200703,  119,    0
 18345, 99062,20200704,  126,    0
 18345, 99062,20200705,  133,    0
 18345, 99062,20200706,  127,    0
 18345, 99062,20200707,  111,    0
 18345, 99062,20200708,  122,    0
 18345, 99062,20200709,  133,    0
 18345, 99062,20200710,  125,    0
 18345, 99062,20200711,  147,    0
 18345, 99062,20200712,  139,    0
 18345, 99062,20200713,  146,    0
 18345, 99062,20200714,  133,    0
 18345, 99062,20200715,  159,    0
 18345, 99062,20200716,  152,    0
 18345, 99062,20200717,  156,    0
 18345, 99062,20200718,  151,    0
 18345, 99062,20200719,  151,    0
 18345, 99062,20200720,  154,    0
 18345, 99062,20200721,  130,    0
 18345, 99062,20200722,  131,    0
 18345, 99062,20200723,  134,    0
 18345, 99062,20200724,  136,    0
 18345, 99062,20200725,  147,    0
 18345, 99062,20200726,  149,    0
 18345, 99062,20200727,  152,    0
 18345, 99062,20200728,  139,    0
 18345, 99062,20200729,  133,    0
 18345, 99062,20200730,  171,    0
 18345, 99062,20200731,  187,    0
 18345, 99062,20200801,  181,    0
 18345, 99062,20200802,  156,    0
 18345, 99062,20200803,  157,    0
 18345, 99062,20200804,  145,    0
 18345, 99062,20200805,  137,    0
 18345, 99062,20200806,  171,    0
 18345, 99062,20200807,  181,    0
 18345, 99062,20200808,  184,    0
 18345, 99062,20200809,  178,    0
 18345, 99062,20200810,  174,    0
 18345, 99062,20200811,  187,    0
 18345, 99062,20200812,  198,    0
 18345, 99062,20200813,  183,    0
 18345, 99062,20200814,  187,    0
 18345, 99062,20200815,  178,    0
 18345, 99062,20200816,  170,    0
 18345, 99062,20200817,  189,    0
 18345, 99062,20200818,  201,    0
 18345, 99062,20200819,  184,    0
 18345, 99062,20200820,  186,    0
 18345, 99062,20200821,  172,    0
 18345, 99062,20200822,  173,    0
 18345, 99062,20200823,  156,    0
 18345, 99062,20200824,-9999,    9
 18345, 99062,20200825,-9999,    9
 18345, 99062,20200826,  118,    0
 18345, 99062,20200827,  128,    0
 18345, 99062,20200828,  126,    0
 18345, 99062,20200829,  125,    0
 18345, 99062,20200830,  119,    0
 18345, 99062,20200831,  115,    0
 18345, 99062,20200901,  122,    0
 18345, 99062,20200902,  130,    0
 18345, 99062,20200903,  127,    0
 18345, 99062,20200904,  146,    0
 18345, 99062,20200905,  125,    0
 18345, 99062,20200906,  117,    0
 18345, 99062,20200907,  113,    0
 18345, 99062,20200908,  151,    0
 18345, 99062,20200909,  125,    0
 18345, 99062,20200910,  112,    0
 18345, 99062,20200911,   99,    0
 18345, 99062,20200912,  125,    0
 18345, 99062,20200913,  117,    0
 18345, 99062,20200914,  166,    0
 18345, 99062,20200915,  140,    0
 18345, 99062,20200916,  128,    0
 18345, 99062,20200917,  100,    0
 18345, 99062,20200918,  139,    0
 18345, 99062,20200919,  129,    0
 18345, 99062,20200920,  122,    0
 18345, 99062,20200921,  141,    0
 18345, 99062,20200922,  122,    0
 18345, 99062,20200923,  142,    0
 18345, 99062,20200924,  130,    0
 18345, 99062,20200925,   86,    0
 18345, 99062,20200926,   75,    0
 18345, 99062,20200927,  103,    0
 18345, 99062,20200928,  116,    0
 18345, 99062,20200929,  121,    0
 18345, 99062,20200930,  120,    0
 18345, 99062,20201001,  111,    0
 18345, 99062,20201002,  118,    0
 18345, 99062,20201003,  120,    0
 18345, 99062,20201004,  127,    0
 18345, 99062,20201005,  120,    0
 18345, 99062,20201006,  102,    0
 18345, 99062,20201007,  102,    0
 18345, 99062,20201008,  100,    0
 18345, 99062,20201009,   97,    0
 18345, 99062,20201010,   70,    0
 18345, 99062,20201011,   85,    0
 18345, 99062,20201012,   71,    0
 18345, 99062,20201013,   52,    0
 18345, 99062,20201014,   46,    0
 18345, 99062,20201015,   53,    0
 18345, 99062,20201016,   63,    0
 18345, 99062,20201017,   52,    0
 18345, 99062,20201018,   51,    0
 18345, 99062,20201019,   36,    0
 18345, 99062,20201020,   14,    0
 18345, 99062,20201021,   46,    0
 18345, 99062,20201022,   58,    0
 18345, 99062,20201023,   43,    0
 18345, 99062,20201024,   48,    0
 18345, 99062,20201025,  100,    0
 18345, 99062,20201026,   71,    0
 18345, 99062,20201027,   80,    0
 18345, 99062,20201028,   82,    0
 18345, 99062,20201029,   61,    0
 18345, 99062,20201030,   33,    0
 18345, 99062,20201031,   62,    0
 18345, 99062,20201101,   98,    0
 18345, 99062,20201102,  109,    0
 18345, 99062,20201103,   75,    0
 18345, 99062,20201104,   57,    0
 18345, 99062,20201105,   96,    0
 18345, 99062,20201106,  114,    0
 18345, 99062,20201107,   49,    0
 18345, 99062,20201108,   11,    0
 18345, 99062,20201109,   14,    0
 18345, 99062,20201110,   35,    0
 18345, 99062,20201111,   53,    0
 18345, 99062,20201112,   47,    0
 18345, 99062,20201113,   49,    0
 18345, 99062,20201114,   64,    0
 18345, 99062,20201115,   90,    0
 18345, 99062,20201116,   85,    0
 18345, 99062,20201117,   80,    0
 18345, 99062,20201118,  102,    0
 18345, 99062,20201119,   42,    0
 18345, 99062,20201120,   13,    0
 18345, 99062,20201121,   60,    0
 18345, 99062,20201122,   51,    0
 18345, 99062,20201123,   49,    0
 18345, 99062,20201124,   65,    0
 18345, 99062,20201125,   91,    0
 18345, 99062,20201126,   31,    0
 18345, 99062,20201127,  -20,    0
 18345, 99062,20201128,  -21,    0
 18345, 99062,20201129,  -31,    0
 18345, 99062,20201130,   14,    0
 18345, 99062,20201201,    8,    0
 18345, 99062,20201202,   11,    0
 18345, 99062,20201203,    8,    0
 18345, 99062,20201204,    3,    0
 18345, 99062,20201205,   13,    0
 18345, 99062,20201206,   27,    0
 18345, 99062,20201207,-9999,    9
 18345, 99062,20201208,-9999,    9
 18345, 99062,20201209,   15,    0
 18345, 99062,20201210,   11,    0
 18345, 99062,20201211,    5,    0
 18345, 99062,20201212,    7,    0
 18345, 99062,20201213,   15,    0
 18345, 99062,20201214,-9999,    9
 18345, 99062,20201215,   13,    0
 18345, 99062,20201216,  -13,    0
 18345, 99062,20201217,   25,    0
 18345, 99062,20201218,    6,    0
 18345, 99062,20201219,   56,    0
 18345, 99062,20201220,   64,    0
 18345, 99062,20201221,   46,    0
 18345, 99062,20201222,-9999,    9
 18345, 99062,20201223,   17,    0
 18345, 99062,20201224,  -10,    0
 18345, 99062,20201225,  -19,    0
 18345, 99062,20201226,    4,    0
 18345, 99062,20201227,-9999,    9
 18345, 99062,20201228,    2,    0
 18345, 99062,20201229,    8,    0
 18345, 99062,20201230,    2,    0
 18345, 99062,20201231,   -5,    0
 18345, 99062,20210101,   -9,    0
 18345, 99062,20210102,   -3,    0
 18345, 99062,20210103,  -23,    0
 18345, 99062,20210104,  -54,    0
 18345, 99062,20210105,  -63,    0
 18345, 99062,20210106,  -89,    0
 18345, 99062,20210107,  -67,    0
 18345, 99062,20210108,  -66,    0
 18345, 99062,20210109,  -78,    0
 18345, 99062,20210110,  -28,    0
 18345, 99062,20210111,  -61,    0
 18345, 99062,20210112,  -65,    0
 18345, 99062,20210113,  -44,    0
 18345, 99062,20210114,  -66,    0
 18345, 99062,20210115, -112,    0
 18345, 99062,20210116, -116,    0
 18345, 99062,20210117,  -77,    0
 18345, 99062,20210118,  -47,    0
 18345, 99062,20210119,  -31,    0
 18345, 99062,20210120,   -3,    0
 18345, 99062,20210121,   23,    0
 18345, 99062,20210122,   26,    0
 18345, 99062,20210123,   13,    0
 18345, 99062,20210124,  -25,    0
 18345, 99062,20210125,  -69,    0
 18345, 99062,20210126,  -92,    0
 18345, 99062,20210127,  -95,    0
 18345, 99062,20210128, -102,    0
 18345, 99062,20210129, -116,    0
 18345, 99062,20210130, -115,    0
 18345, 99062,20210131,  -85,    0
 18345, 99062,20210201,  -95,    0
 18345, 99062,20210202,  -98,    0
 18345, 99062,20210203,  -79,    0
 18345, 99062,20210204, -115,    0
 18345, 99062,20210205, -111,    0
 18345, 99062,20210206,  -85,    0
 18345, 99062,20210207,  -85,    0
 18345, 99062,20210208,  -72,    0
 18345, 99062,20210209,  -72,    0
 18345, 99062,20210210,  -94,    0
 18345, 99062,20210211, -114,    0
 18345, 99062,20210212, -114,    0
 18345, 99062,20210213, -103,    0
 18345, 99062,20210214, -117,    0
 18345, 99062,20210215,  -76,    0
 18345, 99062,20210216,  -45,    0
 18345, 99062,20210217,  -31,    0
 18345, 99062,20210218,  -23,    0
 18345, 99062,20210219,   -2,    0
 18345, 99062,20210220,   17,    0
 18345, 99062,20210221,   11,    0
 18345, 99062,20210222,   14,    0
 18345, 99062,20210223,    8,    0
 18345, 99062,20210224,   33,    0
 18345, 99062,20210225,   33,    0
 18345, 99062,20210226,   53,    0
 18345, 99062,20210227,   36,    0
 18345, 99062,20210228,   59,    0
 18345, 99062,20210301,   38,    0
 18345, 99062,20210302,   57,    0
 18345, 99062,20210303,  -19,    0
 18345, 99062,20210304,    2,    0
 18345, 99062,20210305,   -3,    0
 18345, 99062,20210306,   27,    0
 18345, 99062,20210307,    8,    0
 18345, 99062,20210308,  -14,    0
 18345, 99062,20210309,   12,    0
 18345, 99062,20210310,  -20,    0
 18345, 99062,20210311,   -2,    0
 18345, 99062,20210312,   15,    0
 18345, 99062,20210313,    3,    0
 18345, 99062,20210314,    9,    0
 18345, 99062,20210315,   25,    0
 18345, 99062,20210316,   14,    0
 18345, 99062,20210317,  -10,    0
 18345, 99062,20210318,   18,    0
 18345, 99062,20210319,    1,    0
 18345, 99062,20210320,   19,    0
 18345, 99062,20210321,-9999,    9
 18345, 99062,20210322,   56,    0
 18345, 99062,20210323,   56,    0
 18345, 99062,20210324,   55,    0
 18345, 99062,20210325,   46,    0
 18345, 99062,20210326,   36,    0
 18345, 99062,20210327,   38,    0
 18345, 99062,20210328,   29,    0
 18345, 99062,20210329,   72,    0
 18345, 99062,20210330,  118,    0
 18345, 99062,20210331,   60,    0
 18345, 99062,20210401,   34,    0
 18345, 99062,20210402,   52,    0
 18345, 99062,20210403,   31,    0
 18345, 99062,20210404,   49,    0
 18345, 99062,20210405,   15,    0
 18345, 99062,20210406,   30,    0
 18345, 99062,20210407,   30,    0
 18345, 99062,20210408,   20,    0
 18345, 99062,20210409,   48,    0
 18345, 99062,20210410,   37,    0
 18345, 99062,20210411,   16,    0
 18345, 99062,20210412,    4,    0
 18345, 99062,20210413,   14,    0
 18345, 99062,20210414,   36,    0
 18345, 99062,20210415,   52,    0
 18345, 99062,20210416,   50,    0
 18345, 99062,20210417,-9999,    9
 18345, 99062,20210418,   85,    0
 18345, 99062,20210419,   89,    0
 18345, 99062,20210420,   82,    0
 18345, 99062,20210421,   61,    0
 18345, 99062,20210422,   57,    0
 18345, 99062,20210423,   52,    0
 18345, 99062,20210424,   39,    0
 18345, 99062,20210425,   37,    0
 18345, 99062,20210426,   39,    0
 18345, 99062,20210427,   45,    0
 18345, 99062,20210428,   50,    0
 18345, 99062,20210429,   52,    0
 18345, 99062,20210430,   64,    0
 18345, 99062,20210501,   57,    0
 18345, 99062,20210502,   66,    0
 18345, 99062,20210503,   53,    0
 18345, 99062,20210504,   41,    0
 18345, 99062,20210505,   24,    0
 18345, 99062,20210506,   46,    0
 18345, 99062,20210507,   56,    0
 18345, 99062,20210508,   63,    0
 18345, 99062,20210509,   53,    0
 18345, 99062,20210510,-9999,    9
 18345, 99062,20210511,-9999,    9
 18345, 99062,20210512,   83,    0
 18345, 99062,20210513,  122,    0
 18345, 99062,20210514,  131,    0
 18345, 99062,20210515,  100,    0
 18345, 99062,20210516,   88,    0
 18345, 99062,20210517,   79,    0
 18345, 99062,20210518,   93,    0
 18345, 99062,20210519,  101,    0
 18345, 99062,20210520,  103,    0
 18345, 99062,20210521,   91,    0
 18345, 99062,20210522,  100,    0
 18345, 99062,20210523,   97,    0
 18345, 99062,20210524,   96,    0
 18345, 99062,20210525,  105,    0
 18345, 99062,20210526,   92,    0
 18345, 99062,20210527,  116,    0
 18345, 99062,20210528,  142,    0
 18345, 99062,20210529,  172,    0
 18345, 99062,20210530,  169,    0
 18345, 99062,20210531,  159,    0
 18345, 99062,20210601,  169,    0
 18345, 99062,20210602,  168,    0
 18345, 99062,20210603,  180,    0
 18345, 99062,20210604,  182,    0
 18345, 99062,20210605,  189,    0
 18345, 99062,20210606,  177,    0
 18345, 99062,20210607,  153,    0
 18345, 99062,20210608,  150,    0
 18345, 99062,20210609,  152,    0
 18345, 99062,20210610,  166,    0
 18345, 99062,20210611,  166,    0
 18345, 99062,20210612,  161,    0
 18345, 99062,20210613,  155,    0
 18345, 99062,20210614,  148,    0
 18345, 99062,20210615,  153,    0
 18345, 99062,20210616,  139,    0
 18345, 99062,20210617,  166,    0
 18345, 99062,20210618,  171,    0
 18345, 99062,20210619,  164,    0
 18345, 99062,20210620,  144,    0
 18345, 99062,20210621,  137,    0
 18345, 99062,20210622,  135,    0
 18345, 99062,20210623,  162,    0
 18345, 99062,20210624,  148,    0
 18345, 99062,20210625,  144,    0
 18345, 99062,20210626,  169,    0
 18345, 99062,20210627,  145,    0
 18345, 99062,20210628,  149,    0
 18345, 99062,20210629,  154,    0
 18345, 99062,20210630,  173,    0
 18345, 99062,20210701,  173,    0
 18345, 99062,20210702,  202,    0
 18345, 99062,20210703,  219,    0
 18345, 99062,20210704,  201,    0
 18345, 99062,20210705,  189,    0
 18345, 99062,20210706,  172,    0
 18345, 99062,20210707,  165,    0
 18345, 99062,20210708,  168,    0
 18345, 99062,20210709,  173,    0
 18345, 99062,20210710,  154,    0
 18345, 99062,20210711,  169,    0
 18345, 99062,20210712,  182,    0
 18345, 99062,20210713,  197,    0
 18345, 99062,20210714,  206,    0
 18345, 99062,20210715,  221,    0
 18345, 99062,20210716,  206,    0
 18345, 99062,20210717,  213,    0
 18345, 99062,20210718,  182,    0
 18345, 99062,20210719,  167,    0
 18345, 99062,20210720,  185,    0
 18345, 99062,20210721,  171,    0
 18345, 99062,20210722,  193,    0
 18345, 99062,20210723,  190,    0
 18345, 99062,20210724,  205,    0
 18345, 99062,20210725,  213,    0
 18345, 99062,20210726,  200,    0
 18345, 99062,20210727,  170,    0
 18345, 99062,20210728,  178,    0
 18345, 99062,20210729,  146,    0
 18345, 99062,20210730,-9999,    9
 18345, 99062,20210731,  175,    0
 18345, 99062,20210801,  153,    0
 18345, 99062,20210802,  159,    0
 18345, 99062,20210803,  133,    0
 18345, 99062,20210804,  156,    0
 18345, 99062,20210805,  155,    0
 18345, 99062,20210806,  158,    0
 18345, 99062,20210807,  165,    0
 18345, 99062,20210808,  162,    0
 18345, 99062,20210809,  156,    0
 18345, 99062,20210810,  168,    0
 18345, 99062,20210811,  164,    0
 18345, 99062,20210812,-9999,    9
 18345, 99062,20210813,  161,    0
 18345, 99062,20210814,  145,    0
 18345, 99062,20210815,  149,    0
 18345, 99062,20210816,  131,    0
 18345, 99062,20210817,  161,    0
 18345, 99062,20210818,  150,    0
 18345, 99062,20210819,  148,    0
 18345, 99062,20210820,  141,    0
 18345, 99062,20210821,  143,    0
 18345, 99062,20210822,  141,    0
 18345, 99062,20210823,  149,    0
 18345, 99062,20210824,  162,    0
 18345, 99062,20210825,  183,    0
 18345, 99062,20210826,  139,    0
 18345, 99062,20210827,  142,    0
 18345, 99062,20210828,  161,    0
 18345, 99062,20210829,  166,    0
 18345, 99062,20210830,  168,    0
 18345, 99062,20210831,-9999,    9
 18345, 99062,20210901,  167,    0
 18345, 99062,20210902,  173,    0
 18345, 99062,20210903,  143,    0
 18345, 99062,20210904,  113,    0
 18345, 99062,20210905,  138,    0
 18345, 99062,20210906,  138,    0
 18345, 99062,20210907,  158,    0
 18345, 99062,20210908,  183,    0
 18345, 99062,20210909,  175,    0
 18345, 99062,20210910,  170,    0
 18345, 99062,20210911,  158,    0
 18345, 99062,20210912,  155,    0
 18345, 99062,20210913,  125,    0
 18345, 99062,20210914,  117,    0
 18345, 99062,20210915,  123,    0
 18345, 99062,20210916,  104,    0
 18345, 99062,20210917,   94,    0
 18345, 99062,20210918,   95,    0
 18345, 99062,20210919,   94,    0
 18345, 99062,20210920,   85,    0
 18345, 99062,20210921,  111,    0
 18345, 99062,20210922,  128,    0
 18345, 99062,20210923,  109,    0
 18345, 99062,20210924,  100,    0
 18345, 99062,20210925,  120,    0
 18345, 99062,20210926,  107,    0
 18345, 99062,20210927,  117,    0
 18345, 99062,20210928,  128,    0
 18345, 99062,20210929,  103,    0
 18345, 99062,20210930,  102,    0
 18345, 99062,20211001,  113,    0
 18345, 99062,20211002,  114,    0
 18345, 99062,20211003,  115,    0
 18345, 99062,20211004,  119,    0
 18345, 99062,20211005,  113,    0
 18345, 99062,20211006,   97,    0
 18345, 99062,20211007,  102,    0
 18345, 99062,20211008,  125,    0
 18345, 99062,20211009,  126,    0
 18345, 99062,20211010,   99,    0
 18345, 99062,20211011,   77,    0
 18345, 99062,20211012,   63,    0
 18345, 99062,20211013,   51,    0
 18345, 99062,20211014,   95,    0
 18345, 99062,20211015,   85,    0
 18345, 99062,20211016,   72,    0
 18345, 99062,20211017,   44,    0
 18345, 99062,20211018,   21,    0
 18345, 99062,20211019,   18,    0
 18345, 99062,20211020,   80,    0
 18345, 99062,20211021,   71,    0
 18345, 99062,20211022,   63,    0
 18345, 99062,20211023,   62,    0
 18345, 99062,20211024,   83,    0
 18345, 99062,20211025,   96,    0
 18345, 99062,20211026,   75,    0
 18345, 99062,20211027,  109,    0
 18345, 99062,20211028,  115,    0
 18345, 99062,20211029,  103,    0
 18345, 99062,20211030,  105,    0
 18345, 99062,20211031,   90,    0
 18345, 99062,20211101,-9999,    9
 18345, 99062,20211102,   87,    0
 18345, 99062,20211103,   64,    0
 18345, 99062,20211104,   25,    0
 18345, 99062,20211105,   26,    0
 18345, 99062,20211106,   42,    0
 18345, 99062,20211107,-9999,    9
 18345, 99062,20211108,-9999,    9
 18345, 99062,20211109,   70,    0
 18345, 99062,20211110,   72,    0
 18345, 99062,20211111,   58,    0
 18345, 99062,20211112,   25,    0
 18345, 99062,20211113,   27,    0
 18345, 99062,20211114,    6,    0
 18345, 99062,20211115,   34,    0
 18345, 99062,20211116,   70,    0
 18345, 99062,20211117,   61,    0
 18345, 99062,20211118,   32,    0
 18345, 99062,20211119,   98,    0
 18345, 99062,20211120,   56,    0
 18345, 99062,20211121,   22,    0
 18345, 99062,20211122,    4,    0
 18345, 99062,20211123,   36,    0
 18345, 99062,20211124,   52,    0
 18345, 99062,20211125,   13,    0
 18345, 99062,20211126,  -31,    0
 18345, 99062,20211127,  -39,    0
 18345, 99062,20211128,  -36,    0
 18345, 99062,20211129,  -66,    0
 18345, 99062,20211130,-9999,    9
 18345, 99062,20211201,  -82,    0
 18345, 99062,20211202,  -70,    0
 18345, 99062,20211203,  -89,    0
 18345, 99062,20211204,  -65,    0
 18345, 99062,20211205,  -69,    0
 18345, 99062,20211206, -109,    0
 18345, 99062,20211207,  -91,    0
 18345, 99062,20211208,  -51,    0
 18345, 99062,20211209,  -18,    0
 18345, 99062,20211210,  -17,    0
 18345, 99062,20211211,   -2,    0
 18345, 99062,20211212,    5,    0
 18345, 99062,20211213,   18,    0
 18345, 99062,20211214,    3,    0
 18345, 99062,20211215,   53,    0
 18345, 99062,20211216,   57,    0
 18345, 99062,20211217,   26,    0
 18345, 99062,20211218,   80,    0
 18345, 99062,20211219,   37,    0
 18345, 99062,20211220,   -9,    0
 18345, 99062,20211221,  -42,    0
 18345, 99062,20211222,  -26,    0
 18345, 99062,20211223,  -46,    0
 18345, 99062,20211224,  -67,    0
 18345, 99062,20211225,  -41,    0
 18345, 99062,20211226,  -46,    0
 18345, 99062,20211227,  -84,    0
 18345, 99062,20211228,  -63,    0
 18345, 99062,20211229,  -75,    0
 18345, 99062,20211230,  -25,    0
 18345, 99062,20211231,  -57,    0
 18345, 99062,20220101,  -31,    0
 18345, 99062,20220102,    0,    0
 18345, 99062,20220103,   12,    0
 18345, 99062,20220104,  -11,    0
 18345, 99062,20220105,  -38,    0
 18345, 99062,20220106,  -66,    0
 18345, 99062,20220107,  -66,    0
 18345, 99062,20220108,  -47,    0
 18345, 99062,20220109,  -26,    0
 18345, 99062,20220110,  -18,    0
 18345, 99062,20220111,   11,    0
 18345, 99062,20220112,   23,    0
 18345, 99062,20220113,   67,    0
 18345, 99062,20220114,   35,    0
 18345, 99062,20220115,  -13,    0
 18345, 99062,20220116,   23,    0
 18345, 99062,20220117,    1,    0
 18345, 99062,20220118,    6,    0
 18345, 99062,20220119,   35,    0
 18345, 99062,20220120,  -19,    0
 18345, 99062,20220121,    7,    0
 18345, 99062,20220122,    2,    0
 18345, 99062,20220123,  -13,    0
 18345, 99062,20220124,   19,    0
 18345, 99062,20220125,   13,    0
 18345, 99062,20220126,   41,    0
 18345, 99062,20220127,   37,    0
 18345, 99062,20220128,   14,    0
 18345, 99062,20220129,   47,    0
 18345, 99062,20220130,   22,    0
 18345, 99062,20220131,  -44,    0
 18345, 99062,20220201,  -58,    0
 18345, 99062,20220202,  -52,    0
 18345, 99062,20220203,  -47,    0
 18345, 99062,20220204,   17,    0
 18345, 99062,20220205,   11,    0
 18345, 99062,20220206,   11,    0
 18345, 99062,20220207,   19,    0
 18345, 99062,20220208,   41,    0
 18345, 99062,20220209,   30,    0
 18345, 99062,20220210,   20,    0
 18345, 99062,20220211,   -9,    0
 18345, 99062,20220212,   25,    0
 18345, 99062,20220213,   44,    0
 18345, 99062,20220214,    9,    0
 18345, 99062,20220215,   20,    0
 18345, 99062,20220216,    9,    0
 18345, 99062,20220217,    9,    0
 18345, 99062,20220218,   20,    0
 18345, 99062,20220219,   -3,    0
 18345, 99062,20220220,  -16,    0
 18345, 99062,20220221,  -10,    0
 18345, 99062,20220222,  -28,    0
 18345, 99062,20220223,    3,    0
 18345, 99062,20220224,   18,    0
 18345, 99062,20220225,    6,    0
 18345, 99062,20220226,   -1,    0
 18345, 99062,20220227,   28,    0
 18345, 99062,20220228,   16,    0
 18345, 99062,20220301,   36,    0
 18345, 99062,20220302,   42,    0
 18345, 99062,20220303,-9999,    9
 18345, 99062,20220304,  -12,    0
 18345, 99062,20220305,    5,    0
 18345, 99062,20220306,   19,    0
 18345, 99062,20220307,   25,    0
 18345, 99062,20220308,  -15,    0
 18345, 99062,20220309,  -24,    0
 18345, 99062,20220310,    3,    0
 18345, 99062,20220311,    7,    0
 18345, 99062,20220312,  -15,    0
 18345, 99062,20220313,   -4,    0
 18345, 99062,20220314,    6,    0
 18345, 99062,20220315,    7,    0
 18345, 99062,20220316,   11,    0
 18345, 99062,20220317,   10,    0
 18345, 99062,20220318,   33,    0
 18345, 99062,20220319,   21,    0
 18345, 99062,20220320,   22,    0
 18345, 99062,20220321,   15,    0
 18345, 99062,20220322,   37,    0
 18345, 99062,20220323,   31,    0
 18345, 99062,20220324,   43,    0
 18345, 99062,20220325,   90,    0
 18345, 99062,20220326,   62,    0
 18345, 99062,20220327,   69,    0
 18345, 99062,20220328,   69,    0
 18345, 99062,20220329,    5,    0
 18345, 99062,20220330,  -10,    0
 18345, 99062,20220331,   -6,    0
 18345, 99062,20220401,  -14,    0
 18345, 99062,20220402,    4,    0
 18345, 99062,20220403,   38,    0
 18345, 99062,20220404,   19,    0
 18345, 99062,20220405,    9,    0
 18345, 99062,20220406,    4,    0
 18345, 99062,20220407,    1,    0
 18345, 99062,20220408,   10,    0
 18345, 99062,20220409,   37,    0
 18345, 99062,20220410,   62,    0
 18345, 99062,20220411,   46,    0
 18345, 99062,20220412,   38,    0
 18345, 99062,20220413,   29,    0
 18345, 99062,20220414,   38,    0
 18345, 99062,20220415,   62,    0
 18345, 99062,20220416,   58,    0
 18345, 99062,20220417,   46,    0
 18345, 99062,20220418,   54,    0
 18345, 99062,20220419,   78,    0
 18345, 99062,20220420,  104,    0
 18345, 99062,20220421,  114,    0
 18345, 99062,20220422,  118,    0
 18345, 99062,20220423,   95,    0
 18345, 99062,20220424,   70,    0
 18345, 99062,20220425,   92,    0
 18345, 99062,20220426,   72,    0
 18345, 99062,20220427,   47,    0
 18345, 99062,20220428,   80,    0
 18345, 99062,20220429,   79,    0
 18345, 99062,20220430,   88,    0
 18345, 99062,20220501,-9999,    9
 18345, 99062,20220502,-9999,    9
 18345, 99062,20220503,-9999,    9
 18345, 99062,20220504,-9999,    9
 18345, 99062,20220505,-9999,    9
 18345, 99062,20220506,-9999,    9
 18345, 99062,20220507,-9999,    9
 18345, 99062,20220508,-9999,    9
 18345, 99062,20220509,-9999,    9
 18345, 99062,20220510,-9999,    9
 18345, 99062,20220511,-9999,    9
 18345, 99062,20220512,-9999,    9
 18345, 99062,20220513,-9999,    9
 18345, 99062,20220514,-9999,    9
 18345, 99062,20220515,  122,    0
 18345, 99062,20220516,  107,    0
 18345, 99062,20220517,  112,    0
 18345, 99062,20220518,  101,    0
 18345, 99062,20220519,-9999,    9
 18345, 99062,20220520,-9999,    9
 18345, 99062,20220521,  100,    0
 18345, 99062,20220522,  113,    0
 18345, 99062,20220523,  125,    0
 18345, 99062,20220524,  117,    0
 18345, 99062,20220525,  115,    0
 18345, 99062,20220526,  119,    0
 18345, 99062,20220527,   94,    0
 18345, 99062,20220528,  124,    0
 18345, 99062,20220529,   96,    0
 18345, 99062,20220530,  114,    0
 18345, 99062,20220531,  127,    0
 18345, 99062,20220601,  116,    0
 18345, 99062,20220602,  116,    0
 18345, 99062,20220603,  132,    0
 18345, 99062,20220604,  143,    0
 18345, 99062,20220605,  155,    0
 18345, 99062,20220606,  165,    0
 18345, 99062,20220607,  151,    0
 18345, 99062,20220608,  135,    0
 18345, 99062,20220609,  139,    0
 18345, 99062,20220610,  149,    0
 18345, 99062,20220611,  138,    0
 18345, 99062,20220612,  132,    0
 18345, 99062,20220613,  138,    0
 18345, 99062,20220614,  159,    0
 18345, 99062,20220615,  158,    0
 18345, 99062,20220616,  171,    0
 18345, 99062,20220617,  154,    0
 18345, 99062,20220618,  158,    0
 18345, 99062,20220619,  126,    0
 18345, 99062,20220620,  155,    0
 18345, 99062,20220621,  159,    0
 18345, 99062,20220622,  164,    0
 18345, 99062,20220623,  167,    0
 18345, 99062,20220624,  195,    0
 18345, 99062,20220625,  202,    0
 18345, 99062,20220626,  181,    0
 18345, 99062,20220627,  165,    0
 18345, 99062,20220628,  176,    0
 18345, 99062,20220629,  168,    0
 18345, 99062,20220630,  198,    0
 18345, 99062,20220701,  195,    0
 18345, 99062,20220702,  166,    0
 18345, 99062,20220703,  150,    0
 18345, 99062,20220704,  148,    0
 18345, 99062,20220705,  144,    0
 18345, 99062,20220706,  142,    0
 18345, 99062,20220707,  161,    0
 18345, 99062,20220708,  173,    0
 18345, 99062,20220709,  163,    0
 18345, 99062,20220710,  159,    0
 18345, 99062,20220711,  163,    0
 18345, 99062,20220712,  164,    0
 18345, 99062,20220713,  170,    0
 18345, 99062,20220714,  144,    0
 18345, 99062,20220715,  141,    0
 18345, 99062,20220716,  152,    0
 18345, 99062,20220717,  163,    0
 18345, 99062,20220718,  167,    0
 18345, 99062,20220719,  184,    0
 18345, 99062,20220720,  199,    0
 18345, 99062,20220721,  199,    0
 18345, 99062,20220722,  158,    0
 18345, 99062,20220723,  153,    0
 18345, 99062,20220724,  152,    0
 18345, 99062,20220725,  158,    0
 18345, 99062,20220726,  168,    0
 18345, 99062,20220727,  167,    0
 18345, 99062,20220728,  160,    0
 18345, 99062,20220729,  173,    0
 18345, 99062,20220730,  166,    0
 18345, 99062,20220731,  163,    0
 18345, 99062,20220801,  161,    0
 18345, 99062,20220802,  128,    0
 18345, 99062,20220803,  174,    0
 18345, 99062,20220804,  154,    0
 18345, 99062,20220805,  159,    0
 18345, 99062,20220806,  151,    0
 18345, 99062,20220807,  143,    0
 18345, 99062,20220808,  153,    0
 18345, 99062,20220809,-9999,    9
 18345, 99062,20220810,  184,    0
 18345, 99062,20220811,  189,    0
 18345, 99062,20220812,  183,    0
 18345, 99062,20220813,  186,    0
 18345, 99062,20220814,  198,    0
 18345, 99062,20220815,-9999,    9
 18345, 99062,20220816,  191,    0
 18345, 99062,20220817,-9999,    9
 18345, 99062,20220818,  155,    0
 18345, 99062,20220819,  174,    0
 18345, 99062,20220820,  173,    0
 18345, 99062,20220821,  151,    0
 18345, 99062,20220822,  140,    0
 18345, 99062,20220823,  145,    0
 18345, 99062,20220824,  158,    0
 18345, 99062,20220825,  187,    0
 18345, 99062,20220826,  165,    0
 18345, 99062,20220827,  171,    0
 18345, 99062,20220828,  152,    0
 18345, 99062,20220829,  140,    0
 18345, 99062,20220830,  124,    0
 18345, 99062,20220831,  133,    0
 18345, 99062,20220901,  131,    0
 18345, 99062,20220902,  125,    0
 18345, 99062,20220903,  121,    0
 18345, 99062,20220904,  126,    0
 18345, 99062,20220905,  134,    0
 18345, 99062,20220906,  139,    0
 18345, 99062,20220907,  135,    0
 18345, 99062,20220908,  127,    0
 18345, 99062,20220909,  122,    0
 18345, 99062,20220910,  111,    0
 18345, 99062,20220911,  128,    0
 18345, 99062,20220912,  135,    0
 18345, 99062,20220913,  125,    0
 18345, 99062,20220914,  123,    0
 18345, 99062,20220915,  121,    0
 18345, 99062,20220916,  133,    0
 18345, 99062,20220917,  127,    0
 18345, 99062,20220918,  118,    0
 18345, 99062,20220919,  110,    0
 18345, 99062,20220920,   90,    0
 18345, 99062,20220921,   88,    0
 18345, 99062,20220922,   98,    0
 18345, 99062,20220923,  120,    0
 18345, 99062,20220924,  105,    0
 18345, 99062,20220925,   94,    0
 18345, 99062,20220926,   92,    0
 18345, 99062,20220927,  103,    0
 18345, 99062,20220928,  109,    0
 18345, 99062,20220929,   83,    0
 18345, 99062,20220930,   76,    0
 18345, 99062,20221001,   97,    0
 18345, 99062,20221002,   92,    0
 18345, 99062,20221003,   95,    0
 18345, 99062,20221004,   89,    0
 18345, 99062,20221005,  131,    0
 18345, 99062,20221006,  110,    0
 18345, 99062,20221007,  116,    0
 18345, 99062,20221008,   94,    0
 18345, 99062,20221009,   90,    0
 18345, 99062,20221010,   98,    0
 18345, 99062,20221011,   73,    0
 18345, 99062,20221012,   73,    0
 18345, 99062,20221013,  101,    0
 18345, 99062,20221014,   86,    0
 18345, 99062,20221015,   97,    0
 18345, 99062,20221016,   61,    0
 18345, 99062,20221017,   59,    0
 18345, 99062,20221018,   64,    0
 18345, 99062,20221019,   33,    0
 18345, 99062,20221020,   29,    0
 18345, 99062,20221021,   36,    0
 18345, 99062,20221022,   42,    0
 18345, 99062,20221023,   32,    0
 18345, 99062,20221024,   56,    0
 18345, 99062,20221025,   71,    0
 18345, 99062,20221026,   43,    0
 18345, 99062,20221027,  106,    0
 18345, 99062,20221028,  110,    0
 18345, 99062,20221029,  108,    0
 18345, 99062,20221030,   58,    0
 18345, 99062,20221031,   94,    0
