EUROPEAN CLIMATE ASSESSMENT & DATASET (ECA&D), file created on: 16-11-2022
THESE DATA CAN BE USED FOR NON-COMMERCIAL RESEARCH AND EDUCATION PROVIDED THAT THE FOLLOWING SOURCE IS ACKNOWLEDGED: 

Klein Tank, A.M.G. and Coauthors, 2002. Daily dataset of 20th-century surface
air temperature and precipitation series for the European Climate Assessment.
Int. J. of Climatol., 22, 1441-1453.
Data and metadata available at http://www.ecad.eu

FILE FORMAT (MISSING VALUE CODE = -9999):

01-06 STAID: Station identifier
08-13 SOUID: Source identifier
15-22 DATE : Date YYYYMMDD
24-28 TG   : Mean temperature in 0.1 &#176;C
30-34 Q_TG : quality code for TG (0='valid'; 1='suspect'; 9='missing')

This is the blended series of station LOEKVOLLEN, NORWAY (STAID: 18269)
Blended and updated with sources:99300 99569 
See files sources.txt and stations.txt for more info.

STAID, SOUID,    DATE,   TG, Q_TG
 18269, 99300,20150401,-9999,    9
 18269, 99300,20150402,-9999,    9
 18269, 99300,20150403,-9999,    9
 18269, 99300,20150404,-9999,    9
 18269, 99300,20150405,-9999,    9
 18269, 99300,20150406,-9999,    9
 18269, 99300,20150407,-9999,    9
 18269, 99300,20150408,-9999,    9
 18269, 99300,20150409,-9999,    9
 18269, 99300,20150410,-9999,    9
 18269, 99300,20150411,-9999,    9
 18269, 99300,20150412,-9999,    9
 18269, 99300,20150413,-9999,    9
 18269, 99300,20150414,   34,    1
 18269, 99300,20150415,   51,    1
 18269, 99300,20150416,   36,    1
 18269, 99300,20150417,   50,    1
 18269, 99300,20150418,   64,    1
 18269, 99300,20150419,   44,    1
 18269, 99300,20150420,   59,    1
 18269, 99300,20150421,   70,    1
 18269, 99300,20150422,-9999,    9
 18269, 99300,20150423,-9999,    9
 18269, 99300,20150424,   27,    1
 18269, 99300,20150425,   13,    1
 18269, 99300,20150426,-9999,    9
 18269, 99300,20150427,-9999,    9
 18269, 99300,20150428,    4,    1
 18269, 99300,20150429,    7,    1
 18269, 99300,20150430,   16,    1
 18269, 99300,20150501,-9999,    9
 18269, 99300,20150502,-9999,    9
 18269, 99300,20150503,   24,    1
 18269, 99300,20150504,-9999,    9
 18269, 99300,20150505,-9999,    9
 18269, 99300,20150506,-9999,    9
 18269, 99300,20150507,   84,    1
 18269, 99300,20150508,   92,    1
 18269, 99300,20150509,   66,    1
 18269, 99300,20150510,   76,    1
 18269, 99300,20150511,   62,    1
 18269, 99300,20150512,   68,    1
 18269, 99300,20150513,   84,    1
 18269, 99300,20150514,   48,    1
 18269, 99300,20150515,-9999,    9
 18269, 99300,20150516,   44,    1
 18269, 99300,20150517,-9999,    9
 18269, 99300,20150518,   76,    1
 18269, 99300,20150519,   64,    1
 18269, 99300,20150520,   65,    1
 18269, 99300,20150521,   66,    1
 18269, 99300,20150522,   92,    1
 18269, 99300,20150523,   50,    1
 18269, 99300,20150524,   44,    1
 18269, 99300,20150525,   49,    1
 18269, 99300,20150526,-9999,    9
 18269, 99300,20150527,-9999,    9
 18269, 99300,20150528,   90,    1
 18269, 99300,20150529,   80,    1
 18269, 99300,20150530,   99,    1
 18269, 99300,20150531,  108,    1
 18269, 99300,20150601,  122,    1
 18269, 99300,20150602,-9999,    9
 18269, 99300,20150603,   76,    1
 18269, 99300,20150604,   61,    1
 18269, 99300,20150605,   63,    1
 18269, 99300,20150606,   67,    1
 18269, 99300,20150607,   67,    1
 18269, 99300,20150608,   74,    1
 18269, 99300,20150609,   85,    1
 18269, 99300,20150610,   79,    1
 18269, 99300,20150611,   63,    1
 18269, 99300,20150612,   65,    1
 18269, 99300,20150613,   66,    1
 18269, 99300,20150614,   86,    1
 18269, 99300,20150615,   83,    1
 18269, 99300,20150616,   70,    1
 18269, 99300,20150617,   77,    1
 18269, 99300,20150618,   84,    1
 18269, 99300,20150619,   80,    1
 18269, 99300,20150620,   85,    1
 18269, 99300,20150621,   89,    1
 18269, 99300,20150622,   96,    1
 18269, 99300,20150623,-9999,    9
 18269, 99300,20150624,-9999,    9
 18269, 99300,20150625,-9999,    9
 18269, 99300,20150626,   77,    1
 18269, 99300,20150627,   86,    1
 18269, 99300,20150628,   94,    1
 18269, 99300,20150629,   82,    1
 18269, 99300,20150630,   88,    1
 18269, 99300,20150701,   98,    1
 18269, 99300,20150702,  102,    1
 18269, 99300,20150703,   94,    1
 18269, 99300,20150704,   86,    1
 18269, 99300,20150705,-9999,    9
 18269, 99300,20150706,-9999,    9
 18269, 99300,20150707,-9999,    9
 18269, 99300,20150708,-9999,    9
 18269, 99300,20150709,-9999,    9
 18269, 99300,20150710,-9999,    9
 18269, 99300,20150711,-9999,    9
 18269, 99300,20150712,-9999,    9
 18269, 99300,20150713,-9999,    9
 18269, 99300,20150714,-9999,    9
 18269, 99300,20150715,-9999,    9
 18269, 99300,20150716,-9999,    9
 18269, 99300,20150717,-9999,    9
 18269, 99300,20150718,-9999,    9
 18269, 99300,20150719,-9999,    9
 18269, 99300,20150720,-9999,    9
 18269, 99300,20150721,-9999,    9
 18269, 99300,20150722,-9999,    9
 18269, 99300,20150723,-9999,    9
 18269, 99300,20150724,-9999,    9
 18269, 99300,20150725,-9999,    9
 18269, 99300,20150726,-9999,    9
 18269, 99300,20150727,-9999,    9
 18269, 99300,20150728,-9999,    9
 18269, 99300,20150729,-9999,    9
 18269, 99300,20150730,-9999,    9
 18269, 99300,20150731,-9999,    9
 18269, 99300,20150801,-9999,    9
 18269, 99300,20150802,-9999,    9
 18269, 99300,20150803,-9999,    9
 18269, 99300,20150804,-9999,    9
 18269, 99300,20150805,-9999,    9
 18269, 99300,20150806,  151,    1
 18269, 99300,20150807,  138,    1
 18269, 99300,20150808,  133,    1
 18269, 99300,20150809,  133,    1
 18269, 99300,20150810,  136,    1
 18269, 99300,20150811,  170,    1
 18269, 99300,20150812,  138,    1
 18269, 99300,20150813,  116,    1
 18269, 99300,20150814,  110,    1
 18269, 99300,20150815,  145,    1
 18269, 99300,20150816,  155,    1
 18269, 99300,20150817,  143,    1
 18269, 99300,20150818,-9999,    9
 18269, 99300,20150819,  111,    1
 18269, 99300,20150820,  143,    1
 18269, 99300,20150821,  145,    1
 18269, 99300,20150822,  145,    1
 18269, 99300,20150823,  157,    1
 18269, 99300,20150824,  129,    1
 18269, 99300,20150825,  119,    1
 18269, 99300,20150826,  127,    1
 18269, 99300,20150827,  150,    1
 18269, 99300,20150828,  166,    1
 18269, 99300,20150829,  137,    1
 18269, 99300,20150830,  147,    1
 18269, 99300,20150831,  118,    1
 18269, 99300,20150901,   90,    1
 18269, 99300,20150902,   90,    1
 18269, 99300,20150903,   93,    1
 18269, 99300,20150904,   84,    1
 18269, 99300,20150905,   82,    1
 18269, 99300,20150906,-9999,    9
 18269, 99300,20150907,-9999,    9
 18269, 99300,20150908,  100,    1
 18269, 99300,20150909,  130,    1
 18269, 99300,20150910,  127,    1
 18269, 99300,20150911,  121,    1
 18269, 99300,20150912,  106,    1
 18269, 99300,20150913,   88,    1
 18269, 99300,20150914,  122,    1
 18269, 99300,20150915,  119,    1
 18269, 99300,20150916,  119,    1
 18269, 99300,20150917,  137,    1
 18269, 99300,20150918,  125,    1
 18269, 99300,20150919,  105,    1
 18269, 99300,20150920,  106,    1
 18269, 99300,20150921,  109,    1
 18269, 99300,20150922,  129,    1
 18269, 99300,20150923,  108,    1
 18269, 99300,20150924,  112,    1
 18269, 99300,20150925,   97,    1
 18269, 99300,20150926,   97,    1
 18269, 99300,20150927,   95,    1
 18269, 99300,20150928,   95,    1
 18269, 99300,20150929,  121,    1
 18269, 99300,20150930,   74,    1
 18269, 99300,20151001,   58,    1
 18269, 99300,20151002,   54,    1
 18269, 99300,20151003,   38,    1
 18269, 99300,20151004,   35,    1
 18269, 99300,20151005,   25,    1
 18269, 99300,20151006,   25,    1
 18269, 99300,20151007,   40,    1
 18269, 99300,20151008,   59,    1
 18269, 99300,20151009,   46,    1
 18269, 99300,20151010,   40,    1
 18269, 99300,20151011,   77,    1
 18269, 99300,20151012,   68,    1
 18269, 99300,20151013,   91,    1
 18269, 99300,20151014,   91,    1
 18269, 99300,20151015,   91,    1
 18269, 99300,20151016,   54,    1
 18269, 99300,20151017,   89,    1
 18269, 99300,20151018,   96,    1
 18269, 99300,20151019,   99,    1
 18269, 99300,20151020,   85,    1
 18269, 99300,20151021,   79,    1
 18269, 99300,20151022,   43,    1
 18269, 99300,20151023,-9999,    9
 18269, 99300,20151024,-9999,    9
 18269, 99300,20151025,   69,    1
 18269, 99300,20151026,   28,    1
 18269, 99300,20151027,   13,    1
 18269, 99300,20151028,   45,    1
 18269, 99300,20151029,-9999,    9
 18269, 99300,20151030,-9999,    9
 18269, 99300,20151031,   37,    1
 18269, 99300,20151101,   78,    1
 18269, 99300,20151102,   61,    1
 18269, 99300,20151103,   77,    1
 18269, 99300,20151104,   43,    1
 18269, 99300,20151105,-9999,    9
 18269, 99300,20151106,-9999,    9
 18269, 99300,20151107,   29,    1
 18269, 99300,20151108,   42,    1
 18269, 99300,20151109,   49,    1
 18269, 99300,20151110,   47,    1
 18269, 99300,20151111,   37,    1
 18269, 99300,20151112,   10,    1
 18269, 99300,20151113,   10,    1
 18269, 99300,20151114,   30,    1
 18269, 99300,20151115,   20,    1
 18269, 99300,20151116,    1,    1
 18269, 99300,20151117,   11,    1
 18269, 99300,20151118,   13,    1
 18269, 99300,20151119,    5,    1
 18269, 99300,20151120,    6,    1
 18269, 99300,20151121,-9999,    9
 18269, 99300,20151122,  -33,    1
 18269, 99300,20151123,   11,    1
 18269, 99300,20151124,   22,    1
 18269, 99300,20151125,   11,    1
 18269, 99300,20151126,   26,    1
 18269, 99300,20151127,   39,    1
 18269, 99300,20151128,   10,    1
 18269, 99300,20151129,    4,    1
 18269, 99300,20151130,   23,    1
 18269, 99300,20151201,   12,    1
 18269, 99300,20151202,   17,    1
 18269, 99300,20151203,   42,    1
 18269, 99300,20151204,   48,    1
 18269, 99300,20151205,   23,    1
 18269, 99300,20151206,   36,    1
 18269, 99300,20151207,   19,    1
 18269, 99300,20151208,   13,    1
 18269, 99300,20151209,   14,    1
 18269, 99300,20151210,    9,    1
 18269, 99300,20151211,  -10,    1
 18269, 99300,20151212,  -11,    1
 18269, 99300,20151213,   -6,    1
 18269, 99300,20151214,  -20,    1
 18269, 99300,20151215,  -35,    1
 18269, 99300,20151216,  -32,    1
 18269, 99300,20151217,  -45,    1
 18269, 99300,20151218,   10,    1
 18269, 99300,20151219,   29,    1
 18269, 99300,20151220,-9999,    9
 18269, 99300,20151221,-9999,    9
 18269, 99300,20151222,-9999,    9
 18269, 99300,20151223,    5,    1
 18269, 99300,20151224,   26,    1
 18269, 99300,20151225,   18,    1
 18269, 99300,20151226,  -29,    1
 18269, 99300,20151227,  -34,    1
 18269, 99300,20151228,  -20,    1
 18269, 99300,20151229,  -13,    1
 18269, 99300,20151230,   -5,    1
 18269, 99300,20151231,   39,    1
 18269, 99300,20160101,   45,    1
 18269, 99300,20160102,   16,    1
 18269, 99300,20160103,  -24,    1
 18269, 99300,20160104,  -78,    1
 18269, 99300,20160105,  -77,    1
 18269, 99300,20160106, -114,    1
 18269, 99300,20160107, -154,    1
 18269, 99300,20160108,  -88,    1
 18269, 99300,20160109,  -10,    1
 18269, 99300,20160110,  -24,    1
 18269, 99300,20160111,  -67,    1
 18269, 99300,20160112,  -91,    1
 18269, 99300,20160113, -102,    1
 18269, 99300,20160114,  -80,    1
 18269, 99300,20160115,  -46,    1
 18269, 99300,20160116,  -10,    1
 18269, 99300,20160117,  -49,    1
 18269, 99300,20160118, -117,    1
 18269, 99300,20160119, -120,    1
 18269, 99300,20160120,  -92,    1
 18269, 99300,20160121,  -49,    1
 18269, 99300,20160122,   28,    1
 18269, 99300,20160123,    6,    1
 18269, 99300,20160124,  -41,    1
 18269, 99300,20160125,-9999,    9
 18269, 99300,20160126,  -14,    1
 18269, 99300,20160127,-9999,    9
 18269, 99300,20160128,-9999,    9
 18269, 99300,20160129,   -1,    1
 18269, 99300,20160130,   -6,    1
 18269, 99300,20160131,    3,    1
 18269, 99300,20160201,    1,    1
 18269, 99300,20160202,  -54,    1
 18269, 99300,20160203,  -29,    1
 18269, 99300,20160204,  -28,    1
 18269, 99300,20160205,  -25,    1
 18269, 99300,20160206,  -31,    1
 18269, 99300,20160207,  -25,    1
 18269, 99300,20160208,    6,    1
 18269, 99300,20160209,   13,    1
 18269, 99300,20160210,-9999,    9
 18269, 99300,20160211,-9999,    9
 18269, 99300,20160212,-9999,    9
 18269, 99300,20160213,  -18,    1
 18269, 99300,20160214,  -16,    1
 18269, 99300,20160215,  -18,    1
 18269, 99300,20160216,   -7,    1
 18269, 99300,20160217,   13,    1
 18269, 99300,20160218,   16,    1
 18269, 99300,20160219,  -11,    1
 18269, 99300,20160220,  -12,    1
 18269, 99300,20160221,   13,    1
 18269, 99300,20160222,    9,    1
 18269, 99300,20160223,  -14,    1
 18269, 99300,20160224,  -31,    1
 18269, 99300,20160225,  -36,    1
 18269, 99300,20160226,  -55,    1
 18269, 99300,20160227,  -40,    1
 18269, 99300,20160228,  -13,    1
 18269, 99300,20160229,   15,    1
 18269, 99300,20160301,   -7,    1
 18269, 99300,20160302,-9999,    9
 18269, 99300,20160303,-9999,    9
 18269, 99300,20160304,-9999,    9
 18269, 99300,20160305,   -2,    1
 18269, 99300,20160306,    4,    1
 18269, 99300,20160307,    9,    1
 18269, 99300,20160308,    5,    1
 18269, 99300,20160309,  -11,    1
 18269, 99300,20160310,  -11,    1
 18269, 99300,20160311,    9,    1
 18269, 99300,20160312,   62,    1
 18269, 99300,20160313,   55,    1
 18269, 99300,20160314,   58,    1
 18269, 99300,20160315,   71,    1
 18269, 99300,20160316,   12,    1
 18269, 99300,20160317,  -36,    1
 18269, 99300,20160318,  -39,    1
 18269, 99300,20160319,  -30,    1
 18269, 99300,20160320,  -33,    1
 18269, 99300,20160321,  -38,    1
 18269, 99300,20160322,  -43,    1
 18269, 99300,20160323,  -20,    1
 18269, 99300,20160324,  -23,    1
 18269, 99300,20160325,  -20,    1
 18269, 99300,20160326,   41,    1
 18269, 99300,20160327,   57,    1
 18269, 99300,20160328,   75,    1
 18269, 99300,20160329,-9999,    9
 18269, 99300,20160330,-9999,    9
 18269, 99300,20160331,-9999,    9
 18269, 99300,20160401,   24,    1
 18269, 99300,20160402,   17,    1
 18269, 99300,20160403,   28,    1
 18269, 99300,20160404,   39,    1
 18269, 99300,20160405,   23,    1
 18269, 99300,20160406,   19,    1
 18269, 99300,20160407,-9999,    9
 18269, 99300,20160408,-9999,    9
 18269, 99300,20160409,   42,    1
 18269, 99300,20160410,   34,    1
 18269, 99300,20160411,   37,    1
 18269, 99300,20160412,    5,    1
 18269, 99300,20160413,  -10,    1
 18269, 99300,20160414,    4,    1
 18269, 99300,20160415,   16,    1
 18269, 99300,20160416,   21,    1
 18269, 99300,20160417,   22,    1
 18269, 99300,20160418,   20,    1
 18269, 99300,20160419,   19,    1
 18269, 99300,20160420,   22,    1
 18269, 99300,20160421,   14,    1
 18269, 99300,20160422,   30,    1
 18269, 99300,20160423,   18,    1
 18269, 99300,20160424,   17,    1
 18269, 99300,20160425,   27,    1
 18269, 99300,20160426,   42,    1
 18269, 99300,20160427,   89,    1
 18269, 99300,20160428,   92,    1
 18269, 99300,20160429,  101,    1
 18269, 99300,20160430,  101,    1
 18269, 99300,20160501,   84,    1
 18269, 99300,20160502,-9999,    9
 18269, 99300,20160503,-9999,    9
 18269, 99300,20160504,   82,    1
 18269, 99300,20160505,   94,    1
 18269, 99300,20160506,   93,    1
 18269, 99300,20160507,   96,    1
 18269, 99300,20160508,   80,    1
 18269, 99300,20160509,   65,    1
 18269, 99300,20160510,   56,    1
 18269, 99300,20160511,   63,    1
 18269, 99300,20160512,   73,    1
 18269, 99300,20160513,-9999,    9
 18269, 99300,20160514,   76,    1
 18269, 99300,20160515,-9999,    9
 18269, 99300,20160516,   67,    1
 18269, 99300,20160517,   55,    1
 18269, 99300,20160518,   56,    1
 18269, 99300,20160519,-9999,    9
 18269, 99300,20160520,-9999,    9
 18269, 99300,20160521,  104,    1
 18269, 99300,20160522,  133,    1
 18269, 99300,20160523,  113,    1
 18269, 99300,20160524,   91,    1
 18269, 99300,20160525,   85,    1
 18269, 99300,20160526,   89,    1
 18269, 99300,20160527,-9999,    9
 18269, 99300,20160528,-9999,    9
 18269, 99300,20160529,-9999,    9
 18269, 99300,20160530,-9999,    9
 18269, 99300,20160531,-9999,    9
 18269, 99300,20160601,-9999,    9
 18269, 99300,20160602,-9999,    9
 18269, 99300,20160603,-9999,    9
 18269, 99300,20160604,-9999,    9
 18269, 99300,20160605,-9999,    9
 18269, 99300,20160606,-9999,    9
 18269, 99300,20160607,-9999,    9
 18269, 99300,20160608,-9999,    9
 18269, 99300,20160609,-9999,    9
 18269, 99300,20160610,-9999,    9
 18269, 99300,20160611,-9999,    9
 18269, 99300,20160612,-9999,    9
 18269, 99300,20160613,-9999,    9
 18269, 99300,20160614,-9999,    9
 18269, 99300,20160615,-9999,    9
 18269, 99300,20160616,-9999,    9
 18269, 99300,20160617,-9999,    9
 18269, 99300,20160618,-9999,    9
 18269, 99300,20160619,-9999,    9
 18269, 99300,20160620,-9999,    9
 18269, 99300,20160621,-9999,    9
 18269, 99300,20160622,-9999,    9
 18269, 99300,20160623,-9999,    9
 18269, 99300,20160624,-9999,    9
 18269, 99300,20160625,-9999,    9
 18269, 99300,20160626,-9999,    9
 18269, 99300,20160627,-9999,    9
 18269, 99300,20160628,-9999,    9
 18269, 99300,20160629,-9999,    9
 18269, 99300,20160630,-9999,    9
 18269, 99300,20160701,-9999,    9
 18269, 99300,20160702,-9999,    9
 18269, 99300,20160703,-9999,    9
 18269, 99300,20160704,-9999,    9
 18269, 99300,20160705,-9999,    9
 18269, 99300,20160706,-9999,    9
 18269, 99300,20160707,-9999,    9
 18269, 99300,20160708,-9999,    9
 18269, 99300,20160709,-9999,    9
 18269, 99300,20160710,-9999,    9
 18269, 99300,20160711,-9999,    9
 18269, 99300,20160712,-9999,    9
 18269, 99300,20160713,-9999,    9
 18269, 99300,20160714,-9999,    9
 18269, 99300,20160715,-9999,    9
 18269, 99300,20160716,-9999,    9
 18269, 99300,20160717,-9999,    9
 18269, 99300,20160718,-9999,    9
 18269, 99300,20160719,-9999,    9
 18269, 99300,20160720,-9999,    9
 18269, 99300,20160721,-9999,    9
 18269, 99300,20160722,-9999,    9
 18269, 99300,20160723,-9999,    9
 18269, 99300,20160724,-9999,    9
 18269, 99300,20160725,-9999,    9
 18269, 99300,20160726,-9999,    9
 18269, 99300,20160727,-9999,    9
 18269, 99300,20160728,-9999,    9
 18269, 99300,20160729,-9999,    9
 18269, 99300,20160730,-9999,    9
 18269, 99300,20160731,-9999,    9
 18269, 99300,20160801,-9999,    9
 18269, 99300,20160802,-9999,    9
 18269, 99300,20160803,-9999,    9
 18269, 99300,20160804,-9999,    9
 18269, 99300,20160805,-9999,    9
 18269, 99300,20160806,-9999,    9
 18269, 99300,20160807,-9999,    9
 18269, 99300,20160808,-9999,    9
 18269, 99300,20160809,-9999,    9
 18269, 99300,20160810,-9999,    9
 18269, 99300,20160811,-9999,    9
 18269, 99300,20160812,-9999,    9
 18269, 99300,20160813,-9999,    9
 18269, 99300,20160814,-9999,    9
 18269, 99300,20160815,-9999,    9
 18269, 99300,20160816,-9999,    9
 18269, 99300,20160817,-9999,    9
 18269, 99300,20160818,-9999,    9
 18269, 99300,20160819,-9999,    9
 18269, 99300,20160820,-9999,    9
 18269, 99300,20160821,-9999,    9
 18269, 99300,20160822,-9999,    9
 18269, 99300,20160823,-9999,    9
 18269, 99300,20160824,-9999,    9
 18269, 99300,20160825,-9999,    9
 18269, 99300,20160826,-9999,    9
 18269, 99300,20160827,-9999,    9
 18269, 99300,20160828,-9999,    9
 18269, 99300,20160829,-9999,    9
 18269, 99300,20160830,-9999,    9
 18269, 99300,20160831,-9999,    9
 18269, 99300,20160901,-9999,    9
 18269, 99300,20160902,-9999,    9
 18269, 99300,20160903,-9999,    9
 18269, 99300,20160904,-9999,    9
 18269, 99300,20160905,-9999,    9
 18269, 99300,20160906,-9999,    9
 18269, 99300,20160907,-9999,    9
 18269, 99300,20160908,-9999,    9
 18269, 99300,20160909,-9999,    9
 18269, 99300,20160910,  116,    1
 18269, 99300,20160911,  118,    1
 18269, 99300,20160912,  108,    1
 18269, 99300,20160913,  111,    1
 18269, 99300,20160914,  133,    1
 18269, 99300,20160915,   98,    1
 18269, 99300,20160916,-9999,    9
 18269, 99300,20160917,-9999,    9
 18269, 99300,20160918,-9999,    9
 18269, 99300,20160919,  151,    1
 18269, 99300,20160920,  116,    1
 18269, 99300,20160921,  129,    1
 18269, 99300,20160922,  107,    1
 18269, 99300,20160923,  117,    1
 18269, 99300,20160924,   97,    1
 18269, 99300,20160925,  102,    1
 18269, 99300,20160926,  138,    1
 18269, 99300,20160927,  115,    1
 18269, 99300,20160928,  132,    1
 18269, 99300,20160929,  107,    1
 18269, 99300,20160930,   84,    1
 18269, 99300,20161001,   82,    1
 18269, 99300,20161002,   72,    1
 18269, 99300,20161003,   49,    1
 18269, 99300,20161004,-9999,    9
 18269, 99300,20161005,  106,    1
 18269, 99300,20161006,  105,    1
 18269, 99300,20161007,   93,    1
 18269, 99300,20161008,   74,    1
 18269, 99300,20161009,   36,    1
 18269, 99300,20161010,   27,    1
 18269, 99300,20161011,   68,    1
 18269, 99300,20161012,  100,    1
 18269, 99300,20161013,   92,    1
 18269, 99300,20161014,   75,    1
 18269, 99300,20161015,   47,    1
 18269, 99300,20161016,   43,    1
 18269, 99300,20161017,   29,    1
 18269, 99300,20161018,   35,    1
 18269, 99300,20161019,   54,    1
 18269, 99300,20161020,-9999,    9
 18269, 99300,20161021,-9999,    9
 18269, 99300,20161022,-9999,    9
 18269, 99300,20161023,-9999,    9
 18269, 99300,20161024,-9999,    9
 18269, 99300,20161025,-9999,    9
 18269, 99300,20161026,-9999,    9
 18269, 99300,20161027,   36,    1
 18269, 99300,20161028,   56,    1
 18269, 99300,20161029,   53,    1
 18269, 99300,20161030,   39,    1
 18269, 99300,20161031,   23,    1
 18269, 99300,20161101,   19,    1
 18269, 99300,20161102,   12,    1
 18269, 99300,20161103,    7,    1
 18269, 99300,20161104,  -29,    1
 18269, 99300,20161105,  -21,    1
 18269, 99300,20161106,  -20,    1
 18269, 99300,20161107,  -26,    1
 18269, 99300,20161108,  -10,    1
 18269, 99300,20161109,   -7,    1
 18269, 99300,20161110,  -11,    1
 18269, 99300,20161111,  -15,    1
 18269, 99300,20161112,   15,    1
 18269, 99300,20161113,   54,    1
 18269, 99300,20161114,   36,    1
 18269, 99300,20161115,   55,    1
 18269, 99300,20161116,   51,    1
 18269, 99300,20161117,   31,    1
 18269, 99300,20161118,   39,    1
 18269, 99300,20161119,   24,    1
 18269, 99300,20161120,   22,    1
 18269, 99300,20161121,    3,    1
 18269, 99300,20161122,   13,    1
 18269, 99300,20161123,   15,    1
 18269, 99300,20161124,    5,    1
 18269, 99300,20161125,    4,    1
 18269, 99300,20161126,  -16,    1
 18269, 99300,20161127,   -1,    1
 18269, 99300,20161128,   -2,    1
 18269, 99300,20161129,   31,    1
 18269, 99300,20161130,   42,    1
 18269, 99300,20161201,-9999,    9
 18269, 99300,20161202,  -28,    1
 18269, 99300,20161203,  -48,    1
 18269, 99300,20161204,  -16,    1
 18269, 99300,20161205,  -25,    1
 18269, 99300,20161206,   -1,    1
 18269, 99300,20161207,   28,    1
 18269, 99300,20161208,   15,    1
 18269, 99300,20161209,  -16,    1
 18269, 99300,20161210,  -14,    1
 18269, 99300,20161211,  -15,    1
 18269, 99300,20161212,    1,    1
 18269, 99300,20161213,   15,    1
 18269, 99300,20161214,   37,    1
 18269, 99300,20161215,   59,    1
 18269, 99300,20161216,   72,    1
 18269, 99300,20161217,   64,    1
 18269, 99300,20161218,   43,    1
 18269, 99300,20161219,   81,    1
 18269, 99300,20161220,   50,    1
 18269, 99300,20161221,   47,    1
 18269, 99300,20161222,   39,    1
 18269, 99300,20161223,   15,    1
 18269, 99300,20161224,   -7,    1
 18269, 99300,20161225,  -15,    1
 18269, 99300,20161226,  -10,    1
 18269, 99300,20161227,    5,    1
 18269, 99300,20161228,   23,    1
 18269, 99300,20161229,   23,    1
 18269, 99300,20161230,   33,    1
 18269, 99300,20161231,   17,    1
 18269, 99300,20170101,-9999,    9
 18269, 99300,20170102,-9999,    9
 18269, 99300,20170103,-9999,    9
 18269, 99300,20170104,-9999,    9
 18269, 99300,20170105,-9999,    9
 18269, 99300,20170106,-9999,    9
 18269, 99300,20170107,-9999,    9
 18269, 99300,20170108,-9999,    9
 18269, 99300,20170109,-9999,    9
 18269, 99300,20170110,-9999,    9
 18269, 99300,20170111,-9999,    9
 18269, 99300,20170112,-9999,    9
 18269, 99300,20170113,-9999,    9
 18269, 99300,20170114,-9999,    9
 18269, 99300,20170115,-9999,    9
 18269, 99300,20170116,-9999,    9
 18269, 99300,20170117,-9999,    9
 18269, 99300,20170118,-9999,    9
 18269, 99300,20170119,-9999,    9
 18269, 99300,20170120,-9999,    9
 18269, 99300,20170121,-9999,    9
 18269, 99300,20170122,-9999,    9
 18269, 99300,20170123,-9999,    9
 18269, 99300,20170124,-9999,    9
 18269, 99300,20170125,-9999,    9
 18269, 99300,20170126,-9999,    9
 18269, 99300,20170127,-9999,    9
 18269, 99300,20170128,-9999,    9
 18269, 99300,20170129,-9999,    9
 18269, 99300,20170130,-9999,    9
 18269, 99300,20170131,-9999,    9
 18269, 99300,20170201,-9999,    9
 18269, 99300,20170202,-9999,    9
 18269, 99300,20170203,-9999,    9
 18269, 99300,20170204,-9999,    9
 18269, 99300,20170205,-9999,    9
 18269, 99300,20170206,-9999,    9
 18269, 99300,20170207,-9999,    9
 18269, 99300,20170208,-9999,    9
 18269, 99300,20170209,-9999,    9
 18269, 99300,20170210,-9999,    9
 18269, 99300,20170211,-9999,    9
 18269, 99300,20170212,-9999,    9
 18269, 99300,20170213,-9999,    9
 18269, 99300,20170214,-9999,    9
 18269, 99300,20170215,-9999,    9
 18269, 99300,20170216,-9999,    9
 18269, 99300,20170217,-9999,    9
 18269, 99300,20170218,-9999,    9
 18269, 99300,20170219,-9999,    9
 18269, 99300,20170220,-9999,    9
 18269, 99300,20170221,-9999,    9
 18269, 99300,20170222,-9999,    9
 18269, 99300,20170223,-9999,    9
 18269, 99300,20170224,-9999,    9
 18269, 99300,20170225,-9999,    9
 18269, 99300,20170226,-9999,    9
 18269, 99300,20170227,-9999,    9
 18269, 99300,20170228,-9999,    9
 18269, 99300,20170301,-9999,    9
 18269, 99300,20170302,-9999,    9
 18269, 99300,20170303,-9999,    9
 18269, 99300,20170304,-9999,    9
 18269, 99300,20170305,-9999,    9
 18269, 99300,20170306,-9999,    9
 18269, 99300,20170307,-9999,    9
 18269, 99300,20170308,-9999,    9
 18269, 99300,20170309,-9999,    9
 18269, 99300,20170310,-9999,    9
 18269, 99300,20170311,-9999,    9
 18269, 99300,20170312,-9999,    9
 18269, 99300,20170313,    7,    1
 18269, 99300,20170314,-9999,    9
 18269, 99300,20170315,-9999,    9
 18269, 99300,20170316,-9999,    9
 18269, 99300,20170317,-9999,    9
 18269, 99300,20170318,-9999,    9
 18269, 99300,20170319,-9999,    9
 18269, 99300,20170320,-9999,    9
 18269, 99300,20170321,-9999,    9
 18269, 99300,20170322,-9999,    9
 18269, 99300,20170323,-9999,    9
 18269, 99300,20170324,-9999,    9
 18269, 99300,20170325,-9999,    9
 18269, 99300,20170326,-9999,    9
 18269, 99300,20170327,-9999,    9
 18269, 99300,20170328,-9999,    9
 18269, 99300,20170329,-9999,    9
 18269, 99300,20170330,-9999,    9
 18269, 99300,20170331,-9999,    9
 18269, 99300,20170401,-9999,    9
 18269, 99300,20170402,-9999,    9
 18269, 99300,20170403,   28,    1
 18269, 99300,20170404,   70,    1
 18269, 99300,20170405,   34,    1
 18269, 99300,20170406,    1,    1
 18269, 99300,20170407,    3,    1
 18269, 99300,20170408,   -2,    1
 18269, 99300,20170409,   -5,    1
 18269, 99300,20170410,    8,    1
 18269, 99300,20170411,   -5,    1
 18269, 99300,20170412,   -3,    1
 18269, 99300,20170413,  -21,    1
 18269, 99300,20170414,   -5,    1
 18269, 99300,20170415,    3,    1
 18269, 99300,20170416,   -4,    1
 18269, 99300,20170417,   -5,    1
 18269, 99300,20170418,    5,    1
 18269, 99300,20170419,   23,    1
 18269, 99300,20170420,   35,    1
 18269, 99300,20170421,   25,    1
 18269, 99300,20170422,   24,    1
 18269, 99300,20170423,    1,    1
 18269, 99300,20170424,   -1,    1
 18269, 99300,20170425,    3,    1
 18269, 99300,20170426,    9,    1
 18269, 99300,20170427,-9999,    9
 18269, 99300,20170428,   29,    1
 18269, 99300,20170429,   36,    1
 18269, 99300,20170430,   27,    1
 18269, 99300,20170501,   24,    1
 18269, 99300,20170502,   35,    1
 18269, 99300,20170503,   47,    1
 18269, 99300,20170504,   71,    1
 18269, 99300,20170505,   64,    1
 18269, 99300,20170506,    9,    1
 18269, 99300,20170507,  -11,    1
 18269, 99300,20170508,   -6,    1
 18269, 99300,20170509,   12,    1
 18269, 99300,20170510,   17,    1
 18269, 99300,20170511,   11,    1
 18269, 99300,20170512,   20,    1
 18269, 99300,20170513,   33,    1
 18269, 99300,20170514,   38,    1
 18269, 99300,20170515,   49,    1
 18269, 99300,20170516,   65,    1
 18269, 99300,20170517,   87,    1
 18269, 99300,20170518,   90,    1
 18269, 99300,20170519,   63,    1
 18269, 99300,20170520,-9999,    9
 18269, 99300,20170521,   80,    1
 18269, 99300,20170522,   80,    1
 18269, 99300,20170523,   40,    1
 18269, 99300,20170524,   54,    1
 18269, 99300,20170525,   53,    1
 18269, 99300,20170526,   33,    1
 18269, 99300,20170527,   52,    1
 18269, 99300,20170528,   49,    1
 18269, 99300,20170529,   23,    1
 18269, 99300,20170530,   28,    1
 18269, 99300,20170531,   43,    1
 18269, 99300,20170601,   50,    1
 18269, 99300,20170602,   48,    1
 18269, 99300,20170603,   52,    1
 18269, 99300,20170604,   54,    1
 18269, 99300,20170605,   52,    1
 18269, 99300,20170606,  105,    1
 18269, 99300,20170607,  150,    1
 18269, 99300,20170608,  165,    1
 18269, 99300,20170609,-9999,    9
 18269, 99300,20170610,  112,    1
 18269, 99300,20170611,  130,    1
 18269, 99300,20170612,  125,    1
 18269, 99300,20170613,   85,    1
 18269, 99300,20170614,  110,    1
 18269, 99300,20170615,  130,    1
 18269, 99300,20170616,   87,    1
 18269, 99300,20170617,   92,    1
 18269, 99300,20170618,  100,    1
 18269, 99300,20170619,  108,    1
 18269, 99300,20170620,  110,    1
 18269, 99300,20170621,   73,    1
 18269, 99300,20170622,   74,    1
 18269, 99300,20170623,   85,    1
 18269, 99300,20170624,  100,    1
 18269, 99300,20170625,  106,    1
 18269, 99300,20170626,  121,    1
 18269, 99300,20170627,  106,    1
 18269, 99300,20170628,  107,    1
 18269, 99300,20170629,  115,    1
 18269, 99300,20170630,  113,    1
 18269, 99300,20170701,  128,    1
 18269, 99300,20170702,  156,    1
 18269, 99300,20170703,  101,    1
 18269, 99300,20170704,   89,    1
 18269, 99300,20170705,   85,    1
 18269, 99300,20170706,   92,    1
 18269, 99300,20170707,  110,    1
 18269, 99300,20170708,  112,    1
 18269, 99300,20170709,  169,    1
 18269, 99300,20170710,  163,    1
 18269, 99300,20170711,  144,    1
 18269, 99300,20170712,  128,    1
 18269, 99300,20170713,  102,    1
 18269, 99300,20170714,  112,    1
 18269, 99300,20170715,  146,    1
 18269, 99300,20170716,  161,    1
 18269, 99300,20170717,  107,    1
 18269, 99300,20170718,  106,    1
 18269, 99300,20170719,  113,    1
 18269, 99300,20170720,  101,    1
 18269, 99300,20170721,   98,    1
 18269, 99300,20170722,  116,    1
 18269, 99300,20170723,  153,    1
 18269, 99300,20170724,  145,    1
 18269, 99300,20170725,  123,    1
 18269, 99300,20170726,  106,    1
 18269, 99300,20170727,  109,    1
 18269, 99300,20170728,  113,    1
 18269, 99300,20170729,  119,    1
 18269, 99300,20170730,  113,    1
 18269, 99300,20170731,  114,    1
 18269, 99300,20170801,  157,    1
 18269, 99300,20170802,  135,    1
 18269, 99300,20170803,  125,    1
 18269, 99300,20170804,  124,    1
 18269, 99300,20170805,  156,    1
 18269, 99300,20170806,  154,    1
 18269, 99300,20170807,  134,    1
 18269, 99300,20170808,  127,    1
 18269, 99300,20170809,  110,    1
 18269, 99300,20170810,  135,    1
 18269, 99300,20170811,  138,    1
 18269, 99300,20170812,  156,    1
 18269, 99300,20170813,  126,    1
 18269, 99300,20170814,  114,    1
 18269, 99300,20170815,   98,    1
 18269, 99300,20170816,  117,    1
 18269, 99300,20170817,  124,    1
 18269, 99300,20170818,  123,    1
 18269, 99300,20170819,  116,    1
 18269, 99300,20170820,  113,    1
 18269, 99300,20170821,   87,    1
 18269, 99300,20170822,   89,    1
 18269, 99300,20170823,   96,    1
 18269, 99300,20170824,   98,    1
 18269, 99300,20170825,   80,    1
 18269, 99300,20170826,   83,    1
 18269, 99300,20170827,   86,    1
 18269, 99300,20170828,   93,    1
 18269, 99300,20170829,  131,    1
 18269, 99300,20170830,  125,    1
 18269, 99300,20170831,  105,    1
 18269, 99300,20170901,   87,    1
 18269, 99300,20170902,   94,    1
 18269, 99300,20170903,  122,    1
 18269, 99300,20170904,  118,    1
 18269, 99300,20170905,  137,    1
 18269, 99300,20170906,  122,    1
 18269, 99300,20170907,  124,    1
 18269, 99300,20170908,  122,    1
 18269, 99300,20170909,  100,    1
 18269, 99300,20170910,  109,    1
 18269, 99300,20170911,  131,    1
 18269, 99300,20170912,  135,    1
 18269, 99300,20170913,  119,    1
 18269, 99300,20170914,  102,    1
 18269, 99300,20170915,   74,    1
 18269, 99300,20170916,   85,    1
 18269, 99300,20170917,   95,    1
 18269, 99300,20170918,   92,    1
 18269, 99300,20170919,   72,    1
 18269, 99300,20170920,   65,    1
 18269, 99300,20170921,   84,    1
 18269, 99300,20170922,   99,    1
 18269, 99300,20170923,  111,    1
 18269, 99300,20170924,  108,    1
 18269, 99300,20170925,  102,    1
 18269, 99300,20170926,   94,    1
 18269, 99300,20170927,   78,    1
 18269, 99300,20170928,   74,    1
 18269, 99300,20170929,   81,    1
 18269, 99300,20170930,  115,    1
 18269, 99300,20171001,  131,    1
 18269, 99300,20171002,  100,    1
 18269, 99300,20171003,   93,    1
 18269, 99300,20171004,-9999,    9
 18269, 99300,20171005,   72,    1
 18269, 99300,20171006,   67,    1
 18269, 99300,20171007,   71,    1
 18269, 99300,20171008,   63,    1
 18269, 99300,20171009,   60,    1
 18269, 99300,20171010,   49,    1
 18269, 99300,20171011,   58,    1
 18269, 99300,20171012,   66,    1
 18269, 99300,20171013,   49,    1
 18269, 99300,20171014,-9999,    9
 18269, 99300,20171015,   64,    1
 18269, 99300,20171016,   50,    1
 18269, 99300,20171017,-9999,    9
 18269, 99300,20171018,-9999,    9
 18269, 99300,20171019,-9999,    9
 18269, 99300,20171020,-9999,    9
 18269, 99300,20171021,-9999,    9
 18269, 99300,20171022,-9999,    9
 18269, 99300,20171023,-9999,    9
 18269, 99300,20171024,-9999,    9
 18269, 99300,20171025,   49,    1
 18269, 99300,20171026,   36,    1
 18269, 99300,20171027,   62,    1
 18269, 99300,20171028,   31,    1
 18269, 99300,20171029,   11,    1
 18269, 99300,20171030,    2,    1
 18269, 99300,20171031,   -5,    1
 18269, 99300,20171101,-9999,    9
 18269, 99300,20171102,-9999,    9
 18269, 99300,20171103,   53,    1
 18269, 99300,20171104,   60,    1
 18269, 99300,20171105,   41,    1
 18269, 99300,20171106,   20,    1
 18269, 99300,20171107,   34,    1
 18269, 99300,20171108,   44,    1
 18269, 99300,20171109,   32,    1
 18269, 99300,20171110,   33,    1
 18269, 99300,20171111,    4,    1
 18269, 99300,20171112,   -4,    1
 18269, 99300,20171113,    1,    1
 18269, 99300,20171114,   28,    1
 18269, 99300,20171115,   27,    1
 18269, 99300,20171116,   -6,    1
 18269, 99300,20171117,  -21,    1
 18269, 99300,20171118,  -17,    1
 18269, 99300,20171119,  -16,    1
 18269, 99300,20171120,  -21,    1
 18269, 99300,20171121,  -15,    1
 18269, 99300,20171122,  -31,    1
 18269, 99300,20171123,  -35,    1
 18269, 99300,20171124,  -16,    1
 18269, 99300,20171125,   11,    1
 18269, 99300,20171126,    9,    1
 18269, 99300,20171127,   16,    1
 18269, 99300,20171128,-9999,    9
 18269, 99300,20171129,   -6,    1
 18269, 99300,20171130,  -40,    1
 18269, 99300,20171201,   -8,    1
 18269, 99300,20171202,   20,    1
 18269, 99300,20171203,    1,    1
 18269, 99300,20171204,   -4,    1
 18269, 99300,20171205,    0,    0
 18269, 99300,20171206,    0,    0
 18269, 99300,20171207,  -25,    1
 18269, 99300,20171208,  -34,    1
 18269, 99300,20171209,   -9,    1
 18269, 99300,20171210,   20,    1
 18269, 99300,20171211,    4,    1
 18269, 99300,20171212,  -15,    1
 18269, 99300,20171213,  -13,    1
 18269, 99300,20171214,   18,    1
 18269, 99300,20171215,  -17,    1
 18269, 99300,20171216,  -32,    1
 18269, 99300,20171217,   -3,    1
 18269, 99300,20171218,   -9,    1
 18269, 99300,20171219,   31,    1
 18269, 99300,20171220,   53,    1
 18269, 99300,20171221,   35,    1
 18269, 99300,20171222,    4,    1
 18269, 99300,20171223,  -13,    1
 18269, 99300,20171224,  -18,    1
 18269, 99300,20171225,  -54,    1
 18269, 99300,20171226,  -33,    1
 18269, 99300,20171227,  -52,    1
 18269, 99300,20171228,  -52,    1
 18269, 99300,20171229,  -44,    1
 18269, 99300,20171230,  -26,    1
 18269, 99300,20171231,   -2,    1
 18269, 99300,20180101,  -29,    1
 18269, 99300,20180102,  -23,    1
 18269, 99300,20180103,  -29,    1
 18269, 99300,20180104,   -8,    1
 18269, 99300,20180105,  -51,    1
 18269, 99300,20180106,  -29,    1
 18269, 99300,20180107,  -32,    1
 18269, 99300,20180108,   -6,    1
 18269, 99300,20180109,    7,    1
 18269, 99300,20180110,   35,    1
 18269, 99300,20180111,   -5,    1
 18269, 99300,20180112,   53,    1
 18269, 99300,20180113,   25,    1
 18269, 99300,20180114,  -26,    1
 18269, 99300,20180115,  -10,    1
 18269, 99300,20180116,  -16,    1
 18269, 99300,20180117,  -44,    1
 18269, 99300,20180118,  -77,    1
 18269, 99300,20180119,  -73,    1
 18269, 99300,20180120,  -80,    1
 18269, 99300,20180121,  -78,    1
 18269, 99300,20180122,  -93,    1
 18269, 99300,20180123,  -78,    1
 18269, 99300,20180124,  -99,    1
 18269, 99300,20180125,  -67,    1
 18269, 99300,20180126,  -24,    1
 18269, 99300,20180127,  -49,    1
 18269, 99300,20180128,  -51,    1
 18269, 99300,20180129,  -50,    1
 18269, 99300,20180130,  -49,    1
 18269, 99300,20180131,  -59,    1
 18269, 99300,20180201,  -63,    1
 18269, 99300,20180202,  -72,    1
 18269, 99300,20180203,  -65,    1
 18269, 99300,20180204,  -64,    1
 18269, 99300,20180205,   13,    1
 18269, 99300,20180206,   -4,    1
 18269, 99300,20180207,  -65,    1
 18269, 99300,20180208,  -27,    1
 18269, 99300,20180209,  -23,    1
 18269, 99300,20180210,   14,    1
 18269, 99300,20180211,   -2,    1
 18269, 99300,20180212,  -41,    1
 18269, 99300,20180213,  -33,    1
 18269, 99300,20180214,   -8,    1
 18269, 99300,20180215,  -32,    1
 18269, 99300,20180216,  -39,    1
 18269, 99300,20180217,  -62,    1
 18269, 99300,20180218,  -82,    1
 18269, 99300,20180219,  -72,    1
 18269, 99300,20180220,  -76,    1
 18269, 99300,20180221,  -63,    1
 18269, 99300,20180222,  -52,    1
 18269, 99300,20180223,  -71,    1
 18269, 99300,20180224,  -90,    1
 18269, 99300,20180225,  -83,    1
 18269, 99300,20180226,  -55,    1
 18269, 99300,20180227,  -40,    1
 18269, 99300,20180228,   11,    1
 18269, 99300,20180301,   18,    1
 18269, 99300,20180302,   -1,    1
 18269, 99300,20180303,-9999,    9
 18269, 99300,20180304,  -70,    1
 18269, 99300,20180305,  -73,    1
 18269, 99300,20180306,  -80,    1
 18269, 99300,20180307,  -81,    1
 18269, 99300,20180308,  -96,    1
 18269, 99300,20180309,  -85,    1
 18269, 99300,20180310,-9999,    9
 18269, 99300,20180311,  -46,    1
 18269, 99300,20180312,  -35,    1
 18269, 99300,20180313,  -43,    1
 18269, 99300,20180314,  -54,    1
 18269, 99300,20180315,  -59,    1
 18269, 99300,20180316,  -42,    1
 18269, 99300,20180317,-9999,    9
 18269, 99300,20180318,  -20,    1
 18269, 99300,20180319,  -18,    1
 18269, 99300,20180320,  -42,    1
 18269, 99300,20180321,  -13,    1
 18269, 99300,20180322,  -22,    1
 18269, 99300,20180323,  -30,    1
 18269, 99300,20180324,  -49,    1
 18269, 99300,20180325,  -54,    1
 18269, 99300,20180326,  -46,    1
 18269, 99300,20180327,  -15,    1
 18269, 99300,20180328,    0,    0
 18269, 99300,20180329,  -12,    1
 18269, 99300,20180330,  -10,    1
 18269, 99300,20180331,  -10,    1
 18269, 99300,20180401,  -26,    1
 18269, 99300,20180402,  -17,    1
 18269, 99300,20180403,  -14,    1
 18269, 99300,20180404,    7,    1
 18269, 99300,20180405,   16,    1
 18269, 99300,20180406,   12,    1
 18269, 99300,20180407,-9999,    9
 18269, 99300,20180408,   11,    1
 18269, 99300,20180409,    5,    1
 18269, 99300,20180410,   22,    1
 18269, 99300,20180411,   36,    1
 18269, 99300,20180412,   40,    1
 18269, 99300,20180413,   43,    1
 18269, 99300,20180414,   43,    1
 18269, 99300,20180415,   33,    1
 18269, 99300,20180416,   26,    1
 18269, 99300,20180417,   31,    1
 18269, 99300,20180418,   34,    1
 18269, 99300,20180419,   26,    1
 18269, 99300,20180420,   38,    1
 18269, 99300,20180421,   46,    1
 18269, 99300,20180422,   32,    1
 18269, 99300,20180423,   54,    1
 18269, 99300,20180424,   48,    1
 18269, 99300,20180425,   44,    1
 18269, 99300,20180426,   43,    1
 18269, 99300,20180427,   31,    1
 18269, 99300,20180428,   17,    1
 18269, 99300,20180429,   29,    1
 18269, 99300,20180430,   33,    1
 18269, 99300,20180501,   48,    1
 18269, 99300,20180502,   68,    1
 18269, 99300,20180503,   67,    1
 18269, 99300,20180504,   71,    1
 18269, 99300,20180505,-9999,    9
 18269, 99300,20180506,   83,    1
 18269, 99300,20180507,   55,    1
 18269, 99300,20180508,   79,    1
 18269, 99300,20180509,  116,    1
 18269, 99300,20180510,  146,    1
 18269, 99300,20180511,  119,    1
 18269, 99300,20180512,  105,    1
 18269, 99300,20180513,  108,    1
 18269, 99300,20180514,  120,    1
 18269, 99300,20180515,  117,    1
 18269, 99300,20180516,-9999,    9
 18269, 99300,20180517,   94,    1
 18269, 99300,20180518,   83,    1
 18269, 99300,20180519,-9999,    9
 18269, 99300,20180520,   95,    1
 18269, 99300,20180521,   89,    1
 18269, 99300,20180522,   74,    1
 18269, 99300,20180523,   57,    1
 18269, 99300,20180524,   86,    1
 18269, 99300,20180525,  119,    1
 18269, 99300,20180526,-9999,    9
 18269, 99300,20180527,   84,    1
 18269, 99300,20180528,  139,    1
 18269, 99300,20180529,  102,    1
 18269, 99300,20180530,-9999,    9
 18269, 99300,20180531,   96,    1
 18269, 99300,20180601,  117,    1
 18269, 99300,20180602,   93,    1
 18269, 99300,20180603,   73,    1
 18269, 99300,20180604,   41,    1
 18269, 99300,20180605,   38,    1
 18269, 99300,20180606,-9999,    9
 18269, 99300,20180607,   45,    1
 18269, 99300,20180608,   59,    1
 18269, 99300,20180609,   70,    1
 18269, 99300,20180610,   89,    1
 18269, 99300,20180611,   74,    1
 18269, 99300,20180612,   54,    1
 18269, 99300,20180613,   62,    1
 18269, 99300,20180614,  105,    1
 18269, 99300,20180615,  131,    1
 18269, 99300,20180616,  131,    1
 18269, 99300,20180617,  104,    1
 18269, 99300,20180618,  117,    1
 18269, 99300,20180619,  117,    1
 18269, 99300,20180620,   85,    1
 18269, 99300,20180621,-9999,    9
 18269, 99300,20180622,-9999,    9
 18269, 99300,20180623,   75,    1
 18269, 99300,20180624,   91,    1
 18269, 99300,20180625,  121,    1
 18269, 99300,20180626,  119,    1
 18269, 99300,20180627,   93,    1
 18269, 99300,20180628,   82,    1
 18269, 99300,20180629,   80,    1
 18269, 99300,20180630,   97,    1
 18269, 99300,20180701,  128,    1
 18269, 99300,20180702,  150,    1
 18269, 99300,20180703,  121,    1
 18269, 99300,20180704,   92,    1
 18269, 99300,20180705,  107,    1
 18269, 99300,20180706,  142,    1
 18269, 99300,20180707,  106,    1
 18269, 99300,20180708,  121,    1
 18269, 99300,20180709,  133,    1
 18269, 99300,20180710,  135,    1
 18269, 99300,20180711,-9999,    9
 18269, 99300,20180712,-9999,    9
 18269, 99300,20180713,-9999,    9
 18269, 99300,20180714,-9999,    9
 18269, 99300,20180715,-9999,    9
 18269, 99300,20180716,-9999,    9
 18269, 99300,20180717,-9999,    9
 18269, 99300,20180718,-9999,    9
 18269, 99300,20180719,-9999,    9
 18269, 99300,20180720,-9999,    9
 18269, 99300,20180721,-9999,    9
 18269, 99300,20180722,-9999,    9
 18269, 99300,20180723,-9999,    9
 18269, 99300,20180724,-9999,    9
 18269, 99300,20180725,-9999,    9
 18269, 99300,20180726,-9999,    9
 18269, 99300,20180727,-9999,    9
 18269, 99300,20180728,-9999,    9
 18269, 99300,20180729,-9999,    9
 18269, 99300,20180730,-9999,    9
 18269, 99300,20180731,-9999,    9
 18269, 99300,20180801,-9999,    9
 18269, 99300,20180802,-9999,    9
 18269, 99300,20180803,-9999,    9
 18269, 99300,20180804,-9999,    9
 18269, 99300,20180805,-9999,    9
 18269, 99300,20180806,-9999,    9
 18269, 99300,20180807,-9999,    9
 18269, 99300,20180808,-9999,    9
 18269, 99300,20180809,-9999,    9
 18269, 99300,20180810,-9999,    9
 18269, 99300,20180811,-9999,    9
 18269, 99300,20180812,-9999,    9
 18269, 99300,20180813,-9999,    9
 18269, 99300,20180814,-9999,    9
 18269, 99300,20180815,-9999,    9
 18269, 99300,20180816,-9999,    9
 18269, 99300,20180817,-9999,    9
 18269, 99300,20180818,-9999,    9
 18269, 99300,20180819,-9999,    9
 18269, 99300,20180820,-9999,    9
 18269, 99300,20180821,-9999,    9
 18269, 99300,20180822,-9999,    9
 18269, 99300,20180823,-9999,    9
 18269, 99300,20180824,-9999,    9
 18269, 99300,20180825,-9999,    9
 18269, 99300,20180826,-9999,    9
 18269, 99300,20180827,-9999,    9
 18269, 99300,20180828,-9999,    9
 18269, 99300,20180829,-9999,    9
 18269, 99300,20180830,-9999,    9
 18269, 99300,20180831,-9999,    9
 18269, 99300,20180901,-9999,    9
 18269, 99300,20180902,-9999,    9
 18269, 99300,20180903,-9999,    9
 18269, 99300,20180904,-9999,    9
 18269, 99300,20180905,-9999,    9
 18269, 99300,20180906,-9999,    9
 18269, 99300,20180907,-9999,    9
 18269, 99300,20180908,-9999,    9
 18269, 99300,20180909,-9999,    9
 18269, 99300,20180910,-9999,    9
 18269, 99300,20180911,-9999,    9
 18269, 99300,20180912,-9999,    9
 18269, 99300,20180913,  -65,    0
 18269, 99300,20180914,   53,    0
 18269, 99300,20180915,  100,    0
 18269, 99300,20180916,   94,    0
 18269, 99300,20180917,   79,    0
 18269, 99300,20180918,   79,    0
 18269, 99300,20180919,   89,    0
 18269, 99300,20180920,  102,    0
 18269, 99300,20180921,  120,    0
 18269, 99300,20180922,  104,    0
 18269, 99300,20180923,   95,    0
 18269, 99300,20180924,   51,    0
 18269, 99300,20180925,   57,    0
 18269, 99300,20180926,-9999,    9
 18269, 99300,20180927,-9999,    9
 18269, 99300,20180928,-9999,    9
 18269, 99569,20180929,   38,    0
 18269, 99569,20180930,   35,    0
 18269, 99569,20181001,   51,    0
 18269, 99569,20181002,   40,    0
 18269, 99569,20181003,   39,    0
 18269, 99569,20181004,   32,    0
 18269, 99569,20181005,  -11,    0
 18269, 99569,20181006,    8,    0
 18269, 99569,20181007,   34,    0
 18269, 99569,20181008,   49,    0
 18269, 99569,20181009,   68,    0
 18269, 99569,20181010,   57,    0
 18269, 99569,20181011,   43,    0
 18269, 99569,20181012,   82,    0
 18269, 99569,20181013,   97,    0
 18269, 99569,20181014,  128,    0
 18269, 99569,20181015,   81,    0
 18269, 99569,20181016,   80,    0
 18269, 99569,20181017,   81,    0
 18269, 99569,20181018,   71,    0
 18269, 99569,20181019,   53,    0
 18269, 99569,20181020,   42,    0
 18269, 99569,20181021,   74,    0
 18269, 99569,20181022,   61,    0
 18269, 99569,20181023,   28,    0
 18269, 99569,20181024,  -31,    0
 18269, 99569,20181025,   -7,    0
 18269, 99569,20181026,   -1,    0
 18269, 99569,20181027,   -8,    0
 18269, 99569,20181028,  -39,    0
 18269, 99569,20181029,    4,    0
 18269, 99569,20181030,  -31,    0
 18269, 99569,20181031,   -6,    0
 18269, 99569,20181101,   17,    0
 18269, 99569,20181102,   64,    0
 18269, 99569,20181103,   37,    0
 18269, 99569,20181104,   46,    0
 18269, 99569,20181105,  102,    0
 18269, 99569,20181106,   84,    0
 18269, 99569,20181107,   27,    0
 18269, 99569,20181108,   10,    0
 18269, 99569,20181109,   15,    0
 18269, 99569,20181110,   59,    0
 18269, 99569,20181111,   61,    0
 18269, 99569,20181112,   59,    0
 18269, 99569,20181113,   27,    0
 18269, 99569,20181114,   44,    0
 18269, 99569,20181115,   85,    0
 18269, 99569,20181116,  107,    0
 18269, 99569,20181117,   64,    0
 18269, 99569,20181118,    3,    0
 18269, 99569,20181119,   49,    0
 18269, 99569,20181120,   38,    0
 18269, 99569,20181121,   41,    0
 18269, 99569,20181122,   44,    0
 18269, 99300,20181123,   31,    1
 18269, 99569,20181124,   18,    0
 18269, 99569,20181125,   -6,    0
 18269, 99569,20181126,  -15,    0
 18269, 99569,20181127,  -31,    0
 18269, 99569,20181128,   16,    0
 18269, 99569,20181129,  -18,    0
 18269, 99569,20181130,   11,    0
 18269, 99569,20181201,   24,    0
 18269, 99569,20181202,   45,    0
 18269, 99569,20181203,   41,    0
 18269, 99569,20181204,   17,    0
 18269, 99569,20181205,   -6,    0
 18269, 99569,20181206,   12,    0
 18269, 99569,20181207,  -41,    0
 18269, 99569,20181208, -103,    0
 18269, 99569,20181209,  -53,    0
 18269, 99569,20181210,  -57,    0
 18269, 99569,20181211,  -52,    0
 18269, 99569,20181212,   26,    0
 18269, 99569,20181213,   57,    0
 18269, 99569,20181214,   55,    0
 18269, 99569,20181215,    2,    0
 18269, 99569,20181216,  -87,    0
 18269, 99569,20181217,  -97,    0
 18269, 99569,20181218,  -43,    0
 18269, 99569,20181219,  -40,    0
 18269, 99569,20181220,  -44,    0
 18269, 99569,20181221,  -39,    0
 18269, 99569,20181222,  -52,    0
 18269, 99569,20181223,  -13,    0
 18269, 99569,20181224,  -16,    0
 18269, 99569,20181225,  -13,    0
 18269, 99569,20181226,   -5,    0
 18269, 99569,20181227,  -39,    0
 18269, 99569,20181228,   10,    0
 18269, 99569,20181229,   21,    0
 18269, 99569,20181230,  -28,    0
 18269, 99569,20181231,  -22,    0
 18269, 99569,20190101,  -38,    0
 18269, 99569,20190102,  -49,    0
 18269, 99569,20190103,   -1,    0
 18269, 99569,20190104,    6,    0
 18269, 99569,20190105,   12,    0
 18269, 99569,20190106,   61,    0
 18269, 99569,20190107,   14,    0
 18269, 99569,20190108,   -6,    0
 18269, 99569,20190109,  -29,    0
 18269, 99569,20190110,   23,    0
 18269, 99569,20190111,    2,    0
 18269, 99569,20190112,   -6,    0
 18269, 99569,20190113,  -73,    0
 18269, 99569,20190114,  -76,    0
 18269, 99569,20190115,  -61,    0
 18269, 99569,20190116,  -65,    0
 18269, 99569,20190117,  -89,    0
 18269, 99569,20190118,  -99,    0
 18269, 99569,20190119, -117,    0
 18269, 99569,20190120, -108,    0
 18269, 99569,20190121,  -60,    0
 18269, 99569,20190122,  -59,    0
 18269, 99569,20190123, -147,    0
 18269, 99569,20190124, -117,    0
 18269, 99569,20190125,  -68,    0
 18269, 99569,20190126,  -89,    0
 18269, 99569,20190127, -123,    0
 18269, 99569,20190128, -162,    0
 18269, 99569,20190129, -108,    0
 18269, 99569,20190130,  -95,    0
 18269, 99569,20190131, -129,    0
 18269, 99569,20190201, -116,    0
 18269, 99569,20190202,  -55,    0
 18269, 99569,20190203,  -87,    0
 18269, 99569,20190204,  -80,    0
 18269, 99569,20190205, -139,    0
 18269, 99569,20190206,  -58,    0
 18269, 99569,20190207,  -68,    0
 18269, 99569,20190208,  -97,    0
 18269, 99569,20190209,  -85,    0
 18269, 99569,20190210,  -47,    0
 18269, 99569,20190211,  -39,    0
 18269, 99569,20190212,   -4,    0
 18269, 99569,20190213,  -17,    0
 18269, 99569,20190214,    7,    0
 18269, 99569,20190215,   15,    0
 18269, 99569,20190216,   17,    0
 18269, 99569,20190217,  -30,    0
 18269, 99569,20190218,  -50,    0
 18269, 99569,20190219,  -75,    0
 18269, 99569,20190220,  -99,    0
 18269, 99569,20190221, -123,    0
 18269, 99569,20190222,    2,    0
 18269, 99569,20190223,   67,    0
 18269, 99569,20190224,   73,    0
 18269, 99569,20190225,   26,    0
 18269, 99569,20190226,   14,    0
 18269, 99569,20190227,   24,    0
 18269, 99569,20190228,  -42,    0
 18269, 99569,20190301,  -39,    0
 18269, 99569,20190302, -116,    0
 18269, 99569,20190303, -105,    0
 18269, 99569,20190304,  -74,    0
 18269, 99569,20190305,  -75,    0
 18269, 99569,20190306,  -46,    0
 18269, 99569,20190307,  -84,    0
 18269, 99569,20190308, -122,    0
 18269, 99569,20190309,  -48,    0
 18269, 99569,20190310,  -85,    0
 18269, 99569,20190311, -101,    0
 18269, 99569,20190312,  -34,    0
 18269, 99569,20190313,  -49,    0
 18269, 99569,20190314,  -25,    0
 18269, 99569,20190315,  -29,    0
 18269, 99569,20190316,  -27,    0
 18269, 99569,20190317,  -37,    0
 18269, 99569,20190318,  -43,    0
 18269, 99569,20190319,  -42,    0
 18269, 99569,20190320,   23,    0
 18269, 99569,20190321,   31,    0
 18269, 99569,20190322,   15,    0
 18269, 99569,20190323,   48,    0
 18269, 99569,20190324,    8,    0
 18269, 99569,20190325,  -17,    0
 18269, 99569,20190326,  -15,    0
 18269, 99569,20190327,   14,    0
 18269, 99569,20190328,   44,    0
 18269, 99569,20190329,    6,    0
 18269, 99569,20190330,    1,    0
 18269, 99569,20190331,   -6,    0
 18269, 99569,20190401,    6,    0
 18269, 99569,20190402,   22,    0
 18269, 99569,20190403,   42,    0
 18269, 99569,20190404,   -5,    0
 18269, 99569,20190405,  -24,    0
 18269, 99569,20190406,   -2,    0
 18269, 99569,20190407,   -5,    0
 18269, 99569,20190408,  -11,    0
 18269, 99569,20190409,  -28,    0
 18269, 99569,20190410,  -29,    0
 18269, 99569,20190411,    7,    0
 18269, 99569,20190412,   36,    0
 18269, 99569,20190413,   46,    0
 18269, 99569,20190414,   66,    0
 18269, 99569,20190415,   51,    0
 18269, 99569,20190416,   18,    0
 18269, 99569,20190417,   10,    0
 18269, 99569,20190418,   39,    0
 18269, 99569,20190419,   61,    0
 18269, 99569,20190420,  103,    0
 18269, 99569,20190421,   77,    0
 18269, 99569,20190422,   67,    0
 18269, 99569,20190423,   99,    0
 18269, 99569,20190424,   59,    0
 18269, 99569,20190425,   66,    0
 18269, 99569,20190426,   57,    0
 18269, 99569,20190427,   51,    0
 18269, 99569,20190428,   52,    0
 18269, 99569,20190429,   42,    0
 18269, 99569,20190430,   44,    0
 18269, 99569,20190501,    8,    0
 18269, 99569,20190502,   -3,    0
 18269, 99569,20190503,   -6,    0
 18269, 99569,20190504,   -8,    0
 18269, 99569,20190505,    0,    0
 18269, 99569,20190506,   13,    0
 18269, 99569,20190507,   57,    0
 18269, 99569,20190508,   33,    0
 18269, 99569,20190509,   47,    0
 18269, 99569,20190510,  106,    0
 18269, 99569,20190511,   88,    0
 18269, 99569,20190512,   58,    0
 18269, 99569,20190513,   53,    0
 18269, 99569,20190514,   56,    0
 18269, 99569,20190515,   57,    0
 18269, 99569,20190516,   70,    0
 18269, 99569,20190517,   92,    0
 18269, 99569,20190518,   69,    0
 18269, 99569,20190519,   82,    0
 18269, 99569,20190520,  100,    0
 18269, 99569,20190521,   73,    0
 18269, 99569,20190522,   61,    0
 18269, 99569,20190523,   53,    0
 18269, 99569,20190524,   65,    0
 18269, 99569,20190525,   45,    0
 18269, 99569,20190526,   32,    0
 18269, 99569,20190527,   57,    0
 18269, 99569,20190528,  106,    0
 18269, 99569,20190529,  100,    0
 18269, 99569,20190530,   81,    0
 18269, 99569,20190531,   84,    0
 18269, 99569,20190601,   78,    0
 18269, 99569,20190602,   55,    0
 18269, 99569,20190603,   71,    0
 18269, 99569,20190604,  102,    0
 18269, 99569,20190605,   94,    0
 18269, 99569,20190606,   96,    0
 18269, 99569,20190607,  101,    0
 18269, 99569,20190608,  100,    0
 18269, 99569,20190609,   87,    0
 18269, 99569,20190610,   51,    0
 18269, 99569,20190611,   60,    0
 18269, 99569,20190612,   77,    0
 18269, 99569,20190613,   93,    0
 18269, 99569,20190614,   79,    0
 18269, 99569,20190615,   83,    0
 18269, 99569,20190616,   90,    0
 18269, 99569,20190617,   91,    0
 18269, 99569,20190618,   90,    0
 18269, 99569,20190619,   79,    0
 18269, 99569,20190620,  100,    0
 18269, 99569,20190621,  133,    0
 18269, 99569,20190622,  102,    0
 18269, 99569,20190623,   95,    0
 18269, 99569,20190624,  112,    0
 18269, 99569,20190625,  114,    0
 18269, 99569,20190626,  118,    0
 18269, 99569,20190627,   78,    0
 18269, 99569,20190628,   92,    0
 18269, 99569,20190629,   62,    0
 18269, 99569,20190630,   77,    0
 18269, 99569,20190701,  103,    0
 18269, 99569,20190702,   89,    0
 18269, 99569,20190703,   86,    0
 18269, 99569,20190704,   92,    0
 18269, 99569,20190705,  121,    0
 18269, 99569,20190706,   94,    0
 18269, 99569,20190707,  151,    0
 18269, 99569,20190708,  151,    0
 18269, 99569,20190709,  121,    0
 18269, 99569,20190710,  100,    0
 18269, 99569,20190711,  109,    0
 18269, 99569,20190712,   93,    0
 18269, 99569,20190713,  108,    0
 18269, 99569,20190714,   96,    0
 18269, 99569,20190715,   99,    0
 18269, 99569,20190716,  103,    0
 18269, 99569,20190717,  100,    0
 18269, 99569,20190718,  109,    0
 18269, 99569,20190719,  160,    0
 18269, 99569,20190720,  158,    0
 18269, 99569,20190721,  172,    0
 18269, 99569,20190722,  187,    0
 18269, 99569,20190723,  158,    0
 18269, 99569,20190724,  157,    0
 18269, 99569,20190725,  151,    0
 18269, 99569,20190726,  170,    0
 18269, 99569,20190727,  129,    0
 18269, 99569,20190728,  139,    0
 18269, 99569,20190729,  107,    0
 18269, 99569,20190730,   93,    0
 18269, 99569,20190731,  104,    0
 18269, 99569,20190801,  126,    0
 18269, 99569,20190802,  105,    0
 18269, 99569,20190803,  106,    0
 18269, 99569,20190804,  100,    0
 18269, 99569,20190805,   83,    0
 18269, 99569,20190806,  101,    0
 18269, 99569,20190807,  114,    0
 18269, 99569,20190808,  121,    0
 18269, 99569,20190809,  126,    0
 18269, 99569,20190810,  128,    0
 18269, 99569,20190811,  170,    0
 18269, 99569,20190812,  144,    0
 18269, 99569,20190813,  131,    0
 18269, 99569,20190814,  123,    0
 18269, 99569,20190815,  103,    0
 18269, 99569,20190816,  124,    0
 18269, 99569,20190817,  140,    0
 18269, 99569,20190818,  173,    0
 18269, 99569,20190819,  148,    0
 18269, 99569,20190820,  138,    0
 18269, 99569,20190821,  118,    0
 18269, 99569,20190822,  122,    0
 18269, 99569,20190823,  106,    0
 18269, 99569,20190824,   85,    0
 18269, 99569,20190825,  102,    0
 18269, 99569,20190826,  120,    0
 18269, 99569,20190827,  134,    0
 18269, 99569,20190828,  128,    0
 18269, 99569,20190829,  209,    0
 18269, 99569,20190830,  156,    0
 18269, 99569,20190831,  148,    0
 18269, 99569,20190901,  171,    0
 18269, 99569,20190902,  128,    0
 18269, 99569,20190903,  122,    0
 18269, 99569,20190904,  124,    0
 18269, 99569,20190905,   96,    0
 18269, 99569,20190906,   86,    0
 18269, 99569,20190907,   75,    0
 18269, 99569,20190908,   67,    0
 18269, 99569,20190909,  111,    0
 18269, 99569,20190910,  123,    0
 18269, 99569,20190911,  169,    0
 18269, 99569,20190912,  129,    0
 18269, 99569,20190913,   86,    0
 18269, 99569,20190914,   66,    0
 18269, 99569,20190915,   79,    0
 18269, 99569,20190916,   47,    0
 18269, 99569,20190917,   63,    0
 18269, 99569,20190918,   47,    0
 18269, 99569,20190919,   38,    0
 18269, 99569,20190920,   46,    0
 18269, 99569,20190921,   39,    0
 18269, 99569,20190922,   42,    0
 18269, 99569,20190923,   37,    0
 18269, 99569,20190924,   15,    0
 18269, 99569,20190925,   82,    0
 18269, 99569,20190926,   99,    0
 18269, 99569,20190927,   55,    0
 18269, 99569,20190928,   41,    0
 18269, 99569,20190929,   46,    0
 18269, 99569,20190930,   53,    0
 18269, 99569,20191001,   64,    0
 18269, 99569,20191002,   36,    0
 18269, 99569,20191003,   25,    0
 18269, 99569,20191004,   17,    0
 18269, 99569,20191005,   44,    0
 18269, 99569,20191006,   62,    0
 18269, 99569,20191007,   44,    0
 18269, 99569,20191008,   36,    0
 18269, 99569,20191009,   27,    0
 18269, 99569,20191010,   15,    0
 18269, 99569,20191011,   -6,    0
 18269, 99569,20191012,   -8,    0
 18269, 99569,20191013,    2,    0
 18269, 99569,20191014,   -1,    0
 18269, 99569,20191015,  -34,    0
 18269, 99569,20191016,  -38,    0
 18269, 99569,20191017,  -48,    0
 18269, 99569,20191018,    0,    0
 18269, 99569,20191019,  -17,    0
 18269, 99569,20191020,  -37,    0
 18269, 99569,20191021,    9,    0
 18269, 99569,20191022,    5,    0
 18269, 99569,20191023,   29,    0
 18269, 99569,20191024,    1,    0
 18269, 99569,20191025,    8,    0
 18269, 99569,20191026,  -11,    0
 18269, 99569,20191027,  -78,    0
 18269, 99569,20191028,  -37,    0
 18269, 99569,20191029,  -34,    0
 18269, 99569,20191030,  -62,    0
 18269, 99569,20191031,  -73,    0
 18269, 99569,20191101,   -8,    0
 18269, 99569,20191102,  -10,    0
 18269, 99569,20191103,  -34,    0
 18269, 99569,20191104,  -45,    0
 18269, 99569,20191105,   -8,    0
 18269, 99569,20191106,  -59,    0
 18269, 99569,20191107,  -84,    0
 18269, 99569,20191108, -101,    0
 18269, 99569,20191109, -125,    0
 18269, 99569,20191110, -118,    0
 18269, 99569,20191111,  -85,    0
 18269, 99569,20191112,  -21,    0
 18269, 99569,20191113,  -17,    0
 18269, 99569,20191114,  -40,    0
 18269, 99569,20191115,   -6,    0
 18269, 99569,20191116,  -61,    0
 18269, 99569,20191117,   -1,    0
 18269, 99569,20191118,  -53,    0
 18269, 99569,20191119,   35,    0
 18269, 99569,20191120,   49,    0
 18269, 99569,20191121,   58,    0
 18269, 99569,20191122,  -17,    0
 18269, 99569,20191123,  -18,    0
 18269, 99569,20191124,   -6,    0
 18269, 99569,20191125,   28,    0
 18269, 99569,20191126,    3,    0
 18269, 99569,20191127,  -47,    0
 18269, 99569,20191128,  -51,    0
 18269, 99569,20191129,  -61,    0
 18269, 99569,20191130,  -34,    0
 18269, 99569,20191201,   -3,    0
 18269, 99569,20191202,   -4,    0
 18269, 99569,20191203,  -20,    0
 18269, 99569,20191204,   37,    0
 18269, 99569,20191205,   36,    0
 18269, 99569,20191206,  -13,    0
 18269, 99569,20191207,  -23,    0
 18269, 99569,20191208,  -63,    0
 18269, 99569,20191209, -107,    0
 18269, 99569,20191210,  -62,    0
 18269, 99569,20191211,  -18,    0
 18269, 99569,20191212,   11,    0
 18269, 99569,20191213,  -36,    0
 18269, 99569,20191214,  -37,    0
 18269, 99569,20191215,   25,    0
 18269, 99569,20191216,    7,    0
 18269, 99569,20191217,  -36,    0
 18269, 99569,20191218,  -38,    0
 18269, 99569,20191219,  -35,    0
 18269, 99569,20191220,  -80,    0
 18269, 99569,20191221,  -61,    0
 18269, 99569,20191222,   10,    0
 18269, 99569,20191223,   11,    0
 18269, 99569,20191224,  -19,    0
 18269, 99569,20191225,   -1,    0
 18269, 99569,20191226,  -51,    0
 18269, 99569,20191227,  -85,    0
 18269, 99569,20191228,   23,    0
 18269, 99569,20191229,   48,    0
 18269, 99569,20191230,   -2,    0
 18269, 99569,20191231,  -15,    0
 18269, 99569,20200101,  -30,    0
 18269, 99569,20200102,   39,    0
 18269, 99569,20200103,   11,    0
 18269, 99569,20200104,  -23,    0
 18269, 99569,20200105,  -25,    0
 18269, 99569,20200106,   -3,    0
 18269, 99569,20200107,   52,    0
 18269, 99569,20200108,   42,    0
 18269, 99569,20200109,   17,    0
 18269, 99569,20200110,    4,    0
 18269, 99569,20200111,    6,    0
 18269, 99569,20200112,    4,    0
 18269, 99569,20200113,   11,    0
 18269, 99569,20200114,   -8,    0
 18269, 99569,20200115,  -61,    0
 18269, 99569,20200116,  -31,    0
 18269, 99569,20200117,  -55,    0
 18269, 99569,20200118,  -21,    0
 18269, 99569,20200119,  -18,    0
 18269, 99569,20200120,   37,    0
 18269, 99569,20200121,    0,    0
 18269, 99569,20200122,  -11,    0
 18269, 99569,20200123,  -19,    0
 18269, 99569,20200124,  -30,    0
 18269, 99569,20200125,  -56,    0
 18269, 99569,20200126, -125,    0
 18269, 99569,20200127,  -75,    0
 18269, 99569,20200128,  -70,    0
 18269, 99569,20200129,  -62,    0
 18269, 99569,20200130,  -28,    0
 18269, 99569,20200131,  -45,    0
 18269, 99569,20200201,  -41,    0
 18269, 99569,20200202,  -45,    0
 18269, 99569,20200203,  -29,    0
 18269, 99569,20200204,  -52,    0
 18269, 99569,20200205,  -55,    0
 18269, 99569,20200206,  -33,    0
 18269, 99569,20200207,    8,    0
 18269, 99569,20200208,   43,    0
 18269, 99569,20200209,    9,    0
 18269, 99569,20200210,    7,    0
 18269, 99569,20200211,    3,    0
 18269, 99569,20200212,   10,    0
 18269, 99569,20200213,  -10,    0
 18269, 99569,20200214,  -19,    0
 18269, 99569,20200215,  -65,    0
 18269, 99569,20200216,  -53,    0
 18269, 99569,20200217,    2,    0
 18269, 99569,20200218,   -4,    0
 18269, 99569,20200219,  -43,    0
 18269, 99569,20200220,  -29,    0
 18269, 99569,20200221,   15,    0
 18269, 99569,20200222,   36,    0
 18269, 99569,20200223,   16,    0
 18269, 99569,20200224,  -14,    0
 18269, 99569,20200225,  -51,    0
 18269, 99569,20200226,  -39,    0
 18269, 99569,20200227,    3,    0
 18269, 99569,20200228,  -52,    0
 18269, 99569,20200229,  -47,    0
 18269, 99569,20200301,  -70,    0
 18269, 99569,20200302,  -64,    0
 18269, 99569,20200303,  -51,    0
 18269, 99569,20200304,  -35,    0
 18269, 99569,20200305,  -35,    0
 18269, 99569,20200306,  -22,    0
 18269, 99569,20200307,   27,    0
 18269, 99569,20200308,   -7,    0
 18269, 99569,20200309,   26,    0
 18269, 99569,20200310,  -17,    0
 18269, 99569,20200311,  -35,    0
 18269, 99569,20200312,  -31,    0
 18269, 99569,20200313,  -62,    0
 18269, 99569,20200314,  -51,    0
 18269, 99569,20200315,  -19,    0
 18269, 99569,20200316,  -25,    0
 18269, 99569,20200317,   -8,    0
 18269, 99569,20200318,   17,    0
 18269, 99569,20200319,  -44,    0
 18269, 99569,20200320,  -48,    0
 18269, 99569,20200321,   -6,    0
 18269, 99569,20200322,   42,    0
 18269, 99569,20200323,   50,    0
 18269, 99569,20200324,   50,    0
 18269, 99569,20200325,   26,    0
 18269, 99569,20200326,   40,    0
 18269, 99569,20200327,   25,    0
 18269, 99569,20200328,  -33,    0
 18269, 99569,20200329,  -41,    0
 18269, 99569,20200330,  -27,    0
 18269, 99569,20200331,   -9,    0
 18269, 99569,20200401,  -31,    0
 18269, 99569,20200402,  -55,    0
 18269, 99569,20200403,  -44,    0
 18269, 99569,20200404,  -43,    0
 18269, 99569,20200405,  -37,    0
 18269, 99569,20200406,  -19,    0
 18269, 99569,20200407,   40,    0
 18269, 99569,20200408,   35,    0
 18269, 99569,20200409,  -19,    0
 18269, 99569,20200410,  -16,    0
 18269, 99569,20200411,   -8,    0
 18269, 99569,20200412,  -10,    0
 18269, 99569,20200413,    8,    0
 18269, 99569,20200414,   15,    0
 18269, 99569,20200415,   14,    0
 18269, 99569,20200416,   18,    0
 18269, 99569,20200417,   24,    0
 18269, 99569,20200418,   34,    0
 18269, 99569,20200419,   65,    0
 18269, 99569,20200420,   66,    0
 18269, 99569,20200421,   40,    0
 18269, 99569,20200422,   35,    0
 18269, 99569,20200423,   22,    0
 18269, 99569,20200424,    9,    0
 18269, 99569,20200425,    6,    0
 18269, 99569,20200426,   11,    0
 18269, 99569,20200427,    5,    0
 18269, 99569,20200428,    3,    0
 18269, 99569,20200429,   -2,    0
 18269, 99569,20200430,   14,    0
 18269, 99569,20200501,   32,    0
 18269, 99569,20200502,   38,    0
 18269, 99569,20200503,   50,    0
 18269, 99569,20200504,   38,    0
 18269, 99569,20200505,   46,    0
 18269, 99569,20200506,   45,    0
 18269, 99569,20200507,   32,    0
 18269, 99569,20200508,   16,    0
 18269, 99569,20200509,   11,    0
 18269, 99569,20200510,   14,    0
 18269, 99569,20200511,   11,    0
 18269, 99569,20200512,    2,    0
 18269, 99569,20200513,   23,    0
 18269, 99569,20200514,    8,    0
 18269, 99569,20200515,   28,    0
 18269, 99569,20200516,   44,    0
 18269, 99569,20200517,   23,    0
 18269, 99569,20200518,   37,    0
 18269, 99569,20200519,   39,    0
 18269, 99569,20200520,   39,    0
 18269, 99569,20200521,   49,    0
 18269, 99569,20200522,   54,    0
 18269, 99569,20200523,  106,    0
 18269, 99569,20200524,  108,    0
 18269, 99569,20200525,  116,    0
 18269, 99569,20200526,  101,    0
 18269, 99569,20200527,  104,    0
 18269, 99569,20200528,   84,    0
 18269, 99569,20200529,   81,    0
 18269, 99569,20200530,   86,    0
 18269, 99569,20200531,  136,    0
 18269, 99569,20200601,  150,    0
 18269, 99569,20200602,  119,    0
 18269, 99569,20200603,   81,    0
 18269, 99569,20200604,   99,    0
 18269, 99569,20200605,  137,    0
 18269, 99569,20200606,  125,    0
 18269, 99569,20200607,  133,    0
 18269, 99569,20200608,  109,    0
 18269, 99569,20200609,   67,    0
 18269, 99569,20200610,   79,    0
 18269, 99569,20200611,   86,    0
 18269, 99569,20200612,  115,    0
 18269, 99569,20200613,  134,    0
 18269, 99569,20200614,  173,    0
 18269, 99569,20200615,   95,    0
 18269, 99569,20200616,   84,    0
 18269, 99569,20200617,   92,    0
 18269, 99569,20200618,  103,    0
 18269, 99569,20200619,   82,    0
 18269, 99569,20200620,   94,    0
 18269, 99569,20200621,  117,    0
 18269, 99569,20200622,  113,    0
 18269, 99569,20200623,  135,    0
 18269, 99569,20200624,  125,    0
 18269, 99569,20200625,  146,    0
 18269, 99569,20200626,  124,    0
 18269, 99569,20200627,   96,    0
 18269, 99569,20200628,   98,    0
 18269, 99569,20200629,   99,    0
 18269, 99569,20200630,   79,    0
 18269, 99569,20200701,   73,    0
 18269, 99569,20200702,   73,    0
 18269, 99569,20200703,  108,    0
 18269, 99569,20200704,   81,    0
 18269, 99569,20200705,   92,    0
 18269, 99569,20200706,   99,    0
 18269, 99569,20200707,  113,    0
 18269, 99569,20200708,  110,    0
 18269, 99569,20200709,  111,    0
 18269, 99569,20200710,  107,    0
 18269, 99569,20200711,  123,    0
 18269, 99569,20200712,  123,    0
 18269, 99569,20200713,  118,    0
 18269, 99569,20200714,  137,    0
 18269, 99569,20200715,  150,    0
 18269, 99569,20200716,  141,    0
 18269, 99569,20200717,  149,    0
 18269, 99569,20200718,  151,    0
 18269, 99569,20200719,  136,    0
 18269, 99569,20200720,  130,    0
 18269, 99569,20200721,  121,    0
 18269, 99569,20200722,  110,    0
 18269, 99569,20200723,   96,    0
 18269, 99569,20200724,  124,    0
 18269, 99569,20200725,  167,    0
 18269, 99569,20200726,  183,    0
 18269, 99569,20200727,  193,    0
 18269, 99569,20200728,  201,    0
 18269, 99569,20200729,  193,    0
 18269, 99569,20200730,  181,    0
 18269, 99569,20200731,  159,    0
 18269, 99569,20200801,  140,    0
 18269, 99569,20200802,  134,    0
 18269, 99569,20200803,  126,    0
 18269, 99569,20200804,  136,    0
 18269, 99569,20200805,  131,    0
 18269, 99569,20200806,  138,    0
 18269, 99569,20200807,  145,    0
 18269, 99569,20200808,  138,    0
 18269, 99569,20200809,  146,    0
 18269, 99569,20200810,  125,    0
 18269, 99569,20200811,  119,    0
 18269, 99569,20200812,  111,    0
 18269, 99569,20200813,  113,    0
 18269, 99569,20200814,  128,    0
 18269, 99569,20200815,  120,    0
 18269, 99569,20200816,   91,    0
 18269, 99569,20200817,  101,    0
 18269, 99569,20200818,   97,    0
 18269, 99569,20200819,  110,    0
 18269, 99569,20200820,  103,    0
 18269, 99569,20200821,  100,    0
 18269, 99569,20200822,  183,    0
 18269, 99569,20200823,  138,    0
 18269, 99569,20200824,  113,    0
 18269, 99569,20200825,  103,    0
 18269, 99569,20200826,   88,    0
 18269, 99569,20200827,   85,    0
 18269, 99569,20200828,   84,    0
 18269, 99569,20200829,   85,    0
 18269, 99569,20200830,   74,    0
 18269, 99569,20200831,   82,    0
 18269, 99569,20200901,   97,    0
 18269, 99569,20200902,  118,    0
 18269, 99569,20200903,  142,    0
 18269, 99569,20200904,  140,    0
 18269, 99569,20200905,  119,    0
 18269, 99569,20200906,  105,    0
 18269, 99569,20200907,  107,    0
 18269, 99569,20200908,  119,    0
 18269, 99569,20200909,   97,    0
 18269, 99569,20200910,   93,    0
 18269, 99569,20200911,   93,    0
 18269, 99569,20200912,   78,    0
 18269, 99569,20200913,   57,    0
 18269, 99569,20200914,   84,    0
 18269, 99569,20200915,   79,    0
 18269, 99569,20200916,   71,    0
 18269, 99569,20200917,   70,    0
 18269, 99569,20200918,   77,    0
 18269, 99569,20200919,   67,    0
 18269, 99569,20200920,   71,    0
 18269, 99569,20200921,   75,    0
 18269, 99569,20200922,   67,    0
 18269, 99569,20200923,   86,    0
 18269, 99569,20200924,   66,    0
 18269, 99569,20200925,   71,    0
 18269, 99569,20200926,   54,    0
 18269, 99569,20200927,   44,    0
 18269, 99569,20200928,   77,    0
 18269, 99569,20200929,   80,    0
 18269, 99569,20200930,   88,    0
 18269, 99569,20201001,   92,    0
 18269, 99569,20201002,  119,    0
 18269, 99569,20201003,   96,    0
 18269, 99569,20201004,   79,    0
 18269, 99569,20201005,  100,    0
 18269, 99569,20201006,  108,    0
 18269, 99569,20201007,  122,    0
 18269, 99569,20201008,  139,    0
 18269, 99569,20201009,  114,    0
 18269, 99569,20201010,   85,    0
 18269, 99569,20201011,   80,    0
 18269, 99569,20201012,   61,    0
 18269, 99569,20201013,   41,    0
 18269, 99569,20201014,   59,    0
 18269, 99569,20201015,   49,    0
 18269, 99569,20201016,   39,    0
 18269, 99569,20201017,   12,    0
 18269, 99569,20201018,  -14,    0
 18269, 99569,20201019,  -28,    0
 18269, 99569,20201020,  -41,    0
 18269, 99569,20201021,  -29,    0
 18269, 99569,20201022,  -10,    0
 18269, 99569,20201023,    2,    0
 18269, 99569,20201024,   37,    0
 18269, 99569,20201025,   32,    0
 18269, 99569,20201026,   30,    0
 18269, 99569,20201027,  -14,    0
 18269, 99569,20201028,  -22,    0
 18269, 99569,20201029,   -8,    0
 18269, 99569,20201030,   -6,    0
 18269, 99569,20201031,   -7,    0
 18269, 99569,20201101,   47,    0
 18269, 99569,20201102,   84,    0
 18269, 99569,20201103,   71,    0
 18269, 99569,20201104,   56,    0
 18269, 99569,20201105,   46,    0
 18269, 99569,20201106,   52,    0
 18269, 99569,20201107,   27,    0
 18269, 99569,20201108,   15,    0
 18269, 99569,20201109,   29,    0
 18269, 99569,20201110,    2,    0
 18269, 99569,20201111,    4,    0
 18269, 99569,20201112,   10,    0
 18269, 99569,20201113,   11,    0
 18269, 99569,20201114,   45,    0
 18269, 99569,20201115,   63,    0
 18269, 99569,20201116,   57,    0
 18269, 99569,20201117,   86,    0
 18269, 99569,20201118,   53,    0
 18269, 99569,20201119,   -1,    0
 18269, 99569,20201120,   -3,    0
 18269, 99569,20201121,   -9,    0
 18269, 99569,20201122,  -29,    0
 18269, 99569,20201123,    7,    0
 18269, 99569,20201124,  -19,    0
 18269, 99569,20201125,  -49,    0
 18269, 99569,20201126,  -61,    0
 18269, 99569,20201127,   25,    0
 18269, 99569,20201128,   41,    0
 18269, 99569,20201129,   74,    0
 18269, 99569,20201130,   41,    0
 18269, 99569,20201201,    6,    0
 18269, 99569,20201202,   41,    0
 18269, 99569,20201203,   35,    0
 18269, 99569,20201204,    8,    0
 18269, 99569,20201205,   -6,    0
 18269, 99569,20201206,  -16,    0
 18269, 99569,20201207,  -32,    0
 18269, 99569,20201208,  -22,    0
 18269, 99569,20201209,   18,    0
 18269, 99569,20201210,    6,    0
 18269, 99569,20201211,  -39,    0
 18269, 99569,20201212,  -39,    0
 18269, 99569,20201213,  -20,    0
 18269, 99569,20201214,    5,    0
 18269, 99569,20201215,  -23,    0
 18269, 99569,20201216,  -23,    0
 18269, 99569,20201217,  -39,    0
 18269, 99569,20201218,  -64,    0
 18269, 99569,20201219,  -67,    0
 18269, 99569,20201220,   14,    0
 18269, 99569,20201221,   65,    0
 18269, 99569,20201222,   -4,    0
 18269, 99569,20201223,   31,    0
 18269, 99569,20201224,    0,    0
 18269, 99569,20201225,  -41,    0
 18269, 99569,20201226,  -81,    0
 18269, 99569,20201227, -100,    0
 18269, 99569,20201228,    8,    0
 18269, 99569,20201229,   30,    0
 18269, 99569,20201230,   23,    0
 18269, 99569,20201231,   13,    0
 18269, 99569,20210101,  -36,    0
 18269, 99569,20210102,  -34,    0
 18269, 99569,20210103,    0,    0
 18269, 99569,20210104,   40,    0
 18269, 99569,20210105,   23,    0
 18269, 99569,20210106,   32,    0
 18269, 99569,20210107,    7,    0
 18269, 99569,20210108,  -49,    0
 18269, 99569,20210109,  -46,    0
 18269, 99569,20210110,  -40,    0
 18269, 99569,20210111,  -49,    0
 18269, 99569,20210112,  -47,    0
 18269, 99569,20210113,  -81,    0
 18269, 99569,20210114,  -36,    0
 18269, 99569,20210115,   29,    0
 18269, 99569,20210116,   18,    0
 18269, 99569,20210117,  -18,    0
 18269, 99569,20210118,  -16,    0
 18269, 99569,20210119,  -38,    0
 18269, 99569,20210120,  -56,    0
 18269, 99569,20210121,  -85,    0
 18269, 99569,20210122, -106,    0
 18269, 99569,20210123, -108,    0
 18269, 99569,20210124,  -96,    0
 18269, 99569,20210125, -108,    0
 18269, 99569,20210126,  -78,    0
 18269, 99569,20210127,  -48,    0
 18269, 99569,20210128,  -61,    0
 18269, 99569,20210129,  -83,    0
 18269, 99569,20210130,  -97,    0
 18269, 99569,20210131,  -71,    0
 18269, 99569,20210201,  -56,    0
 18269, 99569,20210202, -105,    0
 18269, 99569,20210203, -103,    0
 18269, 99569,20210204,   -3,    0
 18269, 99569,20210205,   -2,    0
 18269, 99569,20210206,  -16,    0
 18269, 99569,20210207,  -16,    0
 18269, 99569,20210208,  -31,    0
 18269, 99569,20210209,  -84,    0
 18269, 99569,20210210,  -63,    0
 18269, 99569,20210211,  -47,    0
 18269, 99569,20210212,  -18,    0
 18269, 99569,20210213,  -59,    0
 18269, 99569,20210214,  -59,    0
 18269, 99569,20210215,    5,    0
 18269, 99569,20210216,  -72,    0
 18269, 99569,20210217, -118,    0
 18269, 99569,20210218,  -54,    0
 18269, 99569,20210219,  -64,    0
 18269, 99569,20210220,  -83,    0
 18269, 99569,20210221,  -95,    0
 18269, 99569,20210222,  -62,    0
 18269, 99569,20210223,  -51,    0
 18269, 99569,20210224,   -6,    0
 18269, 99569,20210225,   52,    0
 18269, 99569,20210226,   27,    0
 18269, 99569,20210227,   17,    0
 18269, 99569,20210228,   65,    0
 18269, 99569,20210301,    3,    0
 18269, 99569,20210302,   -6,    0
 18269, 99569,20210303,  -23,    0
 18269, 99569,20210304,  -42,    0
 18269, 99569,20210305,  -26,    0
 18269, 99569,20210306,  -36,    0
 18269, 99569,20210307,  -34,    0
 18269, 99569,20210308,  -87,    0
 18269, 99569,20210309, -108,    0
 18269, 99569,20210310, -101,    0
 18269, 99569,20210311,  -66,    0
 18269, 99569,20210312,  -24,    0
 18269, 99569,20210313,  -38,    0
 18269, 99569,20210314,   -9,    0
 18269, 99569,20210315,   -5,    0
 18269, 99569,20210316,  -37,    0
 18269, 99569,20210317,  -55,    0
 18269, 99569,20210318,  -70,    0
 18269, 99569,20210319,   10,    0
 18269, 99569,20210320,   18,    0
 18269, 99569,20210321,  -29,    0
 18269, 99569,20210322,   -2,    0
 18269, 99569,20210323,   29,    0
 18269, 99569,20210324,   32,    0
 18269, 99569,20210325,    8,    0
 18269, 99569,20210326,    6,    0
 18269, 99569,20210327,   49,    0
 18269, 99569,20210328,   36,    0
 18269, 99569,20210329,   39,    0
 18269, 99569,20210330,   18,    0
 18269, 99569,20210331,   28,    0
 18269, 99569,20210401,   26,    0
 18269, 99569,20210402,   23,    0
 18269, 99569,20210403,   26,    0
 18269, 99569,20210404,   -2,    0
 18269, 99569,20210405,  -17,    0
 18269, 99569,20210406,   20,    0
 18269, 99569,20210407,    3,    0
 18269, 99569,20210408,   -8,    0
 18269, 99569,20210409,  -44,    0
 18269, 99569,20210410,  -16,    0
 18269, 99569,20210411,   22,    0
 18269, 99569,20210412,    7,    0
 18269, 99569,20210413,    1,    0
 18269, 99569,20210414,   -1,    0
 18269, 99569,20210415,   37,    0
 18269, 99569,20210416,   69,    0
 18269, 99569,20210417,   63,    0
 18269, 99569,20210418,   40,    0
 18269, 99569,20210419,   74,    0
 18269, 99569,20210420,   84,    0
 18269, 99569,20210421,   50,    0
 18269, 99569,20210422,   16,    0
 18269, 99569,20210423,   18,    0
 18269, 99569,20210424,    6,    0
 18269, 99569,20210425,   10,    0
 18269, 99569,20210426,    9,    0
 18269, 99569,20210427,    6,    0
 18269, 99569,20210428,   -6,    0
 18269, 99569,20210429,   -1,    0
 18269, 99569,20210430,  -31,    0
 18269, 99569,20210501,  -15,    0
 18269, 99569,20210502,   -9,    0
 18269, 99569,20210503,   -3,    0
 18269, 99569,20210504,   -1,    0
 18269, 99569,20210505,    5,    0
 18269, 99569,20210506,    9,    0
 18269, 99569,20210507,   16,    0
 18269, 99569,20210508,   30,    0
 18269, 99569,20210509,   50,    0
 18269, 99569,20210510,   52,    0
 18269, 99569,20210511,   25,    0
 18269, 99569,20210512,   79,    0
 18269, 99569,20210513,   44,    0
 18269, 99569,20210514,   38,    0
 18269, 99569,20210515,   49,    0
 18269, 99569,20210516,   69,    0
 18269, 99569,20210517,   81,    0
 18269, 99569,20210518,  109,    0
 18269, 99569,20210519,   92,    0
 18269, 99569,20210520,   62,    0
 18269, 99569,20210521,   60,    0
 18269, 99569,20210522,   34,    0
 18269, 99569,20210523,   34,    0
 18269, 99569,20210524,   53,    0
 18269, 99569,20210525,   54,    0
 18269, 99569,20210526,   54,    0
 18269, 99569,20210527,   61,    0
 18269, 99569,20210528,   49,    0
 18269, 99569,20210529,   69,    0
 18269, 99569,20210530,   87,    0
 18269, 99569,20210531,  100,    0
 18269, 99569,20210601,  119,    0
 18269, 99569,20210602,  147,    0
 18269, 99569,20210603,  170,    0
 18269, 99569,20210604,  155,    0
 18269, 99569,20210605,   90,    0
 18269, 99569,20210606,   83,    0
 18269, 99569,20210607,  132,    0
 18269, 99569,20210608,  118,    0
 18269, 99569,20210609,  128,    0
 18269, 99569,20210610,  172,    0
 18269, 99569,20210611,  172,    0
 18269, 99569,20210612,  109,    0
 18269, 99569,20210613,   93,    0
 18269, 99569,20210614,   94,    0
 18269, 99569,20210615,   76,    0
 18269, 99569,20210616,   71,    0
 18269, 99569,20210617,   94,    0
 18269, 99569,20210618,  102,    0
 18269, 99569,20210619,  112,    0
 18269, 99569,20210620,  103,    0
 18269, 99569,20210621,  126,    0
 18269, 99569,20210622,  109,    0
 18269, 99569,20210623,  117,    0
 18269, 99569,20210624,  128,    0
 18269, 99569,20210625,  110,    0
 18269, 99569,20210626,   99,    0
 18269, 99569,20210627,  126,    0
 18269, 99569,20210628,  125,    0
 18269, 99569,20210629,  110,    0
 18269, 99569,20210630,  111,    0
 18269, 99569,20210701,  168,    0
 18269, 99569,20210702,  130,    0
 18269, 99569,20210703,  101,    0
 18269, 99569,20210704,  112,    0
 18269, 99569,20210705,  156,    0
 18269, 99569,20210706,  192,    0
 18269, 99569,20210707,  201,    0
 18269, 99569,20210708,  161,    0
 18269, 99569,20210709,  152,    0
 18269, 99569,20210710,  140,    0
 18269, 99569,20210711,  135,    0
 18269, 99569,20210712,  145,    0
 18269, 99569,20210713,  156,    0
 18269, 99569,20210714,  141,    0
 18269, 99569,20210715,  156,    0
 18269, 99569,20210716,  139,    0
 18269, 99569,20210717,  144,    0
 18269, 99569,20210718,  120,    0
 18269, 99569,20210719,  105,    0
 18269, 99569,20210720,   74,    0
 18269, 99569,20210721,   95,    0
 18269, 99569,20210722,  101,    0
 18269, 99569,20210723,   98,    0
 18269, 99569,20210724,  123,    0
 18269, 99569,20210725,  115,    0
 18269, 99569,20210726,  116,    0
 18269, 99569,20210727,  112,    0
 18269, 99569,20210728,   99,    0
 18269, 99569,20210729,  107,    0
 18269, 99569,20210730,  117,    0
 18269, 99569,20210731,   95,    0
 18269, 99569,20210801,   88,    0
 18269, 99569,20210802,  100,    0
 18269, 99569,20210803,  107,    0
 18269, 99569,20210804,  114,    0
 18269, 99569,20210805,  128,    0
 18269, 99569,20210806,  137,    0
 18269, 99569,20210807,  152,    0
 18269, 99569,20210808,  190,    0
 18269, 99569,20210809,  175,    0
 18269, 99569,20210810,  153,    0
 18269, 99569,20210811,  144,    0
 18269, 99569,20210812,  134,    0
 18269, 99569,20210813,  125,    0
 18269, 99569,20210814,  106,    0
 18269, 99569,20210815,  101,    0
 18269, 99569,20210816,   98,    0
 18269, 99569,20210817,   94,    0
 18269, 99569,20210818,  108,    0
 18269, 99569,20210819,  124,    0
 18269, 99569,20210820,  103,    0
 18269, 99569,20210821,   88,    0
 18269, 99569,20210822,   79,    0
 18269, 99569,20210823,   85,    0
 18269, 99569,20210824,   94,    0
 18269, 99569,20210825,  105,    0
 18269, 99569,20210826,   85,    0
 18269, 99569,20210827,  129,    0
 18269, 99569,20210828,  118,    0
 18269, 99569,20210829,   92,    0
 18269, 99569,20210830,  117,    0
 18269, 99569,20210831,   94,    0
 18269, 99569,20210901,   78,    0
 18269, 99569,20210902,   72,    0
 18269, 99569,20210903,   66,    0
 18269, 99569,20210904,   60,    0
 18269, 99569,20210905,   71,    0
 18269, 99569,20210906,   97,    0
 18269, 99569,20210907,   93,    0
 18269, 99569,20210908,   89,    0
 18269, 99569,20210909,   81,    0
 18269, 99569,20210910,   80,    0
 18269, 99569,20210911,   52,    0
 18269, 99569,20210912,   60,    0
 18269, 99569,20210913,   55,    0
 18269, 99569,20210914,   56,    0
 18269, 99569,20210915,   51,    0
 18269, 99569,20210916,   47,    0
 18269, 99569,20210917,   52,    0
 18269, 99569,20210918,   59,    0
 18269, 99569,20210919,   69,    0
 18269, 99569,20210920,   85,    0
 18269, 99569,20210921,   75,    0
 18269, 99569,20210922,  110,    0
 18269, 99569,20210923,  107,    0
 18269, 99569,20210924,   84,    0
 18269, 99569,20210925,   89,    0
 18269, 99569,20210926,   93,    0
 18269, 99569,20210927,  148,    0
 18269, 99569,20210928,  125,    0
 18269, 99569,20210929,   48,    0
 18269, 99569,20210930,   57,    0
 18269, 99569,20211001,   84,    0
 18269, 99569,20211002,  133,    0
 18269, 99569,20211003,  121,    0
 18269, 99569,20211004,  144,    0
 18269, 99569,20211005,  118,    0
 18269, 99569,20211006,   99,    0
 18269, 99569,20211007,   44,    0
 18269, 99569,20211008,   34,    0
 18269, 99569,20211009,   52,    0
 18269, 99569,20211010,   67,    0
 18269, 99569,20211011,   71,    0
 18269, 99569,20211012,   53,    0
 18269, 99569,20211013,   34,    0
 18269, 99569,20211014,   18,    0
 18269, 99569,20211015,   15,    0
 18269, 99569,20211016,   33,    0
 18269, 99569,20211017,   34,    0
 18269, 99569,20211018,   11,    0
 18269, 99569,20211019,  -27,    0
 18269, 99569,20211020,  -18,    0
 18269, 99569,20211021,    5,    0
 18269, 99569,20211022,    9,    0
 18269, 99569,20211023,  -34,    0
 18269, 99569,20211024,   -2,    0
 18269, 99569,20211025,  -11,    0
 18269, 99569,20211026,    7,    0
 18269, 99569,20211027,    6,    0
 18269, 99569,20211028,   24,    0
 18269, 99569,20211029,   59,    0
 18269, 99569,20211030,    8,    0
 18269, 99569,20211031,   50,    0
 18269, 99569,20211101,   61,    0
 18269, 99569,20211102,   72,    0
 18269, 99569,20211103,   26,    0
 18269, 99569,20211104,   41,    0
 18269, 99569,20211105,   31,    0
 18269, 99569,20211106,    1,    0
 18269, 99569,20211107,  -42,    0
 18269, 99569,20211108,  -15,    0
 18269, 99569,20211109,  -20,    0
 18269, 99569,20211110,   38,    0
 18269, 99569,20211111,    7,    0
 18269, 99569,20211112,    9,    0
 18269, 99569,20211113,   17,    0
 18269, 99569,20211114,   -4,    0
 18269, 99569,20211115,   31,    0
 18269, 99569,20211116,   36,    0
 18269, 99569,20211117,   41,    0
 18269, 99569,20211118,  -12,    0
 18269, 99569,20211119,  -25,    0
 18269, 99569,20211120,    3,    0
 18269, 99569,20211121,  -26,    0
 18269, 99569,20211122,  -78,    0
 18269, 99569,20211123,  -38,    0
 18269, 99569,20211124,  -62,    0
 18269, 99569,20211125, -106,    0
 18269, 99569,20211126,  -87,    0
 18269, 99569,20211127, -117,    0
 18269, 99569,20211128, -126,    0
 18269, 99569,20211129, -113,    0
 18269, 99569,20211130, -101,    0
 18269, 99569,20211201,  -80,    0
 18269, 99569,20211202,  -10,    0
 18269, 99569,20211203,  -86,    0
 18269, 99569,20211204,  -85,    0
 18269, 99569,20211205, -138,    0
 18269, 99569,20211206, -157,    0
 18269, 99569,20211207,  -90,    0
 18269, 99569,20211208,  -68,    0
 18269, 99569,20211209, -120,    0
 18269, 99569,20211210,  -46,    0
 18269, 99569,20211211,  -82,    0
 18269, 99569,20211212,    1,    0
 18269, 99569,20211213,  -15,    0
 18269, 99569,20211214,  -27,    0
 18269, 99569,20211215,  -13,    0
 18269, 99569,20211216,   13,    0
 18269, 99569,20211217,   27,    0
 18269, 99569,20211218,   14,    0
 18269, 99569,20211219,  -15,    0
 18269, 99569,20211220,  -83,    0
 18269, 99569,20211221, -124,    0
 18269, 99569,20211222, -103,    0
 18269, 99569,20211223,  -84,    0
 18269, 99569,20211224,  -54,    0
 18269, 99569,20211225,  -79,    0
 18269, 99569,20211226,  -88,    0
 18269, 99569,20211227,  -68,    0
 18269, 99569,20211228, -115,    0
 18269, 99569,20211229, -136,    0
 18269, 99569,20211230,  -80,    0
 18269, 99569,20211231,  -87,    0
 18269, 99569,20220101,  -40,    0
 18269, 99569,20220102,  -49,    0
 18269, 99569,20220103,  -56,    0
 18269, 99569,20220104,  -70,    0
 18269, 99569,20220105,  -63,    0
 18269, 99569,20220106,  -63,    0
 18269, 99569,20220107, -117,    0
 18269, 99569,20220108,  -59,    0
 18269, 99569,20220109,  -91,    0
 18269, 99569,20220110, -121,    0
 18269, 99569,20220111,  -56,    0
 18269, 99569,20220112,   29,    0
 18269, 99569,20220113,   -4,    0
 18269, 99569,20220114,   12,    0
 18269, 99569,20220115,  -23,    0
 18269, 99569,20220116,  -34,    0
 18269, 99569,20220117,  -25,    0
 18269, 99569,20220118,   17,    0
 18269, 99569,20220119,   10,    0
 18269, 99569,20220120,   -1,    0
 18269, 99569,20220121,  -39,    0
 18269, 99569,20220122,    0,    0
 18269, 99569,20220123,   51,    0
 18269, 99569,20220124,    3,    0
 18269, 99569,20220125,  -23,    0
 18269, 99569,20220126,  -60,    0
 18269, 99569,20220127,  -77,    0
 18269, 99569,20220128,  -55,    0
 18269, 99569,20220129,  -79,    0
 18269, 99569,20220130, -102,    0
 18269, 99569,20220131,  -92,    0
 18269, 99569,20220201,  -87,    0
 18269, 99569,20220202, -116,    0
 18269, 99569,20220203,  -93,    0
 18269, 99569,20220204,  -81,    0
 18269, 99569,20220205,  -16,    0
 18269, 99569,20220206,   -9,    0
 18269, 99569,20220207,  -74,    0
 18269, 99569,20220208,  -25,    0
 18269, 99569,20220209,  -32,    0
 18269, 99569,20220210,  -81,    0
 18269, 99569,20220211,  -31,    0
 18269, 99569,20220212, -111,    0
 18269, 99569,20220213,  -71,    0
 18269, 99569,20220214,  -27,    0
 18269, 99569,20220215,  -72,    0
 18269, 99569,20220216,  -96,    0
 18269, 99569,20220217,  -37,    0
 18269, 99569,20220218,  -18,    0
 18269, 99569,20220219,  -36,    0
 18269, 99569,20220220,  -88,    0
 18269, 99569,20220221,  -82,    0
 18269, 99569,20220222, -138,    0
 18269, 99569,20220223, -103,    0
 18269, 99569,20220224,  -57,    0
 18269, 99569,20220225,  -44,    0
 18269, 99569,20220226,  -42,    0
 18269, 99569,20220227,   72,    0
 18269, 99569,20220228,   36,    0
 18269, 99569,20220301,   38,    0
 18269, 99569,20220302,   27,    0
 18269, 99569,20220303,  -11,    0
 18269, 99569,20220304,  -26,    0
 18269, 99569,20220305,  -18,    0
 18269, 99569,20220306,  -22,    0
 18269, 99569,20220307,  -19,    0
 18269, 99569,20220308,  -19,    0
 18269, 99569,20220309,  -31,    0
 18269, 99569,20220310,   23,    0
 18269, 99569,20220311,   43,    0
 18269, 99569,20220312,   29,    0
 18269, 99569,20220313,   11,    0
 18269, 99569,20220314,   16,    0
 18269, 99569,20220315,   36,    0
 18269, 99569,20220316,   28,    0
 18269, 99569,20220317,   50,    0
 18269, 99569,20220318,   46,    0
 18269, 99569,20220319,   37,    0
 18269, 99569,20220320,   79,    0
 18269, 99569,20220321,   67,    0
 18269, 99569,20220322,   42,    0
 18269, 99569,20220323,   17,    0
 18269, 99569,20220324,    3,    0
 18269, 99569,20220325,  -19,    0
 18269, 99569,20220326,  -45,    0
 18269, 99569,20220327,  -59,    0
 18269, 99569,20220328,  -57,    0
 18269, 99569,20220329,  -31,    0
 18269, 99569,20220330,  -22,    0
 18269, 99569,20220331,  -36,    0
 18269, 99569,20220401,  -13,    0
 18269, 99569,20220402,   -8,    0
 18269, 99569,20220403,  -39,    0
 18269, 99569,20220404,  -57,    0
 18269, 99569,20220405,  -53,    0
 18269, 99569,20220406,  -13,    0
 18269, 99569,20220407,   -5,    0
 18269, 99569,20220408,  -14,    0
 18269, 99569,20220409,   14,    0
 18269, 99569,20220410,   21,    0
 18269, 99569,20220411,   12,    0
 18269, 99569,20220412,    7,    0
 18269, 99569,20220413,    4,    0
 18269, 99569,20220414,   14,    0
 18269, 99569,20220415,   24,    0
 18269, 99569,20220416,   53,    0
 18269, 99569,20220417,   64,    0
 18269, 99569,20220418,   69,    0
 18269, 99569,20220419,   53,    0
 18269, 99569,20220420,   58,    0
 18269, 99569,20220421,   51,    0
 18269, 99569,20220422,   46,    0
 18269, 99569,20220423,   38,    0
 18269, 99569,20220424,   49,    0
 18269, 99569,20220425,    8,    0
 18269, 99569,20220426,  -37,    0
 18269, 99569,20220427,  -35,    0
 18269, 99569,20220428,  -25,    0
 18269, 99569,20220429,  -11,    0
 18269, 99569,20220430,   -2,    0
 18269, 99569,20220501,   21,    0
 18269, 99569,20220502,    2,    0
 18269, 99569,20220503,  -13,    0
 18269, 99569,20220504,   -2,    0
 18269, 99569,20220505,   30,    0
 18269, 99569,20220506,   78,    0
 18269, 99569,20220507,   44,    0
 18269, 99569,20220508,   16,    0
 18269, 99569,20220509,   42,    0
 18269, 99569,20220510,   33,    0
 18269, 99569,20220511,   39,    0
 18269, 99569,20220512,   36,    0
 18269, 99569,20220513,   32,    0
 18269, 99569,20220514,   48,    0
 18269, 99569,20220515,   49,    0
 18269, 99569,20220516,   22,    0
 18269, 99569,20220517,   27,    0
 18269, 99569,20220518,   31,    0
 18269, 99569,20220519,   26,    0
 18269, 99569,20220520,   51,    0
 18269, 99569,20220521,   78,    0
 18269, 99569,20220522,   84,    0
 18269, 99569,20220523,  110,    0
 18269, 99569,20220524,  149,    0
 18269, 99569,20220525,  156,    0
 18269, 99569,20220526,  156,    0
 18269, 99569,20220527,  104,    0
 18269, 99569,20220528,   85,    0
 18269, 99569,20220529,  107,    0
 18269, 99569,20220530,  140,    0
 18269, 99569,20220531,  158,    0
 18269, 99569,20220601,  156,    0
 18269, 99569,20220602,  152,    0
 18269, 99569,20220603,  131,    0
 18269, 99569,20220604,  105,    0
 18269, 99569,20220605,   97,    0
 18269, 99569,20220606,  110,    0
 18269, 99569,20220607,   80,    0
 18269, 99569,20220608,   84,    0
 18269, 99569,20220609,   75,    0
 18269, 99569,20220610,   74,    0
 18269, 99569,20220611,   81,    0
 18269, 99569,20220612,   93,    0
 18269, 99569,20220613,   82,    0
 18269, 99569,20220614,   81,    0
 18269, 99569,20220615,   89,    0
 18269, 99569,20220616,   98,    0
 18269, 99569,20220617,   91,    0
 18269, 99569,20220618,  127,    0
 18269, 99569,20220619,  114,    0
 18269, 99569,20220620,  113,    0
 18269, 99569,20220621,  120,    0
 18269, 99569,20220622,   80,    0
 18269, 99569,20220623,  137,    0
 18269, 99569,20220624,  124,    0
 18269, 99569,20220625,  113,    0
 18269, 99569,20220626,  133,    0
 18269, 99569,20220627,  201,    0
 18269, 99569,20220628,  248,    0
 18269, 99569,20220629,  228,    0
 18269, 99569,20220630,  146,    0
 18269, 99569,20220701,  167,    0
 18269, 99569,20220702,  232,    0
 18269, 99569,20220703,  173,    0
 18269, 99569,20220704,  148,    0
 18269, 99569,20220705,  174,    0
 18269, 99569,20220706,  134,    0
 18269, 99569,20220707,  130,    0
 18269, 99569,20220708,  116,    0
 18269, 99569,20220709,  126,    0
 18269, 99569,20220710,  134,    0
 18269, 99569,20220711,  125,    0
 18269, 99569,20220712,  150,    0
 18269, 99569,20220713,  172,    0
 18269, 99569,20220714,  145,    0
 18269, 99569,20220715,  137,    0
 18269, 99569,20220716,  118,    0
 18269, 99569,20220717,  103,    0
 18269, 99569,20220718,  113,    0
 18269, 99569,20220719,  115,    0
 18269, 99569,20220720,  146,    0
 18269, 99569,20220721,  142,    0
 18269, 99569,20220722,  134,    0
 18269, 99569,20220723,  127,    0
 18269, 99569,20220724,  116,    0
 18269, 99569,20220725,  128,    0
 18269, 99569,20220726,  135,    0
 18269, 99569,20220727,  125,    0
 18269, 99569,20220728,  107,    0
 18269, 99569,20220729,  118,    0
 18269, 99569,20220730,  129,    0
 18269, 99569,20220731,  126,    0
 18269, 99569,20220801,  139,    0
 18269, 99569,20220802,  134,    0
 18269, 99569,20220803,  152,    0
 18269, 99569,20220804,  152,    0
 18269, 99569,20220805,  122,    0
 18269, 99569,20220806,  121,    0
 18269, 99569,20220807,  112,    0
 18269, 99569,20220808,  113,    0
 18269, 99569,20220809,  124,    0
 18269, 99569,20220810,  144,    0
 18269, 99569,20220811,  136,    0
 18269, 99569,20220812,  114,    0
 18269, 99569,20220813,  113,    0
 18269, 99569,20220814,  113,    0
 18269, 99569,20220815,  110,    0
 18269, 99569,20220816,  179,    0
 18269, 99569,20220817,  164,    0
 18269, 99569,20220818,  113,    0
 18269, 99569,20220819,  171,    0
 18269, 99569,20220820,  166,    0
 18269, 99569,20220821,  164,    0
 18269, 99569,20220822,  175,    0
 18269, 99569,20220823,  132,    0
 18269, 99569,20220824,  109,    0
 18269, 99569,20220825,  119,    0
 18269, 99569,20220826,  145,    0
 18269, 99569,20220827,  119,    0
 18269, 99569,20220828,  111,    0
 18269, 99569,20220829,   97,    0
 18269, 99569,20220830,   82,    0
 18269, 99569,20220831,   83,    0
 18269, 99569,20220901,   65,    0
 18269, 99569,20220902,   73,    0
 18269, 99569,20220903,   74,    0
 18269, 99569,20220904,   83,    0
 18269, 99569,20220905,   96,    0
 18269, 99569,20220906,   90,    0
 18269, 99569,20220907,   81,    0
 18269, 99569,20220908,   67,    0
 18269, 99569,20220909,   77,    0
 18269, 99569,20220910,  105,    0
 18269, 99569,20220911,   90,    0
 18269, 99569,20220912,   65,    0
 18269, 99569,20220913,   69,    0
 18269, 99569,20220914,   71,    0
 18269, 99569,20220915,   76,    0
 18269, 99569,20220916,   84,    0
 18269, 99569,20220917,   83,    0
 18269, 99569,20220918,   82,    0
 18269, 99569,20220919,   71,    0
 18269, 99569,20220920,   56,    0
 18269, 99569,20220921,   70,    0
 18269, 99569,20220922,  108,    0
 18269, 99569,20220923,  115,    0
 18269, 99569,20220924,   89,    0
 18269, 99569,20220925,  109,    0
 18269, 99569,20220926,   91,    0
 18269, 99569,20220927,   90,    0
 18269, 99569,20220928,   81,    0
 18269, 99569,20220929,   98,    0
 18269, 99569,20220930,   35,    0
 18269, 99569,20221001,   14,    0
 18269, 99569,20221002,   10,    0
 18269, 99569,20221003,   39,    0
 18269, 99569,20221004,   67,    0
 18269, 99569,20221005,   83,    0
 18269, 99569,20221006,   80,    0
 18269, 99569,20221007,   87,    0
 18269, 99569,20221008,   71,    0
 18269, 99569,20221009,   72,    0
 18269, 99569,20221010,   73,    0
 18269, 99569,20221011,   87,    0
 18269, 99569,20221012,   65,    0
 18269, 99569,20221013,   50,    0
 18269, 99569,20221014,   41,    0
 18269, 99569,20221015,   62,    0
 18269, 99569,20221016,   49,    0
 18269, 99569,20221017,   46,    0
 18269, 99569,20221018,   26,    0
 18269, 99569,20221019,   57,    0
 18269, 99569,20221020,   29,    0
 18269, 99569,20221021,   22,    0
 18269, 99569,20221022,   49,    0
 18269, 99569,20221023,   22,    0
 18269, 99569,20221024,   10,    0
 18269, 99569,20221025,  -26,    0
 18269, 99569,20221026,  -11,    0
 18269, 99569,20221027,   18,    0
 18269, 99569,20221028,   16,    0
 18269, 99569,20221029,   25,    0
 18269, 99569,20221030,   21,    0
 18269, 99569,20221031,   20,    0
