EUROPEAN CLIMATE ASSESSMENT & DATASET (ECA&D), file created on: 16-11-2022
THESE DATA CAN BE USED FOR NON-COMMERCIAL RESEARCH AND EDUCATION PROVIDED THAT THE FOLLOWING SOURCE IS ACKNOWLEDGED: 

Klein Tank, A.M.G. and Coauthors, 2002. Daily dataset of 20th-century surface
air temperature and precipitation series for the European Climate Assessment.
Int. J. of Climatol., 22, 1441-1453.
Data and metadata available at http://www.ecad.eu

FILE FORMAT (MISSING VALUE CODE = -9999):

01-06 STAID: Station identifier
08-13 SOUID: Source identifier
15-22 DATE : Date YYYYMMDD
24-28 TG   : Mean temperature in 0.1 &#176;C
30-34 Q_TG : quality code for TG (0='valid'; 1='suspect'; 9='missing')

This is the blended series of station PODGORICA, MONTENEGRO (STAID: 11374)
Blended and updated with sources:75525 913462 913463 
See files sources.txt and stations.txt for more info.

STAID, SOUID,    DATE,   TG, Q_TG
 11374, 75525,20160701,  270,    0
 11374, 75525,20160702,  285,    0
 11374, 75525,20160703,  286,    0
 11374, 75525,20160704,  283,    0
 11374, 75525,20160705,  279,    0
 11374, 75525,20160706,  285,    0
 11374, 75525,20160707,  268,    0
 11374, 75525,20160708,  266,    0
 11374, 75525,20160709,  288,    0
 11374,913463,20160710,  308,    0
 11374, 75525,20160711,  310,    0
 11374, 75525,20160712,  305,    0
 11374, 75525,20160713,  303,    0
 11374, 75525,20160714,  283,    0
 11374, 75525,20160715,  267,    0
 11374, 75525,20160716,  206,    0
 11374, 75525,20160717,  222,    0
 11374, 75525,20160718,  249,    0
 11374, 75525,20160719,  279,    0
 11374, 75525,20160720,  284,    0
 11374,913463,20160721,  281,    0
 11374, 75525,20160722,  287,    0
 11374, 75525,20160723,  293,    0
 11374, 75525,20160724,  301,    0
 11374, 75525,20160725,  291,    0
 11374, 75525,20160726,  286,    0
 11374, 75525,20160727,  280,    0
 11374, 75525,20160728,  287,    0
 11374, 75525,20160729,  286,    0
 11374, 75525,20160730,  285,    0
 11374, 75525,20160731,  306,    0
 11374, 75525,20160801,  298,    0
 11374, 75525,20160802,  291,    0
 11374, 75525,20160803,  286,    0
 11374, 75525,20160804,  296,    0
 11374, 75525,20160805,  289,    0
 11374, 75525,20160806,  286,    0
 11374, 75525,20160807,  262,    0
 11374, 75525,20160808,  263,    0
 11374, 75525,20160809,  270,    0
 11374, 75525,20160810,  283,    0
 11374, 75525,20160811,  268,    0
 11374, 75525,20160812,  245,    0
 11374, 75525,20160813,  254,    0
 11374, 75525,20160814,  243,    0
 11374, 75525,20160815,  262,    0
 11374,913463,20160816,  186,    0
 11374, 75525,20160817,  265,    0
 11374, 75525,20160818,  278,    0
 11374, 75525,20160819,  273,    0
 11374, 75525,20160820,  282,    0
 11374, 75525,20160821,  294,    0
 11374, 75525,20160822,  265,    0
 11374, 75525,20160823,  252,    0
 11374, 75525,20160824,  269,    0
 11374, 75525,20160825,  299,    0
 11374, 75525,20160826,  289,    0
 11374, 75525,20160827,  291,    0
 11374, 75525,20160828,  273,    0
 11374, 75525,20160829,  271,    0
 11374, 75525,20160830,  279,    0
 11374, 75525,20160831,  301,    0
 11374, 75525,20160901,  280,    0
 11374, 75525,20160902,  267,    0
 11374, 75525,20160903,  282,    0
 11374, 75525,20160904,  279,    0
 11374, 75525,20160905,  241,    0
 11374, 75525,20160906,  197,    0
 11374, 75525,20160907,  220,    0
 11374, 75525,20160908,  236,    0
 11374, 75525,20160909,  250,    0
 11374, 75525,20160910,  253,    0
 11374, 75525,20160911,  255,    0
 11374, 75525,20160912,  260,    0
 11374, 75525,20160913,  251,    0
 11374, 75525,20160914,  248,    0
 11374, 75525,20160915,  240,    0
 11374, 75525,20160916,  246,    0
 11374, 75525,20160917,  226,    0
 11374, 75525,20160918,  235,    0
 11374, 75525,20160919,  203,    0
 11374, 75525,20160920,  206,    0
 11374, 75525,20160921,  205,    0
 11374, 75525,20160922,  201,    0
 11374, 75525,20160923,  187,    0
 11374, 75525,20160924,  189,    0
 11374, 75525,20160925,  198,    0
 11374, 75525,20160926,  194,    0
 11374, 75525,20160927,  197,    0
 11374, 75525,20160928,  202,    0
 11374, 75525,20160929,  201,    0
 11374, 75525,20160930,  197,    0
 11374, 75525,20161001,  197,    0
 11374, 75525,20161002,  207,    0
 11374, 75525,20161003,  212,    0
 11374, 75525,20161004,  201,    0
 11374, 75525,20161005,  176,    0
 11374, 75525,20161006,  120,    0
 11374, 75525,20161007,  133,    0
 11374, 75525,20161008,  158,    0
 11374, 75525,20161009,  143,    0
 11374, 75525,20161010,  133,    0
 11374, 75525,20161011,  138,    0
 11374, 75525,20161012,  156,    0
 11374, 75525,20161013,  143,    0
 11374, 75525,20161014,  174,    0
 11374, 75525,20161015,  170,    0
 11374, 75525,20161016,  191,    0
 11374, 75525,20161017,  127,    0
 11374, 75525,20161018,  158,    0
 11374, 75525,20161019,  182,    0
 11374, 75525,20161020,  171,    0
 11374, 75525,20161021,  182,    0
 11374, 75525,20161022,  177,    0
 11374, 75525,20161023,  171,    0
 11374, 75525,20161024,  188,    0
 11374, 75525,20161025,  192,    0
 11374, 75525,20161026,  188,    0
 11374, 75525,20161027,  205,    0
 11374, 75525,20161028,  162,    0
 11374, 75525,20161029,  121,    0
 11374, 75525,20161030,  179,    0
 11374, 75525,20161031,  153,    0
 11374, 75525,20161101,  118,    0
 11374, 75525,20161102,  113,    0
 11374, 75525,20161103,  133,    0
 11374, 75525,20161104,  134,    0
 11374, 75525,20161105,  148,    0
 11374, 75525,20161106,  165,    0
 11374, 75525,20161107,  182,    0
 11374, 75525,20161108,  140,    0
 11374, 75525,20161109,  147,    0
 11374, 75525,20161110,   88,    0
 11374, 75525,20161111,   95,    0
 11374, 75525,20161112,  136,    0
 11374, 75525,20161113,  105,    0
 11374, 75525,20161114,   92,    0
 11374, 75525,20161115,   69,    0
 11374, 75525,20161116,   58,    0
 11374, 75525,20161117,   82,    0
 11374, 75525,20161118,  102,    0
 11374, 75525,20161119,  120,    0
 11374, 75525,20161120,  148,    0
 11374, 75525,20161121,  130,    0
 11374,913463,20161122,  126,    0
 11374, 75525,20161123,  114,    0
 11374, 75525,20161124,  113,    0
 11374, 75525,20161125,   86,    0
 11374, 75525,20161126,  117,    0
 11374, 75525,20161127,  150,    0
 11374, 75525,20161128,  108,    0
 11374, 75525,20161129,   57,    0
 11374, 75525,20161130,   64,    0
 11374, 75525,20161201,   64,    0
 11374, 75525,20161202,   43,    0
 11374, 75525,20161203,   95,    0
 11374, 75525,20161204,   71,    0
 11374, 75525,20161205,   64,    0
 11374, 75525,20161206,   77,    0
 11374, 75525,20161207,   91,    0
 11374, 75525,20161208,   57,    0
 11374, 75525,20161209,   56,    0
 11374, 75525,20161210,   67,    0
 11374, 75525,20161211,   64,    0
 11374, 75525,20161212,   75,    0
 11374, 75525,20161213,  103,    0
 11374, 75525,20161214,   31,    0
 11374, 75525,20161215,   61,    0
 11374, 75525,20161216,   84,    0
 11374, 75525,20161217,   39,    0
 11374, 75525,20161218,   38,    0
 11374,913463,20161219,   45,    0
 11374, 75525,20161220,   45,    0
 11374, 75525,20161221,   53,    0
 11374, 75525,20161222,   59,    0
 11374, 75525,20161223,   70,    0
 11374, 75525,20161224,   93,    0
 11374, 75525,20161225,   63,    0
 11374, 75525,20161226,   97,    0
 11374, 75525,20161227,   86,    0
 11374,913463,20161228,   66,    0
 11374, 75525,20161229,   51,    0
 11374, 75525,20161230,   39,    0
 11374, 75525,20161231,   36,    0
 11374, 75525,20170101,   28,    0
 11374, 75525,20170102,   45,    0
 11374, 75525,20170103,   60,    0
 11374, 75525,20170104,   50,    0
 11374, 75525,20170105,   45,    0
 11374, 75525,20170106,    2,    0
 11374, 75525,20170107,  -52,    0
 11374, 75525,20170108,  -26,    0
 11374, 75525,20170109,  -18,    0
 11374, 75525,20170110,  -40,    0
 11374, 75525,20170111,  -30,    0
 11374, 75525,20170112,  -32,    0
 11374, 75525,20170113,   15,    0
 11374, 75525,20170114,   58,    0
 11374, 75525,20170115,   56,    0
 11374, 75525,20170116,   47,    0
 11374, 75525,20170117,   55,    0
 11374, 75525,20170118,   75,    0
 11374, 75525,20170119,   80,    0
 11374, 75525,20170120,   43,    0
 11374, 75525,20170121,   39,    0
 11374, 75525,20170122,   38,    0
 11374, 75525,20170123,   35,    0
 11374, 75525,20170124,   35,    0
 11374, 75525,20170125,   49,    0
 11374, 75525,20170126,   35,    0
 11374, 75525,20170127,   20,    0
 11374, 75525,20170128,   34,    0
 11374, 75525,20170129,   46,    0
 11374, 75525,20170130,   50,    0
 11374, 75525,20170131,   76,    0
 11374, 75525,20170201,   66,    0
 11374, 75525,20170202,   83,    0
 11374, 75525,20170203,  102,    0
 11374, 75525,20170204,  126,    0
 11374, 75525,20170205,  134,    0
 11374, 75525,20170206,  146,    0
 11374, 75525,20170207,  114,    0
 11374, 75525,20170208,  110,    0
 11374, 75525,20170209,   99,    0
 11374, 75525,20170210,   95,    0
 11374, 75525,20170211,   76,    0
 11374, 75525,20170212,   76,    0
 11374, 75525,20170213,   71,    0
 11374, 75525,20170214,   66,    0
 11374, 75525,20170215,   84,    0
 11374, 75525,20170216,  104,    0
 11374,913463,20170217,-9999,    9
 11374, 75525,20170218,  105,    0
 11374, 75525,20170219,   72,    0
 11374, 75525,20170220,   76,    0
 11374, 75525,20170221,   76,    0
 11374, 75525,20170222,   89,    0
 11374, 75525,20170223,   86,    0
 11374, 75525,20170224,  102,    0
 11374, 75525,20170225,  117,    0
 11374, 75525,20170226,  103,    0
 11374, 75525,20170227,  139,    0
 11374, 75525,20170228,  136,    0
 11374, 75525,20170301,  137,    0
 11374, 75525,20170302,  104,    0
 11374, 75525,20170303,  116,    0
 11374, 75525,20170304,  129,    0
 11374, 75525,20170305,  130,    0
 11374, 75525,20170306,  130,    0
 11374, 75525,20170307,  113,    0
 11374, 75525,20170308,  115,    0
 11374, 75525,20170309,  165,    0
 11374, 75525,20170310,  144,    0
 11374, 75525,20170311,  115,    0
 11374, 75525,20170312,  126,    0
 11374, 75525,20170313,  106,    0
 11374, 75525,20170314,  134,    0
 11374, 75525,20170315,  150,    0
 11374, 75525,20170316,  139,    0
 11374, 75525,20170317,  142,    0
 11374, 75525,20170318,  122,    0
 11374, 75525,20170319,  152,    0
 11374, 75525,20170320,  154,    0
 11374, 75525,20170321,  162,    0
 11374, 75525,20170322,  173,    0
 11374, 75525,20170323,  176,    0
 11374, 75525,20170324,  179,    0
 11374, 75525,20170325,  128,    0
 11374, 75525,20170326,  144,    0
 11374, 75525,20170327,  142,    0
 11374, 75525,20170328,  149,    0
 11374, 75525,20170329,  162,    0
 11374, 75525,20170330,  203,    0
 11374, 75525,20170331,  214,    0
 11374, 75525,20170401,  172,    0
 11374, 75525,20170402,  174,    0
 11374, 75525,20170403,  168,    0
 11374, 75525,20170404,  128,    0
 11374, 75525,20170405,  141,    0
 11374, 75525,20170406,  141,    0
 11374, 75525,20170407,  141,    0
 11374, 75525,20170408,  150,    0
 11374, 75525,20170409,  167,    0
 11374, 75525,20170410,  165,    0
 11374, 75525,20170411,  167,    0
 11374, 75525,20170412,  210,    0
 11374, 75525,20170413,  167,    0
 11374, 75525,20170414,  180,    0
 11374, 75525,20170415,  166,    0
 11374, 75525,20170416,  161,    0
 11374, 75525,20170417,  155,    0
 11374, 75525,20170418,  138,    0
 11374, 75525,20170419,  113,    0
 11374, 75525,20170420,   95,    0
 11374, 75525,20170421,   96,    0
 11374, 75525,20170422,  105,    0
 11374, 75525,20170423,  104,    0
 11374, 75525,20170424,  130,    0
 11374, 75525,20170425,  163,    0
 11374, 75525,20170426,  158,    0
 11374, 75525,20170427,  193,    0
 11374, 75525,20170428,  182,    0
 11374, 75525,20170429,  172,    0
 11374, 75525,20170430,  179,    0
 11374, 75525,20170501,  197,    0
 11374, 75525,20170502,  199,    0
 11374, 75525,20170503,  193,    0
 11374, 75525,20170504,  192,    0
 11374, 75525,20170505,  172,    0
 11374, 75525,20170506,  177,    0
 11374, 75525,20170507,  174,    0
 11374, 75525,20170508,  175,    0
 11374,913463,20170509,-9999,    9
 11374, 75525,20170510,  167,    0
 11374, 75525,20170511,  182,    0
 11374, 75525,20170512,  207,    0
 11374, 75525,20170513,  222,    0
 11374, 75525,20170514,  211,    0
 11374, 75525,20170515,  221,    0
 11374, 75525,20170516,  250,    0
 11374, 75525,20170517,  225,    0
 11374, 75525,20170518,  226,    0
 11374, 75525,20170519,  215,    0
 11374, 75525,20170520,  202,    0
 11374, 75525,20170521,  202,    0
 11374, 75525,20170522,  228,    0
 11374, 75525,20170523,  228,    0
 11374, 75525,20170524,  218,    0
 11374, 75525,20170525,  189,    0
 11374, 75525,20170526,  201,    0
 11374, 75525,20170527,  227,    0
 11374, 75525,20170528,  236,    0
 11374, 75525,20170529,  222,    0
 11374, 75525,20170530,  221,    0
 11374, 75525,20170531,  224,    0
 11374, 75525,20170601,  237,    0
 11374, 75525,20170602,  245,    0
 11374, 75525,20170603,  244,    0
 11374, 75525,20170604,  239,    0
 11374, 75525,20170605,  259,    0
 11374, 75525,20170606,  258,    0
 11374, 75525,20170607,  254,    0
 11374, 75525,20170608,  249,    0
 11374, 75525,20170609,  237,    0
 11374, 75525,20170610,  238,    0
 11374, 75525,20170611,  245,    0
 11374, 75525,20170612,  265,    0
 11374, 75525,20170613,  267,    0
 11374, 75525,20170614,  269,    0
 11374, 75525,20170615,  278,    0
 11374, 75525,20170616,  276,    0
 11374, 75525,20170617,  244,    0
 11374, 75525,20170618,  223,    0
 11374, 75525,20170619,  258,    0
 11374, 75525,20170620,  260,    0
 11374, 75525,20170621,  263,    0
 11374, 75525,20170622,  273,    0
 11374, 75525,20170623,  283,    0
 11374, 75525,20170624,  297,    0
 11374, 75525,20170625,  317,    0
 11374, 75525,20170626,  290,    0
 11374, 75525,20170627,  292,    0
 11374, 75525,20170628,  276,    0
 11374, 75525,20170629,  280,    0
 11374, 75525,20170630,  291,    0
 11374, 75525,20170701,  291,    0
 11374, 75525,20170702,  280,    0
 11374, 75525,20170703,  249,    0
 11374, 75525,20170704,  280,    0
 11374, 75525,20170705,  280,    0
 11374,913463,20170706,  296,    0
 11374, 75525,20170707,  310,    0
 11374, 75525,20170708,  304,    0
 11374, 75525,20170709,  320,    0
 11374, 75525,20170710,  319,    0
 11374, 75525,20170711,  302,    0
 11374, 75525,20170712,  310,    0
 11374, 75525,20170713,  315,    0
 11374, 75525,20170714,  196,    0
 11374, 75525,20170715,  299,    0
 11374, 75525,20170716,  256,    0
 11374, 75525,20170717,  269,    0
 11374, 75525,20170718,  284,    0
 11374, 75525,20170719,  290,    0
 11374, 75525,20170720,  284,    0
 11374, 75525,20170721,  298,    0
 11374, 75525,20170722,  317,    0
 11374, 75525,20170723,  312,    0
 11374, 75525,20170724,  303,    0
 11374, 75525,20170725,  255,    0
 11374, 75525,20170726,  252,    0
 11374, 75525,20170727,  255,    0
 11374, 75525,20170728,  264,    0
 11374, 75525,20170729,  284,    0
 11374,913463,20170730,  303,    0
 11374, 75525,20170731,  315,    0
 11374, 75525,20170801,  336,    0
 11374, 75525,20170802,  336,    0
 11374, 75525,20170803,  327,    0
 11374, 75525,20170804,  336,    0
 11374, 75525,20170805,  330,    0
 11374, 75525,20170806,  339,    0
 11374, 75525,20170807,  329,    0
 11374, 75525,20170808,  337,    0
 11374, 75525,20170809,  347,    0
 11374, 75525,20170810,  342,    0
 11374, 75525,20170811,  331,    0
 11374, 75525,20170812,  289,    0
 11374, 75525,20170813,  232,    0
 11374, 75525,20170814,  268,    0
 11374, 75525,20170815,  272,    0
 11374, 75525,20170816,  309,    0
 11374, 75525,20170817,  317,    0
 11374, 75525,20170818,  298,    0
 11374, 75525,20170819,  308,    0
 11374, 75525,20170820,  282,    0
 11374, 75525,20170821,  274,    0
 11374, 75525,20170822,  257,    0
 11374, 75525,20170823,  240,    0
 11374, 75525,20170824,  265,    0
 11374, 75525,20170825,  285,    0
 11374, 75525,20170826,  297,    0
 11374, 75525,20170827,  294,    0
 11374, 75525,20170828,  293,    0
 11374, 75525,20170829,  288,    0
 11374, 75525,20170830,  265,    0
 11374, 75525,20170831,  261,    0
 11374, 75525,20170901,  262,    0
 11374, 75525,20170902,  261,    0
 11374, 75525,20170903,  232,    0
 11374, 75525,20170904,  219,    0
 11374, 75525,20170905,  231,    0
 11374, 75525,20170906,  228,    0
 11374, 75525,20170907,  231,    0
 11374, 75525,20170908,  220,    0
 11374, 75525,20170909,  215,    0
 11374, 75525,20170910,  231,    0
 11374, 75525,20170911,  238,    0
 11374, 75525,20170912,  226,    0
 11374, 75525,20170913,  230,    0
 11374, 75525,20170914,  227,    0
 11374, 75525,20170915,  229,    0
 11374, 75525,20170916,  235,    0
 11374, 75525,20170917,  243,    0
 11374, 75525,20170918,  246,    0
 11374, 75525,20170919,  206,    0
 11374, 75525,20170920,  208,    0
 11374, 75525,20170921,  183,    0
 11374, 75525,20170922,  181,    0
 11374, 75525,20170923,  186,    0
 11374, 75525,20170924,  190,    0
 11374, 75525,20170925,  175,    0
 11374, 75525,20170926,  203,    0
 11374, 75525,20170927,  208,    0
 11374, 75525,20170928,  216,    0
 11374, 75525,20170929,  185,    0
 11374, 75525,20170930,  186,    0
 11374, 75525,20171001,  181,    0
 11374, 75525,20171002,  184,    0
 11374, 75525,20171003,  188,    0
 11374, 75525,20171004,  193,    0
 11374, 75525,20171005,  191,    0
 11374, 75525,20171006,  177,    0
 11374, 75525,20171007,  122,    0
 11374, 75525,20171008,  141,    0
 11374, 75525,20171009,  154,    0
 11374, 75525,20171010,  170,    0
 11374, 75525,20171011,  175,    0
 11374, 75525,20171012,  174,    0
 11374, 75525,20171013,  184,    0
 11374, 75525,20171014,  199,    0
 11374, 75525,20171015,  193,    0
 11374, 75525,20171016,  199,    0
 11374, 75525,20171017,  202,    0
 11374, 75525,20171018,  205,    0
 11374, 75525,20171019,  189,    0
 11374, 75525,20171020,  177,    0
 11374, 75525,20171021,  180,    0
 11374, 75525,20171022,  183,    0
 11374, 75525,20171023,  163,    0
 11374, 75525,20171024,  127,    0
 11374, 75525,20171025,  168,    0
 11374, 75525,20171026,  158,    0
 11374, 75525,20171027,  148,    0
 11374,913463,20171028,-9999,    9
 11374, 75525,20171029,  117,    0
 11374, 75525,20171030,  154,    0
 11374, 75525,20171031,  135,    0
 11374, 75525,20171101,  126,    0
 11374, 75525,20171102,  106,    0
 11374, 75525,20171103,  114,    0
 11374, 75525,20171104,  144,    0
 11374, 75525,20171105,  119,    0
 11374, 75525,20171106,  113,    0
 11374, 75525,20171107,  133,    0
 11374, 75525,20171108,  142,    0
 11374, 75525,20171109,  138,    0
 11374, 75525,20171110,  130,    0
 11374, 75525,20171111,  132,    0
 11374, 75525,20171112,  135,    0
 11374, 75525,20171113,  167,    0
 11374, 75525,20171114,  134,    0
 11374, 75525,20171115,  124,    0
 11374, 75525,20171116,  113,    0
 11374, 75525,20171117,  135,    0
 11374, 75525,20171118,  131,    0
 11374, 75525,20171119,  107,    0
 11374, 75525,20171120,  101,    0
 11374, 75525,20171121,   79,    0
 11374, 75525,20171122,   74,    0
 11374, 75525,20171123,  105,    0
 11374, 75525,20171124,  111,    0
 11374, 75525,20171125,   90,    0
 11374, 75525,20171126,  106,    0
 11374, 75525,20171127,   93,    0
 11374, 75525,20171128,   81,    0
 11374, 75525,20171129,   40,    0
 11374, 75525,20171130,  109,    0
 11374, 75525,20171201,  100,    0
 11374,913463,20171202,-9999,    9
 11374, 75525,20171203,  101,    0
 11374, 75525,20171204,   97,    0
 11374, 75525,20171205,   72,    0
 11374, 75525,20171206,   63,    0
 11374, 75525,20171207,   61,    0
 11374, 75525,20171208,   35,    0
 11374, 75525,20171209,   88,    0
 11374, 75525,20171210,   62,    0
 11374, 75525,20171211,   65,    0
 11374, 75525,20171212,  125,    0
 11374, 75525,20171213,  135,    0
 11374, 75525,20171214,  110,    0
 11374, 75525,20171215,  118,    0
 11374, 75525,20171216,  136,    0
 11374, 75525,20171217,   78,    0
 11374, 75525,20171218,   61,    0
 11374, 75525,20171219,   52,    0
 11374, 75525,20171220,   42,    0
 11374, 75525,20171221,   22,    0
 11374, 75525,20171222,   40,    0
 11374, 75525,20171223,  102,    0
 11374, 75525,20171224,   84,    0
 11374, 75525,20171225,   81,    0
 11374, 75525,20171226,   58,    0
 11374, 75525,20171227,  103,    0
 11374, 75525,20171228,  113,    0
 11374, 75525,20171229,   82,    0
 11374, 75525,20171230,   70,    0
 11374, 75525,20171231,   58,    0
 11374, 75525,20180101,   29,    0
 11374, 75525,20180102,   81,    0
 11374, 75525,20180103,  101,    0
 11374, 75525,20180104,   78,    0
 11374, 75525,20180105,   76,    0
 11374, 75525,20180106,    0,    0
 11374, 75525,20180107,  139,    0
 11374, 75525,20180108,  110,    0
 11374, 75525,20180109,   99,    0
 11374, 75525,20180110,  110,    0
 11374, 75525,20180111,  105,    0
 11374, 75525,20180112,  111,    0
 11374, 75525,20180113,   98,    0
 11374, 75525,20180114,   76,    0
 11374, 75525,20180115,   64,    0
 11374, 75525,20180116,   48,    0
 11374, 75525,20180117,  103,    0
 11374, 75525,20180118,   82,    0
 11374,913463,20180119,-9999,    9
 11374, 75525,20180120,   74,    0
 11374, 75525,20180121,   50,    0
 11374, 75525,20180122,   72,    0
 11374, 75525,20180123,   53,    0
 11374, 75525,20180124,   86,    0
 11374, 75525,20180125,   51,    0
 11374, 75525,20180126,   60,    0
 11374, 75525,20180127,   68,    0
 11374, 75525,20180128,   72,    0
 11374, 75525,20180129,   79,    0
 11374, 75525,20180130,   68,    0
 11374, 75525,20180131,   74,    0
 11374, 75525,20180201,   81,    0
 11374, 75525,20180202,  112,    0
 11374, 75525,20180203,  135,    0
 11374, 75525,20180204,  111,    0
 11374, 75525,20180205,   81,    0
 11374, 75525,20180206,   70,    0
 11374, 75525,20180207,   93,    0
 11374, 75525,20180208,   79,    0
 11374, 75525,20180209,  102,    0
 11374, 75525,20180210,   90,    0
 11374, 75525,20180211,   95,    0
 11374, 75525,20180212,   76,    0
 11374, 75525,20180213,   67,    0
 11374, 75525,20180214,   71,    0
 11374, 75525,20180215,   80,    0
 11374, 75525,20180216,   72,    0
 11374, 75525,20180217,   89,    0
 11374, 75525,20180218,   86,    0
 11374, 75525,20180219,   73,    0
 11374, 75525,20180220,   64,    0
 11374, 75525,20180221,   74,    0
 11374, 75525,20180222,  108,    0
 11374, 75525,20180223,  111,    0
 11374, 75525,20180224,  108,    0
 11374, 75525,20180225,   69,    0
 11374, 75525,20180226,   11,    0
 11374, 75525,20180227,   -3,    0
 11374, 75525,20180228,   18,    0
 11374, 75525,20180301,    0,    0
 11374, 75525,20180302,   58,    0
 11374, 75525,20180303,  103,    0
 11374, 75525,20180304,  110,    0
 11374, 75525,20180305,  137,    0
 11374, 75525,20180306,  126,    0
 11374, 75525,20180307,  133,    0
 11374,913463,20180308,-9999,    9
 11374, 75525,20180309,  118,    0
 11374, 75525,20180310,  115,    0
 11374, 75525,20180311,  149,    0
 11374, 75525,20180312,  141,    0
 11374, 75525,20180313,  117,    0
 11374, 75525,20180314,  118,    0
 11374, 75525,20180315,  112,    0
 11374, 75525,20180316,  119,    0
 11374, 75525,20180317,  162,    0
 11374, 75525,20180318,  145,    0
 11374, 75525,20180319,  105,    0
 11374, 75525,20180320,  104,    0
 11374, 75525,20180321,   80,    0
 11374, 75525,20180322,   56,    0
 11374, 75525,20180323,   25,    0
 11374, 75525,20180324,   54,    0
 11374, 75525,20180325,   92,    0
 11374,913463,20180326,-9999,    9
 11374, 75525,20180327,  110,    0
 11374, 75525,20180328,  104,    0
 11374, 75525,20180329,  120,    0
 11374, 75525,20180330,  144,    0
 11374, 75525,20180331,  170,    0
 11374, 75525,20180401,  115,    0
 11374, 75525,20180402,  123,    0
 11374, 75525,20180403,  137,    0
 11374, 75525,20180404,  147,    0
 11374, 75525,20180405,  158,    0
 11374, 75525,20180406,  153,    0
 11374, 75525,20180407,  179,    0
 11374, 75525,20180408,  194,    0
 11374, 75525,20180409,  179,    0
 11374, 75525,20180410,  186,    0
 11374, 75525,20180411,  177,    0
 11374, 75525,20180412,  191,    0
 11374, 75525,20180413,  190,    0
 11374, 75525,20180414,  207,    0
 11374, 75525,20180415,  209,    0
 11374, 75525,20180416,  209,    0
 11374, 75525,20180417,  175,    0
 11374, 75525,20180418,  194,    0
 11374, 75525,20180419,  224,    0
 11374, 75525,20180420,  228,    0
 11374, 75525,20180421,  200,    0
 11374, 75525,20180422,  182,    0
 11374, 75525,20180423,  201,    0
 11374, 75525,20180424,  207,    0
 11374, 75525,20180425,  203,    0
 11374, 75525,20180426,  214,    0
 11374, 75525,20180427,  232,    0
 11374, 75525,20180428,  249,    0
 11374, 75525,20180429,  242,    0
 11374, 75525,20180430,  234,    0
 11374, 75525,20180501,  230,    0
 11374, 75525,20180502,  243,    0
 11374, 75525,20180503,  239,    0
 11374, 75525,20180504,  211,    0
 11374, 75525,20180505,  205,    0
 11374, 75525,20180506,  218,    0
 11374, 75525,20180507,  232,    0
 11374, 75525,20180508,  239,    0
 11374, 75525,20180509,  214,    0
 11374, 75525,20180510,  213,    0
 11374, 75525,20180511,  217,    0
 11374, 75525,20180512,  229,    0
 11374, 75525,20180513,  222,    0
 11374, 75525,20180514,  202,    0
 11374, 75525,20180515,  191,    0
 11374, 75525,20180516,  177,    0
 11374, 75525,20180517,  187,    0
 11374, 75525,20180518,  197,    0
 11374, 75525,20180519,  219,    0
 11374, 75525,20180520,  250,    0
 11374, 75525,20180521,  245,    0
 11374, 75525,20180522,  237,    0
 11374, 75525,20180523,  245,    0
 11374, 75525,20180524,  223,    0
 11374, 75525,20180525,  239,    0
 11374, 75525,20180526,  263,    0
 11374, 75525,20180527,  261,    0
 11374, 75525,20180528,  264,    0
 11374, 75525,20180529,  259,    0
 11374, 75525,20180530,  167,    0
 11374, 75525,20180531,  262,    0
 11374, 75525,20180601,  256,    0
 11374, 75525,20180602,  260,    0
 11374, 75525,20180603,  263,    0
 11374, 75525,20180604,  254,    0
 11374, 75525,20180605,  261,    0
 11374, 75525,20180606,  260,    0
 11374, 75525,20180607,  263,    0
 11374, 75525,20180608,  291,    0
 11374, 75525,20180609,  227,    0
 11374, 75525,20180610,  243,    0
 11374, 75525,20180611,  268,    0
 11374, 75525,20180612,  274,    0
 11374, 75525,20180613,  259,    0
 11374, 75525,20180614,  250,    0
 11374, 75525,20180615,  235,    0
 11374, 75525,20180616,  246,    0
 11374, 75525,20180617,  427,    1
 11374, 75525,20180618,  266,    0
 11374, 75525,20180619,  287,    0
 11374, 75525,20180620,  293,    0
 11374, 75525,20180621,  282,    0
 11374, 75525,20180622,  253,    0
 11374, 75525,20180623,  218,    0
 11374, 75525,20180624,  149,    0
 11374, 75525,20180625,  242,    0
 11374, 75525,20180626,  224,    0
 11374, 75525,20180627,  228,    0
 11374, 75525,20180628,  232,    0
 11374, 75525,20180629,  217,    0
 11374, 75525,20180630,  242,    0
 11374, 75525,20180701,  247,    0
 11374, 75525,20180702,  263,    0
 11374, 75525,20180703,  273,    0
 11374, 75525,20180704,  267,    0
 11374, 75525,20180705,  275,    0
 11374, 75525,20180706,  278,    0
 11374, 75525,20180707,  273,    0
 11374, 75525,20180708,  271,    0
 11374, 75525,20180709,  263,    0
 11374, 75525,20180710,  250,    0
 11374, 75525,20180711,  255,    0
 11374, 75525,20180712,  268,    0
 11374, 75525,20180713,  264,    0
 11374, 75525,20180714,  277,    0
 11374, 75525,20180715,  287,    0
 11374, 75525,20180716,  281,    0
 11374, 75525,20180717,  250,    0
 11374, 75525,20180718,  284,    0
 11374, 75525,20180719,  277,    0
 11374, 75525,20180720,  294,    0
 11374, 75525,20180721,  295,    0
 11374, 75525,20180722,  273,    0
 11374, 75525,20180723,  274,    0
 11374, 75525,20180724,  257,    0
 11374, 75525,20180725,  288,    0
 11374, 75525,20180726,  294,    0
 11374, 75525,20180727,  279,    0
 11374, 75525,20180728,  263,    0
 11374, 75525,20180729,  274,    0
 11374, 75525,20180730,  311,    0
 11374,913463,20180731,  317,    0
 11374, 75525,20180801,  303,    0
 11374, 75525,20180802,  298,    0
 11374, 75525,20180803,  292,    0
 11374, 75525,20180804,  306,    0
 11374, 75525,20180805,  292,    0
 11374, 75525,20180806,  303,    0
 11374,913463,20180807,  303,    0
 11374, 75525,20180808,  314,    0
 11374, 75525,20180809,  310,    0
 11374,913463,20180810,  313,    0
 11374, 75525,20180811,  301,    0
 11374, 75525,20180812,  289,    0
 11374, 75525,20180813,  292,    0
 11374, 75525,20180814,  286,    0
 11374, 75525,20180815,  290,    0
 11374, 75525,20180816,  277,    0
 11374, 75525,20180817,  289,    0
 11374, 75525,20180818,  289,    0
 11374, 75525,20180819,  313,    0
 11374, 75525,20180820,  296,    0
 11374, 75525,20180821,  296,    0
 11374, 75525,20180822,  302,    0
 11374, 75525,20180823,  300,    0
 11374, 75525,20180824,  300,    0
 11374, 75525,20180825,  286,    0
 11374, 75525,20180826,  253,    0
 11374, 75525,20180827,  257,    0
 11374, 75525,20180828,  268,    0
 11374, 75525,20180829,  273,    0
 11374, 75525,20180830,  280,    0
 11374, 75525,20180831,  282,    0
 11374, 75525,20180901,  282,    0
 11374, 75525,20180902,  283,    0
 11374, 75525,20180903,  247,    0
 11374, 75525,20180904,  240,    0
 11374, 75525,20180905,  237,    0
 11374, 75525,20180906,  244,    0
 11374, 75525,20180907,  246,    0
 11374, 75525,20180908,  258,    0
 11374, 75525,20180909,  262,    0
 11374, 75525,20180910,  258,    0
 11374, 75525,20180911,  270,    0
 11374, 75525,20180912,  273,    0
 11374, 75525,20180913,  262,    0
 11374, 75525,20180914,  256,    0
 11374, 75525,20180915,  248,    0
 11374, 75525,20180916,  274,    0
 11374, 75525,20180917,  247,    0
 11374, 75525,20180918,  256,    0
 11374, 75525,20180919,  260,    0
 11374, 75525,20180920,  265,    0
 11374, 75525,20180921,  261,    0
 11374, 75525,20180922,  247,    0
 11374, 75525,20180923,  251,    0
 11374, 75525,20180924,  237,    0
 11374, 75525,20180925,  179,    0
 11374, 75525,20180926,  175,    0
 11374, 75525,20180927,  170,    0
 11374, 75525,20180928,  171,    0
 11374, 75525,20180929,  204,    0
 11374, 75525,20180930,  221,    0
 11374, 75525,20181001,  193,    0
 11374, 75525,20181002,  174,    0
 11374, 75525,20181003,  209,    0
 11374, 75525,20181004,  215,    0
 11374, 75525,20181005,  192,    0
 11374, 75525,20181006,  225,    0
 11374, 75525,20181007,  203,    0
 11374, 75525,20181008,  211,    0
 11374, 75525,20181009,  221,    0
 11374, 75525,20181010,  209,    0
 11374, 75525,20181011,  200,    0
 11374, 75525,20181012,  203,    0
 11374, 75525,20181013,  203,    0
 11374, 75525,20181014,  204,    0
 11374, 75525,20181015,  201,    0
 11374, 75525,20181016,  212,    0
 11374, 75525,20181017,  209,    0
 11374, 75525,20181018,  212,    0
 11374, 75525,20181019,  204,    0
 11374, 75525,20181020,  214,    0
 11374, 75525,20181021,  173,    0
 11374, 75525,20181022,  170,    0
 11374, 75525,20181023,  197,    0
 11374, 75525,20181024,  156,    0
 11374, 75525,20181025,  161,    0
 11374, 75525,20181026,  147,    0
 11374, 75525,20181027,  178,    0
 11374, 75525,20181028,  196,    0
 11374, 75525,20181029,  195,    0
 11374, 75525,20181030,  193,    0
 11374, 75525,20181031,  185,    0
 11374, 75525,20181101,  178,    0
 11374, 75525,20181102,  184,    0
 11374, 75525,20181103,  202,    0
 11374, 75525,20181104,  186,    0
 11374, 75525,20181105,  168,    0
 11374, 75525,20181106,  165,    0
 11374, 75525,20181107,  153,    0
 11374, 75525,20181108,  158,    0
 11374, 75525,20181109,  146,    0
 11374, 75525,20181110,  142,    0
 11374, 75525,20181111,  139,    0
 11374, 75525,20181112,  151,    0
 11374, 75525,20181113,  143,    0
 11374, 75525,20181114,  150,    0
 11374, 75525,20181115,  158,    0
 11374, 75525,20181116,  144,    0
 11374, 75525,20181117,  126,    0
 11374, 75525,20181118,   87,    0
 11374, 75525,20181119,   89,    0
 11374, 75525,20181120,  133,    0
 11374, 75525,20181121,  121,    0
 11374, 75525,20181122,  127,    0
 11374, 75525,20181123,  136,    0
 11374, 75525,20181124,  125,    0
 11374, 75525,20181125,  130,    0
 11374, 75525,20181126,  137,    0
 11374, 75525,20181127,  103,    0
 11374, 75525,20181128,  103,    0
 11374, 75525,20181129,   87,    0
 11374, 75525,20181130,   48,    0
 11374, 75525,20181201,   74,    0
 11374, 75525,20181202,   83,    0
 11374, 75525,20181203,   86,    0
 11374, 75525,20181204,  107,    0
 11374, 75525,20181205,  125,    0
 11374, 75525,20181206,   49,    0
 11374, 75525,20181207,   49,    0
 11374, 75525,20181208,   53,    0
 11374,913463,20181209,-9999,    9
 11374, 75525,20181210,  100,    0
 11374, 75525,20181211,   69,    0
 11374, 75525,20181212,   51,    0
 11374, 75525,20181213,   35,    0
 11374,913463,20181214,   56,    0
 11374, 75525,20181215,   83,    0
 11374, 75525,20181216,   65,    0
 11374, 75525,20181217,   25,    0
 11374, 75525,20181218,   86,    0
 11374, 75525,20181219,   68,    0
 11374, 75525,20181220,   47,    0
 11374, 75525,20181221,   85,    0
 11374, 75525,20181222,   73,    0
 11374, 75525,20181223,  105,    0
 11374, 75525,20181224,   87,    0
 11374, 75525,20181225,   51,    0
 11374, 75525,20181226,   71,    0
 11374, 75525,20181227,   46,    0
 11374, 75525,20181228,   48,    0
 11374, 75525,20181229,   66,    0
 11374, 75525,20181230,   64,    0
 11374, 75525,20181231,   63,    0
 11374, 75525,20190101,   99,    0
 11374, 75525,20190102,   27,    0
 11374, 75525,20190103,   32,    0
 11374, 75525,20190104,   14,    0
 11374, 75525,20190105,   22,    0
 11374, 75525,20190106,   23,    0
 11374, 75525,20190107,   16,    0
 11374, 75525,20190108,    9,    0
 11374, 75525,20190109,    5,    0
 11374, 75525,20190110,   30,    0
 11374, 75525,20190111,   33,    0
 11374, 75525,20190112,   19,    0
 11374, 75525,20190113,   19,    0
 11374, 75525,20190114,   20,    0
 11374, 75525,20190115,   54,    0
 11374, 75525,20190116,   15,    0
 11374, 75525,20190117,   36,    0
 11374, 75525,20190118,   50,    0
 11374, 75525,20190119,   71,    0
 11374, 75525,20190120,   78,    0
 11374, 75525,20190121,   74,    0
 11374, 75525,20190122,   67,    0
 11374, 75525,20190123,   77,    0
 11374, 75525,20190124,   81,    0
 11374, 75525,20190125,   69,    0
 11374, 75525,20190126,   64,    0
 11374, 75525,20190127,   63,    0
 11374, 75525,20190128,   81,    0
 11374, 75525,20190129,   95,    0
 11374, 75525,20190130,   81,    0
 11374, 75525,20190131,   55,    0
 11374, 75525,20190201,   63,    0
 11374, 75525,20190202,  123,    0
 11374, 75525,20190203,   95,    0
 11374, 75525,20190204,  116,    0
 11374, 75525,20190205,  140,    0
 11374, 75525,20190206,  109,    0
 11374, 75525,20190207,  125,    0
 11374, 75525,20190208,   83,    0
 11374, 75525,20190209,   79,    0
 11374, 75525,20190210,   69,    0
 11374,913463,20190211,-9999,    9
 11374, 75525,20190212,   87,    0
 11374, 75525,20190213,   60,    0
 11374, 75525,20190214,   74,    0
 11374, 75525,20190215,   88,    0
 11374, 75525,20190216,   97,    0
 11374, 75525,20190217,   82,    0
 11374, 75525,20190218,   95,    0
 11374, 75525,20190219,   94,    0
 11374, 75525,20190220,   88,    0
 11374, 75525,20190221,  112,    0
 11374, 75525,20190222,  108,    0
 11374, 75525,20190223,   32,    0
 11374, 75525,20190224,   53,    0
 11374, 75525,20190225,   61,    0
 11374, 75525,20190226,   88,    0
 11374, 75525,20190227,  125,    0
 11374, 75525,20190228,   93,    0
 11374, 75525,20190301,   92,    0
 11374, 75525,20190302,  130,    0
 11374, 75525,20190303,  130,    0
 11374, 75525,20190304,  112,    0
 11374, 75525,20190305,  119,    0
 11374, 75525,20190306,  140,    0
 11374, 75525,20190307,  143,    0
 11374, 75525,20190308,  141,    0
 11374, 75525,20190309,  138,    0
 11374, 75525,20190310,  138,    0
 11374, 75525,20190311,  131,    0
 11374, 75525,20190312,   77,    0
 11374, 75525,20190313,  107,    0
 11374, 75525,20190314,   90,    0
 11374, 75525,20190315,  106,    0
 11374, 75525,20190316,  116,    0
 11374, 75525,20190317,  137,    0
 11374, 75525,20190318,  133,    0
 11374, 75525,20190319,  169,    0
 11374, 75525,20190320,  149,    0
 11374, 75525,20190321,  161,    0
 11374, 75525,20190322,  158,    0
 11374, 75525,20190323,  188,    0
 11374, 75525,20190324,  199,    0
 11374, 75525,20190325,  146,    0
 11374, 75525,20190326,  125,    0
 11374, 75525,20190327,  138,    0
 11374, 75525,20190328,  154,    0
 11374, 75525,20190329,  168,    0
 11374, 75525,20190330,  184,    0
 11374, 75525,20190331,  189,    0
 11374, 75525,20190401,  181,    0
 11374, 75525,20190402,  162,    0
 11374, 75525,20190403,  153,    0
 11374, 75525,20190404,  141,    0
 11374, 75525,20190405,  124,    0
 11374, 75525,20190406,  176,    0
 11374, 75525,20190407,  178,    0
 11374, 75525,20190408,  140,    0
 11374, 75525,20190409,  138,    0
 11374, 75525,20190410,  152,    0
 11374, 75525,20190411,  140,    0
 11374, 75525,20190412,  126,    0
 11374, 75525,20190413,  157,    0
 11374, 75525,20190414,  144,    0
 11374, 75525,20190415,  157,    0
 11374, 75525,20190416,  169,    0
 11374, 75525,20190417,  155,    0
 11374, 75525,20190418,  158,    0
 11374, 75525,20190419,  175,    0
 11374, 75525,20190420,  188,    0
 11374, 75525,20190421,  161,    0
 11374, 75525,20190422,  162,    0
 11374, 75525,20190423,  173,    0
 11374, 75525,20190424,  203,    0
 11374, 75525,20190425,  205,    0
 11374, 75525,20190426,  206,    0
 11374, 75525,20190427,  184,    0
 11374, 75525,20190428,  159,    0
 11374, 75525,20190429,  155,    0
 11374, 75525,20190430,  119,    0
 11374, 75525,20190501,  138,    0
 11374, 75525,20190502,  152,    0
 11374, 75525,20190503,  170,    0
 11374, 75525,20190504,  149,    0
 11374,913463,20190505,-9999,    9
 11374, 75525,20190506,  141,    0
 11374, 75525,20190507,  135,    0
 11374, 75525,20190508,  133,    0
 11374, 75525,20190509,  139,    0
 11374, 75525,20190510,  168,    0
 11374, 75525,20190511,  177,    0
 11374, 75525,20190512,  167,    0
 11374, 75525,20190513,  150,    0
 11374, 75525,20190514,  162,    0
 11374, 75525,20190515,  153,    0
 11374, 75525,20190516,  165,    0
 11374, 75525,20190517,  181,    0
 11374, 75525,20190518,  187,    0
 11374, 75525,20190519,  194,    0
 11374, 75525,20190520,  175,    0
 11374, 75525,20190521,  172,    0
 11374,913463,20190522,-9999,    9
 11374, 75525,20190523,  188,    0
 11374, 75525,20190524,  202,    0
 11374, 75525,20190525,  207,    0
 11374, 75525,20190526,  203,    0
 11374, 75525,20190527,  196,    0
 11374, 75525,20190528,  173,    0
 11374, 75525,20190529,  192,    0
 11374, 75525,20190530,  195,    0
 11374, 75525,20190531,  192,    0
 11374, 75525,20190601,  200,    0
 11374, 75525,20190602,  200,    0
 11374, 75525,20190603,  172,    0
 11374, 75525,20190604,  197,    0
 11374, 75525,20190605,  212,    0
 11374, 75525,20190606,  234,    0
 11374, 75525,20190607,  236,    0
 11374, 75525,20190608,  258,    0
 11374, 75525,20190609,  284,    0
 11374, 75525,20190610,  287,    0
 11374,913463,20190611,-9999,    9
 11374, 75525,20190612,  276,    0
 11374, 75525,20190613,  281,    0
 11374, 75525,20190614,  280,    0
 11374, 75525,20190615,  299,    0
 11374, 75525,20190616,  296,    0
 11374, 75525,20190617,  281,    0
 11374, 75525,20190618,  176,    0
 11374, 75525,20190619,  273,    0
 11374, 75525,20190620,  268,    0
 11374, 75525,20190621,  277,    0
 11374, 75525,20190622,  286,    0
 11374, 75525,20190623,  276,    0
 11374, 75525,20190624,  269,    0
 11374, 75525,20190625,  298,    0
 11374, 75525,20190626,  325,    0
 11374, 75525,20190627,  321,    0
 11374, 75525,20190628,  301,    0
 11374, 75525,20190629,  292,    0
 11374, 75525,20190630,  280,    0
 11374, 75525,20190701,  298,    0
 11374, 75525,20190702,  307,    0
 11374, 75525,20190703,  320,    0
 11374, 75525,20190704,  309,    0
 11374, 75525,20190705,  292,    0
 11374, 75525,20190706,  299,    0
 11374, 75525,20190707,  294,    0
 11374, 75525,20190708,  292,    0
 11374, 75525,20190709,  278,    0
 11374, 75525,20190710,  234,    0
 11374, 75525,20190711,  248,    0
 11374, 75525,20190712,  158,    0
 11374, 75525,20190713,  247,    0
 11374, 75525,20190714,  247,    0
 11374, 75525,20190715,  264,    0
 11374, 75525,20190716,  259,    0
 11374, 75525,20190717,  278,    0
 11374, 75525,20190718,  266,    0
 11374, 75525,20190719,  269,    0
 11374, 75525,20190720,  285,    0
 11374, 75525,20190721,  294,    0
 11374, 75525,20190722,  295,    0
 11374, 75525,20190723,  300,    0
 11374, 75525,20190724,  300,    0
 11374, 75525,20190725,  312,    0
 11374, 75525,20190726,  298,    0
 11374, 75525,20190727,  293,    0
 11374, 75525,20190728,  269,    0
 11374, 75525,20190729,  223,    0
 11374, 75525,20190730,  252,    0
 11374, 75525,20190731,  278,    0
 11374, 75525,20190801,  294,    0
 11374, 75525,20190802,  289,    0
 11374, 75525,20190803,  272,    0
 11374, 75525,20190804,  276,    0
 11374, 75525,20190805,  265,    0
 11374, 75525,20190806,  271,    0
 11374, 75525,20190807,  279,    0
 11374, 75525,20190808,  278,    0
 11374, 75525,20190809,  293,    0
 11374, 75525,20190810,  301,    0
 11374, 75525,20190811,  321,    0
 11374, 75525,20190812,  328,    0
 11374, 75525,20190813,  336,    0
 11374, 75525,20190814,  292,    0
 11374, 75525,20190815,  258,    0
 11374, 75525,20190816,  251,    0
 11374, 75525,20190817,  248,    0
 11374, 75525,20190818,  262,    0
 11374, 75525,20190819,  278,    0
 11374, 75525,20190820,  292,    0
 11374, 75525,20190821,  294,    0
 11374, 75525,20190822,  307,    0
 11374, 75525,20190823,  315,    0
 11374, 75525,20190824,  289,    0
 11374, 75525,20190825,  298,    0
 11374, 75525,20190826,  185,    0
 11374, 75525,20190827,  302,    0
 11374, 75525,20190828,  295,    0
 11374, 75525,20190829,  294,    0
 11374, 75525,20190830,  298,    0
 11374, 75525,20190831,  199,    0
 11374, 75525,20190901,  296,    0
 11374, 75525,20190902,  277,    0
 11374, 75525,20190903,  272,    0
 11374,913463,20190904,-9999,    9
 11374, 75525,20190905,  269,    0
 11374, 75525,20190906,  278,    0
 11374, 75525,20190907,  261,    0
 11374, 75525,20190908,  261,    0
 11374, 75525,20190909,  244,    0
 11374, 75525,20190910,  253,    0
 11374, 75525,20190911,  248,    0
 11374, 75525,20190912,  260,    0
 11374, 75525,20190913,  271,    0
 11374, 75525,20190914,  264,    0
 11374, 75525,20190915,  268,    0
 11374, 75525,20190916,  261,    0
 11374, 75525,20190917,  252,    0
 11374, 75525,20190918,  244,    0
 11374, 75525,20190919,  220,    0
 11374, 75525,20190920,  207,    0
 11374, 75525,20190921,  204,    0
 11374, 75525,20190922,  198,    0
 11374, 75525,20190923,  202,    0
 11374, 75525,20190924,  213,    0
 11374, 75525,20190925,  207,    0
 11374, 75525,20190926,  220,    0
 11374, 75525,20190927,  219,    0
 11374, 75525,20190928,  227,    0
 11374, 75525,20190929,  229,    0
 11374, 75525,20190930,  218,    0
 11374, 75525,20191001,  235,    0
 11374, 75525,20191002,  224,    0
 11374, 75525,20191003,  175,    0
 11374, 75525,20191004,  177,    0
 11374, 75525,20191005,  174,    0
 11374, 75525,20191006,  178,    0
 11374, 75525,20191007,  178,    0
 11374, 75525,20191008,  176,    0
 11374, 75525,20191009,  170,    0
 11374, 75525,20191010,  215,    0
 11374, 75525,20191011,  210,    0
 11374, 75525,20191012,  209,    0
 11374, 75525,20191013,  210,    0
 11374, 75525,20191014,  201,    0
 11374, 75525,20191015,  195,    0
 11374, 75525,20191016,  201,    0
 11374, 75525,20191017,  202,    0
 11374, 75525,20191018,  200,    0
 11374, 75525,20191019,  136,    0
 11374, 75525,20191020,  195,    0
 11374, 75525,20191021,  199,    0
 11374, 75525,20191022,  199,    0
 11374, 75525,20191023,  202,    0
 11374, 75525,20191024,  196,    0
 11374, 75525,20191025,  184,    0
 11374, 75525,20191026,  188,    0
 11374, 75525,20191027,  178,    0
 11374, 75525,20191028,  168,    0
 11374, 75525,20191029,  163,    0
 11374, 75525,20191030,  170,    0
 11374, 75525,20191031,  176,    0
 11374, 75525,20191101,  148,    0
 11374, 75525,20191102,  123,    0
 11374, 75525,20191103,  174,    0
 11374, 75525,20191104,  179,    0
 11374, 75525,20191105,  154,    0
 11374, 75525,20191106,  192,    0
 11374, 75525,20191107,  151,    0
 11374, 75525,20191108,  155,    0
 11374, 75525,20191109,  159,    0
 11374, 75525,20191110,  135,    0
 11374, 75525,20191111,  144,    0
 11374, 75525,20191112,  126,    0
 11374, 75525,20191113,  148,    0
 11374, 75525,20191114,  163,    0
 11374, 75525,20191115,  134,    0
 11374, 75525,20191116,  170,    0
 11374, 75525,20191117,  150,    0
 11374, 75525,20191118,  154,    0
 11374, 75525,20191119,  115,    0
 11374, 75525,20191120,  147,    0
 11374,913463,20191121,-9999,    9
 11374, 75525,20191122,  128,    0
 11374, 75525,20191123,  121,    0
 11374, 75525,20191124,  129,    0
 11374, 75525,20191125,  127,    0
 11374, 75525,20191126,  132,    0
 11374, 75525,20191127,  118,    0
 11374, 75525,20191128,  139,    0
 11374, 75525,20191129,  124,    0
 11374, 75525,20191130,  121,    0
 11374, 75525,20191201,   90,    0
 11374, 75525,20191202,   71,    0
 11374, 75525,20191203,   93,    0
 11374, 75525,20191204,   87,    0
 11374, 75525,20191205,   60,    0
 11374, 75525,20191206,   97,    0
 11374, 75525,20191207,  123,    0
 11374, 75525,20191208,  114,    0
 11374, 75525,20191209,  103,    0
 11374, 75525,20191210,  114,    0
 11374, 75525,20191211,  125,    0
 11374, 75525,20191212,   76,    0
 11374, 75525,20191213,   86,    0
 11374, 75525,20191214,  131,    0
 11374, 75525,20191215,  104,    0
 11374, 75525,20191216,   85,    0
 11374, 75525,20191217,  132,    0
 11374, 75525,20191218,  112,    0
 11374, 75525,20191219,  102,    0
 11374, 75525,20191220,  115,    0
 11374, 75525,20191221,  134,    0
 11374, 75525,20191222,  153,    0
 11374, 75525,20191223,  123,    0
 11374, 75525,20191224,  128,    0
 11374, 75525,20191225,  112,    0
 11374, 75525,20191226,   98,    0
 11374, 75525,20191227,   83,    0
 11374,913463,20191228,-9999,    9
 11374, 75525,20191229,   69,    0
 11374, 75525,20191230,   53,    0
 11374, 75525,20191231,   43,    0
 11374, 75525,20200101,   73,    0
 11374, 75525,20200102,   65,    0
 11374, 75525,20200103,   61,    0
 11374, 75525,20200104,   52,    0
 11374, 75525,20200105,   63,    0
 11374, 75525,20200106,   50,    0
 11374, 75525,20200107,   49,    0
 11374, 75525,20200108,   60,    0
 11374, 75525,20200109,   49,    0
 11374, 75525,20200110,   51,    0
 11374, 75525,20200111,   78,    0
 11374, 75525,20200112,   89,    0
 11374, 75525,20200113,   75,    0
 11374, 75525,20200114,   70,    0
 11374, 75525,20200115,   75,    0
 11374, 75525,20200116,   71,    0
 11374, 75525,20200117,   70,    0
 11374, 75525,20200118,   57,    0
 11374, 75525,20200119,   70,    0
 11374, 75525,20200120,   73,    0
 11374, 75525,20200121,   40,    0
 11374, 75525,20200122,   37,    0
 11374,913463,20200123,   61,    0
 11374, 75525,20200124,   48,    0
 11374, 75525,20200125,   81,    0
 11374, 75525,20200126,   82,    0
 11374, 75525,20200127,  104,    0
 11374, 75525,20200128,   90,    0
 11374, 75525,20200129,  117,    0
 11374, 75525,20200130,   96,    0
 11374, 75525,20200131,   58,    0
 11374, 75525,20200201,  123,    0
 11374, 75525,20200202,  135,    0
 11374, 75525,20200203,  114,    0
 11374, 75525,20200204,  113,    0
 11374, 75525,20200205,   88,    0
 11374, 75525,20200206,   53,    0
 11374, 75525,20200207,   60,    0
 11374, 75525,20200208,   74,    0
 11374, 75525,20200209,   67,    0
 11374, 75525,20200210,   79,    0
 11374, 75525,20200211,  117,    0
 11374, 75525,20200212,  131,    0
 11374, 75525,20200213,  112,    0
 11374, 75525,20200214,   83,    0
 11374, 75525,20200215,  130,    0
 11374, 75525,20200216,   98,    0
 11374, 75525,20200217,  101,    0
 11374, 75525,20200218,  100,    0
 11374, 75525,20200219,  121,    0
 11374, 75525,20200220,  100,    0
 11374, 75525,20200221,  101,    0
 11374,913463,20200222,-9999,    9
 11374, 75525,20200223,   86,    0
 11374, 75525,20200224,  101,    0
 11374, 75525,20200225,  119,    0
 11374, 75525,20200226,  143,    0
 11374, 75525,20200227,  103,    0
 11374, 75525,20200228,   86,    0
 11374, 75525,20200229,   73,    0
 11374, 75525,20200301,   50,    0
 11374, 75525,20200302,  134,    0
 11374, 75525,20200303,  154,    0
 11374, 75525,20200304,  102,    0
 11374, 75525,20200305,  117,    0
 11374, 75525,20200306,   80,    0
 11374, 75525,20200307,  120,    0
 11374, 75525,20200308,   98,    0
 11374, 75525,20200309,  110,    0
 11374, 75525,20200310,  127,    0
 11374, 75525,20200311,  113,    0
 11374, 75525,20200312,  145,    0
 11374, 75525,20200313,  155,    0
 11374, 75525,20200314,  157,    0
 11374, 75525,20200315,  138,    0
 11374, 75525,20200316,  113,    0
 11374, 75525,20200317,  120,    0
 11374, 75525,20200318,  140,    0
 11374, 75525,20200319,  141,    0
 11374, 75525,20200320,  137,    0
 11374, 75525,20200321,  133,    0
 11374, 75525,20200322,  156,    0
 11374, 75525,20200323,   76,    0
 11374, 75525,20200324,   49,    0
 11374, 75525,20200325,   54,    0
 11374, 75525,20200326,  127,    0
 11374, 75525,20200327,  124,    0
 11374, 75525,20200328,  119,    0
 11374, 75525,20200329,  136,    0
 11374, 75525,20200330,  144,    0
 11374, 75525,20200331,  134,    0
 11374, 75525,20200401,   58,    0
 11374, 75525,20200402,   74,    0
 11374, 75525,20200403,  108,    0
 11374, 75525,20200404,  137,    0
 11374, 75525,20200405,  166,    0
 11374, 75525,20200406,  180,    0
 11374, 75525,20200407,  158,    0
 11374, 75525,20200408,  177,    0
 11374, 75525,20200409,  167,    0
 11374, 75525,20200410,  169,    0
 11374, 75525,20200411,  194,    0
 11374, 75525,20200412,  197,    0
 11374,913463,20200413,-9999,    9
 11374, 75525,20200414,  146,    0
 11374, 75525,20200415,  123,    0
 11374, 75525,20200416,  143,    0
 11374, 75525,20200417,  147,    0
 11374, 75525,20200418,  159,    0
 11374, 75525,20200419,  179,    0
 11374, 75525,20200420,  179,    0
 11374, 75525,20200421,  155,    0
 11374, 75525,20200422,  159,    0
 11374, 75525,20200423,  153,    0
 11374, 75525,20200424,  155,    0
 11374, 75525,20200425,  157,    0
 11374, 75525,20200426,  163,    0
 11374, 75525,20200427,  184,    0
 11374, 75525,20200428,  178,    0
 11374, 75525,20200429,  185,    0
 11374, 75525,20200430,  177,    0
 11374, 75525,20200501,  176,    0
 11374, 75525,20200502,  168,    0
 11374, 75525,20200503,  166,    0
 11374, 75525,20200504,  179,    0
 11374, 75525,20200505,  177,    0
 11374, 75525,20200506,  151,    0
 11374, 75525,20200507,  168,    0
 11374, 75525,20200508,  179,    0
 11374, 75525,20200509,  160,    0
 11374, 75525,20200510,  169,    0
 11374, 75525,20200511,  192,    0
 11374, 75525,20200512,  214,    0
 11374, 75525,20200513,  211,    0
 11374, 75525,20200514,  243,    0
 11374, 75525,20200515,  231,    0
 11374, 75525,20200516,  231,    0
 11374, 75525,20200517,  249,    0
 11374, 75525,20200518,  266,    0
 11374, 75525,20200519,  265,    0
 11374, 75525,20200520,  240,    0
 11374, 75525,20200521,  223,    0
 11374, 75525,20200522,  216,    0
 11374, 75525,20200523,  211,    0
 11374, 75525,20200524,  203,    0
 11374, 75525,20200525,  217,    0
 11374, 75525,20200526,  201,    0
 11374, 75525,20200527,  123,    0
 11374, 75525,20200528,  206,    0
 11374, 75525,20200529,  193,    0
 11374, 75525,20200530,  175,    0
 11374, 75525,20200531,  169,    0
 11374, 75525,20200601,  189,    0
 11374, 75525,20200602,  203,    0
 11374, 75525,20200603,  179,    0
 11374, 75525,20200604,  196,    0
 11374, 75525,20200605,  187,    0
 11374, 75525,20200606,  201,    0
 11374, 75525,20200607,  216,    0
 11374, 75525,20200608,  218,    0
 11374, 75525,20200609,  237,    0
 11374, 75525,20200610,  227,    0
 11374, 75525,20200611,  201,    0
 11374, 75525,20200612,  204,    0
 11374, 75525,20200613,  226,    0
 11374, 75525,20200614,  229,    0
 11374, 75525,20200615,  227,    0
 11374, 75525,20200616,  214,    0
 11374, 75525,20200617,  204,    0
 11374, 75525,20200618,  224,    0
 11374, 75525,20200619,  227,    0
 11374, 75525,20200620,  239,    0
 11374, 75525,20200621,  227,    0
 11374, 75525,20200622,  230,    0
 11374, 75525,20200623,  253,    0
 11374, 75525,20200624,  274,    0
 11374, 75525,20200625,  269,    0
 11374, 75525,20200626,  279,    0
 11374, 75525,20200627,  291,    0
 11374, 75525,20200628,  290,    0
 11374, 75525,20200629,  283,    0
 11374, 75525,20200630,  288,    0
 11374,913463,20200701,  308,    0
 11374,913463,20200702,  302,    0
 11374,913463,20200703,  311,    0
 11374,913463,20200704,  303,    0
 11374,913463,20200705,  287,    0
 11374,913463,20200706,  300,    0
 11374,913463,20200707,  251,    0
 11374,913463,20200708,  259,    0
 11374,913463,20200709,  273,    0
 11374,913463,20200710,  289,    0
 11374,913463,20200711,  297,    0
 11374,913463,20200712,  275,    0
 11374,913463,20200713,  263,    0
 11374,913463,20200714,  248,    0
 11374,913463,20200715,  240,    0
 11374, 75525,20200716,  258,    0
 11374, 75525,20200717,  259,    0
 11374, 75525,20200718,  251,    0
 11374, 75525,20200719,  231,    0
 11374, 75525,20200720,  252,    0
 11374, 75525,20200721,  281,    0
 11374,913463,20200722,  293,    0
 11374, 75525,20200723,  309,    0
 11374, 75525,20200724,  299,    0
 11374, 75525,20200725,  282,    0
 11374, 75525,20200726,  275,    0
 11374, 75525,20200727,  298,    0
 11374, 75525,20200728,  299,    0
 11374, 75525,20200729,  315,    0
 11374, 75525,20200730,  323,    0
 11374, 75525,20200731,  315,    0
 11374, 75525,20200801,  315,    0
 11374, 75525,20200802,  324,    0
 11374, 75525,20200803,  299,    0
 11374, 75525,20200804,  276,    0
 11374, 75525,20200805,  248,    0
 11374, 75525,20200806,  255,    0
 11374, 75525,20200807,  249,    0
 11374, 75525,20200808,  269,    0
 11374, 75525,20200809,  309,    0
 11374, 75525,20200810,  300,    0
 11374, 75525,20200811,  303,    0
 11374, 75525,20200812,  288,    0
 11374, 75525,20200813,  279,    0
 11374, 75525,20200814,  293,    0
 11374, 75525,20200815,  282,    0
 11374, 75525,20200816,  273,    0
 11374, 75525,20200817,  282,    0
 11374, 75525,20200818,  272,    0
 11374, 75525,20200819,  262,    0
 11374, 75525,20200820,  259,    0
 11374, 75525,20200821,  291,    0
 11374, 75525,20200822,  289,    0
 11374, 75525,20200823,  290,    0
 11374, 75525,20200824,  297,    0
 11374, 75525,20200825,  257,    0
 11374, 75525,20200826,  252,    0
 11374, 75525,20200827,  278,    0
 11374, 75525,20200828,  278,    0
 11374, 75525,20200829,  280,    0
 11374, 75525,20200830,  279,    0
 11374, 75525,20200831,  294,    0
 11374, 75525,20200901,  269,    0
 11374, 75525,20200902,  234,    0
 11374, 75525,20200903,  247,    0
 11374, 75525,20200904,  255,    0
 11374, 75525,20200905,  249,    0
 11374, 75525,20200906,  247,    0
 11374, 75525,20200907,  256,    0
 11374, 75525,20200908,  289,    0
 11374, 75525,20200909,  286,    0
 11374, 75525,20200910,  279,    0
 11374, 75525,20200911,  298,    0
 11374, 75525,20200912,  298,    0
 11374, 75525,20200913,  298,    0
 11374, 75525,20200914,  310,    0
 11374, 75525,20200915,  299,    0
 11374, 75525,20200916,  288,    0
 11374, 75525,20200917,  281,    0
 11374,913463,20200918,-9999,    9
 11374, 75525,20200919,  266,    0
 11374, 75525,20200920,  256,    0
 11374, 75525,20200921,  246,    0
 11374, 75525,20200922,  245,    0
 11374, 75525,20200923,  206,    0
 11374, 75525,20200924,  214,    0
 11374, 75525,20200925,  211,    0
 11374, 75525,20200926,  189,    0
 11374, 75525,20200927,  166,    0
 11374, 75525,20200928,  190,    0
 11374, 75525,20200929,  176,    0
 11374, 75525,20200930,  177,    0
 11374, 75525,20201001,  166,    0
 11374, 75525,20201002,  197,    0
 11374, 75525,20201003,  235,    0
 11374, 75525,20201004,  238,    0
 11374, 75525,20201005,  234,    0
 11374, 75525,20201006,  210,    0
 11374, 75525,20201007,  168,    0
 11374, 75525,20201008,  173,    0
 11374, 75525,20201009,  199,    0
 11374, 75525,20201010,  182,    0
 11374, 75525,20201011,  172,    0
 11374, 75525,20201012,  155,    0
 11374,913463,20201013,-9999,    9
 11374, 75525,20201014,  148,    0
 11374, 75525,20201015,  178,    0
 11374, 75525,20201016,  178,    0
 11374, 75525,20201017,  153,    0
 11374, 75525,20201018,  153,    0
 11374, 75525,20201019,  147,    0
 11374, 75525,20201020,  147,    0
 11374, 75525,20201021,  153,    0
 11374, 75525,20201022,  151,    0
 11374, 75525,20201023,  150,    0
 11374, 75525,20201024,  136,    0
 11374, 75525,20201025,  150,    0
 11374, 75525,20201026,  156,    0
 11374, 75525,20201027,  165,    0
 11374, 75525,20201028,  161,    0
 11374, 75525,20201029,  154,    0
 11374, 75525,20201030,  174,    0
 11374, 75525,20201031,  155,    0
 11374, 75525,20201101,  152,    0
 11374, 75525,20201102,  158,    0
 11374, 75525,20201103,  163,    0
 11374, 75525,20201104,  167,    0
 11374, 75525,20201105,  193,    0
 11374, 75525,20201106,  194,    0
 11374, 75525,20201107,  145,    0
 11374, 75525,20201108,  137,    0
 11374, 75525,20201109,  135,    0
 11374, 75525,20201110,  136,    0
 11374, 75525,20201111,  113,    0
 11374, 75525,20201112,  119,    0
 11374, 75525,20201113,  142,    0
 11374, 75525,20201114,  127,    0
 11374, 75525,20201115,  117,    0
 11374, 75525,20201116,  147,    0
 11374, 75525,20201117,  157,    0
 11374, 75525,20201118,  149,    0
 11374, 75525,20201119,   92,    0
 11374, 75525,20201120,  103,    0
 11374, 75525,20201121,  118,    0
 11374, 75525,20201122,   99,    0
 11374, 75525,20201123,   88,    0
 11374, 75525,20201124,  108,    0
 11374, 75525,20201125,   95,    0
 11374, 75525,20201126,   88,    0
 11374, 75525,20201127,   84,    0
 11374, 75525,20201128,   80,    0
 11374, 75525,20201129,  122,    0
 11374, 75525,20201130,  109,    0
 11374,913463,20201201,   63,    0
 11374,913463,20201202,   57,    0
 11374,913463,20201203,   89,    0
 11374,913463,20201204,  118,    0
 11374,913463,20201205,  131,    0
 11374,913463,20201206,  124,    0
 11374,913463,20201207,-9999,    9
 11374,913463,20201208,  107,    0
 11374,913463,20201209,  113,    0
 11374,913463,20201210,   88,    0
 11374,913463,20201211,   84,    0
 11374,913463,20201212,   91,    0
 11374,913463,20201213,  119,    0
 11374,913463,20201214,  130,    0
 11374,913463,20201215,  105,    0
 11374, 75525,20201216,   90,    0
 11374, 75525,20201217,   98,    0
 11374, 75525,20201218,   88,    0
 11374, 75525,20201219,   68,    0
 11374, 75525,20201220,   89,    0
 11374, 75525,20201221,   91,    0
 11374, 75525,20201222,   81,    0
 11374, 75525,20201223,  107,    0
 11374, 75525,20201224,   80,    0
 11374, 75525,20201225,  112,    0
 11374, 75525,20201226,  109,    0
 11374, 75525,20201227,   70,    0
 11374, 75525,20201228,  100,    0
 11374, 75525,20201229,  107,    0
 11374, 75525,20201230,  113,    0
 11374, 75525,20201231,  105,    0
 11374, 75525,20210101,   89,    0
 11374, 75525,20210102,   94,    0
 11374, 75525,20210103,  115,    0
 11374, 75525,20210104,   99,    0
 11374, 75525,20210105,   93,    0
 11374, 75525,20210106,   99,    0
 11374, 75525,20210107,   89,    0
 11374, 75525,20210108,   92,    0
 11374, 75525,20210109,   95,    0
 11374, 75525,20210110,   70,    0
 11374, 75525,20210111,  106,    0
 11374, 75525,20210112,  102,    0
 11374, 75525,20210113,   79,    0
 11374, 75525,20210114,   24,    0
 11374, 75525,20210115,   51,    0
 11374, 75525,20210116,   42,    0
 11374, 75525,20210117,    1,    0
 11374, 75525,20210118,   20,    0
 11374, 75525,20210119,   30,    0
 11374,913463,20210120,   61,    0
 11374, 75525,20210121,   80,    0
 11374, 75525,20210122,   95,    0
 11374, 75525,20210123,  118,    0
 11374, 75525,20210124,   93,    0
 11374, 75525,20210125,   96,    0
 11374, 75525,20210126,   64,    0
 11374, 75525,20210127,   48,    0
 11374, 75525,20210128,   44,    0
 11374, 75525,20210129,   55,    0
 11374, 75525,20210130,  111,    0
 11374, 75525,20210131,   87,    0
 11374, 75525,20210201,  102,    0
 11374, 75525,20210202,  111,    0
 11374, 75525,20210203,  111,    0
 11374, 75525,20210204,  102,    0
 11374, 75525,20210205,  123,    0
 11374, 75525,20210206,  122,    0
 11374, 75525,20210207,  119,    0
 11374, 75525,20210208,  125,    0
 11374, 75525,20210209,  114,    0
 11374, 75525,20210210,  113,    0
 11374, 75525,20210211,  114,    0
 11374, 75525,20210212,   57,    0
 11374, 75525,20210213,   29,    0
 11374, 75525,20210214,    0,    0
 11374, 75525,20210215,   31,    0
 11374, 75525,20210216,   35,    0
 11374, 75525,20210217,   50,    0
 11374, 75525,20210218,   82,    0
 11374, 75525,20210219,   87,    0
 11374,913463,20210220,-9999,    9
 11374, 75525,20210221,  108,    0
 11374, 75525,20210222,  111,    0
 11374, 75525,20210223,  116,    0
 11374, 75525,20210224,  132,    0
 11374, 75525,20210225,  159,    0
 11374, 75525,20210226,  153,    0
 11374, 75525,20210227,  145,    0
 11374, 75525,20210228,  136,    0
 11374, 75525,20210301,  111,    0
 11374, 75525,20210302,  133,    0
 11374, 75525,20210303,  120,    0
 11374, 75525,20210304,  111,    0
 11374, 75525,20210305,   94,    0
 11374, 75525,20210306,  113,    0
 11374, 75525,20210307,   81,    0
 11374, 75525,20210308,   84,    0
 11374, 75525,20210309,   84,    0
 11374, 75525,20210310,   80,    0
 11374, 75525,20210311,   96,    0
 11374, 75525,20210312,   83,    0
 11374, 75525,20210313,  114,    0
 11374, 75525,20210314,  127,    0
 11374, 75525,20210315,   91,    0
 11374, 75525,20210316,   95,    0
 11374, 75525,20210317,   91,    0
 11374, 75525,20210318,   92,    0
 11374, 75525,20210319,   79,    0
 11374, 75525,20210320,   71,    0
 11374, 75525,20210321,   82,    0
 11374, 75525,20210322,   92,    0
 11374, 75525,20210323,   78,    0
 11374, 75525,20210324,  100,    0
 11374, 75525,20210325,   98,    0
 11374, 75525,20210326,   88,    0
 11374,913463,20210327,-9999,    9
 11374, 75525,20210328,  144,    0
 11374, 75525,20210329,  152,    0
 11374, 75525,20210330,  180,    0
 11374,913463,20210331,-9999,    9
 11374, 75525,20210401,  182,    0
 11374, 75525,20210402,  156,    0
 11374, 75525,20210403,  143,    0
 11374, 75525,20210404,  106,    0
 11374, 75525,20210405,  105,    0
 11374, 75525,20210406,   98,    0
 11374, 75525,20210407,   89,    0
 11374, 75525,20210408,   88,    0
 11374, 75525,20210409,  105,    0
 11374, 75525,20210410,  115,    0
 11374, 75525,20210411,  107,    0
 11374, 75525,20210412,  140,    0
 11374, 75525,20210413,  127,    0
 11374, 75525,20210414,  107,    0
 11374, 75525,20210415,  123,    0
 11374, 75525,20210416,  126,    0
 11374, 75525,20210417,  108,    0
 11374,913463,20210418,-9999,    9
 11374, 75525,20210419,  108,    0
 11374, 75525,20210420,  113,    0
 11374, 75525,20210421,  134,    0
 11374, 75525,20210422,  113,    0
 11374, 75525,20210423,  121,    0
 11374,913463,20210424,-9999,    9
 11374, 75525,20210425,  165,    0
 11374, 75525,20210426,  159,    0
 11374, 75525,20210427,  170,    0
 11374, 75525,20210428,  177,    0
 11374, 75525,20210429,  197,    0
 11374, 75525,20210430,  205,    0
 11374, 75525,20210501,  211,    0
 11374, 75525,20210502,  221,    0
 11374,913463,20210503,-9999,    9
 11374, 75525,20210504,  177,    0
 11374, 75525,20210505,  182,    0
 11374, 75525,20210506,  196,    0
 11374, 75525,20210507,  182,    0
 11374, 75525,20210508,  208,    0
 11374,913463,20210509,-9999,    9
 11374, 75525,20210510,  219,    0
 11374, 75525,20210511,  229,    0
 11374, 75525,20210512,  199,    0
 11374, 75525,20210513,  157,    0
 11374, 75525,20210514,  165,    0
 11374,913463,20210515,-9999,    9
 11374, 75525,20210516,  180,    0
 11374, 75525,20210517,  191,    0
 11374, 75525,20210518,  204,    0
 11374, 75525,20210519,  187,    0
 11374, 75525,20210520,  171,    0
 11374,913463,20210521,-9999,    9
 11374, 75525,20210522,  190,    0
 11374,913463,20210523,-9999,    9
 11374, 75525,20210524,  240,    0
 11374, 75525,20210525,  242,    0
 11374, 75525,20210526,  231,    0
 11374, 75525,20210527,  219,    0
 11374, 75525,20210528,  209,    0
 11374,913463,20210529,-9999,    9
 11374,913463,20210530,-9999,    9
 11374, 75525,20210531,  196,    0
 11374, 75525,20210601,  187,    0
 11374, 75525,20210602,  193,    0
 11374, 75525,20210603,  205,    0
 11374, 75525,20210604,  217,    0
 11374,913462,20210605,  219,    0
 11374, 75525,20210606,  238,    0
 11374, 75525,20210607,  212,    0
 11374, 75525,20210608,  250,    0
 11374, 75525,20210609,  266,    0
 11374, 75525,20210610,  257,    0
 11374,913462,20210611,  244,    0
 11374, 75525,20210612,  246,    0
 11374, 75525,20210613,  236,    0
 11374, 75525,20210614,  227,    0
 11374, 75525,20210615,  226,    0
 11374, 75525,20210616,  256,    0
 11374, 75525,20210617,  262,    0
 11374, 75525,20210618,  260,    0
 11374, 75525,20210619,  261,    0
 11374, 75525,20210620,  278,    0
 11374, 75525,20210621,  282,    0
 11374, 75525,20210622,  294,    0
 11374, 75525,20210623,  309,    0
 11374, 75525,20210624,  314,    0
 11374,913463,20210625,  311,    0
 11374, 75525,20210626,  295,    0
 11374, 75525,20210627,  295,    0
 11374, 75525,20210628,  303,    0
 11374, 75525,20210629,  296,    0
 11374, 75525,20210630,  304,    0
 11374, 75525,20210701,  283,    0
 11374, 75525,20210702,  274,    0
 11374, 75525,20210703,  285,    0
 11374, 75525,20210704,  277,    0
 11374, 75525,20210705,  288,    0
 11374, 75525,20210706,  311,    0
 11374, 75525,20210707,  312,    0
 11374, 75525,20210708,  317,    0
 11374, 75525,20210709,  334,    0
 11374, 75525,20210710,  312,    0
 11374, 75525,20210711,  282,    0
 11374, 75525,20210712,  292,    0
 11374, 75525,20210713,  300,    0
 11374, 75525,20210714,  345,    0
 11374, 75525,20210715,  294,    0
 11374, 75525,20210716,  271,    0
 11374, 75525,20210717,  264,    0
 11374, 75525,20210718,  240,    0
 11374, 75525,20210719,  261,    0
 11374, 75525,20210720,  268,    0
 11374, 75525,20210721,  289,    0
 11374, 75525,20210722,  280,    0
 11374, 75525,20210723,  282,    0
 11374, 75525,20210724,  289,    0
 11374, 75525,20210725,  296,    0
 11374, 75525,20210726,  303,    0
 11374, 75525,20210727,  315,    0
 11374, 75525,20210728,  337,    0
 11374, 75525,20210729,  333,    0
 11374, 75525,20210730,  324,    0
 11374, 75525,20210731,  316,    0
 11374, 75525,20210801,  325,    0
 11374, 75525,20210802,  307,    0
 11374, 75525,20210803,  292,    0
 11374, 75525,20210804,  303,    0
 11374, 75525,20210805,  292,    0
 11374, 75525,20210806,  284,    0
 11374, 75525,20210807,  288,    0
 11374, 75525,20210808,  303,    0
 11374,913463,20210809,  313,    0
 11374, 75525,20210810,  317,    0
 11374, 75525,20210811,  320,    0
 11374, 75525,20210812,  326,    0
 11374, 75525,20210813,  327,    0
 11374, 75525,20210814,  328,    0
 11374, 75525,20210815,  325,    0
 11374, 75525,20210816,  308,    0
 11374, 75525,20210817,  294,    0
 11374, 75525,20210818,  286,    0
 11374, 75525,20210819,  275,    0
 11374, 75525,20210820,  287,    0
 11374, 75525,20210821,  282,    0
 11374, 75525,20210822,  303,    0
 11374, 75525,20210823,  298,    0
 11374, 75525,20210824,  287,    0
 11374, 75525,20210825,  246,    0
 11374, 75525,20210826,  236,    0
 11374, 75525,20210827,  239,    0
 11374, 75525,20210828,  251,    0
 11374, 75525,20210829,  228,    0
 11374, 75525,20210830,  222,    0
 11374, 75525,20210831,  228,    0
 11374, 75525,20210901,  234,    0
 11374, 75525,20210902,  252,    0
 11374, 75525,20210903,  243,    0
 11374, 75525,20210904,  239,    0
 11374, 75525,20210905,  242,    0
 11374, 75525,20210906,  265,    0
 11374, 75525,20210907,  256,    0
 11374, 75525,20210908,  248,    0
 11374, 75525,20210909,  241,    0
 11374, 75525,20210910,  240,    0
 11374, 75525,20210911,  245,    0
 11374, 75525,20210912,  252,    0
 11374, 75525,20210913,  277,    0
 11374, 75525,20210914,  268,    0
 11374, 75525,20210915,  260,    0
 11374, 75525,20210916,  256,    0
 11374, 75525,20210917,  248,    0
 11374, 75525,20210918,  239,    0
 11374, 75525,20210919,  241,    0
 11374, 75525,20210920,  236,    0
 11374, 75525,20210921,  226,    0
 11374, 75525,20210922,  190,    0
 11374, 75525,20210923,  186,    0
 11374, 75525,20210924,  187,    0
 11374, 75525,20210925,  210,    0
 11374, 75525,20210926,  220,    0
 11374, 75525,20210927,  232,    0
 11374, 75525,20210928,  229,    0
 11374, 75525,20210929,  244,    0
 11374, 75525,20210930,  229,    0
 11374, 75525,20211001,  217,    0
 11374, 75525,20211002,  202,    0
 11374, 75525,20211003,  197,    0
 11374, 75525,20211004,  205,    0
 11374, 75525,20211005,  200,    0
 11374, 75525,20211006,  168,    0
 11374, 75525,20211007,  178,    0
 11374, 75525,20211008,  173,    0
 11374, 75525,20211009,  157,    0
 11374, 75525,20211010,  137,    0
 11374, 75525,20211011,  162,    0
 11374, 75525,20211012,  162,    0
 11374, 75525,20211013,  149,    0
 11374, 75525,20211014,  134,    0
 11374, 75525,20211015,  135,    0
 11374, 75525,20211016,  163,    0
 11374, 75525,20211017,  171,    0
 11374, 75525,20211018,  172,    0
 11374, 75525,20211019,  172,    0
 11374, 75525,20211020,  164,    0
 11374, 75525,20211021,  154,    0
 11374, 75525,20211022,  178,    0
 11374, 75525,20211023,  178,    0
 11374, 75525,20211024,  162,    0
 11374, 75525,20211025,  137,    0
 11374, 75525,20211026,  128,    0
 11374, 75525,20211027,  134,    0
 11374, 75525,20211028,  147,    0
 11374, 75525,20211029,  139,    0
 11374, 75525,20211030,  143,    0
 11374, 75525,20211031,  137,    0
 11374, 75525,20211101,  139,    0
 11374, 75525,20211102,  136,    0
 11374, 75525,20211103,  148,    0
 11374, 75525,20211104,  163,    0
 11374, 75525,20211105,  186,    0
 11374, 75525,20211106,  183,    0
 11374, 75525,20211107,  203,    0
 11374, 75525,20211108,  159,    0
 11374, 75525,20211109,  178,    0
 11374, 75525,20211110,  144,    0
 11374, 75525,20211111,  143,    0
 11374, 75525,20211112,  125,    0
 11374, 75525,20211113,  133,    0
 11374, 75525,20211114,  140,    0
 11374, 75525,20211115,  132,    0
 11374, 75525,20211116,  137,    0
 11374, 75525,20211117,  107,    0
 11374, 75525,20211118,  141,    0
 11374, 75525,20211119,  144,    0
 11374, 75525,20211120,  146,    0
 11374, 75525,20211121,  125,    0
 11374, 75525,20211122,  116,    0
 11374, 75525,20211123,  133,    0
 11374, 75525,20211124,  134,    0
 11374, 75525,20211125,  113,    0
 11374, 75525,20211126,  124,    0
 11374, 75525,20211127,  148,    0
 11374, 75525,20211128,  139,    0
 11374, 75525,20211129,  116,    0
 11374, 75525,20211130,   72,    0
 11374, 75525,20211201,   63,    0
 11374, 75525,20211202,   90,    0
 11374, 75525,20211203,  130,    0
 11374, 75525,20211204,  106,    0
 11374, 75525,20211205,   71,    0
 11374, 75525,20211206,  104,    0
 11374, 75525,20211207,   87,    0
 11374, 75525,20211208,   71,    0
 11374, 75525,20211209,   98,    0
 11374, 75525,20211210,   72,    0
 11374, 75525,20211211,   72,    0
 11374, 75525,20211212,   88,    0
 11374, 75525,20211213,   85,    0
 11374, 75525,20211214,   85,    0
 11374, 75525,20211215,   96,    0
 11374, 75525,20211216,   93,    0
 11374, 75525,20211217,   95,    0
 11374, 75525,20211218,   76,    0
 11374, 75525,20211219,   61,    0
 11374, 75525,20211220,   59,    0
 11374, 75525,20211221,   63,    0
 11374, 75525,20211222,   41,    0
 11374, 75525,20211223,   32,    0
 11374, 75525,20211224,   58,    0
 11374, 75525,20211225,   78,    0
 11374, 75525,20211226,  117,    0
 11374, 75525,20211227,  130,    0
 11374, 75525,20211228,  118,    0
 11374, 75525,20211229,  103,    0
 11374, 75525,20211230,  104,    0
 11374, 75525,20211231,  123,    0
 11374, 75525,20220101,  119,    0
 11374, 75525,20220102,  137,    0
 11374, 75525,20220103,  102,    0
 11374, 75525,20220104,  108,    0
 11374, 75525,20220105,  110,    0
 11374, 75525,20220106,  133,    0
 11374, 75525,20220107,   77,    0
 11374, 75525,20220108,   73,    0
 11374, 75525,20220109,   94,    0
 11374, 75525,20220110,   67,    0
 11374, 75525,20220111,   74,    0
 11374, 75525,20220112,   73,    0
 11374, 75525,20220113,   49,    0
 11374, 75525,20220114,   79,    0
 11374, 75525,20220115,   84,    0
 11374, 75525,20220116,   70,    0
 11374, 75525,20220117,   81,    0
 11374, 75525,20220118,   83,    0
 11374, 75525,20220119,   64,    0
 11374, 75525,20220120,   25,    0
 11374, 75525,20220121,   56,    0
 11374, 75525,20220122,   28,    0
 11374, 75525,20220123,   45,    0
 11374, 75525,20220124,   26,    0
 11374,913463,20220125,   26,    0
 11374, 75525,20220126,   33,    0
 11374, 75525,20220127,   36,    0
 11374, 75525,20220128,   40,    0
 11374, 75525,20220129,   70,    0
 11374, 75525,20220130,   51,    0
 11374, 75525,20220131,   54,    0
 11374, 75525,20220201,   62,    0
 11374, 75525,20220202,   79,    0
 11374, 75525,20220203,   82,    0
 11374, 75525,20220204,   61,    0
 11374, 75525,20220205,   66,    0
 11374, 75525,20220206,   93,    0
 11374, 75525,20220207,   80,    0
 11374, 75525,20220208,   -4,    0
 11374, 75525,20220209,   82,    0
 11374, 75525,20220210,   94,    0
 11374, 75525,20220211,   92,    0
 11374, 75525,20220212,   87,    0
 11374, 75525,20220213,   83,    0
 11374, 75525,20220214,   69,    0
 11374, 75525,20220215,   84,    0
 11374, 75525,20220216,   85,    0
 11374, 75525,20220217,   93,    0
 11374, 75525,20220218,  102,    0
 11374, 75525,20220219,  117,    0
 11374, 75525,20220220,  114,    0
 11374, 75525,20220221,  122,    0
 11374, 75525,20220222,  103,    0
 11374, 75525,20220223,  116,    0
 11374, 75525,20220224,  120,    0
 11374, 75525,20220225,   98,    0
 11374, 75525,20220226,  531,    1
 11374, 75525,20220227,   95,    0
 11374, 75525,20220228,   94,    0
 11374, 75525,20220301,   76,    0
 11374,913462,20220302,   80,    0
 11374, 75525,20220303,   84,    0
 11374, 75525,20220304,   82,    0
 11374, 75525,20220305,   87,    0
 11374, 75525,20220306,   69,    0
 11374, 75525,20220307,   71,    0
 11374, 75525,20220308,   57,    0
 11374, 75525,20220309,   70,    0
 11374, 75525,20220310,   69,    0
 11374, 75525,20220311,   55,    0
 11374, 75525,20220312,   58,    0
 11374, 75525,20220313,   58,    0
 11374, 75525,20220314,   83,    0
 11374, 75525,20220315,   93,    0
 11374, 75525,20220316,  105,    0
 11374, 75525,20220317,  122,    0
 11374, 75525,20220318,  137,    0
 11374, 75525,20220319,  107,    0
 11374, 75525,20220320,   88,    0
 11374, 75525,20220321,  110,    0
 11374, 75525,20220322,  149,    0
 11374, 75525,20220323,  175,    0
 11374, 75525,20220324,  171,    0
 11374, 75525,20220325,  137,    0
 11374, 75525,20220326,  139,    0
 11374, 75525,20220327,  141,    0
 11374, 75525,20220328,  128,    0
 11374, 75525,20220329,  147,    0
 11374, 75525,20220330,  136,    0
 11374, 75525,20220331,  127,    0
 11374, 75525,20220401,  152,    0
 11374, 75525,20220402,  130,    0
 11374, 75525,20220403,   70,    0
 11374,913462,20220404,   74,    0
 11374, 75525,20220405,  115,    0
 11374, 75525,20220406,  139,    0
 11374, 75525,20220407,  125,    0
 11374, 75525,20220408,  147,    0
 11374, 75525,20220409,  176,    0
 11374, 75525,20220410,  130,    0
 11374, 75525,20220411,  126,    0
 11374, 75525,20220412,  128,    0
 11374, 75525,20220413,  153,    0
 11374, 75525,20220414,  163,    0
 11374, 75525,20220415,  179,    0
 11374, 75525,20220416,  176,    0
 11374, 75525,20220417,  144,    0
 11374, 75525,20220418,  137,    0
 11374, 75525,20220419,  122,    0
 11374, 75525,20220420,  103,    0
 11374, 75525,20220421,  120,    0
 11374, 75525,20220422,  146,    0
 11374, 75525,20220423,  163,    0
 11374, 75525,20220424,  170,    0
 11374,913463,20220425,  183,    0
 11374, 75525,20220426,  174,    0
 11374, 75525,20220427,  184,    0
 11374, 75525,20220428,  192,    0
 11374, 75525,20220429,  207,    0
 11374, 75525,20220430,  210,    0
 11374, 75525,20220501,  132,    0
 11374, 75525,20220502,  150,    0
 11374, 75525,20220503,  167,    0
 11374, 75525,20220504,  170,    0
 11374, 75525,20220505,  173,    0
 11374, 75525,20220506,  175,    0
 11374, 75525,20220507,  194,    0
 11374, 75525,20220508,  200,    0
 11374, 75525,20220509,  208,    0
 11374, 75525,20220510,  231,    0
 11374, 75525,20220511,  217,    0
 11374, 75525,20220512,  216,    0
 11374, 75525,20220513,  152,    0
 11374, 75525,20220514,  233,    0
 11374, 75525,20220515,  240,    0
 11374, 75525,20220516,  236,    0
 11374, 75525,20220517,  239,    0
 11374, 75525,20220518,  223,    0
 11374, 75525,20220519,  225,    0
 11374, 75525,20220520,  224,    0
 11374, 75525,20220521,  228,    0
 11374, 75525,20220522,  237,    0
 11374, 75525,20220523,  231,    0
 11374, 75525,20220524,  249,    0
 11374, 75525,20220525,  261,    0
 11374, 75525,20220526,  263,    0
 11374, 75525,20220527,-9999,    9
 11374, 75525,20220528,  270,    0
 11374, 75525,20220529,  230,    0
 11374, 75525,20220530,  225,    0
 11374, 75525,20220531,  248,    0
 11374, 75525,20220601,  266,    0
 11374, 75525,20220602,  279,    0
 11374, 75525,20220603,  303,    0
 11374, 75525,20220604,  301,    0
 11374, 75525,20220605,  286,    0
 11374, 75525,20220606,  310,    0
 11374, 75525,20220607,  288,    0
 11374, 75525,20220608,  246,    0
 11374, 75525,20220609,  223,    0
 11374, 75525,20220610,  220,    0
 11374, 75525,20220611,  263,    0
 11374, 75525,20220612,  267,    0
 11374, 75525,20220613,  287,    0
 11374, 75525,20220614,  260,    0
 11374, 75525,20220615,  268,    0
 11374, 75525,20220616,  274,    0
 11374, 75525,20220617,  258,    0
 11374, 75525,20220618,  273,    0
 11374, 75525,20220619,  277,    0
 11374, 75525,20220620,  262,    0
 11374, 75525,20220621,  266,    0
 11374, 75525,20220622,  278,    0
 11374, 75525,20220623,  294,    0
 11374, 75525,20220624,  278,    0
 11374, 75525,20220625,  281,    0
 11374, 75525,20220626,  281,    0
 11374, 75525,20220627,  299,    0
 11374,913463,20220628,  317,    0
 11374, 75525,20220629,  322,    0
 11374, 75525,20220630,  301,    0
 11374, 75525,20220701,  309,    0
 11374, 75525,20220702,  318,    0
 11374, 75525,20220703,  324,    0
 11374,913462,20220704,  314,    0
 11374, 75525,20220705,  193,    0
 11374, 75525,20220706,  307,    0
 11374, 75525,20220707,  303,    0
 11374, 75525,20220708,  262,    0
 11374, 75525,20220709,  254,    0
 11374, 75525,20220710,  266,    0
 11374, 75525,20220711,  268,    0
 11374, 75525,20220712,  261,    0
 11374, 75525,20220713,  263,    0
 11374, 75525,20220714,  277,    0
 11374, 75525,20220715,  298,    0
 11374, 75525,20220716,  306,    0
 11374, 75525,20220717,  312,    0
 11374, 75525,20220718,  309,    0
 11374, 75525,20220719,  300,    0
 11374, 75525,20220720,  310,    0
 11374, 75525,20220721,  308,    0
 11374, 75525,20220722,  323,    0
 11374, 75525,20220723,  335,    0
 11374, 75525,20220724,  320,    0
 11374, 75525,20220725,  329,    0
 11374, 75525,20220726,  326,    0
 11374, 75525,20220727,  331,    0
 11374, 75525,20220728,  296,    0
 11374, 75525,20220729,  314,    0
 11374, 75525,20220730,  304,    0
 11374, 75525,20220731,  295,    0
 11374,913462,20220801,  303,    0
 11374, 75525,20220802,  309,    0
 11374, 75525,20220803,  318,    0
 11374, 75525,20220804,  325,    0
 11374, 75525,20220805,  324,    0
 11374, 75525,20220806,  326,    0
 11374, 75525,20220807,  338,    0
 11374, 75525,20220808,  332,    0
 11374, 75525,20220809,  321,    0
 11374,913462,20220810,  306,    0
 11374, 75525,20220811,  303,    0
 11374, 75525,20220812,  293,    0
 11374, 75525,20220813,  248,    0
 11374, 75525,20220814,  239,    0
 11374, 75525,20220815,  255,    0
 11374, 75525,20220816,  254,    0
 11374, 75525,20220817,  276,    0
 11374, 75525,20220818,  296,    0
 11374,913463,20220819,  323,    0
 11374, 75525,20220820,  283,    0
 11374, 75525,20220821,  264,    0
 11374, 75525,20220822,  276,    0
 11374, 75525,20220823,  269,    0
 11374, 75525,20220824,  293,    0
 11374, 75525,20220825,  297,    0
 11374, 75525,20220826,  309,    0
 11374, 75525,20220827,  294,    0
 11374, 75525,20220828,  284,    0
 11374, 75525,20220829,  284,    0
 11374, 75525,20220830,  278,    0
 11374, 75525,20220831,  281,    0
 11374, 75525,20220901,  265,    0
 11374, 75525,20220902,  241,    0
 11374, 75525,20220903,  245,    0
 11374, 75525,20220904,  254,    0
 11374, 75525,20220905,  259,    0
 11374, 75525,20220906,  266,    0
 11374, 75525,20220907,  262,    0
 11374, 75525,20220908,  269,    0
 11374, 75525,20220909,  209,    0
 11374, 75525,20220910,  248,    0
 11374, 75525,20220911,  237,    0
 11374, 75525,20220912,  232,    0
 11374, 75525,20220913,  234,    0
 11374, 75525,20220914,  232,    0
 11374, 75525,20220915,  242,    0
 11374, 75525,20220916,  218,    0
 11374, 75525,20220917,  226,    0
 11374, 75525,20220918,  201,    0
 11374, 75525,20220919,  186,    0
 11374, 75525,20220920,  198,    0
 11374, 75525,20220921,  186,    0
 11374, 75525,20220922,  189,    0
 11374, 75525,20220923,  181,    0
 11374, 75525,20220924,  173,    0
 11374, 75525,20220925,  163,    0
 11374, 75525,20220926,  174,    0
 11374, 75525,20220927,  207,    0
 11374, 75525,20220928,  205,    0
 11374, 75525,20220929,  209,    0
 11374, 75525,20220930,  225,    0
 11374, 75525,20221001,  200,    0
 11374,913462,20221002,  188,    0
 11374,913462,20221003,  187,    0
 11374, 75525,20221004,  182,    0
 11374,913462,20221005,  171,    0
 11374,913462,20221006,  163,    0
 11374, 75525,20221007,  191,    0
 11374, 75525,20221008,  191,    0
 11374, 75525,20221009,  196,    0
 11374, 75525,20221010,  191,    0
 11374, 75525,20221011,  171,    0
 11374, 75525,20221012,  183,    0
 11374, 75525,20221013,  177,    0
 11374, 75525,20221014,  162,    0
 11374, 75525,20221015,  167,    0
 11374, 75525,20221016,  177,    0
 11374, 75525,20221017,  184,    0
 11374, 75525,20221018,  182,    0
 11374, 75525,20221019,  174,    0
 11374, 75525,20221020,  210,    0
 11374, 75525,20221021,  182,    0
 11374, 75525,20221022,  177,    0
 11374, 75525,20221023,  182,    0
 11374, 75525,20221024,  201,    0
 11374, 75525,20221025,  195,    0
 11374, 75525,20221026,  185,    0
 11374, 75525,20221027,  191,    0
 11374, 75525,20221028,  195,    0
 11374, 75525,20221029,  187,    0
 11374, 75525,20221030,  181,    0
 11374, 75525,20221031,  204,    0
