EUROPEAN CLIMATE ASSESSMENT & DATASET (ECA&D), file created on: 16-11-2022
THESE DATA CAN BE USED FOR NON-COMMERCIAL RESEARCH AND EDUCATION PROVIDED THAT THE FOLLOWING SOURCE IS ACKNOWLEDGED: 

Klein Tank, A.M.G. and Coauthors, 2002. Daily dataset of 20th-century surface
air temperature and precipitation series for the European Climate Assessment.
Int. J. of Climatol., 22, 1441-1453.
Data and metadata available at http://www.ecad.eu

FILE FORMAT (MISSING VALUE CODE = -9999):

01-06 STAID: Station identifier
08-13 SOUID: Source identifier
15-22 DATE : Date YYYYMMDD
24-28 TG   : Mean temperature in 0.1 &#176;C
30-34 Q_TG : quality code for TG (0='valid'; 1='suspect'; 9='missing')

This is the blended series of station SOKNA II, NORWAY (STAID: 2631)
Blended and updated with sources:10224 
See files sources.txt and stations.txt for more info.

STAID, SOUID,    DATE,   TG, Q_TG
  2631, 10224,20151201,-9999,    9
  2631, 10224,20151202,-9999,    9
  2631, 10224,20151203,-9999,    9
  2631, 10224,20151204,-9999,    9
  2631, 10224,20151205,-9999,    9
  2631, 10224,20151206,-9999,    9
  2631, 10224,20151207,-9999,    9
  2631, 10224,20151208,-9999,    9
  2631, 10224,20151209,-9999,    9
  2631, 10224,20151210,-9999,    9
  2631, 10224,20151211,-9999,    9
  2631, 10224,20151212,-9999,    9
  2631, 10224,20151213,-9999,    9
  2631, 10224,20151214,-9999,    9
  2631, 10224,20151215,-9999,    9
  2631, 10224,20151216,-9999,    9
  2631, 10224,20151217,-9999,    9
  2631, 10224,20151218,-9999,    9
  2631, 10224,20151219,  -21,    0
  2631, 10224,20151220,   19,    0
  2631, 10224,20151221,   24,    0
  2631, 10224,20151222,   -9,    0
  2631, 10224,20151223,  -21,    0
  2631, 10224,20151224,   52,    0
  2631, 10224,20151225,   36,    0
  2631, 10224,20151226,  -77,    0
  2631, 10224,20151227,  -88,    0
  2631, 10224,20151228,  -74,    0
  2631, 10224,20151229,  -34,    0
  2631, 10224,20151230,    9,    0
  2631, 10224,20151231,    4,    0
  2631, 10224,20160101,    9,    0
  2631, 10224,20160102,  -24,    0
  2631, 10224,20160103,  -68,    0
  2631, 10224,20160104,  -81,    0
  2631, 10224,20160105,  -86,    0
  2631, 10224,20160106, -122,    0
  2631, 10224,20160107, -158,    0
  2631, 10224,20160108, -131,    0
  2631, 10224,20160109, -104,    0
  2631, 10224,20160110,  -89,    0
  2631, 10224,20160111,  -54,    0
  2631, 10224,20160112,  -48,    0
  2631, 10224,20160113, -117,    0
  2631, 10224,20160114, -184,    0
  2631, 10224,20160115, -217,    0
  2631, 10224,20160116, -194,    0
  2631, 10224,20160117, -262,    0
  2631, 10224,20160118, -223,    0
  2631, 10224,20160119, -241,    0
  2631, 10224,20160120, -251,    0
  2631, 10224,20160121, -257,    0
  2631, 10224,20160122, -195,    0
  2631, 10224,20160123, -121,    0
  2631, 10224,20160124, -123,    0
  2631, 10224,20160125,  -57,    0
  2631, 10224,20160126,  -23,    0
  2631, 10224,20160127,   -6,    0
  2631, 10224,20160128,    4,    0
  2631, 10224,20160129,   17,    0
  2631, 10224,20160130,   10,    0
  2631, 10224,20160131,  -66,    0
  2631, 10224,20160201,  -99,    0
  2631, 10224,20160202,  -56,    0
  2631, 10224,20160203,  -68,    0
  2631, 10224,20160204,  -62,    0
  2631, 10224,20160205,  -65,    0
  2631, 10224,20160206,   -8,    0
  2631, 10224,20160207,   26,    0
  2631, 10224,20160208,   20,    0
  2631, 10224,20160209,   10,    0
  2631, 10224,20160210,  -15,    0
  2631, 10224,20160211,    1,    0
  2631, 10224,20160212,  -24,    0
  2631, 10224,20160213,  -58,    0
  2631, 10224,20160214, -135,    0
  2631, 10224,20160215, -146,    0
  2631, 10224,20160216, -139,    0
  2631, 10224,20160217,  -20,    0
  2631, 10224,20160218,  -35,    0
  2631, 10224,20160219,  -55,    0
  2631, 10224,20160220,    2,    0
  2631, 10224,20160221,  -41,    0
  2631, 10224,20160222,  -70,    0
  2631, 10224,20160223,  -68,    0
  2631, 10224,20160224,  -82,    0
  2631, 10224,20160225,  -73,    0
  2631, 10224,20160226,  -16,    0
  2631, 10224,20160227,  -65,    0
  2631, 10224,20160228,  -88,    0
  2631, 10224,20160229,  -96,    0
  2631, 10224,20160301,  -26,    0
  2631, 10224,20160302,  -15,    0
  2631, 10224,20160303,   -7,    0
  2631, 10224,20160304,   -1,    0
  2631, 10224,20160305,   -6,    0
  2631, 10224,20160306,   -6,    0
  2631, 10224,20160307,    0,    0
  2631, 10224,20160308,  -26,    0
  2631, 10224,20160309,  -49,    0
  2631, 10224,20160310,  -10,    0
  2631, 10224,20160311,  -13,    0
  2631, 10224,20160312,  -28,    0
  2631, 10224,20160313,    7,    0
  2631, 10224,20160314,   31,    0
  2631, 10224,20160315,   21,    0
  2631, 10224,20160316,    8,    0
  2631, 10224,20160317,   32,    0
  2631, 10224,20160318,   25,    0
  2631, 10224,20160319,   24,    0
  2631, 10224,20160320,   27,    0
  2631, 10224,20160321,    6,    0
  2631, 10224,20160322,   14,    0
  2631, 10224,20160323,   10,    0
  2631, 10224,20160324,  -10,    0
  2631, 10224,20160325,   21,    0
  2631, 10224,20160326,   35,    0
  2631, 10224,20160327,   50,    0
  2631, 10224,20160328,   45,    0
  2631, 10224,20160329,   45,    0
  2631, 10224,20160330,   25,    0
  2631, 10224,20160331,   -6,    0
  2631, 10224,20160401,   21,    0
  2631, 10224,20160402,   32,    0
  2631, 10224,20160403,   26,    0
  2631, 10224,20160404,   34,    0
  2631, 10224,20160405,   46,    0
  2631, 10224,20160406,   54,    0
  2631, 10224,20160407,   35,    0
  2631, 10224,20160408,   31,    0
  2631, 10224,20160409,   35,    0
  2631, 10224,20160410,   31,    0
  2631, 10224,20160411,   40,    0
  2631, 10224,20160412,   38,    0
  2631, 10224,20160413,   45,    0
  2631, 10224,20160414,   47,    0
  2631, 10224,20160415,   43,    0
  2631, 10224,20160416,   60,    0
  2631, 10224,20160417,   71,    0
  2631, 10224,20160418,   58,    0
  2631, 10224,20160419,   76,    0
  2631, 10224,20160420,   58,    0
  2631, 10224,20160421,   69,    0
  2631, 10224,20160422,   46,    0
  2631, 10224,20160423,   -1,    0
  2631, 10224,20160424,   20,    0
  2631, 10224,20160425,   21,    0
  2631, 10224,20160426,   19,    0
  2631, 10224,20160427,   24,    0
  2631, 10224,20160428,   35,    0
  2631, 10224,20160429,   52,    0
  2631, 10224,20160430,   20,    0
  2631, 10224,20160501,   54,    0
  2631, 10224,20160502,   58,    0
  2631, 10224,20160503,   64,    0
  2631, 10224,20160504,   68,    0
  2631, 10224,20160505,   90,    0
  2631, 10224,20160506,  100,    0
  2631, 10224,20160507,  107,    0
  2631, 10224,20160508,  132,    0
  2631, 10224,20160509,  143,    0
  2631, 10224,20160510,  145,    0
  2631, 10224,20160511,  122,    0
  2631, 10224,20160512,  131,    0
  2631, 10224,20160513,   91,    0
  2631, 10224,20160514,   75,    0
  2631, 10224,20160515,   80,    0
  2631, 10224,20160516,   89,    0
  2631, 10224,20160517,   99,    0
  2631, 10224,20160518,   98,    0
  2631, 10224,20160519,  125,    0
  2631, 10224,20160520,  106,    0
  2631, 10224,20160521,  103,    0
  2631, 10224,20160522,  125,    0
  2631, 10224,20160523,  128,    0
  2631, 10224,20160524,  118,    0
  2631, 10224,20160525,  123,    0
  2631, 10224,20160526,  132,    0
  2631, 10224,20160527,  157,    0
  2631, 10224,20160528,  124,    0
  2631, 10224,20160529,  114,    0
  2631, 10224,20160530,  151,    0
  2631, 10224,20160531,  190,    0
  2631, 10224,20160601,  197,    0
  2631, 10224,20160602,  182,    0
  2631, 10224,20160603,  200,    0
  2631, 10224,20160604,  168,    0
  2631, 10224,20160605,  151,    0
  2631, 10224,20160606,  160,    0
  2631, 10224,20160607,  182,    0
  2631, 10224,20160608,  165,    0
  2631, 10224,20160609,  127,    0
  2631, 10224,20160610,  111,    0
  2631, 10224,20160611,  110,    0
  2631, 10224,20160612,  137,    0
  2631, 10224,20160613,  136,    0
  2631, 10224,20160614,  149,    0
  2631, 10224,20160615,  119,    0
  2631, 10224,20160616,  168,    0
  2631, 10224,20160617,  140,    0
  2631, 10224,20160618,  168,    0
  2631, 10224,20160619,  147,    0
  2631, 10224,20160620,  130,    0
  2631, 10224,20160621,  165,    0
  2631, 10224,20160622,  155,    0
  2631, 10224,20160623,  162,    0
  2631, 10224,20160624,  150,    0
  2631, 10224,20160625,  193,    0
  2631, 10224,20160626,  153,    0
  2631, 10224,20160627,  161,    0
  2631, 10224,20160628,  162,    0
  2631, 10224,20160629,  138,    0
  2631, 10224,20160630,  143,    0
  2631, 10224,20160701,  120,    0
  2631, 10224,20160702,  130,    0
  2631, 10224,20160703,  121,    0
  2631, 10224,20160704,  141,    0
  2631, 10224,20160705,  138,    0
  2631, 10224,20160706,  154,    0
  2631, 10224,20160707,  157,    0
  2631, 10224,20160708,  172,    0
  2631, 10224,20160709,  168,    0
  2631, 10224,20160710,  150,    0
  2631, 10224,20160711,  156,    0
  2631, 10224,20160712,  164,    0
  2631, 10224,20160713,  156,    0
  2631, 10224,20160714,  168,    0
  2631, 10224,20160715,  177,    0
  2631, 10224,20160716,  160,    0
  2631, 10224,20160717,  137,    0
  2631, 10224,20160718,  150,    0
  2631, 10224,20160719,  145,    0
  2631, 10224,20160720,  188,    0
  2631, 10224,20160721,  193,    0
  2631, 10224,20160722,  199,    0
  2631, 10224,20160723,  175,    0
  2631, 10224,20160724,  203,    0
  2631, 10224,20160725,  169,    0
  2631, 10224,20160726,  171,    0
  2631, 10224,20160727,  143,    0
  2631, 10224,20160728,  179,    0
  2631, 10224,20160729,  144,    0
  2631, 10224,20160730,  158,    0
  2631, 10224,20160731,  140,    0
  2631, 10224,20160801,  131,    0
  2631, 10224,20160802,  140,    0
  2631, 10224,20160803,  132,    0
  2631, 10224,20160804,  150,    0
  2631, 10224,20160805,  167,    0
  2631, 10224,20160806,  137,    0
  2631, 10224,20160807,  145,    0
  2631, 10224,20160808,  145,    0
  2631, 10224,20160809,  115,    0
  2631, 10224,20160810,  107,    0
  2631, 10224,20160811,  104,    0
  2631, 10224,20160812,   82,    0
  2631, 10224,20160813,  148,    0
  2631, 10224,20160814,  154,    0
  2631, 10224,20160815,  142,    0
  2631, 10224,20160816,  159,    0
  2631, 10224,20160817,  155,    0
  2631, 10224,20160818,  171,    0
  2631, 10224,20160819,  149,    0
  2631, 10224,20160820,  149,    0
  2631, 10224,20160821,  152,    0
  2631, 10224,20160822,  138,    0
  2631, 10224,20160823,  162,    0
  2631, 10224,20160824,  158,    0
  2631, 10224,20160825,  163,    0
  2631, 10224,20160826,  158,    0
  2631, 10224,20160827,  147,    0
  2631, 10224,20160828,  101,    0
  2631, 10224,20160829,  123,    0
  2631, 10224,20160830,  121,    0
  2631, 10224,20160831,  158,    0
  2631, 10224,20160901,  146,    0
  2631, 10224,20160902,  145,    0
  2631, 10224,20160903,  141,    0
  2631, 10224,20160904,  103,    0
  2631, 10224,20160905,  111,    0
  2631, 10224,20160906,  151,    0
  2631, 10224,20160907,  154,    0
  2631, 10224,20160908,  156,    0
  2631, 10224,20160909,  164,    0
  2631, 10224,20160910,  154,    0
  2631, 10224,20160911,  149,    0
  2631, 10224,20160912,  104,    0
  2631, 10224,20160913,  139,    0
  2631, 10224,20160914,  150,    0
  2631, 10224,20160915,  167,    0
  2631, 10224,20160916,  155,    0
  2631, 10224,20160917,  128,    0
  2631, 10224,20160918,  117,    0
  2631, 10224,20160919,  111,    0
  2631, 10224,20160920,  114,    0
  2631, 10224,20160921,  109,    0
  2631, 10224,20160922,  136,    0
  2631, 10224,20160923,   99,    0
  2631, 10224,20160924,   84,    0
  2631, 10224,20160925,  144,    0
  2631, 10224,20160926,  129,    0
  2631, 10224,20160927,   92,    0
  2631, 10224,20160928,  124,    0
  2631, 10224,20160929,  118,    0
  2631, 10224,20160930,  104,    0
  2631, 10224,20161001,   54,    0
  2631, 10224,20161002,   41,    0
  2631, 10224,20161003,   22,    0
  2631, 10224,20161004,   24,    0
  2631, 10224,20161005,   13,    0
  2631, 10224,20161006,   22,    0
  2631, 10224,20161007,   58,    0
  2631, 10224,20161008,   46,    0
  2631, 10224,20161009,   40,    0
  2631, 10224,20161010,   53,    0
  2631, 10224,20161011,   14,    0
  2631, 10224,20161012,   12,    0
  2631, 10224,20161013,   13,    0
  2631, 10224,20161014,    9,    0
  2631, 10224,20161015,   24,    0
  2631, 10224,20161016,   38,    0
  2631, 10224,20161017,   50,    0
  2631, 10224,20161018,   60,    0
  2631, 10224,20161019,   62,    0
  2631, 10224,20161020,   58,    0
  2631, 10224,20161021,   40,    0
  2631, 10224,20161022,   33,    0
  2631, 10224,20161023,   33,    0
  2631, 10224,20161024,   40,    0
  2631, 10224,20161025,   39,    0
  2631, 10224,20161026,   27,    0
  2631, 10224,20161027,   39,    0
  2631, 10224,20161028,   45,    0
  2631, 10224,20161029,   65,    0
  2631, 10224,20161030,   43,    0
  2631, 10224,20161031,   40,    0
  2631, 10224,20161101,   38,    0
  2631, 10224,20161102,    3,    0
  2631, 10224,20161103,  -62,    0
  2631, 10224,20161104,  -22,    0
  2631, 10224,20161105,   -7,    0
  2631, 10224,20161106,  -35,    0
  2631, 10224,20161107, -100,    0
  2631, 10224,20161108,  -69,    0
  2631, 10224,20161109,  -54,    0
  2631, 10224,20161110,  -82,    0
  2631, 10224,20161111, -156,    0
  2631, 10224,20161112, -135,    0
  2631, 10224,20161113,  -31,    0
  2631, 10224,20161114,   -7,    0
  2631, 10224,20161115,   -1,    0
  2631, 10224,20161116,   -9,    0
  2631, 10224,20161117,  -42,    0
  2631, 10224,20161118,   -5,    0
  2631, 10224,20161119,  -36,    0
  2631, 10224,20161120,  -22,    0
  2631, 10224,20161121,   -2,    0
  2631, 10224,20161122,    1,    0
  2631, 10224,20161123,    4,    0
  2631, 10224,20161124,  -51,    0
  2631, 10224,20161125,  -16,    0
  2631, 10224,20161126,   40,    0
  2631, 10224,20161127,   17,    0
  2631, 10224,20161128,  -81,    0
  2631, 10224,20161129,  -98,    0
  2631, 10224,20161130, -115,    0
  2631, 10224,20161201,  -80,    0
  2631, 10224,20161202,  -11,    0
  2631, 10224,20161203,  -80,    0
  2631, 10224,20161204,  -79,    0
  2631, 10224,20161205,   37,    0
  2631, 10224,20161206,  -81,    0
  2631, 10224,20161207,  -51,    0
  2631, 10224,20161208,   20,    0
  2631, 10224,20161209,   10,    0
  2631, 10224,20161210,    6,    0
  2631, 10224,20161211,  -13,    1
  2631, 10224,20161212,  -81,    0
  2631, 10224,20161213,  -79,    0
  2631, 10224,20161214, -146,    0
  2631, 10224,20161215, -139,    0
  2631, 10224,20161216,  -95,    0
  2631, 10224,20161217,  -54,    0
  2631, 10224,20161218,  -80,    0
  2631, 10224,20161219,  -49,    0
  2631, 10224,20161220,  -27,    0
  2631, 10224,20161221,    1,    0
  2631, 10224,20161222,  -48,    0
  2631, 10224,20161223,  -62,    0
  2631, 10224,20161224,   -9,    0
  2631, 10224,20161225,   21,    0
  2631, 10224,20161226,   21,    0
  2631, 10224,20161227,   17,    0
  2631, 10224,20161228,  -75,    0
  2631, 10224,20161229,  -73,    0
  2631, 10224,20161230,   19,    0
  2631, 10224,20161231,    3,    0
  2631, 10224,20170101,  -20,    0
  2631, 10224,20170102,  -67,    0
  2631, 10224,20170103,  -79,    0
  2631, 10224,20170104,  -41,    0
  2631, 10224,20170105, -167,    0
  2631, 10224,20170106, -137,    0
  2631, 10224,20170107, -105,    0
  2631, 10224,20170108, -104,    0
  2631, 10224,20170109,  -69,    0
  2631, 10224,20170110,   17,    0
  2631, 10224,20170111,   20,    0
  2631, 10224,20170112,  -37,    0
  2631, 10224,20170113,  -87,    0
  2631, 10224,20170114,  -88,    0
  2631, 10224,20170115, -154,    0
  2631, 10224,20170116, -153,    0
  2631, 10224,20170117,  -79,    0
  2631, 10224,20170118,  -91,    0
  2631, 10224,20170119,  -37,    0
  2631, 10224,20170120,   13,    0
  2631, 10224,20170121,  -41,    0
  2631, 10224,20170122,  -53,    0
  2631, 10224,20170123,  -72,    0
  2631, 10224,20170124, -101,    0
  2631, 10224,20170125,  -63,    0
  2631, 10224,20170126,  -70,    0
  2631, 10224,20170127,  -53,    0
  2631, 10224,20170128,  -40,    0
  2631, 10224,20170129,  -22,    0
  2631, 10224,20170130,  -21,    0
  2631, 10224,20170131,  -51,    0
  2631, 10224,20170201,  -58,    0
  2631, 10224,20170202,  -15,    0
  2631, 10224,20170203,  -11,    0
  2631, 10224,20170204,   -8,    0
  2631, 10224,20170205,   -9,    0
  2631, 10224,20170206,  -20,    0
  2631, 10224,20170207,  -65,    0
  2631, 10224,20170208,  -80,    0
  2631, 10224,20170209,  -91,    0
  2631, 10224,20170210,  -63,    0
  2631, 10224,20170211,  -85,    0
  2631, 10224,20170212, -107,    0
  2631, 10224,20170213, -104,    0
  2631, 10224,20170214,  -96,    0
  2631, 10224,20170215,  -68,    0
  2631, 10224,20170216,  -55,    0
  2631, 10224,20170217,  -59,    0
  2631, 10224,20170218,  -60,    0
  2631, 10224,20170219,  -15,    0
  2631, 10224,20170220,   38,    0
  2631, 10224,20170221,   22,    0
  2631, 10224,20170222,    2,    0
  2631, 10224,20170223,  -44,    0
  2631, 10224,20170224,  -70,    0
  2631, 10224,20170225,  -70,    0
  2631, 10224,20170226,  -38,    0
  2631, 10224,20170227,    4,    0
  2631, 10224,20170228,   15,    0
  2631, 10224,20170301,    9,    0
  2631, 10224,20170302,  -31,    0
  2631, 10224,20170303,  -24,    0
  2631, 10224,20170304,   -9,    0
  2631, 10224,20170305,  -14,    0
  2631, 10224,20170306,  -39,    0
  2631, 10224,20170307,  -40,    0
  2631, 10224,20170308,  -56,    0
  2631, 10224,20170309,  -14,    0
  2631, 10224,20170310,   -9,    0
  2631, 10224,20170311,   -5,    0
  2631, 10224,20170312,   22,    0
  2631, 10224,20170313,   11,    0
  2631, 10224,20170314,   36,    0
  2631, 10224,20170315,   63,    0
  2631, 10224,20170316,   38,    0
  2631, 10224,20170317,   36,    0
  2631, 10224,20170318,   -4,    0
  2631, 10224,20170319,  -10,    0
  2631, 10224,20170320,   14,    0
  2631, 10224,20170321,   18,    0
  2631, 10224,20170322,    6,    0
  2631, 10224,20170323,    1,    0
  2631, 10224,20170324,   -1,    0
  2631, 10224,20170325,   37,    0
  2631, 10224,20170326,   85,    0
  2631, 10224,20170327,   71,    0
  2631, 10224,20170328,   52,    0
  2631, 10224,20170329,   31,    0
  2631, 10224,20170330,   10,    0
  2631, 10224,20170331,   25,    0
  2631, 10224,20170401,   57,    0
  2631, 10224,20170402,   60,    0
  2631, 10224,20170403,   57,    0
  2631, 10224,20170404,   70,    0
  2631, 10224,20170405,   71,    0
  2631, 10224,20170406,   59,    0
  2631, 10224,20170407,   70,    0
  2631, 10224,20170408,   60,    0
  2631, 10224,20170409,   73,    0
  2631, 10224,20170410,   78,    0
  2631, 10224,20170411,   48,    0
  2631, 10224,20170412,   40,    0
  2631, 10224,20170413,   16,    0
  2631, 10224,20170414,    8,    0
  2631, 10224,20170415,   -2,    0
  2631, 10224,20170416,    3,    0
  2631, 10224,20170417,    8,    0
  2631, 10224,20170418,   13,    0
  2631, 10224,20170419,   22,    0
  2631, 10224,20170420,   71,    0
  2631, 10224,20170421,   71,    0
  2631, 10224,20170422,   53,    0
  2631, 10224,20170423,   35,    0
  2631, 10224,20170424,   10,    0
  2631, 10224,20170425,   32,    0
  2631, 10224,20170426,   27,    0
  2631, 10224,20170427,    8,    0
  2631, 10224,20170428,   19,    0
  2631, 10224,20170429,   46,    0
  2631, 10224,20170430,   42,    0
  2631, 10224,20170501,   57,    0
  2631, 10224,20170502,-9999,    9
  2631, 10224,20170503,-9999,    9
  2631, 10224,20170504,-9999,    9
  2631, 10224,20170505,-9999,    9
  2631, 10224,20170506,-9999,    9
  2631, 10224,20170507,-9999,    9
  2631, 10224,20170508,-9999,    9
  2631, 10224,20170509,-9999,    9
  2631, 10224,20170510,-9999,    9
  2631, 10224,20170511,-9999,    9
  2631, 10224,20170512,-9999,    9
  2631, 10224,20170513,-9999,    9
  2631, 10224,20170514,-9999,    9
  2631, 10224,20170515,-9999,    9
  2631, 10224,20170516,-9999,    9
  2631, 10224,20170517,-9999,    9
  2631, 10224,20170518,-9999,    9
  2631, 10224,20170519,-9999,    9
  2631, 10224,20170520,-9999,    9
  2631, 10224,20170521,-9999,    9
  2631, 10224,20170522,-9999,    9
  2631, 10224,20170523,-9999,    9
  2631, 10224,20170524,-9999,    9
  2631, 10224,20170525,-9999,    9
  2631, 10224,20170526,-9999,    9
  2631, 10224,20170527,-9999,    9
  2631, 10224,20170528,-9999,    9
  2631, 10224,20170529,-9999,    9
  2631, 10224,20170530,-9999,    9
  2631, 10224,20170531,-9999,    9
  2631, 10224,20170601,-9999,    9
  2631, 10224,20170602,-9999,    9
  2631, 10224,20170603,-9999,    9
  2631, 10224,20170604,-9999,    9
  2631, 10224,20170605,-9999,    9
  2631, 10224,20170606,-9999,    9
  2631, 10224,20170607,-9999,    9
  2631, 10224,20170608,-9999,    9
  2631, 10224,20170609,-9999,    9
  2631, 10224,20170610,-9999,    9
  2631, 10224,20170611,-9999,    9
  2631, 10224,20170612,-9999,    9
  2631, 10224,20170613,-9999,    9
  2631, 10224,20170614,-9999,    9
  2631, 10224,20170615,-9999,    9
  2631, 10224,20170616,-9999,    9
  2631, 10224,20170617,-9999,    9
  2631, 10224,20170618,-9999,    9
  2631, 10224,20170619,-9999,    9
  2631, 10224,20170620,-9999,    9
  2631, 10224,20170621,-9999,    9
  2631, 10224,20170622,-9999,    9
  2631, 10224,20170623,-9999,    9
  2631, 10224,20170624,-9999,    9
  2631, 10224,20170625,-9999,    9
  2631, 10224,20170626,-9999,    9
  2631, 10224,20170627,-9999,    9
  2631, 10224,20170628,-9999,    9
  2631, 10224,20170629,-9999,    9
  2631, 10224,20170630,-9999,    9
  2631, 10224,20170701,-9999,    9
  2631, 10224,20170702,-9999,    9
  2631, 10224,20170703,-9999,    9
  2631, 10224,20170704,-9999,    9
  2631, 10224,20170705,-9999,    9
  2631, 10224,20170706,-9999,    9
  2631, 10224,20170707,-9999,    9
  2631, 10224,20170708,-9999,    9
  2631, 10224,20170709,-9999,    9
  2631, 10224,20170710,-9999,    9
  2631, 10224,20170711,-9999,    9
  2631, 10224,20170712,-9999,    9
  2631, 10224,20170713,-9999,    9
  2631, 10224,20170714,-9999,    9
  2631, 10224,20170715,-9999,    9
  2631, 10224,20170716,-9999,    9
  2631, 10224,20170717,-9999,    9
  2631, 10224,20170718,-9999,    9
  2631, 10224,20170719,-9999,    9
  2631, 10224,20170720,-9999,    9
  2631, 10224,20170721,-9999,    9
  2631, 10224,20170722,-9999,    9
  2631, 10224,20170723,-9999,    9
  2631, 10224,20170724,-9999,    9
  2631, 10224,20170725,-9999,    9
  2631, 10224,20170726,-9999,    9
  2631, 10224,20170727,-9999,    9
  2631, 10224,20170728,-9999,    9
  2631, 10224,20170729,-9999,    9
  2631, 10224,20170730,-9999,    9
  2631, 10224,20170731,-9999,    9
  2631, 10224,20170801,-9999,    9
  2631, 10224,20170802,-9999,    9
  2631, 10224,20170803,-9999,    9
  2631, 10224,20170804,-9999,    9
  2631, 10224,20170805,-9999,    9
  2631, 10224,20170806,-9999,    9
  2631, 10224,20170807,-9999,    9
  2631, 10224,20170808,-9999,    9
  2631, 10224,20170809,-9999,    9
  2631, 10224,20170810,-9999,    9
  2631, 10224,20170811,-9999,    9
  2631, 10224,20170812,-9999,    9
  2631, 10224,20170813,-9999,    9
  2631, 10224,20170814,-9999,    9
  2631, 10224,20170815,-9999,    9
  2631, 10224,20170816,-9999,    9
  2631, 10224,20170817,-9999,    9
  2631, 10224,20170818,-9999,    9
  2631, 10224,20170819,-9999,    9
  2631, 10224,20170820,-9999,    9
  2631, 10224,20170821,-9999,    9
  2631, 10224,20170822,-9999,    9
  2631, 10224,20170823,-9999,    9
  2631, 10224,20170824,-9999,    9
  2631, 10224,20170825,-9999,    9
  2631, 10224,20170826,-9999,    9
  2631, 10224,20170827,-9999,    9
  2631, 10224,20170828,-9999,    9
  2631, 10224,20170829,-9999,    9
  2631, 10224,20170830,-9999,    9
  2631, 10224,20170831,-9999,    9
  2631, 10224,20170901,-9999,    9
  2631, 10224,20170902,-9999,    9
  2631, 10224,20170903,-9999,    9
  2631, 10224,20170904,-9999,    9
  2631, 10224,20170905,-9999,    9
  2631, 10224,20170906,-9999,    9
  2631, 10224,20170907,-9999,    9
  2631, 10224,20170908,-9999,    9
  2631, 10224,20170909,-9999,    9
  2631, 10224,20170910,-9999,    9
  2631, 10224,20170911,-9999,    9
  2631, 10224,20170912,-9999,    9
  2631, 10224,20170913,-9999,    9
  2631, 10224,20170914,-9999,    9
  2631, 10224,20170915,-9999,    9
  2631, 10224,20170916,-9999,    9
  2631, 10224,20170917,-9999,    9
  2631, 10224,20170918,-9999,    9
  2631, 10224,20170919,-9999,    9
  2631, 10224,20170920,-9999,    9
  2631, 10224,20170921,-9999,    9
  2631, 10224,20170922,-9999,    9
  2631, 10224,20170923,-9999,    9
  2631, 10224,20170924,-9999,    9
  2631, 10224,20170925,-9999,    9
  2631, 10224,20170926,-9999,    9
  2631, 10224,20170927,-9999,    9
  2631, 10224,20170928,-9999,    9
  2631, 10224,20170929,-9999,    9
  2631, 10224,20170930,-9999,    9
  2631, 10224,20171001,-9999,    9
  2631, 10224,20171002,-9999,    9
  2631, 10224,20171003,-9999,    9
  2631, 10224,20171004,-9999,    9
  2631, 10224,20171005,-9999,    9
  2631, 10224,20171006,-9999,    9
  2631, 10224,20171007,-9999,    9
  2631, 10224,20171008,-9999,    9
  2631, 10224,20171009,-9999,    9
  2631, 10224,20171010,-9999,    9
  2631, 10224,20171011,-9999,    9
  2631, 10224,20171012,-9999,    9
  2631, 10224,20171013,-9999,    9
  2631, 10224,20171014,-9999,    9
  2631, 10224,20171015,-9999,    9
  2631, 10224,20171016,-9999,    9
  2631, 10224,20171017,-9999,    9
  2631, 10224,20171018,-9999,    9
  2631, 10224,20171019,-9999,    9
  2631, 10224,20171020,-9999,    9
  2631, 10224,20171021,-9999,    9
  2631, 10224,20171022,-9999,    9
  2631, 10224,20171023,-9999,    9
  2631, 10224,20171024,-9999,    9
  2631, 10224,20171025,-9999,    9
  2631, 10224,20171026,-9999,    9
  2631, 10224,20171027,-9999,    9
  2631, 10224,20171028,-9999,    9
  2631, 10224,20171029,-9999,    9
  2631, 10224,20171030,-9999,    9
  2631, 10224,20171031,-9999,    9
  2631, 10224,20171101,-9999,    9
  2631, 10224,20171102,-9999,    9
  2631, 10224,20171103,-9999,    9
  2631, 10224,20171104,-9999,    9
  2631, 10224,20171105,-9999,    9
  2631, 10224,20171106,-9999,    9
  2631, 10224,20171107,-9999,    9
  2631, 10224,20171108,-9999,    9
  2631, 10224,20171109,-9999,    9
  2631, 10224,20171110,-9999,    9
  2631, 10224,20171111,-9999,    9
  2631, 10224,20171112,-9999,    9
  2631, 10224,20171113,-9999,    9
  2631, 10224,20171114,-9999,    9
  2631, 10224,20171115,-9999,    9
  2631, 10224,20171116,-9999,    9
  2631, 10224,20171117,-9999,    9
  2631, 10224,20171118,-9999,    9
  2631, 10224,20171119,-9999,    9
  2631, 10224,20171120,-9999,    9
  2631, 10224,20171121,-9999,    9
  2631, 10224,20171122,-9999,    9
  2631, 10224,20171123,-9999,    9
  2631, 10224,20171124,-9999,    9
  2631, 10224,20171125,-9999,    9
  2631, 10224,20171126,-9999,    9
  2631, 10224,20171127,-9999,    9
  2631, 10224,20171128,-9999,    9
  2631, 10224,20171129,-9999,    9
  2631, 10224,20171130,-9999,    9
  2631, 10224,20171201,-9999,    9
  2631, 10224,20171202,-9999,    9
  2631, 10224,20171203,-9999,    9
  2631, 10224,20171204,-9999,    9
  2631, 10224,20171205,-9999,    9
  2631, 10224,20171206,-9999,    9
  2631, 10224,20171207,-9999,    9
  2631, 10224,20171208,-9999,    9
  2631, 10224,20171209,-9999,    9
  2631, 10224,20171210,-9999,    9
  2631, 10224,20171211,-9999,    9
  2631, 10224,20171212,-9999,    9
  2631, 10224,20171213,-9999,    9
  2631, 10224,20171214,-9999,    9
  2631, 10224,20171215,-9999,    9
  2631, 10224,20171216,-9999,    9
  2631, 10224,20171217,-9999,    9
  2631, 10224,20171218,-9999,    9
  2631, 10224,20171219,-9999,    9
  2631, 10224,20171220,-9999,    9
  2631, 10224,20171221,-9999,    9
  2631, 10224,20171222,-9999,    9
  2631, 10224,20171223,-9999,    9
  2631, 10224,20171224,-9999,    9
  2631, 10224,20171225,-9999,    9
  2631, 10224,20171226,-9999,    9
  2631, 10224,20171227,-9999,    9
  2631, 10224,20171228,-9999,    9
  2631, 10224,20171229,-9999,    9
  2631, 10224,20171230,-9999,    9
  2631, 10224,20171231,-9999,    9
  2631, 10224,20180101,-9999,    9
  2631, 10224,20180102,-9999,    9
  2631, 10224,20180103,-9999,    9
  2631, 10224,20180104,-9999,    9
  2631, 10224,20180105,-9999,    9
  2631, 10224,20180106,-9999,    9
  2631, 10224,20180107,-9999,    9
  2631, 10224,20180108,-9999,    9
  2631, 10224,20180109,-9999,    9
  2631, 10224,20180110,-9999,    9
  2631, 10224,20180111,-9999,    9
  2631, 10224,20180112,-9999,    9
  2631, 10224,20180113,-9999,    9
  2631, 10224,20180114,-9999,    9
  2631, 10224,20180115,-9999,    9
  2631, 10224,20180116,-9999,    9
  2631, 10224,20180117,-9999,    9
  2631, 10224,20180118,-9999,    9
  2631, 10224,20180119,-9999,    9
  2631, 10224,20180120,-9999,    9
  2631, 10224,20180121,-9999,    9
  2631, 10224,20180122,-9999,    9
  2631, 10224,20180123,-9999,    9
  2631, 10224,20180124,-9999,    9
  2631, 10224,20180125,-9999,    9
  2631, 10224,20180126,-9999,    9
  2631, 10224,20180127,-9999,    9
  2631, 10224,20180128,-9999,    9
  2631, 10224,20180129,-9999,    9
  2631, 10224,20180130,-9999,    9
  2631, 10224,20180131,-9999,    9
  2631, 10224,20180201,-9999,    9
  2631, 10224,20180202,-9999,    9
  2631, 10224,20180203,-9999,    9
  2631, 10224,20180204,-9999,    9
  2631, 10224,20180205,-9999,    9
  2631, 10224,20180206,-9999,    9
  2631, 10224,20180207,-9999,    9
  2631, 10224,20180208,-9999,    9
  2631, 10224,20180209,-9999,    9
  2631, 10224,20180210,-9999,    9
  2631, 10224,20180211,-9999,    9
  2631, 10224,20180212,-9999,    9
  2631, 10224,20180213,-9999,    9
  2631, 10224,20180214,-9999,    9
  2631, 10224,20180215,-9999,    9
  2631, 10224,20180216,-9999,    9
  2631, 10224,20180217,-9999,    9
  2631, 10224,20180218,-9999,    9
  2631, 10224,20180219,-9999,    9
  2631, 10224,20180220,-9999,    9
  2631, 10224,20180221,-9999,    9
  2631, 10224,20180222,-9999,    9
  2631, 10224,20180223,-9999,    9
  2631, 10224,20180224,-9999,    9
  2631, 10224,20180225,-9999,    9
  2631, 10224,20180226,-9999,    9
  2631, 10224,20180227,-9999,    9
  2631, 10224,20180228,-9999,    9
  2631, 10224,20180301,-9999,    9
  2631, 10224,20180302,-9999,    9
  2631, 10224,20180303,-9999,    9
  2631, 10224,20180304,-9999,    9
  2631, 10224,20180305,-9999,    9
  2631, 10224,20180306,-9999,    9
  2631, 10224,20180307,-9999,    9
  2631, 10224,20180308,-9999,    9
  2631, 10224,20180309,-9999,    9
  2631, 10224,20180310,-9999,    9
  2631, 10224,20180311,-9999,    9
  2631, 10224,20180312,-9999,    9
  2631, 10224,20180313,-9999,    9
  2631, 10224,20180314,-9999,    9
  2631, 10224,20180315,-9999,    9
  2631, 10224,20180316,-9999,    9
  2631, 10224,20180317,-9999,    9
  2631, 10224,20180318,-9999,    9
  2631, 10224,20180319,-9999,    9
  2631, 10224,20180320,-9999,    9
  2631, 10224,20180321,-9999,    9
  2631, 10224,20180322,-9999,    9
  2631, 10224,20180323,-9999,    9
  2631, 10224,20180324,-9999,    9
  2631, 10224,20180325,-9999,    9
  2631, 10224,20180326,-9999,    9
  2631, 10224,20180327,-9999,    9
  2631, 10224,20180328,-9999,    9
  2631, 10224,20180329,-9999,    9
  2631, 10224,20180330,-9999,    9
  2631, 10224,20180331,-9999,    9
  2631, 10224,20180401,-9999,    9
  2631, 10224,20180402,-9999,    9
  2631, 10224,20180403,-9999,    9
  2631, 10224,20180404,-9999,    9
  2631, 10224,20180405,-9999,    9
  2631, 10224,20180406,-9999,    9
  2631, 10224,20180407,-9999,    9
  2631, 10224,20180408,-9999,    9
  2631, 10224,20180409,-9999,    9
  2631, 10224,20180410,-9999,    9
  2631, 10224,20180411,-9999,    9
  2631, 10224,20180412,-9999,    9
  2631, 10224,20180413,-9999,    9
  2631, 10224,20180414,-9999,    9
  2631, 10224,20180415,-9999,    9
  2631, 10224,20180416,-9999,    9
  2631, 10224,20180417,-9999,    9
  2631, 10224,20180418,-9999,    9
  2631, 10224,20180419,-9999,    9
  2631, 10224,20180420,-9999,    9
  2631, 10224,20180421,-9999,    9
  2631, 10224,20180422,-9999,    9
  2631, 10224,20180423,-9999,    9
  2631, 10224,20180424,-9999,    9
  2631, 10224,20180425,-9999,    9
  2631, 10224,20180426,-9999,    9
  2631, 10224,20180427,-9999,    9
  2631, 10224,20180428,-9999,    9
  2631, 10224,20180429,-9999,    9
  2631, 10224,20180430,-9999,    9
  2631, 10224,20180501,-9999,    9
  2631, 10224,20180502,-9999,    9
  2631, 10224,20180503,-9999,    9
  2631, 10224,20180504,-9999,    9
  2631, 10224,20180505,-9999,    9
  2631, 10224,20180506,-9999,    9
  2631, 10224,20180507,-9999,    9
  2631, 10224,20180508,-9999,    9
  2631, 10224,20180509,-9999,    9
  2631, 10224,20180510,-9999,    9
  2631, 10224,20180511,-9999,    9
  2631, 10224,20180512,-9999,    9
  2631, 10224,20180513,-9999,    9
  2631, 10224,20180514,-9999,    9
  2631, 10224,20180515,-9999,    9
  2631, 10224,20180516,-9999,    9
  2631, 10224,20180517,-9999,    9
  2631, 10224,20180518,-9999,    9
  2631, 10224,20180519,-9999,    9
  2631, 10224,20180520,-9999,    9
  2631, 10224,20180521,-9999,    9
  2631, 10224,20180522,-9999,    9
  2631, 10224,20180523,-9999,    9
  2631, 10224,20180524,-9999,    9
  2631, 10224,20180525,-9999,    9
  2631, 10224,20180526,-9999,    9
  2631, 10224,20180527,-9999,    9
  2631, 10224,20180528,-9999,    9
  2631, 10224,20180529,-9999,    9
  2631, 10224,20180530,-9999,    9
  2631, 10224,20180531,-9999,    9
  2631, 10224,20180601,-9999,    9
  2631, 10224,20180602,-9999,    9
  2631, 10224,20180603,-9999,    9
  2631, 10224,20180604,-9999,    9
  2631, 10224,20180605,-9999,    9
  2631, 10224,20180606,-9999,    9
  2631, 10224,20180607,-9999,    9
  2631, 10224,20180608,-9999,    9
  2631, 10224,20180609,-9999,    9
  2631, 10224,20180610,-9999,    9
  2631, 10224,20180611,-9999,    9
  2631, 10224,20180612,-9999,    9
  2631, 10224,20180613,-9999,    9
  2631, 10224,20180614,-9999,    9
  2631, 10224,20180615,-9999,    9
  2631, 10224,20180616,-9999,    9
  2631, 10224,20180617,-9999,    9
  2631, 10224,20180618,-9999,    9
  2631, 10224,20180619,-9999,    9
  2631, 10224,20180620,-9999,    9
  2631, 10224,20180621,-9999,    9
  2631, 10224,20180622,-9999,    9
  2631, 10224,20180623,-9999,    9
  2631, 10224,20180624,-9999,    9
  2631, 10224,20180625,-9999,    9
  2631, 10224,20180626,-9999,    9
  2631, 10224,20180627,-9999,    9
  2631, 10224,20180628,-9999,    9
  2631, 10224,20180629,-9999,    9
  2631, 10224,20180630,-9999,    9
  2631, 10224,20180701,-9999,    9
  2631, 10224,20180702,-9999,    9
  2631, 10224,20180703,-9999,    9
  2631, 10224,20180704,-9999,    9
  2631, 10224,20180705,-9999,    9
  2631, 10224,20180706,-9999,    9
  2631, 10224,20180707,-9999,    9
  2631, 10224,20180708,-9999,    9
  2631, 10224,20180709,-9999,    9
  2631, 10224,20180710,-9999,    9
  2631, 10224,20180711,-9999,    9
  2631, 10224,20180712,-9999,    9
  2631, 10224,20180713,-9999,    9
  2631, 10224,20180714,-9999,    9
  2631, 10224,20180715,-9999,    9
  2631, 10224,20180716,-9999,    9
  2631, 10224,20180717,-9999,    9
  2631, 10224,20180718,-9999,    9
  2631, 10224,20180719,-9999,    9
  2631, 10224,20180720,-9999,    9
  2631, 10224,20180721,-9999,    9
  2631, 10224,20180722,-9999,    9
  2631, 10224,20180723,-9999,    9
  2631, 10224,20180724,-9999,    9
  2631, 10224,20180725,-9999,    9
  2631, 10224,20180726,-9999,    9
  2631, 10224,20180727,-9999,    9
  2631, 10224,20180728,-9999,    9
  2631, 10224,20180729,-9999,    9
  2631, 10224,20180730,-9999,    9
  2631, 10224,20180731,-9999,    9
  2631, 10224,20180801,-9999,    9
  2631, 10224,20180802,-9999,    9
  2631, 10224,20180803,-9999,    9
  2631, 10224,20180804,-9999,    9
  2631, 10224,20180805,-9999,    9
  2631, 10224,20180806,-9999,    9
  2631, 10224,20180807,-9999,    9
  2631, 10224,20180808,-9999,    9
  2631, 10224,20180809,-9999,    9
  2631, 10224,20180810,-9999,    9
  2631, 10224,20180811,-9999,    9
  2631, 10224,20180812,-9999,    9
  2631, 10224,20180813,-9999,    9
  2631, 10224,20180814,-9999,    9
  2631, 10224,20180815,-9999,    9
  2631, 10224,20180816,-9999,    9
  2631, 10224,20180817,-9999,    9
  2631, 10224,20180818,-9999,    9
  2631, 10224,20180819,-9999,    9
  2631, 10224,20180820,-9999,    9
  2631, 10224,20180821,-9999,    9
  2631, 10224,20180822,-9999,    9
  2631, 10224,20180823,-9999,    9
  2631, 10224,20180824,-9999,    9
  2631, 10224,20180825,-9999,    9
  2631, 10224,20180826,-9999,    9
  2631, 10224,20180827,-9999,    9
  2631, 10224,20180828,-9999,    9
  2631, 10224,20180829,-9999,    9
  2631, 10224,20180830,-9999,    9
  2631, 10224,20180831,-9999,    9
  2631, 10224,20180901,-9999,    9
  2631, 10224,20180902,-9999,    9
  2631, 10224,20180903,-9999,    9
  2631, 10224,20180904,-9999,    9
  2631, 10224,20180905,-9999,    9
  2631, 10224,20180906,-9999,    9
  2631, 10224,20180907,-9999,    9
  2631, 10224,20180908,-9999,    9
  2631, 10224,20180909,-9999,    9
  2631, 10224,20180910,-9999,    9
  2631, 10224,20180911,-9999,    9
  2631, 10224,20180912,-9999,    9
  2631, 10224,20180913,-9999,    9
  2631, 10224,20180914,-9999,    9
  2631, 10224,20180915,-9999,    9
  2631, 10224,20180916,-9999,    9
  2631, 10224,20180917,-9999,    9
  2631, 10224,20180918,-9999,    9
  2631, 10224,20180919,-9999,    9
  2631, 10224,20180920,-9999,    9
  2631, 10224,20180921,-9999,    9
  2631, 10224,20180922,-9999,    9
  2631, 10224,20180923,-9999,    9
  2631, 10224,20180924,-9999,    9
  2631, 10224,20180925,-9999,    9
  2631, 10224,20180926,-9999,    9
  2631, 10224,20180927,-9999,    9
  2631, 10224,20180928,-9999,    9
  2631, 10224,20180929,-9999,    9
  2631, 10224,20180930,-9999,    9
  2631, 10224,20181001,-9999,    9
  2631, 10224,20181002,-9999,    9
  2631, 10224,20181003,-9999,    9
  2631, 10224,20181004,-9999,    9
  2631, 10224,20181005,-9999,    9
  2631, 10224,20181006,-9999,    9
  2631, 10224,20181007,-9999,    9
  2631, 10224,20181008,-9999,    9
  2631, 10224,20181009,-9999,    9
  2631, 10224,20181010,-9999,    9
  2631, 10224,20181011,-9999,    9
  2631, 10224,20181012,-9999,    9
  2631, 10224,20181013,-9999,    9
  2631, 10224,20181014,-9999,    9
  2631, 10224,20181015,-9999,    9
  2631, 10224,20181016,-9999,    9
  2631, 10224,20181017,-9999,    9
  2631, 10224,20181018,-9999,    9
  2631, 10224,20181019,-9999,    9
  2631, 10224,20181020,-9999,    9
  2631, 10224,20181021,-9999,    9
  2631, 10224,20181022,-9999,    9
  2631, 10224,20181023,-9999,    9
  2631, 10224,20181024,-9999,    9
  2631, 10224,20181025,-9999,    9
  2631, 10224,20181026,-9999,    9
  2631, 10224,20181027,-9999,    9
  2631, 10224,20181028,-9999,    9
  2631, 10224,20181029,-9999,    9
  2631, 10224,20181030,-9999,    9
  2631, 10224,20181031,-9999,    9
  2631, 10224,20181101,-9999,    9
  2631, 10224,20181102,-9999,    9
  2631, 10224,20181103,-9999,    9
  2631, 10224,20181104,-9999,    9
  2631, 10224,20181105,-9999,    9
  2631, 10224,20181106,-9999,    9
  2631, 10224,20181107,-9999,    9
  2631, 10224,20181108,-9999,    9
  2631, 10224,20181109,-9999,    9
  2631, 10224,20181110,-9999,    9
  2631, 10224,20181111,-9999,    9
  2631, 10224,20181112,-9999,    9
  2631, 10224,20181113,-9999,    9
  2631, 10224,20181114,-9999,    9
  2631, 10224,20181115,-9999,    9
  2631, 10224,20181116,-9999,    9
  2631, 10224,20181117,-9999,    9
  2631, 10224,20181118,-9999,    9
  2631, 10224,20181119,-9999,    9
  2631, 10224,20181120,-9999,    9
  2631, 10224,20181121,-9999,    9
  2631, 10224,20181122,-9999,    9
  2631, 10224,20181123,-9999,    9
  2631, 10224,20181124,-9999,    9
  2631, 10224,20181125,-9999,    9
  2631, 10224,20181126,-9999,    9
  2631, 10224,20181127,-9999,    9
  2631, 10224,20181128,-9999,    9
  2631, 10224,20181129,-9999,    9
  2631, 10224,20181130,-9999,    9
  2631, 10224,20181201,-9999,    9
  2631, 10224,20181202,-9999,    9
  2631, 10224,20181203,-9999,    9
  2631, 10224,20181204,-9999,    9
  2631, 10224,20181205,-9999,    9
  2631, 10224,20181206,-9999,    9
  2631, 10224,20181207,-9999,    9
  2631, 10224,20181208,-9999,    9
  2631, 10224,20181209,-9999,    9
  2631, 10224,20181210,-9999,    9
  2631, 10224,20181211,-9999,    9
  2631, 10224,20181212,-9999,    9
  2631, 10224,20181213,-9999,    9
  2631, 10224,20181214,-9999,    9
  2631, 10224,20181215,-9999,    9
  2631, 10224,20181216,-9999,    9
  2631, 10224,20181217,-9999,    9
  2631, 10224,20181218,-9999,    9
  2631, 10224,20181219,-9999,    9
  2631, 10224,20181220,-9999,    9
  2631, 10224,20181221,-9999,    9
  2631, 10224,20181222,-9999,    9
  2631, 10224,20181223,-9999,    9
  2631, 10224,20181224,-9999,    9
  2631, 10224,20181225,-9999,    9
  2631, 10224,20181226,-9999,    9
  2631, 10224,20181227,-9999,    9
  2631, 10224,20181228,-9999,    9
  2631, 10224,20181229,-9999,    9
  2631, 10224,20181230,-9999,    9
  2631, 10224,20181231,-9999,    9
  2631, 10224,20190101,-9999,    9
  2631, 10224,20190102,-9999,    9
  2631, 10224,20190103,-9999,    9
  2631, 10224,20190104,-9999,    9
  2631, 10224,20190105,-9999,    9
  2631, 10224,20190106,-9999,    9
  2631, 10224,20190107,-9999,    9
  2631, 10224,20190108,-9999,    9
  2631, 10224,20190109,-9999,    9
  2631, 10224,20190110,-9999,    9
  2631, 10224,20190111,-9999,    9
  2631, 10224,20190112,-9999,    9
  2631, 10224,20190113,-9999,    9
  2631, 10224,20190114,-9999,    9
  2631, 10224,20190115,-9999,    9
  2631, 10224,20190116,-9999,    9
  2631, 10224,20190117,-9999,    9
  2631, 10224,20190118,-9999,    9
  2631, 10224,20190119,-9999,    9
  2631, 10224,20190120,-9999,    9
  2631, 10224,20190121,-9999,    9
  2631, 10224,20190122,-9999,    9
  2631, 10224,20190123,-9999,    9
  2631, 10224,20190124,-9999,    9
  2631, 10224,20190125,-9999,    9
  2631, 10224,20190126,-9999,    9
  2631, 10224,20190127,-9999,    9
  2631, 10224,20190128,-9999,    9
  2631, 10224,20190129,-9999,    9
  2631, 10224,20190130,-9999,    9
  2631, 10224,20190131,-9999,    9
  2631, 10224,20190201,-9999,    9
  2631, 10224,20190202,-9999,    9
  2631, 10224,20190203,-9999,    9
  2631, 10224,20190204,-9999,    9
  2631, 10224,20190205,-9999,    9
  2631, 10224,20190206,-9999,    9
  2631, 10224,20190207,-9999,    9
  2631, 10224,20190208,-9999,    9
  2631, 10224,20190209,-9999,    9
  2631, 10224,20190210,-9999,    9
  2631, 10224,20190211,-9999,    9
  2631, 10224,20190212,-9999,    9
  2631, 10224,20190213,-9999,    9
  2631, 10224,20190214,-9999,    9
  2631, 10224,20190215,-9999,    9
  2631, 10224,20190216,-9999,    9
  2631, 10224,20190217,-9999,    9
  2631, 10224,20190218,-9999,    9
  2631, 10224,20190219,-9999,    9
  2631, 10224,20190220,-9999,    9
  2631, 10224,20190221,-9999,    9
  2631, 10224,20190222,-9999,    9
  2631, 10224,20190223,-9999,    9
  2631, 10224,20190224,-9999,    9
  2631, 10224,20190225,-9999,    9
  2631, 10224,20190226,-9999,    9
  2631, 10224,20190227,-9999,    9
  2631, 10224,20190228,-9999,    9
  2631, 10224,20190301,-9999,    9
  2631, 10224,20190302,-9999,    9
  2631, 10224,20190303,-9999,    9
  2631, 10224,20190304,-9999,    9
  2631, 10224,20190305,-9999,    9
  2631, 10224,20190306,-9999,    9
  2631, 10224,20190307,-9999,    9
  2631, 10224,20190308,-9999,    9
  2631, 10224,20190309,-9999,    9
  2631, 10224,20190310,-9999,    9
  2631, 10224,20190311,-9999,    9
  2631, 10224,20190312,-9999,    9
  2631, 10224,20190313,-9999,    9
  2631, 10224,20190314,-9999,    9
  2631, 10224,20190315,-9999,    9
  2631, 10224,20190316,-9999,    9
  2631, 10224,20190317,-9999,    9
  2631, 10224,20190318,-9999,    9
  2631, 10224,20190319,-9999,    9
  2631, 10224,20190320,-9999,    9
  2631, 10224,20190321,-9999,    9
  2631, 10224,20190322,-9999,    9
  2631, 10224,20190323,-9999,    9
  2631, 10224,20190324,-9999,    9
  2631, 10224,20190325,-9999,    9
  2631, 10224,20190326,-9999,    9
  2631, 10224,20190327,-9999,    9
  2631, 10224,20190328,-9999,    9
  2631, 10224,20190329,-9999,    9
  2631, 10224,20190330,-9999,    9
  2631, 10224,20190331,-9999,    9
  2631, 10224,20190401,-9999,    9
  2631, 10224,20190402,-9999,    9
  2631, 10224,20190403,-9999,    9
  2631, 10224,20190404,-9999,    9
  2631, 10224,20190405,-9999,    9
  2631, 10224,20190406,-9999,    9
  2631, 10224,20190407,-9999,    9
  2631, 10224,20190408,-9999,    9
  2631, 10224,20190409,-9999,    9
  2631, 10224,20190410,-9999,    9
  2631, 10224,20190411,-9999,    9
  2631, 10224,20190412,-9999,    9
  2631, 10224,20190413,-9999,    9
  2631, 10224,20190414,-9999,    9
  2631, 10224,20190415,-9999,    9
  2631, 10224,20190416,-9999,    9
  2631, 10224,20190417,-9999,    9
  2631, 10224,20190418,-9999,    9
  2631, 10224,20190419,-9999,    9
  2631, 10224,20190420,-9999,    9
  2631, 10224,20190421,-9999,    9
  2631, 10224,20190422,-9999,    9
  2631, 10224,20190423,-9999,    9
  2631, 10224,20190424,-9999,    9
  2631, 10224,20190425,-9999,    9
  2631, 10224,20190426,-9999,    9
  2631, 10224,20190427,-9999,    9
  2631, 10224,20190428,-9999,    9
  2631, 10224,20190429,-9999,    9
  2631, 10224,20190430,-9999,    9
  2631, 10224,20190501,-9999,    9
  2631, 10224,20190502,-9999,    9
  2631, 10224,20190503,-9999,    9
  2631, 10224,20190504,-9999,    9
  2631, 10224,20190505,-9999,    9
  2631, 10224,20190506,-9999,    9
  2631, 10224,20190507,-9999,    9
  2631, 10224,20190508,-9999,    9
  2631, 10224,20190509,-9999,    9
  2631, 10224,20190510,-9999,    9
  2631, 10224,20190511,-9999,    9
  2631, 10224,20190512,-9999,    9
  2631, 10224,20190513,-9999,    9
  2631, 10224,20190514,-9999,    9
  2631, 10224,20190515,-9999,    9
  2631, 10224,20190516,-9999,    9
  2631, 10224,20190517,-9999,    9
  2631, 10224,20190518,-9999,    9
  2631, 10224,20190519,-9999,    9
  2631, 10224,20190520,-9999,    9
  2631, 10224,20190521,-9999,    9
  2631, 10224,20190522,-9999,    9
  2631, 10224,20190523,-9999,    9
  2631, 10224,20190524,-9999,    9
  2631, 10224,20190525,-9999,    9
  2631, 10224,20190526,-9999,    9
  2631, 10224,20190527,-9999,    9
  2631, 10224,20190528,-9999,    9
  2631, 10224,20190529,-9999,    9
  2631, 10224,20190530,-9999,    9
  2631, 10224,20190531,-9999,    9
  2631, 10224,20190601,-9999,    9
  2631, 10224,20190602,-9999,    9
  2631, 10224,20190603,-9999,    9
  2631, 10224,20190604,-9999,    9
  2631, 10224,20190605,-9999,    9
  2631, 10224,20190606,-9999,    9
  2631, 10224,20190607,-9999,    9
  2631, 10224,20190608,-9999,    9
  2631, 10224,20190609,-9999,    9
  2631, 10224,20190610,-9999,    9
  2631, 10224,20190611,-9999,    9
  2631, 10224,20190612,-9999,    9
  2631, 10224,20190613,-9999,    9
  2631, 10224,20190614,-9999,    9
  2631, 10224,20190615,-9999,    9
  2631, 10224,20190616,-9999,    9
  2631, 10224,20190617,-9999,    9
  2631, 10224,20190618,-9999,    9
  2631, 10224,20190619,-9999,    9
  2631, 10224,20190620,-9999,    9
  2631, 10224,20190621,-9999,    9
  2631, 10224,20190622,-9999,    9
  2631, 10224,20190623,-9999,    9
  2631, 10224,20190624,-9999,    9
  2631, 10224,20190625,-9999,    9
  2631, 10224,20190626,-9999,    9
  2631, 10224,20190627,-9999,    9
  2631, 10224,20190628,-9999,    9
  2631, 10224,20190629,-9999,    9
  2631, 10224,20190630,-9999,    9
  2631, 10224,20190701,-9999,    9
  2631, 10224,20190702,-9999,    9
  2631, 10224,20190703,-9999,    9
  2631, 10224,20190704,-9999,    9
  2631, 10224,20190705,-9999,    9
  2631, 10224,20190706,-9999,    9
  2631, 10224,20190707,-9999,    9
  2631, 10224,20190708,-9999,    9
  2631, 10224,20190709,-9999,    9
  2631, 10224,20190710,-9999,    9
  2631, 10224,20190711,-9999,    9
  2631, 10224,20190712,-9999,    9
  2631, 10224,20190713,-9999,    9
  2631, 10224,20190714,-9999,    9
  2631, 10224,20190715,-9999,    9
  2631, 10224,20190716,-9999,    9
  2631, 10224,20190717,-9999,    9
  2631, 10224,20190718,-9999,    9
  2631, 10224,20190719,-9999,    9
  2631, 10224,20190720,-9999,    9
  2631, 10224,20190721,-9999,    9
  2631, 10224,20190722,-9999,    9
  2631, 10224,20190723,-9999,    9
  2631, 10224,20190724,-9999,    9
  2631, 10224,20190725,-9999,    9
  2631, 10224,20190726,-9999,    9
  2631, 10224,20190727,-9999,    9
  2631, 10224,20190728,-9999,    9
  2631, 10224,20190729,-9999,    9
  2631, 10224,20190730,-9999,    9
  2631, 10224,20190731,-9999,    9
  2631, 10224,20190801,-9999,    9
  2631, 10224,20190802,-9999,    9
  2631, 10224,20190803,-9999,    9
  2631, 10224,20190804,-9999,    9
  2631, 10224,20190805,-9999,    9
  2631, 10224,20190806,-9999,    9
  2631, 10224,20190807,-9999,    9
  2631, 10224,20190808,-9999,    9
  2631, 10224,20190809,-9999,    9
  2631, 10224,20190810,-9999,    9
  2631, 10224,20190811,-9999,    9
  2631, 10224,20190812,-9999,    9
  2631, 10224,20190813,-9999,    9
  2631, 10224,20190814,-9999,    9
  2631, 10224,20190815,-9999,    9
  2631, 10224,20190816,-9999,    9
  2631, 10224,20190817,-9999,    9
  2631, 10224,20190818,-9999,    9
  2631, 10224,20190819,-9999,    9
  2631, 10224,20190820,-9999,    9
  2631, 10224,20190821,-9999,    9
  2631, 10224,20190822,-9999,    9
  2631, 10224,20190823,-9999,    9
  2631, 10224,20190824,-9999,    9
  2631, 10224,20190825,-9999,    9
  2631, 10224,20190826,-9999,    9
  2631, 10224,20190827,-9999,    9
  2631, 10224,20190828,-9999,    9
  2631, 10224,20190829,-9999,    9
  2631, 10224,20190830,-9999,    9
  2631, 10224,20190831,-9999,    9
  2631, 10224,20190901,-9999,    9
  2631, 10224,20190902,-9999,    9
  2631, 10224,20190903,-9999,    9
  2631, 10224,20190904,-9999,    9
  2631, 10224,20190905,-9999,    9
  2631, 10224,20190906,-9999,    9
  2631, 10224,20190907,-9999,    9
  2631, 10224,20190908,-9999,    9
  2631, 10224,20190909,-9999,    9
  2631, 10224,20190910,-9999,    9
  2631, 10224,20190911,-9999,    9
  2631, 10224,20190912,-9999,    9
  2631, 10224,20190913,-9999,    9
  2631, 10224,20190914,-9999,    9
  2631, 10224,20190915,-9999,    9
  2631, 10224,20190916,-9999,    9
  2631, 10224,20190917,-9999,    9
  2631, 10224,20190918,-9999,    9
  2631, 10224,20190919,-9999,    9
  2631, 10224,20190920,-9999,    9
  2631, 10224,20190921,-9999,    9
  2631, 10224,20190922,-9999,    9
  2631, 10224,20190923,-9999,    9
  2631, 10224,20190924,-9999,    9
  2631, 10224,20190925,-9999,    9
  2631, 10224,20190926,-9999,    9
  2631, 10224,20190927,-9999,    9
  2631, 10224,20190928,-9999,    9
  2631, 10224,20190929,-9999,    9
  2631, 10224,20190930,-9999,    9
  2631, 10224,20191001,-9999,    9
  2631, 10224,20191002,-9999,    9
  2631, 10224,20191003,-9999,    9
  2631, 10224,20191004,-9999,    9
  2631, 10224,20191005,-9999,    9
  2631, 10224,20191006,-9999,    9
  2631, 10224,20191007,-9999,    9
  2631, 10224,20191008,-9999,    9
  2631, 10224,20191009,-9999,    9
  2631, 10224,20191010,-9999,    9
  2631, 10224,20191011,-9999,    9
  2631, 10224,20191012,-9999,    9
  2631, 10224,20191013,-9999,    9
  2631, 10224,20191014,-9999,    9
  2631, 10224,20191015,-9999,    9
  2631, 10224,20191016,-9999,    9
  2631, 10224,20191017,-9999,    9
  2631, 10224,20191018,-9999,    9
  2631, 10224,20191019,-9999,    9
  2631, 10224,20191020,-9999,    9
  2631, 10224,20191021,-9999,    9
  2631, 10224,20191022,-9999,    9
  2631, 10224,20191023,-9999,    9
  2631, 10224,20191024,-9999,    9
  2631, 10224,20191025,-9999,    9
  2631, 10224,20191026,-9999,    9
  2631, 10224,20191027,-9999,    9
  2631, 10224,20191028,-9999,    9
  2631, 10224,20191029,-9999,    9
  2631, 10224,20191030,-9999,    9
  2631, 10224,20191031,-9999,    9
  2631, 10224,20191101,-9999,    9
  2631, 10224,20191102,-9999,    9
  2631, 10224,20191103,-9999,    9
  2631, 10224,20191104,-9999,    9
  2631, 10224,20191105,-9999,    9
  2631, 10224,20191106,-9999,    9
  2631, 10224,20191107,-9999,    9
  2631, 10224,20191108,-9999,    9
  2631, 10224,20191109,-9999,    9
  2631, 10224,20191110,-9999,    9
  2631, 10224,20191111,-9999,    9
  2631, 10224,20191112,-9999,    9
  2631, 10224,20191113,-9999,    9
  2631, 10224,20191114,-9999,    9
  2631, 10224,20191115,-9999,    9
  2631, 10224,20191116,-9999,    9
  2631, 10224,20191117,-9999,    9
  2631, 10224,20191118,-9999,    9
  2631, 10224,20191119,-9999,    9
  2631, 10224,20191120,-9999,    9
  2631, 10224,20191121,-9999,    9
  2631, 10224,20191122,-9999,    9
  2631, 10224,20191123,-9999,    9
  2631, 10224,20191124,-9999,    9
  2631, 10224,20191125,-9999,    9
  2631, 10224,20191126,-9999,    9
  2631, 10224,20191127,-9999,    9
  2631, 10224,20191128,-9999,    9
  2631, 10224,20191129,-9999,    9
  2631, 10224,20191130,-9999,    9
  2631, 10224,20191201,-9999,    9
  2631, 10224,20191202,-9999,    9
  2631, 10224,20191203,-9999,    9
  2631, 10224,20191204,-9999,    9
  2631, 10224,20191205,-9999,    9
  2631, 10224,20191206,-9999,    9
  2631, 10224,20191207,-9999,    9
  2631, 10224,20191208,-9999,    9
  2631, 10224,20191209,-9999,    9
  2631, 10224,20191210,-9999,    9
  2631, 10224,20191211,-9999,    9
  2631, 10224,20191212,-9999,    9
  2631, 10224,20191213,-9999,    9
  2631, 10224,20191214,-9999,    9
  2631, 10224,20191215,-9999,    9
  2631, 10224,20191216,-9999,    9
  2631, 10224,20191217,-9999,    9
  2631, 10224,20191218,-9999,    9
  2631, 10224,20191219,-9999,    9
  2631, 10224,20191220,-9999,    9
  2631, 10224,20191221,-9999,    9
  2631, 10224,20191222,-9999,    9
  2631, 10224,20191223,-9999,    9
  2631, 10224,20191224,-9999,    9
  2631, 10224,20191225,-9999,    9
  2631, 10224,20191226,-9999,    9
  2631, 10224,20191227,-9999,    9
  2631, 10224,20191228,-9999,    9
  2631, 10224,20191229,-9999,    9
  2631, 10224,20191230,-9999,    9
  2631, 10224,20191231,-9999,    9
  2631, 10224,20200101,-9999,    9
  2631, 10224,20200102,-9999,    9
  2631, 10224,20200103,-9999,    9
  2631, 10224,20200104,-9999,    9
  2631, 10224,20200105,-9999,    9
  2631, 10224,20200106,-9999,    9
  2631, 10224,20200107,-9999,    9
  2631, 10224,20200108,-9999,    9
  2631, 10224,20200109,-9999,    9
  2631, 10224,20200110,-9999,    9
  2631, 10224,20200111,-9999,    9
  2631, 10224,20200112,-9999,    9
  2631, 10224,20200113,-9999,    9
  2631, 10224,20200114,-9999,    9
  2631, 10224,20200115,-9999,    9
  2631, 10224,20200116,-9999,    9
  2631, 10224,20200117,-9999,    9
  2631, 10224,20200118,-9999,    9
  2631, 10224,20200119,-9999,    9
  2631, 10224,20200120,-9999,    9
  2631, 10224,20200121,-9999,    9
  2631, 10224,20200122,-9999,    9
  2631, 10224,20200123,-9999,    9
  2631, 10224,20200124,-9999,    9
  2631, 10224,20200125,-9999,    9
  2631, 10224,20200126,-9999,    9
  2631, 10224,20200127,-9999,    9
  2631, 10224,20200128,-9999,    9
  2631, 10224,20200129,-9999,    9
  2631, 10224,20200130,-9999,    9
  2631, 10224,20200131,-9999,    9
  2631, 10224,20200201,-9999,    9
  2631, 10224,20200202,-9999,    9
  2631, 10224,20200203,-9999,    9
  2631, 10224,20200204,-9999,    9
  2631, 10224,20200205,-9999,    9
  2631, 10224,20200206,-9999,    9
  2631, 10224,20200207,-9999,    9
  2631, 10224,20200208,-9999,    9
  2631, 10224,20200209,-9999,    9
  2631, 10224,20200210,-9999,    9
  2631, 10224,20200211,-9999,    9
  2631, 10224,20200212,-9999,    9
  2631, 10224,20200213,-9999,    9
  2631, 10224,20200214,-9999,    9
  2631, 10224,20200215,-9999,    9
  2631, 10224,20200216,-9999,    9
  2631, 10224,20200217,-9999,    9
  2631, 10224,20200218,-9999,    9
  2631, 10224,20200219,-9999,    9
  2631, 10224,20200220,-9999,    9
  2631, 10224,20200221,-9999,    9
  2631, 10224,20200222,-9999,    9
  2631, 10224,20200223,-9999,    9
  2631, 10224,20200224,-9999,    9
  2631, 10224,20200225,-9999,    9
  2631, 10224,20200226,-9999,    9
  2631, 10224,20200227,-9999,    9
  2631, 10224,20200228,-9999,    9
  2631, 10224,20200229,-9999,    9
  2631, 10224,20200301,-9999,    9
  2631, 10224,20200302,-9999,    9
  2631, 10224,20200303,-9999,    9
  2631, 10224,20200304,-9999,    9
  2631, 10224,20200305,-9999,    9
  2631, 10224,20200306,-9999,    9
  2631, 10224,20200307,-9999,    9
  2631, 10224,20200308,-9999,    9
  2631, 10224,20200309,-9999,    9
  2631, 10224,20200310,-9999,    9
  2631, 10224,20200311,-9999,    9
  2631, 10224,20200312,-9999,    9
  2631, 10224,20200313,-9999,    9
  2631, 10224,20200314,-9999,    9
  2631, 10224,20200315,-9999,    9
  2631, 10224,20200316,-9999,    9
  2631, 10224,20200317,-9999,    9
  2631, 10224,20200318,-9999,    9
  2631, 10224,20200319,-9999,    9
  2631, 10224,20200320,-9999,    9
  2631, 10224,20200321,-9999,    9
  2631, 10224,20200322,-9999,    9
  2631, 10224,20200323,-9999,    9
  2631, 10224,20200324,-9999,    9
  2631, 10224,20200325,-9999,    9
  2631, 10224,20200326,-9999,    9
  2631, 10224,20200327,-9999,    9
  2631, 10224,20200328,-9999,    9
  2631, 10224,20200329,-9999,    9
  2631, 10224,20200330,-9999,    9
  2631, 10224,20200331,-9999,    9
  2631, 10224,20200401,-9999,    9
  2631, 10224,20200402,-9999,    9
  2631, 10224,20200403,-9999,    9
  2631, 10224,20200404,-9999,    9
  2631, 10224,20200405,-9999,    9
  2631, 10224,20200406,-9999,    9
  2631, 10224,20200407,-9999,    9
  2631, 10224,20200408,-9999,    9
  2631, 10224,20200409,-9999,    9
  2631, 10224,20200410,-9999,    9
  2631, 10224,20200411,-9999,    9
  2631, 10224,20200412,-9999,    9
  2631, 10224,20200413,-9999,    9
  2631, 10224,20200414,-9999,    9
  2631, 10224,20200415,-9999,    9
  2631, 10224,20200416,-9999,    9
  2631, 10224,20200417,-9999,    9
  2631, 10224,20200418,-9999,    9
  2631, 10224,20200419,-9999,    9
  2631, 10224,20200420,-9999,    9
  2631, 10224,20200421,-9999,    9
  2631, 10224,20200422,-9999,    9
  2631, 10224,20200423,-9999,    9
  2631, 10224,20200424,-9999,    9
  2631, 10224,20200425,-9999,    9
  2631, 10224,20200426,-9999,    9
  2631, 10224,20200427,-9999,    9
  2631, 10224,20200428,-9999,    9
  2631, 10224,20200429,-9999,    9
  2631, 10224,20200430,-9999,    9
  2631, 10224,20200501,-9999,    9
  2631, 10224,20200502,-9999,    9
  2631, 10224,20200503,-9999,    9
  2631, 10224,20200504,-9999,    9
  2631, 10224,20200505,-9999,    9
  2631, 10224,20200506,-9999,    9
  2631, 10224,20200507,-9999,    9
  2631, 10224,20200508,-9999,    9
  2631, 10224,20200509,-9999,    9
  2631, 10224,20200510,-9999,    9
  2631, 10224,20200511,-9999,    9
  2631, 10224,20200512,-9999,    9
  2631, 10224,20200513,-9999,    9
  2631, 10224,20200514,-9999,    9
  2631, 10224,20200515,-9999,    9
  2631, 10224,20200516,-9999,    9
  2631, 10224,20200517,-9999,    9
  2631, 10224,20200518,-9999,    9
  2631, 10224,20200519,-9999,    9
  2631, 10224,20200520,-9999,    9
  2631, 10224,20200521,-9999,    9
  2631, 10224,20200522,-9999,    9
  2631, 10224,20200523,-9999,    9
  2631, 10224,20200524,-9999,    9
  2631, 10224,20200525,-9999,    9
  2631, 10224,20200526,-9999,    9
  2631, 10224,20200527,-9999,    9
  2631, 10224,20200528,-9999,    9
  2631, 10224,20200529,-9999,    9
  2631, 10224,20200530,-9999,    9
  2631, 10224,20200531,-9999,    9
  2631, 10224,20200601,-9999,    9
  2631, 10224,20200602,-9999,    9
  2631, 10224,20200603,-9999,    9
  2631, 10224,20200604,-9999,    9
  2631, 10224,20200605,-9999,    9
  2631, 10224,20200606,-9999,    9
  2631, 10224,20200607,-9999,    9
  2631, 10224,20200608,-9999,    9
  2631, 10224,20200609,-9999,    9
  2631, 10224,20200610,-9999,    9
  2631, 10224,20200611,-9999,    9
  2631, 10224,20200612,-9999,    9
  2631, 10224,20200613,-9999,    9
  2631, 10224,20200614,-9999,    9
  2631, 10224,20200615,-9999,    9
  2631, 10224,20200616,-9999,    9
  2631, 10224,20200617,-9999,    9
  2631, 10224,20200618,-9999,    9
  2631, 10224,20200619,-9999,    9
  2631, 10224,20200620,-9999,    9
  2631, 10224,20200621,-9999,    9
  2631, 10224,20200622,-9999,    9
  2631, 10224,20200623,-9999,    9
  2631, 10224,20200624,-9999,    9
  2631, 10224,20200625,-9999,    9
  2631, 10224,20200626,-9999,    9
  2631, 10224,20200627,-9999,    9
  2631, 10224,20200628,-9999,    9
  2631, 10224,20200629,-9999,    9
  2631, 10224,20200630,-9999,    9
  2631, 10224,20200701,-9999,    9
  2631, 10224,20200702,-9999,    9
  2631, 10224,20200703,-9999,    9
  2631, 10224,20200704,-9999,    9
  2631, 10224,20200705,-9999,    9
  2631, 10224,20200706,-9999,    9
  2631, 10224,20200707,-9999,    9
  2631, 10224,20200708,-9999,    9
  2631, 10224,20200709,-9999,    9
  2631, 10224,20200710,-9999,    9
  2631, 10224,20200711,-9999,    9
  2631, 10224,20200712,-9999,    9
  2631, 10224,20200713,-9999,    9
  2631, 10224,20200714,-9999,    9
  2631, 10224,20200715,-9999,    9
  2631, 10224,20200716,-9999,    9
  2631, 10224,20200717,-9999,    9
  2631, 10224,20200718,-9999,    9
  2631, 10224,20200719,-9999,    9
  2631, 10224,20200720,-9999,    9
  2631, 10224,20200721,-9999,    9
  2631, 10224,20200722,-9999,    9
  2631, 10224,20200723,-9999,    9
  2631, 10224,20200724,-9999,    9
  2631, 10224,20200725,-9999,    9
  2631, 10224,20200726,-9999,    9
  2631, 10224,20200727,-9999,    9
  2631, 10224,20200728,-9999,    9
  2631, 10224,20200729,-9999,    9
  2631, 10224,20200730,-9999,    9
  2631, 10224,20200731,-9999,    9
  2631, 10224,20200801,-9999,    9
  2631, 10224,20200802,-9999,    9
  2631, 10224,20200803,-9999,    9
  2631, 10224,20200804,-9999,    9
  2631, 10224,20200805,-9999,    9
  2631, 10224,20200806,-9999,    9
  2631, 10224,20200807,-9999,    9
  2631, 10224,20200808,-9999,    9
  2631, 10224,20200809,-9999,    9
  2631, 10224,20200810,-9999,    9
  2631, 10224,20200811,-9999,    9
  2631, 10224,20200812,-9999,    9
  2631, 10224,20200813,-9999,    9
  2631, 10224,20200814,-9999,    9
  2631, 10224,20200815,-9999,    9
  2631, 10224,20200816,-9999,    9
  2631, 10224,20200817,-9999,    9
  2631, 10224,20200818,-9999,    9
  2631, 10224,20200819,-9999,    9
  2631, 10224,20200820,-9999,    9
  2631, 10224,20200821,-9999,    9
  2631, 10224,20200822,-9999,    9
  2631, 10224,20200823,-9999,    9
  2631, 10224,20200824,-9999,    9
  2631, 10224,20200825,-9999,    9
  2631, 10224,20200826,-9999,    9
  2631, 10224,20200827,-9999,    9
  2631, 10224,20200828,-9999,    9
  2631, 10224,20200829,-9999,    9
  2631, 10224,20200830,-9999,    9
  2631, 10224,20200831,-9999,    9
  2631, 10224,20200901,-9999,    9
  2631, 10224,20200902,-9999,    9
  2631, 10224,20200903,-9999,    9
  2631, 10224,20200904,-9999,    9
  2631, 10224,20200905,-9999,    9
  2631, 10224,20200906,-9999,    9
  2631, 10224,20200907,-9999,    9
  2631, 10224,20200908,-9999,    9
  2631, 10224,20200909,-9999,    9
  2631, 10224,20200910,-9999,    9
  2631, 10224,20200911,-9999,    9
  2631, 10224,20200912,-9999,    9
  2631, 10224,20200913,-9999,    9
  2631, 10224,20200914,-9999,    9
  2631, 10224,20200915,-9999,    9
  2631, 10224,20200916,-9999,    9
  2631, 10224,20200917,-9999,    9
  2631, 10224,20200918,-9999,    9
  2631, 10224,20200919,-9999,    9
  2631, 10224,20200920,-9999,    9
  2631, 10224,20200921,-9999,    9
  2631, 10224,20200922,-9999,    9
  2631, 10224,20200923,-9999,    9
  2631, 10224,20200924,-9999,    9
  2631, 10224,20200925,-9999,    9
  2631, 10224,20200926,-9999,    9
  2631, 10224,20200927,-9999,    9
  2631, 10224,20200928,-9999,    9
  2631, 10224,20200929,-9999,    9
  2631, 10224,20200930,-9999,    9
  2631, 10224,20201001,-9999,    9
  2631, 10224,20201002,-9999,    9
  2631, 10224,20201003,-9999,    9
  2631, 10224,20201004,-9999,    9
  2631, 10224,20201005,-9999,    9
  2631, 10224,20201006,-9999,    9
  2631, 10224,20201007,-9999,    9
  2631, 10224,20201008,-9999,    9
  2631, 10224,20201009,-9999,    9
  2631, 10224,20201010,-9999,    9
  2631, 10224,20201011,-9999,    9
  2631, 10224,20201012,-9999,    9
  2631, 10224,20201013,-9999,    9
  2631, 10224,20201014,-9999,    9
  2631, 10224,20201015,-9999,    9
  2631, 10224,20201016,-9999,    9
  2631, 10224,20201017,-9999,    9
  2631, 10224,20201018,-9999,    9
  2631, 10224,20201019,-9999,    9
  2631, 10224,20201020,-9999,    9
  2631, 10224,20201021,-9999,    9
  2631, 10224,20201022,-9999,    9
  2631, 10224,20201023,-9999,    9
  2631, 10224,20201024,-9999,    9
  2631, 10224,20201025,-9999,    9
  2631, 10224,20201026,-9999,    9
  2631, 10224,20201027,-9999,    9
  2631, 10224,20201028,-9999,    9
  2631, 10224,20201029,-9999,    9
  2631, 10224,20201030,-9999,    9
  2631, 10224,20201031,-9999,    9
  2631, 10224,20201101,-9999,    9
  2631, 10224,20201102,-9999,    9
  2631, 10224,20201103,-9999,    9
  2631, 10224,20201104,-9999,    9
  2631, 10224,20201105,-9999,    9
  2631, 10224,20201106,-9999,    9
  2631, 10224,20201107,-9999,    9
  2631, 10224,20201108,-9999,    9
  2631, 10224,20201109,-9999,    9
  2631, 10224,20201110,-9999,    9
  2631, 10224,20201111,-9999,    9
  2631, 10224,20201112,-9999,    9
  2631, 10224,20201113,-9999,    9
  2631, 10224,20201114,-9999,    9
  2631, 10224,20201115,-9999,    9
  2631, 10224,20201116,-9999,    9
  2631, 10224,20201117,-9999,    9
  2631, 10224,20201118,-9999,    9
  2631, 10224,20201119,-9999,    9
  2631, 10224,20201120,-9999,    9
  2631, 10224,20201121,-9999,    9
  2631, 10224,20201122,-9999,    9
  2631, 10224,20201123,-9999,    9
  2631, 10224,20201124,-9999,    9
  2631, 10224,20201125,-9999,    9
  2631, 10224,20201126,-9999,    9
  2631, 10224,20201127,-9999,    9
  2631, 10224,20201128,-9999,    9
  2631, 10224,20201129,-9999,    9
  2631, 10224,20201130,-9999,    9
  2631, 10224,20201201,-9999,    9
  2631, 10224,20201202,-9999,    9
  2631, 10224,20201203,-9999,    9
  2631, 10224,20201204,-9999,    9
  2631, 10224,20201205,-9999,    9
  2631, 10224,20201206,-9999,    9
  2631, 10224,20201207,-9999,    9
  2631, 10224,20201208,-9999,    9
  2631, 10224,20201209,-9999,    9
  2631, 10224,20201210,-9999,    9
  2631, 10224,20201211,-9999,    9
  2631, 10224,20201212,-9999,    9
  2631, 10224,20201213,-9999,    9
  2631, 10224,20201214,-9999,    9
  2631, 10224,20201215,-9999,    9
  2631, 10224,20201216,-9999,    9
  2631, 10224,20201217,-9999,    9
  2631, 10224,20201218,-9999,    9
  2631, 10224,20201219,-9999,    9
  2631, 10224,20201220,-9999,    9
  2631, 10224,20201221,-9999,    9
  2631, 10224,20201222,-9999,    9
  2631, 10224,20201223,-9999,    9
  2631, 10224,20201224,-9999,    9
  2631, 10224,20201225,-9999,    9
  2631, 10224,20201226,-9999,    9
  2631, 10224,20201227,-9999,    9
  2631, 10224,20201228,-9999,    9
  2631, 10224,20201229,-9999,    9
  2631, 10224,20201230,-9999,    9
  2631, 10224,20201231,-9999,    9
  2631, 10224,20210101,-9999,    9
  2631, 10224,20210102,-9999,    9
  2631, 10224,20210103,-9999,    9
  2631, 10224,20210104,-9999,    9
  2631, 10224,20210105,-9999,    9
  2631, 10224,20210106,-9999,    9
  2631, 10224,20210107,-9999,    9
  2631, 10224,20210108,-9999,    9
  2631, 10224,20210109,-9999,    9
  2631, 10224,20210110,-9999,    9
  2631, 10224,20210111,-9999,    9
  2631, 10224,20210112,-9999,    9
  2631, 10224,20210113,-9999,    9
  2631, 10224,20210114,-9999,    9
  2631, 10224,20210115,-9999,    9
  2631, 10224,20210116,-9999,    9
  2631, 10224,20210117,-9999,    9
  2631, 10224,20210118,-9999,    9
  2631, 10224,20210119,-9999,    9
  2631, 10224,20210120,-9999,    9
  2631, 10224,20210121,-9999,    9
  2631, 10224,20210122,-9999,    9
  2631, 10224,20210123,-9999,    9
  2631, 10224,20210124,-9999,    9
  2631, 10224,20210125,-9999,    9
  2631, 10224,20210126,-9999,    9
  2631, 10224,20210127,-9999,    9
  2631, 10224,20210128,-9999,    9
  2631, 10224,20210129,-9999,    9
  2631, 10224,20210130,-9999,    9
  2631, 10224,20210131,-9999,    9
  2631, 10224,20210201,-9999,    9
  2631, 10224,20210202,-9999,    9
  2631, 10224,20210203,-9999,    9
  2631, 10224,20210204,-9999,    9
  2631, 10224,20210205,-9999,    9
  2631, 10224,20210206,-9999,    9
  2631, 10224,20210207,-9999,    9
  2631, 10224,20210208,-9999,    9
  2631, 10224,20210209,-9999,    9
  2631, 10224,20210210,-9999,    9
  2631, 10224,20210211,-9999,    9
  2631, 10224,20210212,-9999,    9
  2631, 10224,20210213,-9999,    9
  2631, 10224,20210214,-9999,    9
  2631, 10224,20210215,-9999,    9
  2631, 10224,20210216,-9999,    9
  2631, 10224,20210217,-9999,    9
  2631, 10224,20210218,-9999,    9
  2631, 10224,20210219,-9999,    9
  2631, 10224,20210220,-9999,    9
  2631, 10224,20210221,-9999,    9
  2631, 10224,20210222,-9999,    9
  2631, 10224,20210223,-9999,    9
  2631, 10224,20210224,-9999,    9
  2631, 10224,20210225,-9999,    9
  2631, 10224,20210226,-9999,    9
  2631, 10224,20210227,-9999,    9
  2631, 10224,20210228,-9999,    9
  2631, 10224,20210301,-9999,    9
  2631, 10224,20210302,-9999,    9
  2631, 10224,20210303,-9999,    9
  2631, 10224,20210304,-9999,    9
  2631, 10224,20210305,-9999,    9
  2631, 10224,20210306,-9999,    9
  2631, 10224,20210307,-9999,    9
  2631, 10224,20210308,-9999,    9
  2631, 10224,20210309,-9999,    9
  2631, 10224,20210310,-9999,    9
  2631, 10224,20210311,-9999,    9
  2631, 10224,20210312,-9999,    9
  2631, 10224,20210313,-9999,    9
  2631, 10224,20210314,-9999,    9
  2631, 10224,20210315,-9999,    9
  2631, 10224,20210316,-9999,    9
  2631, 10224,20210317,-9999,    9
  2631, 10224,20210318,-9999,    9
  2631, 10224,20210319,-9999,    9
  2631, 10224,20210320,-9999,    9
  2631, 10224,20210321,-9999,    9
  2631, 10224,20210322,-9999,    9
  2631, 10224,20210323,-9999,    9
  2631, 10224,20210324,-9999,    9
  2631, 10224,20210325,-9999,    9
  2631, 10224,20210326,-9999,    9
  2631, 10224,20210327,-9999,    9
  2631, 10224,20210328,-9999,    9
  2631, 10224,20210329,-9999,    9
  2631, 10224,20210330,-9999,    9
  2631, 10224,20210331,-9999,    9
  2631, 10224,20210401,-9999,    9
  2631, 10224,20210402,-9999,    9
  2631, 10224,20210403,-9999,    9
  2631, 10224,20210404,-9999,    9
  2631, 10224,20210405,-9999,    9
  2631, 10224,20210406,-9999,    9
  2631, 10224,20210407,-9999,    9
  2631, 10224,20210408,-9999,    9
  2631, 10224,20210409,-9999,    9
  2631, 10224,20210410,-9999,    9
  2631, 10224,20210411,-9999,    9
  2631, 10224,20210412,-9999,    9
  2631, 10224,20210413,-9999,    9
  2631, 10224,20210414,-9999,    9
  2631, 10224,20210415,-9999,    9
  2631, 10224,20210416,-9999,    9
  2631, 10224,20210417,-9999,    9
  2631, 10224,20210418,-9999,    9
  2631, 10224,20210419,-9999,    9
  2631, 10224,20210420,-9999,    9
  2631, 10224,20210421,-9999,    9
  2631, 10224,20210422,-9999,    9
  2631, 10224,20210423,-9999,    9
  2631, 10224,20210424,-9999,    9
  2631, 10224,20210425,-9999,    9
  2631, 10224,20210426,-9999,    9
  2631, 10224,20210427,-9999,    9
  2631, 10224,20210428,-9999,    9
  2631, 10224,20210429,-9999,    9
  2631, 10224,20210430,-9999,    9
  2631, 10224,20210501,-9999,    9
  2631, 10224,20210502,-9999,    9
  2631, 10224,20210503,-9999,    9
  2631, 10224,20210504,-9999,    9
  2631, 10224,20210505,-9999,    9
  2631, 10224,20210506,-9999,    9
  2631, 10224,20210507,-9999,    9
  2631, 10224,20210508,-9999,    9
  2631, 10224,20210509,-9999,    9
  2631, 10224,20210510,-9999,    9
  2631, 10224,20210511,-9999,    9
  2631, 10224,20210512,-9999,    9
  2631, 10224,20210513,-9999,    9
  2631, 10224,20210514,-9999,    9
  2631, 10224,20210515,-9999,    9
  2631, 10224,20210516,-9999,    9
  2631, 10224,20210517,-9999,    9
  2631, 10224,20210518,-9999,    9
  2631, 10224,20210519,-9999,    9
  2631, 10224,20210520,-9999,    9
  2631, 10224,20210521,-9999,    9
  2631, 10224,20210522,-9999,    9
  2631, 10224,20210523,-9999,    9
  2631, 10224,20210524,-9999,    9
  2631, 10224,20210525,-9999,    9
  2631, 10224,20210526,-9999,    9
  2631, 10224,20210527,-9999,    9
  2631, 10224,20210528,-9999,    9
  2631, 10224,20210529,-9999,    9
  2631, 10224,20210530,-9999,    9
  2631, 10224,20210531,-9999,    9
  2631, 10224,20210601,-9999,    9
  2631, 10224,20210602,-9999,    9
  2631, 10224,20210603,-9999,    9
  2631, 10224,20210604,-9999,    9
  2631, 10224,20210605,-9999,    9
  2631, 10224,20210606,-9999,    9
  2631, 10224,20210607,-9999,    9
  2631, 10224,20210608,-9999,    9
  2631, 10224,20210609,-9999,    9
  2631, 10224,20210610,-9999,    9
  2631, 10224,20210611,-9999,    9
  2631, 10224,20210612,-9999,    9
  2631, 10224,20210613,-9999,    9
  2631, 10224,20210614,-9999,    9
  2631, 10224,20210615,-9999,    9
  2631, 10224,20210616,-9999,    9
  2631, 10224,20210617,-9999,    9
  2631, 10224,20210618,-9999,    9
  2631, 10224,20210619,-9999,    9
  2631, 10224,20210620,-9999,    9
  2631, 10224,20210621,-9999,    9
  2631, 10224,20210622,-9999,    9
  2631, 10224,20210623,-9999,    9
  2631, 10224,20210624,-9999,    9
  2631, 10224,20210625,-9999,    9
  2631, 10224,20210626,-9999,    9
  2631, 10224,20210627,-9999,    9
  2631, 10224,20210628,-9999,    9
  2631, 10224,20210629,-9999,    9
  2631, 10224,20210630,-9999,    9
  2631, 10224,20210701,-9999,    9
  2631, 10224,20210702,-9999,    9
  2631, 10224,20210703,-9999,    9
  2631, 10224,20210704,-9999,    9
  2631, 10224,20210705,-9999,    9
  2631, 10224,20210706,-9999,    9
  2631, 10224,20210707,-9999,    9
  2631, 10224,20210708,-9999,    9
  2631, 10224,20210709,-9999,    9
  2631, 10224,20210710,-9999,    9
  2631, 10224,20210711,-9999,    9
  2631, 10224,20210712,-9999,    9
  2631, 10224,20210713,-9999,    9
  2631, 10224,20210714,-9999,    9
  2631, 10224,20210715,-9999,    9
  2631, 10224,20210716,-9999,    9
  2631, 10224,20210717,-9999,    9
  2631, 10224,20210718,-9999,    9
  2631, 10224,20210719,-9999,    9
  2631, 10224,20210720,-9999,    9
  2631, 10224,20210721,-9999,    9
  2631, 10224,20210722,-9999,    9
  2631, 10224,20210723,-9999,    9
  2631, 10224,20210724,-9999,    9
  2631, 10224,20210725,-9999,    9
  2631, 10224,20210726,-9999,    9
  2631, 10224,20210727,-9999,    9
  2631, 10224,20210728,-9999,    9
  2631, 10224,20210729,-9999,    9
  2631, 10224,20210730,-9999,    9
  2631, 10224,20210731,-9999,    9
  2631, 10224,20210801,-9999,    9
  2631, 10224,20210802,-9999,    9
  2631, 10224,20210803,-9999,    9
  2631, 10224,20210804,-9999,    9
  2631, 10224,20210805,-9999,    9
  2631, 10224,20210806,-9999,    9
  2631, 10224,20210807,-9999,    9
  2631, 10224,20210808,-9999,    9
  2631, 10224,20210809,-9999,    9
  2631, 10224,20210810,-9999,    9
  2631, 10224,20210811,-9999,    9
  2631, 10224,20210812,-9999,    9
  2631, 10224,20210813,-9999,    9
  2631, 10224,20210814,-9999,    9
  2631, 10224,20210815,-9999,    9
  2631, 10224,20210816,-9999,    9
  2631, 10224,20210817,-9999,    9
  2631, 10224,20210818,-9999,    9
  2631, 10224,20210819,-9999,    9
  2631, 10224,20210820,-9999,    9
  2631, 10224,20210821,-9999,    9
  2631, 10224,20210822,-9999,    9
  2631, 10224,20210823,-9999,    9
  2631, 10224,20210824,-9999,    9
  2631, 10224,20210825,-9999,    9
  2631, 10224,20210826,-9999,    9
  2631, 10224,20210827,-9999,    9
  2631, 10224,20210828,-9999,    9
  2631, 10224,20210829,-9999,    9
  2631, 10224,20210830,-9999,    9
  2631, 10224,20210831,-9999,    9
  2631, 10224,20210901,-9999,    9
  2631, 10224,20210902,-9999,    9
  2631, 10224,20210903,-9999,    9
  2631, 10224,20210904,-9999,    9
  2631, 10224,20210905,-9999,    9
  2631, 10224,20210906,-9999,    9
  2631, 10224,20210907,-9999,    9
  2631, 10224,20210908,-9999,    9
  2631, 10224,20210909,-9999,    9
  2631, 10224,20210910,-9999,    9
  2631, 10224,20210911,-9999,    9
  2631, 10224,20210912,-9999,    9
  2631, 10224,20210913,-9999,    9
  2631, 10224,20210914,-9999,    9
  2631, 10224,20210915,-9999,    9
  2631, 10224,20210916,-9999,    9
  2631, 10224,20210917,-9999,    9
  2631, 10224,20210918,-9999,    9
  2631, 10224,20210919,-9999,    9
  2631, 10224,20210920,-9999,    9
  2631, 10224,20210921,-9999,    9
  2631, 10224,20210922,-9999,    9
  2631, 10224,20210923,-9999,    9
  2631, 10224,20210924,-9999,    9
  2631, 10224,20210925,-9999,    9
  2631, 10224,20210926,-9999,    9
  2631, 10224,20210927,-9999,    9
  2631, 10224,20210928,-9999,    9
  2631, 10224,20210929,-9999,    9
  2631, 10224,20210930,-9999,    9
  2631, 10224,20211001,-9999,    9
  2631, 10224,20211002,-9999,    9
  2631, 10224,20211003,-9999,    9
  2631, 10224,20211004,-9999,    9
  2631, 10224,20211005,-9999,    9
  2631, 10224,20211006,-9999,    9
  2631, 10224,20211007,-9999,    9
  2631, 10224,20211008,-9999,    9
  2631, 10224,20211009,-9999,    9
  2631, 10224,20211010,-9999,    9
  2631, 10224,20211011,-9999,    9
  2631, 10224,20211012,-9999,    9
  2631, 10224,20211013,-9999,    9
  2631, 10224,20211014,-9999,    9
  2631, 10224,20211015,-9999,    9
  2631, 10224,20211016,-9999,    9
  2631, 10224,20211017,-9999,    9
  2631, 10224,20211018,-9999,    9
  2631, 10224,20211019,-9999,    9
  2631, 10224,20211020,-9999,    9
  2631, 10224,20211021,-9999,    9
  2631, 10224,20211022,-9999,    9
  2631, 10224,20211023,-9999,    9
  2631, 10224,20211024,-9999,    9
  2631, 10224,20211025,-9999,    9
  2631, 10224,20211026,-9999,    9
  2631, 10224,20211027,-9999,    9
  2631, 10224,20211028,-9999,    9
  2631, 10224,20211029,-9999,    9
  2631, 10224,20211030,-9999,    9
  2631, 10224,20211031,-9999,    9
  2631, 10224,20211101,-9999,    9
  2631, 10224,20211102,-9999,    9
  2631, 10224,20211103,-9999,    9
  2631, 10224,20211104,-9999,    9
  2631, 10224,20211105,-9999,    9
  2631, 10224,20211106,-9999,    9
  2631, 10224,20211107,-9999,    9
  2631, 10224,20211108,-9999,    9
  2631, 10224,20211109,-9999,    9
  2631, 10224,20211110,-9999,    9
  2631, 10224,20211111,-9999,    9
  2631, 10224,20211112,-9999,    9
  2631, 10224,20211113,-9999,    9
  2631, 10224,20211114,-9999,    9
  2631, 10224,20211115,-9999,    9
  2631, 10224,20211116,-9999,    9
  2631, 10224,20211117,-9999,    9
  2631, 10224,20211118,-9999,    9
  2631, 10224,20211119,-9999,    9
  2631, 10224,20211120,-9999,    9
  2631, 10224,20211121,-9999,    9
  2631, 10224,20211122,-9999,    9
  2631, 10224,20211123,-9999,    9
  2631, 10224,20211124,-9999,    9
  2631, 10224,20211125,-9999,    9
  2631, 10224,20211126,-9999,    9
  2631, 10224,20211127,-9999,    9
  2631, 10224,20211128,-9999,    9
  2631, 10224,20211129,-9999,    9
  2631, 10224,20211130,-9999,    9
  2631, 10224,20211201,-9999,    9
  2631, 10224,20211202,-9999,    9
  2631, 10224,20211203,-9999,    9
  2631, 10224,20211204,-9999,    9
  2631, 10224,20211205,-9999,    9
  2631, 10224,20211206,-9999,    9
  2631, 10224,20211207,-9999,    9
  2631, 10224,20211208,-9999,    9
  2631, 10224,20211209,-9999,    9
  2631, 10224,20211210,-9999,    9
  2631, 10224,20211211,-9999,    9
  2631, 10224,20211212,-9999,    9
  2631, 10224,20211213,-9999,    9
  2631, 10224,20211214,-9999,    9
  2631, 10224,20211215,-9999,    9
  2631, 10224,20211216,-9999,    9
  2631, 10224,20211217,-9999,    9
  2631, 10224,20211218,-9999,    9
  2631, 10224,20211219,-9999,    9
  2631, 10224,20211220,-9999,    9
  2631, 10224,20211221,-9999,    9
  2631, 10224,20211222,-9999,    9
  2631, 10224,20211223,-9999,    9
  2631, 10224,20211224,-9999,    9
  2631, 10224,20211225,-9999,    9
  2631, 10224,20211226,-9999,    9
  2631, 10224,20211227,-9999,    9
  2631, 10224,20211228,-9999,    9
  2631, 10224,20211229,-9999,    9
  2631, 10224,20211230,-9999,    9
  2631, 10224,20211231,-9999,    9
  2631, 10224,20220101,-9999,    9
  2631, 10224,20220102,-9999,    9
  2631, 10224,20220103,-9999,    9
  2631, 10224,20220104,-9999,    9
  2631, 10224,20220105,-9999,    9
  2631, 10224,20220106,-9999,    9
  2631, 10224,20220107,-9999,    9
  2631, 10224,20220108,-9999,    9
  2631, 10224,20220109,-9999,    9
  2631, 10224,20220110,-9999,    9
  2631, 10224,20220111,-9999,    9
  2631, 10224,20220112,-9999,    9
  2631, 10224,20220113,-9999,    9
  2631, 10224,20220114,-9999,    9
  2631, 10224,20220115,-9999,    9
  2631, 10224,20220116,-9999,    9
  2631, 10224,20220117,-9999,    9
  2631, 10224,20220118,-9999,    9
  2631, 10224,20220119,-9999,    9
  2631, 10224,20220120,-9999,    9
  2631, 10224,20220121,-9999,    9
  2631, 10224,20220122,-9999,    9
  2631, 10224,20220123,-9999,    9
  2631, 10224,20220124,-9999,    9
  2631, 10224,20220125,-9999,    9
  2631, 10224,20220126,-9999,    9
  2631, 10224,20220127,-9999,    9
  2631, 10224,20220128,-9999,    9
  2631, 10224,20220129,-9999,    9
  2631, 10224,20220130,-9999,    9
  2631, 10224,20220131,-9999,    9
  2631, 10224,20220201,-9999,    9
  2631, 10224,20220202,-9999,    9
  2631, 10224,20220203,-9999,    9
  2631, 10224,20220204,-9999,    9
  2631, 10224,20220205,-9999,    9
  2631, 10224,20220206,-9999,    9
  2631, 10224,20220207,-9999,    9
  2631, 10224,20220208,-9999,    9
  2631, 10224,20220209,-9999,    9
  2631, 10224,20220210,-9999,    9
  2631, 10224,20220211,-9999,    9
  2631, 10224,20220212,-9999,    9
  2631, 10224,20220213,-9999,    9
  2631, 10224,20220214,-9999,    9
  2631, 10224,20220215,-9999,    9
  2631, 10224,20220216,-9999,    9
  2631, 10224,20220217,-9999,    9
  2631, 10224,20220218,-9999,    9
  2631, 10224,20220219,-9999,    9
  2631, 10224,20220220,-9999,    9
  2631, 10224,20220221,-9999,    9
  2631, 10224,20220222,-9999,    9
  2631, 10224,20220223,-9999,    9
  2631, 10224,20220224,-9999,    9
  2631, 10224,20220225,-9999,    9
  2631, 10224,20220226,-9999,    9
  2631, 10224,20220227,-9999,    9
  2631, 10224,20220228,-9999,    9
  2631, 10224,20220301,-9999,    9
  2631, 10224,20220302,-9999,    9
  2631, 10224,20220303,-9999,    9
  2631, 10224,20220304,-9999,    9
  2631, 10224,20220305,-9999,    9
  2631, 10224,20220306,-9999,    9
  2631, 10224,20220307,-9999,    9
  2631, 10224,20220308,-9999,    9
  2631, 10224,20220309,-9999,    9
  2631, 10224,20220310,-9999,    9
  2631, 10224,20220311,-9999,    9
  2631, 10224,20220312,-9999,    9
  2631, 10224,20220313,-9999,    9
  2631, 10224,20220314,-9999,    9
  2631, 10224,20220315,-9999,    9
  2631, 10224,20220316,-9999,    9
  2631, 10224,20220317,-9999,    9
  2631, 10224,20220318,-9999,    9
  2631, 10224,20220319,-9999,    9
  2631, 10224,20220320,-9999,    9
  2631, 10224,20220321,-9999,    9
  2631, 10224,20220322,-9999,    9
  2631, 10224,20220323,-9999,    9
  2631, 10224,20220324,-9999,    9
  2631, 10224,20220325,-9999,    9
  2631, 10224,20220326,-9999,    9
  2631, 10224,20220327,-9999,    9
  2631, 10224,20220328,-9999,    9
  2631, 10224,20220329,-9999,    9
  2631, 10224,20220330,-9999,    9
  2631, 10224,20220331,-9999,    9
  2631, 10224,20220401,-9999,    9
  2631, 10224,20220402,-9999,    9
  2631, 10224,20220403,-9999,    9
  2631, 10224,20220404,-9999,    9
  2631, 10224,20220405,-9999,    9
  2631, 10224,20220406,-9999,    9
  2631, 10224,20220407,-9999,    9
  2631, 10224,20220408,-9999,    9
  2631, 10224,20220409,-9999,    9
  2631, 10224,20220410,-9999,    9
  2631, 10224,20220411,-9999,    9
  2631, 10224,20220412,-9999,    9
  2631, 10224,20220413,-9999,    9
  2631, 10224,20220414,-9999,    9
  2631, 10224,20220415,-9999,    9
  2631, 10224,20220416,-9999,    9
  2631, 10224,20220417,-9999,    9
  2631, 10224,20220418,-9999,    9
  2631, 10224,20220419,-9999,    9
  2631, 10224,20220420,-9999,    9
  2631, 10224,20220421,-9999,    9
  2631, 10224,20220422,-9999,    9
  2631, 10224,20220423,-9999,    9
  2631, 10224,20220424,-9999,    9
  2631, 10224,20220425,-9999,    9
  2631, 10224,20220426,-9999,    9
  2631, 10224,20220427,-9999,    9
  2631, 10224,20220428,-9999,    9
  2631, 10224,20220429,-9999,    9
  2631, 10224,20220430,-9999,    9
  2631, 10224,20220501,-9999,    9
  2631, 10224,20220502,-9999,    9
  2631, 10224,20220503,-9999,    9
  2631, 10224,20220504,-9999,    9
  2631, 10224,20220505,-9999,    9
  2631, 10224,20220506,-9999,    9
  2631, 10224,20220507,-9999,    9
  2631, 10224,20220508,-9999,    9
  2631, 10224,20220509,-9999,    9
  2631, 10224,20220510,-9999,    9
  2631, 10224,20220511,-9999,    9
  2631, 10224,20220512,-9999,    9
  2631, 10224,20220513,-9999,    9
  2631, 10224,20220514,-9999,    9
  2631, 10224,20220515,-9999,    9
  2631, 10224,20220516,-9999,    9
  2631, 10224,20220517,-9999,    9
  2631, 10224,20220518,-9999,    9
  2631, 10224,20220519,-9999,    9
  2631, 10224,20220520,-9999,    9
  2631, 10224,20220521,-9999,    9
  2631, 10224,20220522,-9999,    9
  2631, 10224,20220523,-9999,    9
  2631, 10224,20220524,-9999,    9
  2631, 10224,20220525,-9999,    9
  2631, 10224,20220526,-9999,    9
  2631, 10224,20220527,-9999,    9
  2631, 10224,20220528,-9999,    9
  2631, 10224,20220529,-9999,    9
  2631, 10224,20220530,-9999,    9
  2631, 10224,20220531,-9999,    9
  2631, 10224,20220601,-9999,    9
  2631, 10224,20220602,-9999,    9
  2631, 10224,20220603,-9999,    9
  2631, 10224,20220604,-9999,    9
  2631, 10224,20220605,-9999,    9
  2631, 10224,20220606,-9999,    9
  2631, 10224,20220607,-9999,    9
  2631, 10224,20220608,-9999,    9
  2631, 10224,20220609,-9999,    9
  2631, 10224,20220610,-9999,    9
  2631, 10224,20220611,-9999,    9
  2631, 10224,20220612,-9999,    9
  2631, 10224,20220613,-9999,    9
  2631, 10224,20220614,-9999,    9
  2631, 10224,20220615,-9999,    9
  2631, 10224,20220616,-9999,    9
  2631, 10224,20220617,-9999,    9
  2631, 10224,20220618,-9999,    9
  2631, 10224,20220619,-9999,    9
  2631, 10224,20220620,-9999,    9
  2631, 10224,20220621,-9999,    9
  2631, 10224,20220622,-9999,    9
  2631, 10224,20220623,-9999,    9
  2631, 10224,20220624,-9999,    9
  2631, 10224,20220625,-9999,    9
  2631, 10224,20220626,-9999,    9
  2631, 10224,20220627,-9999,    9
  2631, 10224,20220628,-9999,    9
  2631, 10224,20220629,-9999,    9
  2631, 10224,20220630,-9999,    9
  2631, 10224,20220701,-9999,    9
  2631, 10224,20220702,-9999,    9
  2631, 10224,20220703,-9999,    9
  2631, 10224,20220704,-9999,    9
  2631, 10224,20220705,-9999,    9
  2631, 10224,20220706,-9999,    9
  2631, 10224,20220707,-9999,    9
  2631, 10224,20220708,-9999,    9
  2631, 10224,20220709,-9999,    9
  2631, 10224,20220710,-9999,    9
  2631, 10224,20220711,-9999,    9
  2631, 10224,20220712,-9999,    9
  2631, 10224,20220713,-9999,    9
  2631, 10224,20220714,-9999,    9
  2631, 10224,20220715,-9999,    9
  2631, 10224,20220716,-9999,    9
  2631, 10224,20220717,-9999,    9
  2631, 10224,20220718,-9999,    9
  2631, 10224,20220719,-9999,    9
  2631, 10224,20220720,-9999,    9
  2631, 10224,20220721,-9999,    9
  2631, 10224,20220722,-9999,    9
  2631, 10224,20220723,-9999,    9
  2631, 10224,20220724,-9999,    9
  2631, 10224,20220725,-9999,    9
  2631, 10224,20220726,-9999,    9
  2631, 10224,20220727,-9999,    9
  2631, 10224,20220728,-9999,    9
  2631, 10224,20220729,-9999,    9
  2631, 10224,20220730,-9999,    9
  2631, 10224,20220731,-9999,    9
  2631, 10224,20220801,-9999,    9
  2631, 10224,20220802,-9999,    9
  2631, 10224,20220803,-9999,    9
  2631, 10224,20220804,-9999,    9
  2631, 10224,20220805,-9999,    9
  2631, 10224,20220806,-9999,    9
  2631, 10224,20220807,-9999,    9
  2631, 10224,20220808,-9999,    9
  2631, 10224,20220809,-9999,    9
  2631, 10224,20220810,-9999,    9
  2631, 10224,20220811,-9999,    9
  2631, 10224,20220812,-9999,    9
  2631, 10224,20220813,-9999,    9
  2631, 10224,20220814,-9999,    9
  2631, 10224,20220815,-9999,    9
  2631, 10224,20220816,-9999,    9
  2631, 10224,20220817,-9999,    9
  2631, 10224,20220818,-9999,    9
  2631, 10224,20220819,-9999,    9
  2631, 10224,20220820,-9999,    9
  2631, 10224,20220821,-9999,    9
  2631, 10224,20220822,-9999,    9
  2631, 10224,20220823,-9999,    9
  2631, 10224,20220824,-9999,    9
  2631, 10224,20220825,-9999,    9
  2631, 10224,20220826,-9999,    9
  2631, 10224,20220827,-9999,    9
  2631, 10224,20220828,-9999,    9
  2631, 10224,20220829,-9999,    9
  2631, 10224,20220830,-9999,    9
  2631, 10224,20220831,-9999,    9
  2631, 10224,20220901,-9999,    9
  2631, 10224,20220902,-9999,    9
  2631, 10224,20220903,-9999,    9
  2631, 10224,20220904,-9999,    9
  2631, 10224,20220905,-9999,    9
  2631, 10224,20220906,-9999,    9
  2631, 10224,20220907,-9999,    9
  2631, 10224,20220908,-9999,    9
  2631, 10224,20220909,-9999,    9
  2631, 10224,20220910,-9999,    9
  2631, 10224,20220911,-9999,    9
  2631, 10224,20220912,-9999,    9
  2631, 10224,20220913,-9999,    9
  2631, 10224,20220914,-9999,    9
  2631, 10224,20220915,-9999,    9
  2631, 10224,20220916,-9999,    9
  2631, 10224,20220917,-9999,    9
  2631, 10224,20220918,-9999,    9
  2631, 10224,20220919,-9999,    9
  2631, 10224,20220920,-9999,    9
  2631, 10224,20220921,-9999,    9
  2631, 10224,20220922,-9999,    9
  2631, 10224,20220923,-9999,    9
  2631, 10224,20220924,-9999,    9
  2631, 10224,20220925,-9999,    9
  2631, 10224,20220926,-9999,    9
  2631, 10224,20220927,-9999,    9
  2631, 10224,20220928,-9999,    9
  2631, 10224,20220929,-9999,    9
  2631, 10224,20220930,-9999,    9
  2631, 10224,20221001,-9999,    9
  2631, 10224,20221002,-9999,    9
  2631, 10224,20221003,-9999,    9
  2631, 10224,20221004,-9999,    9
  2631, 10224,20221005,-9999,    9
  2631, 10224,20221006,-9999,    9
  2631, 10224,20221007,-9999,    9
  2631, 10224,20221008,-9999,    9
  2631, 10224,20221009,-9999,    9
  2631, 10224,20221010,-9999,    9
  2631, 10224,20221011,-9999,    9
  2631, 10224,20221012,-9999,    9
  2631, 10224,20221013,-9999,    9
  2631, 10224,20221014,-9999,    9
  2631, 10224,20221015,-9999,    9
  2631, 10224,20221016,-9999,    9
  2631, 10224,20221017,-9999,    9
  2631, 10224,20221018,-9999,    9
  2631, 10224,20221019,-9999,    9
  2631, 10224,20221020,-9999,    9
  2631, 10224,20221021,-9999,    9
  2631, 10224,20221022,-9999,    9
  2631, 10224,20221023,-9999,    9
  2631, 10224,20221024,-9999,    9
  2631, 10224,20221025,-9999,    9
  2631, 10224,20221026,-9999,    9
  2631, 10224,20221027,-9999,    9
  2631, 10224,20221028,-9999,    9
  2631, 10224,20221029,-9999,    9
  2631, 10224,20221030,-9999,    9
  2631, 10224,20221031,-9999,    9
