EUROPEAN CLIMATE ASSESSMENT & DATASET (ECA&D), file created on: 16-11-2022
THESE DATA CAN BE USED FOR NON-COMMERCIAL RESEARCH AND EDUCATION PROVIDED THAT THE FOLLOWING SOURCE IS ACKNOWLEDGED: 

Klein Tank, A.M.G. and Coauthors, 2002. Daily dataset of 20th-century surface
air temperature and precipitation series for the European Climate Assessment.
Int. J. of Climatol., 22, 1441-1453.
Data and metadata available at http://www.ecad.eu

FILE FORMAT (MISSING VALUE CODE = -9999):

01-06 STAID: Station identifier
08-13 SOUID: Source identifier
15-22 DATE : Date YYYYMMDD
24-28 TG   : Mean temperature in 0.1 &#176;C
30-34 Q_TG : quality code for TG (0='valid'; 1='suspect'; 9='missing')

This is the blended series of station BERGELIGREND, NORWAY (STAID: 5141)
Blended and updated with sources:34792 100812 
See files sources.txt and stations.txt for more info.

STAID, SOUID,    DATE,   TG, Q_TG
  5141,100812,20151101,-9999,    9
  5141,100812,20151102,-9999,    9
  5141,100812,20151103,-9999,    9
  5141,100812,20151104,-9999,    9
  5141,100812,20151105,-9999,    9
  5141,100812,20151106,-9999,    9
  5141,100812,20151107,-9999,    9
  5141,100812,20151108,-9999,    9
  5141,100812,20151109,-9999,    9
  5141,100812,20151110,   38,    0
  5141,100812,20151111,   11,    0
  5141,100812,20151112,    9,    0
  5141,100812,20151113,   25,    0
  5141,100812,20151114,   -4,    0
  5141,100812,20151115,    0,    0
  5141,100812,20151116,   -9,    1
  5141,100812,20151117,  -10,    0
  5141,100812,20151118,   -4,    0
  5141,100812,20151119,  -16,    0
  5141,100812,20151120,  -66,    0
  5141,100812,20151121,  -73,    0
  5141,100812,20151122,  -86,    0
  5141,100812,20151123,  -47,    0
  5141,100812,20151124,   -4,    0
  5141,100812,20151125,  -33,    0
  5141,100812,20151126,  -44,    0
  5141,100812,20151127,   50,    0
  5141,100812,20151128,    7,    0
  5141,100812,20151129,   -2,    0
  5141,100812,20151130,   -1,    0
  5141,100812,20151201,    3,    0
  5141,100812,20151202,   -7,    0
  5141,100812,20151203,  -32,    0
  5141,100812,20151204,   12,    0
  5141,100812,20151205,   43,    0
  5141,100812,20151206,   47,    0
  5141,100812,20151207,   13,    0
  5141,100812,20151208,   26,    0
  5141,100812,20151209,   29,    0
  5141,100812,20151210,   39,    0
  5141,100812,20151211,  -21,    0
  5141,100812,20151212,  -22,    0
  5141,100812,20151213,  -39,    0
  5141,100812,20151214,  -81,    0
  5141,100812,20151215,  -82,    0
  5141,100812,20151216,  -50,    0
  5141,100812,20151217,   -7,    0
  5141,100812,20151218,    4,    0
  5141,100812,20151219,   33,    0
  5141,100812,20151220,   68,    0
  5141,100812,20151221,   56,    0
  5141,100812,20151222,   26,    0
  5141,100812,20151223,   -4,    0
  5141,100812,20151224,   31,    0
  5141,100812,20151225,    6,    0
  5141,100812,20151226,  -50,    0
  5141,100812,20151227,  -63,    0
  5141,100812,20151228,  -73,    0
  5141,100812,20151229,  -30,    0
  5141,100812,20151230,    7,    0
  5141,100812,20151231,   -2,    0
  5141,100812,20160101,   13,    0
  5141,100812,20160102,  -34,    0
  5141,100812,20160103,  -81,    0
  5141,100812,20160104,  -95,    0
  5141,100812,20160105,  -96,    0
  5141,100812,20160106, -136,    0
  5141,100812,20160107, -168,    0
  5141,100812,20160108, -109,    0
  5141,100812,20160109, -106,    0
  5141,100812,20160110,  -90,    0
  5141,100812,20160111,  -46,    0
  5141,100812,20160112,  -48,    0
  5141,100812,20160113,  -81,    0
  5141,100812,20160114, -124,    0
  5141,100812,20160115, -138,    0
  5141,100812,20160116, -116,    0
  5141,100812,20160117, -124,    0
  5141,100812,20160118,  -87,    0
  5141,100812,20160119, -114,    0
  5141,100812,20160120, -124,    0
  5141,100812,20160121, -122,    0
  5141,100812,20160122,  -96,    0
  5141,100812,20160123,  -56,    0
  5141,100812,20160124,  -42,    1
  5141,100812,20160125,   -6,    0
  5141,100812,20160126,    8,    0
  5141,100812,20160127,   10,    0
  5141,100812,20160128,    8,    0
  5141,100812,20160129,   19,    0
  5141,100812,20160130,   -2,    0
  5141,100812,20160131,  -16,    0
  5141,100812,20160201,  -36,    0
  5141,100812,20160202,   -9,    0
  5141,100812,20160203,  -20,    0
  5141,100812,20160204,  -36,    0
  5141,100812,20160205,  -34,    0
  5141,100812,20160206,    9,    0
  5141,100812,20160207,   26,    0
  5141,100812,20160208,   13,    0
  5141,100812,20160209,    2,    0
  5141,100812,20160210,  -30,    0
  5141,100812,20160211,  -29,    0
  5141,100812,20160212,  -57,    0
  5141,100812,20160213,  -79,    0
  5141,100812,20160214, -112,    0
  5141,100812,20160215,  -83,    0
  5141,100812,20160216,  -77,    0
  5141,100812,20160217,  -12,    0
  5141,100812,20160218,  -42,    0
  5141,100812,20160219,  -41,    0
  5141,100812,20160220,  -17,    0
  5141,100812,20160221,  -49,    0
  5141,100812,20160222,  -50,    0
  5141,100812,20160223,  -26,    0
  5141,100812,20160224,  -43,    0
  5141,100812,20160225,  -41,    0
  5141,100812,20160226,  -31,    0
  5141,100812,20160227,  -43,    0
  5141,100812,20160228,  -45,    0
  5141,100812,20160229,  -58,    0
  5141,100812,20160301,  -35,    0
  5141,100812,20160302,  -31,    0
  5141,100812,20160303,  -19,    0
  5141,100812,20160304,  -10,    0
  5141,100812,20160305,  -30,    0
  5141,100812,20160306,  -17,    0
  5141,100812,20160307,  -17,    0
  5141,100812,20160308,  -39,    0
  5141,100812,20160309,  -44,    0
  5141,100812,20160310,  -15,    0
  5141,100812,20160311,  -31,    0
  5141,100812,20160312,  -22,    0
  5141,100812,20160313,   37,    0
  5141,100812,20160314,   63,    0
  5141,100812,20160315,   60,    0
  5141,100812,20160316,   63,    0
  5141,100812,20160317,   66,    0
  5141,100812,20160318,   23,    0
  5141,100812,20160319,   21,    0
  5141,100812,20160320,   17,    0
  5141,100812,20160321,   16,    0
  5141,100812,20160322,   24,    0
  5141,100812,20160323,    5,    0
  5141,100812,20160324,  -11,    0
  5141,100812,20160325,   16,    0
  5141,100812,20160326,   26,    0
  5141,100812,20160327,   33,    0
  5141,100812,20160328,   29,    0
  5141,100812,20160329,   23,    0
  5141,100812,20160330,    8,    0
  5141, 34792,20160331,  -10,    0
  5141, 34792,20160401,    9,    0
  5141, 34792,20160402,   24,    0
  5141, 34792,20160403,   31,    0
  5141, 34792,20160404,   39,    0
  5141, 34792,20160405,   56,    0
  5141, 34792,20160406,   50,    0
  5141, 34792,20160407,   30,    0
  5141, 34792,20160408,   24,    0
  5141, 34792,20160409,   16,    0
  5141, 34792,20160410,   15,    0
  5141, 34792,20160411,   38,    0
  5141, 34792,20160412,   35,    0
  5141, 34792,20160413,   43,    0
  5141, 34792,20160414,   40,    0
  5141, 34792,20160415,   20,    0
  5141, 34792,20160416,   27,    0
  5141, 34792,20160417,   29,    0
  5141, 34792,20160418,   24,    0
  5141, 34792,20160419,   37,    0
  5141, 34792,20160420,   42,    0
  5141, 34792,20160421,   57,    0
  5141, 34792,20160422,   19,    0
  5141, 34792,20160423,   -5,    0
  5141, 34792,20160424,    1,    0
  5141, 34792,20160425,   -3,    0
  5141, 34792,20160426,    9,    0
  5141, 34792,20160427,   19,    0
  5141, 34792,20160428,   13,    0
  5141, 34792,20160429,   24,    0
  5141, 34792,20160430,   14,    0
  5141, 34792,20160501,   31,    0
  5141, 34792,20160502,   30,    0
  5141, 34792,20160503,   40,    0
  5141, 34792,20160504,   52,    0
  5141, 34792,20160505,   58,    0
  5141, 34792,20160506,   64,    0
  5141, 34792,20160507,   88,    0
  5141, 34792,20160508,  110,    0
  5141, 34792,20160509,  117,    0
  5141, 34792,20160510,  133,    0
  5141, 34792,20160511,  104,    0
  5141, 34792,20160512,  104,    0
  5141, 34792,20160513,   53,    0
  5141, 34792,20160514,   44,    0
  5141, 34792,20160515,   54,    0
  5141, 34792,20160516,   66,    0
  5141, 34792,20160517,   68,    0
  5141, 34792,20160518,   68,    0
  5141, 34792,20160519,  101,    0
  5141, 34792,20160520,   65,    0
  5141, 34792,20160521,   73,    0
  5141, 34792,20160522,   85,    0
  5141, 34792,20160523,  110,    0
  5141, 34792,20160524,  107,    0
  5141, 34792,20160525,  106,    0
  5141, 34792,20160526,  117,    0
  5141, 34792,20160527,  143,    0
  5141, 34792,20160528,  106,    0
  5141, 34792,20160529,  101,    0
  5141, 34792,20160530,  124,    0
  5141, 34792,20160531,  172,    0
  5141, 34792,20160601,  189,    0
  5141, 34792,20160602,  178,    0
  5141, 34792,20160603,  180,    0
  5141, 34792,20160604,  165,    0
  5141, 34792,20160605,  155,    0
  5141, 34792,20160606,  151,    0
  5141, 34792,20160607,  163,    0
  5141, 34792,20160608,  148,    0
  5141, 34792,20160609,  112,    0
  5141, 34792,20160610,   96,    0
  5141, 34792,20160611,   95,    0
  5141, 34792,20160612,  114,    0
  5141, 34792,20160613,  123,    0
  5141, 34792,20160614,  130,    0
  5141, 34792,20160615,  104,    0
  5141, 34792,20160616,  138,    0
  5141, 34792,20160617,  133,    0
  5141, 34792,20160618,  147,    0
  5141, 34792,20160619,  134,    0
  5141, 34792,20160620,   95,    0
  5141, 34792,20160621,  141,    0
  5141, 34792,20160622,  135,    0
  5141, 34792,20160623,  148,    0
  5141, 34792,20160624,  137,    0
  5141, 34792,20160625,  165,    0
  5141, 34792,20160626,  145,    0
  5141, 34792,20160627,  124,    0
  5141, 34792,20160628,  122,    0
  5141, 34792,20160629,  108,    0
  5141, 34792,20160630,  122,    0
  5141, 34792,20160701,   97,    0
  5141, 34792,20160702,  102,    0
  5141, 34792,20160703,  107,    0
  5141, 34792,20160704,  110,    0
  5141, 34792,20160705,  112,    0
  5141, 34792,20160706,  122,    0
  5141, 34792,20160707,  121,    0
  5141, 34792,20160708,  147,    0
  5141, 34792,20160709,  151,    0
  5141, 34792,20160710,  118,    0
  5141, 34792,20160711,  138,    0
  5141, 34792,20160712,  128,    0
  5141, 34792,20160713,  129,    0
  5141, 34792,20160714,  141,    0
  5141, 34792,20160715,  146,    0
  5141, 34792,20160716,  125,    0
  5141, 34792,20160717,  109,    0
  5141, 34792,20160718,  128,    0
  5141, 34792,20160719,  134,    0
  5141, 34792,20160720,  164,    0
  5141, 34792,20160721,  172,    0
  5141, 34792,20160722,  185,    0
  5141, 34792,20160723,  158,    0
  5141, 34792,20160724,  177,    0
  5141, 34792,20160725,  160,    0
  5141, 34792,20160726,  160,    0
  5141, 34792,20160727,  118,    0
  5141, 34792,20160728,  150,    0
  5141, 34792,20160729,  114,    0
  5141, 34792,20160730,  137,    0
  5141, 34792,20160731,  113,    0
  5141, 34792,20160801,  107,    0
  5141, 34792,20160802,  124,    0
  5141, 34792,20160803,  114,    0
  5141, 34792,20160804,  135,    0
  5141, 34792,20160805,  143,    0
  5141, 34792,20160806,  120,    0
  5141, 34792,20160807,  114,    0
  5141, 34792,20160808,  108,    0
  5141, 34792,20160809,   98,    0
  5141, 34792,20160810,   95,    0
  5141, 34792,20160811,   89,    0
  5141, 34792,20160812,   65,    0
  5141, 34792,20160813,  115,    0
  5141, 34792,20160814,  119,    0
  5141, 34792,20160815,  132,    0
  5141, 34792,20160816,  148,    0
  5141, 34792,20160817,  153,    0
  5141, 34792,20160818,  153,    0
  5141, 34792,20160819,  122,    0
  5141, 34792,20160820,  117,    0
  5141, 34792,20160821,  130,    0
  5141, 34792,20160822,  124,    0
  5141, 34792,20160823,  146,    0
  5141, 34792,20160824,  138,    0
  5141, 34792,20160825,  154,    0
  5141, 34792,20160826,  145,    0
  5141, 34792,20160827,  137,    0
  5141, 34792,20160828,   94,    0
  5141, 34792,20160829,  115,    0
  5141, 34792,20160830,  111,    0
  5141, 34792,20160831,  135,    0
  5141, 34792,20160901,  131,    0
  5141, 34792,20160902,  109,    0
  5141, 34792,20160903,  110,    0
  5141, 34792,20160904,  102,    0
  5141, 34792,20160905,  108,    0
  5141, 34792,20160906,  127,    0
  5141, 34792,20160907,  158,    0
  5141, 34792,20160908,  142,    0
  5141, 34792,20160909,  163,    0
  5141, 34792,20160910,  145,    0
  5141, 34792,20160911,  135,    0
  5141, 34792,20160912,   94,    0
  5141, 34792,20160913,  139,    0
  5141, 34792,20160914,  154,    0
  5141, 34792,20160915,  167,    0
  5141, 34792,20160916,  133,    0
  5141, 34792,20160917,  121,    0
  5141, 34792,20160918,  116,    0
  5141, 34792,20160919,  117,    0
  5141, 34792,20160920,  112,    0
  5141, 34792,20160921,  116,    0
  5141, 34792,20160922,  125,    0
  5141, 34792,20160923,  103,    0
  5141, 34792,20160924,   78,    0
  5141, 34792,20160925,  136,    0
  5141, 34792,20160926,  126,    0
  5141, 34792,20160927,   70,    0
  5141, 34792,20160928,  104,    0
  5141, 34792,20160929,   93,    0
  5141, 34792,20160930,   77,    0
  5141, 34792,20161001,   50,    0
  5141, 34792,20161002,   51,    0
  5141, 34792,20161003,   37,    0
  5141, 34792,20161004,   41,    0
  5141, 34792,20161005,   34,    0
  5141, 34792,20161006,   54,    0
  5141, 34792,20161007,   81,    0
  5141, 34792,20161008,   56,    0
  5141, 34792,20161009,   25,    0
  5141, 34792,20161010,   39,    0
  5141, 34792,20161011,   13,    0
  5141, 34792,20161012,    2,    0
  5141, 34792,20161013,  -10,    0
  5141, 34792,20161014,  -10,    0
  5141, 34792,20161015,    1,    0
  5141, 34792,20161016,   22,    0
  5141, 34792,20161017,   35,    0
  5141, 34792,20161018,   49,    0
  5141, 34792,20161019,   50,    0
  5141, 34792,20161020,   44,    0
  5141, 34792,20161021,   23,    0
  5141, 34792,20161022,    2,    0
  5141, 34792,20161023,    6,    0
  5141, 34792,20161024,   19,    0
  5141, 34792,20161025,   24,    0
  5141, 34792,20161026,   23,    0
  5141, 34792,20161027,   48,    0
  5141, 34792,20161028,-9999,    9
  5141, 34792,20161029,-9999,    9
  5141, 34792,20161030,-9999,    9
  5141, 34792,20161031,-9999,    9
  5141, 34792,20161101,   36,    0
  5141, 34792,20161102,    0,    0
  5141, 34792,20161103,  -49,    0
  5141, 34792,20161104,  -25,    0
  5141, 34792,20161105,  -23,    0
  5141, 34792,20161106,  -55,    0
  5141, 34792,20161107,  -85,    0
  5141, 34792,20161108,  -83,    0
  5141, 34792,20161109,  -71,    0
  5141, 34792,20161110,  -70,    0
  5141, 34792,20161111,  -86,    0
  5141, 34792,20161112,  -60,    0
  5141, 34792,20161113,    1,    0
  5141, 34792,20161114,    4,    0
  5141, 34792,20161115,   16,    0
  5141, 34792,20161116,    8,    0
  5141, 34792,20161117,  -19,    0
  5141, 34792,20161118,   -2,    0
  5141, 34792,20161119,  -20,    0
  5141, 34792,20161120,  -12,    0
  5141, 34792,20161121,  -17,    0
  5141, 34792,20161122,    5,    0
  5141, 34792,20161123,   31,    0
  5141, 34792,20161124,  -17,    0
  5141, 34792,20161125,   31,    0
  5141, 34792,20161126,   49,    0
  5141, 34792,20161127,   -8,    0
  5141, 34792,20161128,  -44,    0
  5141, 34792,20161129,  -18,    0
  5141, 34792,20161130,   -5,    0
  5141, 34792,20161201,   -2,    0
  5141, 34792,20161202,  -25,    0
  5141, 34792,20161203,  -20,    0
  5141, 34792,20161204,   22,    0
  5141, 34792,20161205,   41,    0
  5141, 34792,20161206,  -47,    0
  5141, 34792,20161207,  -26,    0
  5141, 34792,20161208,   48,    0
  5141, 34792,20161209,   41,    0
  5141, 34792,20161210,   12,    0
  5141, 34792,20161211,    6,    0
  5141, 34792,20161212,  -38,    0
  5141, 34792,20161213,  -11,    0
  5141, 34792,20161214,  -62,    0
  5141, 34792,20161215,  -68,    0
  5141, 34792,20161216,  -50,    0
  5141, 34792,20161217,  -34,    0
  5141, 34792,20161218,  -16,    0
  5141, 34792,20161219,   26,    0
  5141, 34792,20161220,    2,    0
  5141, 34792,20161221,    5,    0
  5141, 34792,20161222,   -1,    0
  5141, 34792,20161223,  -11,    0
  5141, 34792,20161224,    8,    0
  5141, 34792,20161225,   20,    0
  5141, 34792,20161226,   16,    0
  5141, 34792,20161227,    2,    0
  5141, 34792,20161228,   -9,    0
  5141, 34792,20161229,  -19,    0
  5141, 34792,20161230,   44,    0
  5141, 34792,20161231,   67,    0
  5141, 34792,20170101,    4,    0
  5141, 34792,20170102,  -37,    0
  5141, 34792,20170103,  -31,    0
  5141, 34792,20170104,  -33,    0
  5141, 34792,20170105, -123,    0
  5141, 34792,20170106,  -94,    0
  5141, 34792,20170107,  -34,    0
  5141, 34792,20170108,  -42,    0
  5141, 34792,20170109,    0,    0
  5141, 34792,20170110,   10,    1
  5141, 34792,20170111,   14,    0
  5141, 34792,20170112,    6,    0
  5141, 34792,20170113,  -64,    0
  5141, 34792,20170114,  -51,    0
  5141, 34792,20170115, -112,    0
  5141, 34792,20170116, -100,    0
  5141, 34792,20170117,  -36,    0
  5141, 34792,20170118,   18,    0
  5141, 34792,20170119,   34,    0
  5141, 34792,20170120,   31,    0
  5141, 34792,20170121,   18,    0
  5141, 34792,20170122,   -6,    0
  5141, 34792,20170123,  -12,    0
  5141, 34792,20170124,  -39,    0
  5141, 34792,20170125,  -12,    0
  5141, 34792,20170126,  -26,    0
  5141, 34792,20170127,  -61,    0
  5141, 34792,20170128,  -54,    0
  5141, 34792,20170129,  -19,    0
  5141, 34792,20170130,  -18,    0
  5141, 34792,20170131,  -78,    0
  5141, 34792,20170201,  -52,    0
  5141, 34792,20170202,  -13,    0
  5141, 34792,20170203,  -16,    0
  5141, 34792,20170204,  -15,    0
  5141, 34792,20170205,  -19,    0
  5141, 34792,20170206,  -28,    0
  5141, 34792,20170207,  -82,    0
  5141, 34792,20170208, -103,    0
  5141, 34792,20170209,  -91,    0
  5141, 34792,20170210,  -70,    0
  5141, 34792,20170211,  -62,    0
  5141, 34792,20170212,  -83,    0
  5141, 34792,20170213,  -29,    0
  5141, 34792,20170214,   -4,    0
  5141, 34792,20170215,  -24,    0
  5141, 34792,20170216,   -8,    0
  5141, 34792,20170217,   15,    0
  5141, 34792,20170218,  -10,    0
  5141, 34792,20170219,   25,    0
  5141, 34792,20170220,   60,    0
  5141, 34792,20170221,   28,    0
  5141, 34792,20170222,   -1,    0
  5141, 34792,20170223,  -21,    0
  5141, 34792,20170224,  -69,    0
  5141, 34792,20170225,  -72,    0
  5141, 34792,20170226,  -15,    0
  5141, 34792,20170227,   15,    0
  5141, 34792,20170228,    5,    0
  5141, 34792,20170301,   -4,    0
  5141, 34792,20170302,  -47,    0
  5141, 34792,20170303,  -33,    0
  5141, 34792,20170304,  -14,    0
  5141, 34792,20170305,  -39,    0
  5141, 34792,20170306,  -58,    0
  5141, 34792,20170307,  -73,    0
  5141, 34792,20170308,  -99,    0
  5141, 34792,20170309,  -29,    0
  5141, 34792,20170310,    3,    0
  5141, 34792,20170311,   -2,    0
  5141, 34792,20170312,    8,    0
  5141, 34792,20170313,    5,    0
  5141, 34792,20170314,   21,    0
  5141, 34792,20170315,   18,    0
  5141, 34792,20170316,   27,    0
  5141, 34792,20170317,    5,    0
  5141, 34792,20170318,  -23,    0
  5141, 34792,20170319,  -32,    0
  5141, 34792,20170320,   -4,    0
  5141, 34792,20170321,    1,    0
  5141, 34792,20170322,  -16,    0
  5141, 34792,20170323,  -17,    0
  5141, 34792,20170324,    5,    0
  5141, 34792,20170325,   34,    0
  5141, 34792,20170326,   70,    0
  5141, 34792,20170327,   81,    0
  5141, 34792,20170328,   55,    0
  5141, 34792,20170329,   32,    0
  5141, 34792,20170330,  -16,    1
  5141, 34792,20170331,   25,    0
  5141, 34792,20170401,   51,    0
  5141, 34792,20170402,   52,    0
  5141, 34792,20170403,   54,    0
  5141, 34792,20170404,   38,    0
  5141, 34792,20170405,   45,    0
  5141, 34792,20170406,   49,    0
  5141, 34792,20170407,   74,    0
  5141, 34792,20170408,   63,    0
  5141, 34792,20170409,   68,    0
  5141, 34792,20170410,   62,    0
  5141, 34792,20170411,   26,    0
  5141, 34792,20170412,   35,    0
  5141, 34792,20170413,   11,    0
  5141, 34792,20170414,    9,    0
  5141, 34792,20170415,   -5,    0
  5141, 34792,20170416,   -6,    0
  5141, 34792,20170417,   -5,    0
  5141, 34792,20170418,   -1,    0
  5141, 34792,20170419,    9,    0
  5141, 34792,20170420,   59,    0
  5141, 34792,20170421,   43,    0
  5141, 34792,20170422,   34,    0
  5141, 34792,20170423,   21,    0
  5141, 34792,20170424,    4,    0
  5141, 34792,20170425,    3,    0
  5141, 34792,20170426,   13,    0
  5141, 34792,20170427,   -2,    0
  5141, 34792,20170428,    0,    0
  5141, 34792,20170429,   22,    0
  5141, 34792,20170430,   25,    0
  5141, 34792,20170501,-9999,    9
  5141, 34792,20170502,-9999,    9
  5141, 34792,20170503,-9999,    9
  5141, 34792,20170504,-9999,    9
  5141, 34792,20170505,-9999,    9
  5141, 34792,20170506,-9999,    9
  5141, 34792,20170507,-9999,    9
  5141, 34792,20170508,-9999,    9
  5141, 34792,20170509,-9999,    9
  5141, 34792,20170510,-9999,    9
  5141, 34792,20170511,-9999,    9
  5141, 34792,20170512,-9999,    9
  5141, 34792,20170513,-9999,    9
  5141, 34792,20170514,-9999,    9
  5141, 34792,20170515,-9999,    9
  5141, 34792,20170516,-9999,    9
  5141, 34792,20170517,-9999,    9
  5141, 34792,20170518,-9999,    9
  5141, 34792,20170519,-9999,    9
  5141, 34792,20170520,-9999,    9
  5141, 34792,20170521,-9999,    9
  5141, 34792,20170522,-9999,    9
  5141, 34792,20170523,-9999,    9
  5141, 34792,20170524,-9999,    9
  5141, 34792,20170525,-9999,    9
  5141, 34792,20170526,-9999,    9
  5141, 34792,20170527,-9999,    9
  5141, 34792,20170528,-9999,    9
  5141, 34792,20170529,-9999,    9
  5141, 34792,20170530,-9999,    9
  5141, 34792,20170531,-9999,    9
  5141, 34792,20170601,-9999,    9
  5141, 34792,20170602,-9999,    9
  5141, 34792,20170603,-9999,    9
  5141, 34792,20170604,-9999,    9
  5141, 34792,20170605,-9999,    9
  5141, 34792,20170606,-9999,    9
  5141, 34792,20170607,-9999,    9
  5141, 34792,20170608,-9999,    9
  5141, 34792,20170609,-9999,    9
  5141, 34792,20170610,-9999,    9
  5141, 34792,20170611,-9999,    9
  5141, 34792,20170612,-9999,    9
  5141, 34792,20170613,-9999,    9
  5141, 34792,20170614,-9999,    9
  5141, 34792,20170615,-9999,    9
  5141, 34792,20170616,-9999,    9
  5141, 34792,20170617,-9999,    9
  5141, 34792,20170618,-9999,    9
  5141, 34792,20170619,-9999,    9
  5141, 34792,20170620,-9999,    9
  5141, 34792,20170621,-9999,    9
  5141, 34792,20170622,-9999,    9
  5141, 34792,20170623,-9999,    9
  5141, 34792,20170624,-9999,    9
  5141, 34792,20170625,-9999,    9
  5141, 34792,20170626,-9999,    9
  5141, 34792,20170627,-9999,    9
  5141, 34792,20170628,-9999,    9
  5141, 34792,20170629,-9999,    9
  5141, 34792,20170630,-9999,    9
  5141, 34792,20170701,-9999,    9
  5141, 34792,20170702,-9999,    9
  5141, 34792,20170703,-9999,    9
  5141, 34792,20170704,-9999,    9
  5141, 34792,20170705,-9999,    9
  5141, 34792,20170706,-9999,    9
  5141, 34792,20170707,-9999,    9
  5141, 34792,20170708,-9999,    9
  5141, 34792,20170709,-9999,    9
  5141, 34792,20170710,-9999,    9
  5141, 34792,20170711,-9999,    9
  5141, 34792,20170712,-9999,    9
  5141, 34792,20170713,-9999,    9
  5141, 34792,20170714,-9999,    9
  5141, 34792,20170715,-9999,    9
  5141, 34792,20170716,-9999,    9
  5141, 34792,20170717,-9999,    9
  5141, 34792,20170718,-9999,    9
  5141, 34792,20170719,-9999,    9
  5141, 34792,20170720,-9999,    9
  5141, 34792,20170721,-9999,    9
  5141, 34792,20170722,-9999,    9
  5141, 34792,20170723,-9999,    9
  5141, 34792,20170724,-9999,    9
  5141, 34792,20170725,-9999,    9
  5141, 34792,20170726,-9999,    9
  5141, 34792,20170727,-9999,    9
  5141, 34792,20170728,-9999,    9
  5141, 34792,20170729,-9999,    9
  5141, 34792,20170730,-9999,    9
  5141, 34792,20170731,-9999,    9
  5141, 34792,20170801,-9999,    9
  5141, 34792,20170802,-9999,    9
  5141, 34792,20170803,-9999,    9
  5141, 34792,20170804,-9999,    9
  5141, 34792,20170805,-9999,    9
  5141, 34792,20170806,-9999,    9
  5141, 34792,20170807,-9999,    9
  5141, 34792,20170808,-9999,    9
  5141, 34792,20170809,-9999,    9
  5141, 34792,20170810,-9999,    9
  5141, 34792,20170811,-9999,    9
  5141, 34792,20170812,-9999,    9
  5141, 34792,20170813,-9999,    9
  5141, 34792,20170814,-9999,    9
  5141, 34792,20170815,-9999,    9
  5141, 34792,20170816,-9999,    9
  5141, 34792,20170817,-9999,    9
  5141, 34792,20170818,-9999,    9
  5141, 34792,20170819,-9999,    9
  5141, 34792,20170820,-9999,    9
  5141, 34792,20170821,-9999,    9
  5141, 34792,20170822,-9999,    9
  5141, 34792,20170823,-9999,    9
  5141, 34792,20170824,-9999,    9
  5141, 34792,20170825,-9999,    9
  5141, 34792,20170826,-9999,    9
  5141, 34792,20170827,-9999,    9
  5141, 34792,20170828,-9999,    9
  5141, 34792,20170829,-9999,    9
  5141, 34792,20170830,-9999,    9
  5141, 34792,20170831,-9999,    9
  5141, 34792,20170901,-9999,    9
  5141, 34792,20170902,-9999,    9
  5141, 34792,20170903,-9999,    9
  5141, 34792,20170904,-9999,    9
  5141, 34792,20170905,-9999,    9
  5141, 34792,20170906,-9999,    9
  5141, 34792,20170907,-9999,    9
  5141, 34792,20170908,-9999,    9
  5141, 34792,20170909,-9999,    9
  5141, 34792,20170910,-9999,    9
  5141, 34792,20170911,-9999,    9
  5141, 34792,20170912,-9999,    9
  5141, 34792,20170913,-9999,    9
  5141, 34792,20170914,-9999,    9
  5141, 34792,20170915,-9999,    9
  5141, 34792,20170916,-9999,    9
  5141, 34792,20170917,-9999,    9
  5141, 34792,20170918,-9999,    9
  5141, 34792,20170919,-9999,    9
  5141, 34792,20170920,-9999,    9
  5141, 34792,20170921,-9999,    9
  5141, 34792,20170922,-9999,    9
  5141, 34792,20170923,-9999,    9
  5141, 34792,20170924,-9999,    9
  5141, 34792,20170925,-9999,    9
  5141, 34792,20170926,-9999,    9
  5141, 34792,20170927,-9999,    9
  5141, 34792,20170928,-9999,    9
  5141, 34792,20170929,-9999,    9
  5141, 34792,20170930,-9999,    9
  5141, 34792,20171001,-9999,    9
  5141, 34792,20171002,-9999,    9
  5141, 34792,20171003,-9999,    9
  5141, 34792,20171004,-9999,    9
  5141, 34792,20171005,-9999,    9
  5141, 34792,20171006,-9999,    9
  5141, 34792,20171007,-9999,    9
  5141, 34792,20171008,-9999,    9
  5141, 34792,20171009,-9999,    9
  5141, 34792,20171010,-9999,    9
  5141, 34792,20171011,-9999,    9
  5141, 34792,20171012,-9999,    9
  5141, 34792,20171013,-9999,    9
  5141, 34792,20171014,-9999,    9
  5141, 34792,20171015,-9999,    9
  5141, 34792,20171016,-9999,    9
  5141, 34792,20171017,-9999,    9
  5141, 34792,20171018,-9999,    9
  5141, 34792,20171019,-9999,    9
  5141, 34792,20171020,-9999,    9
  5141, 34792,20171021,-9999,    9
  5141, 34792,20171022,-9999,    9
  5141, 34792,20171023,-9999,    9
  5141, 34792,20171024,-9999,    9
  5141, 34792,20171025,-9999,    9
  5141, 34792,20171026,-9999,    9
  5141, 34792,20171027,-9999,    9
  5141, 34792,20171028,-9999,    9
  5141, 34792,20171029,-9999,    9
  5141, 34792,20171030,-9999,    9
  5141, 34792,20171031,-9999,    9
  5141, 34792,20171101,-9999,    9
  5141, 34792,20171102,-9999,    9
  5141, 34792,20171103,-9999,    9
  5141, 34792,20171104,-9999,    9
  5141, 34792,20171105,-9999,    9
  5141, 34792,20171106,-9999,    9
  5141, 34792,20171107,-9999,    9
  5141, 34792,20171108,-9999,    9
  5141, 34792,20171109,-9999,    9
  5141, 34792,20171110,-9999,    9
  5141, 34792,20171111,-9999,    9
  5141, 34792,20171112,-9999,    9
  5141, 34792,20171113,-9999,    9
  5141, 34792,20171114,-9999,    9
  5141, 34792,20171115,-9999,    9
  5141, 34792,20171116,-9999,    9
  5141, 34792,20171117,-9999,    9
  5141, 34792,20171118,-9999,    9
  5141, 34792,20171119,-9999,    9
  5141, 34792,20171120,-9999,    9
  5141, 34792,20171121,-9999,    9
  5141, 34792,20171122,-9999,    9
  5141, 34792,20171123,-9999,    9
  5141, 34792,20171124,-9999,    9
  5141, 34792,20171125,-9999,    9
  5141, 34792,20171126,-9999,    9
  5141, 34792,20171127,-9999,    9
  5141, 34792,20171128,-9999,    9
  5141, 34792,20171129,-9999,    9
  5141, 34792,20171130,-9999,    9
  5141, 34792,20171201,-9999,    9
  5141, 34792,20171202,-9999,    9
  5141, 34792,20171203,-9999,    9
  5141, 34792,20171204,-9999,    9
  5141, 34792,20171205,-9999,    9
  5141, 34792,20171206,-9999,    9
  5141, 34792,20171207,-9999,    9
  5141, 34792,20171208,-9999,    9
  5141, 34792,20171209,-9999,    9
  5141, 34792,20171210,-9999,    9
  5141, 34792,20171211,-9999,    9
  5141, 34792,20171212,-9999,    9
  5141, 34792,20171213,-9999,    9
  5141, 34792,20171214,-9999,    9
  5141, 34792,20171215,-9999,    9
  5141, 34792,20171216,-9999,    9
  5141, 34792,20171217,-9999,    9
  5141, 34792,20171218,-9999,    9
  5141, 34792,20171219,-9999,    9
  5141, 34792,20171220,-9999,    9
  5141, 34792,20171221,-9999,    9
  5141, 34792,20171222,-9999,    9
  5141, 34792,20171223,-9999,    9
  5141, 34792,20171224,-9999,    9
  5141, 34792,20171225,-9999,    9
  5141, 34792,20171226,-9999,    9
  5141, 34792,20171227,-9999,    9
  5141, 34792,20171228,-9999,    9
  5141, 34792,20171229,-9999,    9
  5141, 34792,20171230,-9999,    9
  5141, 34792,20171231,-9999,    9
  5141, 34792,20180101,-9999,    9
  5141, 34792,20180102,-9999,    9
  5141, 34792,20180103,-9999,    9
  5141, 34792,20180104,-9999,    9
  5141, 34792,20180105,-9999,    9
  5141, 34792,20180106,-9999,    9
  5141, 34792,20180107,-9999,    9
  5141, 34792,20180108,-9999,    9
  5141, 34792,20180109,-9999,    9
  5141, 34792,20180110,-9999,    9
  5141, 34792,20180111,-9999,    9
  5141, 34792,20180112,-9999,    9
  5141, 34792,20180113,-9999,    9
  5141, 34792,20180114,-9999,    9
  5141, 34792,20180115,-9999,    9
  5141, 34792,20180116,-9999,    9
  5141, 34792,20180117,-9999,    9
  5141, 34792,20180118,-9999,    9
  5141, 34792,20180119,-9999,    9
  5141, 34792,20180120,-9999,    9
  5141, 34792,20180121,-9999,    9
  5141, 34792,20180122,-9999,    9
  5141, 34792,20180123,-9999,    9
  5141, 34792,20180124,-9999,    9
  5141, 34792,20180125,-9999,    9
  5141, 34792,20180126,-9999,    9
  5141, 34792,20180127,-9999,    9
  5141, 34792,20180128,-9999,    9
  5141, 34792,20180129,-9999,    9
  5141, 34792,20180130,-9999,    9
  5141, 34792,20180131,-9999,    9
  5141, 34792,20180201,-9999,    9
  5141, 34792,20180202,-9999,    9
  5141, 34792,20180203,-9999,    9
  5141, 34792,20180204,-9999,    9
  5141, 34792,20180205,-9999,    9
  5141, 34792,20180206,-9999,    9
  5141, 34792,20180207,-9999,    9
  5141, 34792,20180208,-9999,    9
  5141, 34792,20180209,-9999,    9
  5141, 34792,20180210,-9999,    9
  5141, 34792,20180211,-9999,    9
  5141, 34792,20180212,-9999,    9
  5141, 34792,20180213,-9999,    9
  5141, 34792,20180214,-9999,    9
  5141, 34792,20180215,-9999,    9
  5141, 34792,20180216,-9999,    9
  5141, 34792,20180217,-9999,    9
  5141, 34792,20180218,-9999,    9
  5141, 34792,20180219,-9999,    9
  5141, 34792,20180220,-9999,    9
  5141, 34792,20180221,-9999,    9
  5141, 34792,20180222,-9999,    9
  5141, 34792,20180223,-9999,    9
  5141, 34792,20180224,-9999,    9
  5141, 34792,20180225,-9999,    9
  5141, 34792,20180226,-9999,    9
  5141, 34792,20180227,-9999,    9
  5141, 34792,20180228,-9999,    9
  5141, 34792,20180301,-9999,    9
  5141, 34792,20180302,-9999,    9
  5141, 34792,20180303,-9999,    9
  5141, 34792,20180304,-9999,    9
  5141, 34792,20180305,-9999,    9
  5141, 34792,20180306,-9999,    9
  5141, 34792,20180307,-9999,    9
  5141, 34792,20180308,-9999,    9
  5141, 34792,20180309,-9999,    9
  5141, 34792,20180310,-9999,    9
  5141, 34792,20180311,-9999,    9
  5141, 34792,20180312,-9999,    9
  5141, 34792,20180313,-9999,    9
  5141, 34792,20180314,-9999,    9
  5141, 34792,20180315,-9999,    9
  5141, 34792,20180316,-9999,    9
  5141, 34792,20180317,-9999,    9
  5141, 34792,20180318,-9999,    9
  5141, 34792,20180319,-9999,    9
  5141, 34792,20180320,-9999,    9
  5141, 34792,20180321,-9999,    9
  5141, 34792,20180322,-9999,    9
  5141, 34792,20180323,-9999,    9
  5141, 34792,20180324,-9999,    9
  5141, 34792,20180325,-9999,    9
  5141, 34792,20180326,-9999,    9
  5141, 34792,20180327,-9999,    9
  5141, 34792,20180328,-9999,    9
  5141, 34792,20180329,-9999,    9
  5141, 34792,20180330,-9999,    9
  5141, 34792,20180331,-9999,    9
  5141, 34792,20180401,-9999,    9
  5141, 34792,20180402,-9999,    9
  5141, 34792,20180403,-9999,    9
  5141, 34792,20180404,-9999,    9
  5141, 34792,20180405,-9999,    9
  5141, 34792,20180406,-9999,    9
  5141, 34792,20180407,-9999,    9
  5141, 34792,20180408,-9999,    9
  5141, 34792,20180409,-9999,    9
  5141, 34792,20180410,-9999,    9
  5141, 34792,20180411,-9999,    9
  5141, 34792,20180412,-9999,    9
  5141, 34792,20180413,-9999,    9
  5141, 34792,20180414,-9999,    9
  5141, 34792,20180415,-9999,    9
  5141, 34792,20180416,-9999,    9
  5141, 34792,20180417,-9999,    9
  5141, 34792,20180418,-9999,    9
  5141, 34792,20180419,-9999,    9
  5141, 34792,20180420,-9999,    9
  5141, 34792,20180421,-9999,    9
  5141, 34792,20180422,-9999,    9
  5141, 34792,20180423,-9999,    9
  5141, 34792,20180424,-9999,    9
  5141, 34792,20180425,-9999,    9
  5141, 34792,20180426,-9999,    9
  5141, 34792,20180427,-9999,    9
  5141, 34792,20180428,-9999,    9
  5141, 34792,20180429,-9999,    9
  5141, 34792,20180430,-9999,    9
  5141, 34792,20180501,-9999,    9
  5141, 34792,20180502,-9999,    9
  5141, 34792,20180503,   49,    0
  5141, 34792,20180504,-9999,    9
  5141, 34792,20180505,-9999,    9
  5141, 34792,20180506,-9999,    9
  5141, 34792,20180507,-9999,    9
  5141, 34792,20180508,-9999,    9
  5141, 34792,20180509,-9999,    9
  5141, 34792,20180510,-9999,    9
  5141, 34792,20180511,-9999,    9
  5141, 34792,20180512,-9999,    9
  5141, 34792,20180513,-9999,    9
  5141, 34792,20180514,-9999,    9
  5141, 34792,20180515,-9999,    9
  5141, 34792,20180516,-9999,    9
  5141, 34792,20180517,-9999,    9
  5141, 34792,20180518,-9999,    9
  5141, 34792,20180519,-9999,    9
  5141, 34792,20180520,-9999,    9
  5141, 34792,20180521,-9999,    9
  5141, 34792,20180522,-9999,    9
  5141, 34792,20180523,-9999,    9
  5141, 34792,20180524,-9999,    9
  5141, 34792,20180525,-9999,    9
  5141, 34792,20180526,-9999,    9
  5141, 34792,20180527,-9999,    9
  5141, 34792,20180528,-9999,    9
  5141, 34792,20180529,-9999,    9
  5141, 34792,20180530,-9999,    9
  5141, 34792,20180531,-9999,    9
  5141, 34792,20180601,-9999,    9
  5141, 34792,20180602,-9999,    9
  5141, 34792,20180603,-9999,    9
  5141, 34792,20180604,-9999,    9
  5141, 34792,20180605,-9999,    9
  5141, 34792,20180606,-9999,    9
  5141, 34792,20180607,-9999,    9
  5141, 34792,20180608,-9999,    9
  5141, 34792,20180609,-9999,    9
  5141, 34792,20180610,-9999,    9
  5141, 34792,20180611,-9999,    9
  5141, 34792,20180612,-9999,    9
  5141, 34792,20180613,-9999,    9
  5141, 34792,20180614,-9999,    9
  5141, 34792,20180615,-9999,    9
  5141, 34792,20180616,-9999,    9
  5141, 34792,20180617,-9999,    9
  5141, 34792,20180618,-9999,    9
  5141, 34792,20180619,-9999,    9
  5141, 34792,20180620,-9999,    9
  5141, 34792,20180621,-9999,    9
  5141, 34792,20180622,-9999,    9
  5141, 34792,20180623,-9999,    9
  5141, 34792,20180624,-9999,    9
  5141, 34792,20180625,-9999,    9
  5141, 34792,20180626,-9999,    9
  5141, 34792,20180627,-9999,    9
  5141, 34792,20180628,-9999,    9
  5141, 34792,20180629,-9999,    9
  5141, 34792,20180630,-9999,    9
  5141, 34792,20180701,-9999,    9
  5141, 34792,20180702,-9999,    9
  5141, 34792,20180703,-9999,    9
  5141, 34792,20180704,-9999,    9
  5141, 34792,20180705,-9999,    9
  5141, 34792,20180706,-9999,    9
  5141, 34792,20180707,-9999,    9
  5141, 34792,20180708,-9999,    9
  5141, 34792,20180709,-9999,    9
  5141, 34792,20180710,-9999,    9
  5141, 34792,20180711,-9999,    9
  5141, 34792,20180712,-9999,    9
  5141, 34792,20180713,-9999,    9
  5141, 34792,20180714,-9999,    9
  5141, 34792,20180715,-9999,    9
  5141, 34792,20180716,-9999,    9
  5141, 34792,20180717,-9999,    9
  5141, 34792,20180718,-9999,    9
  5141, 34792,20180719,-9999,    9
  5141, 34792,20180720,-9999,    9
  5141, 34792,20180721,-9999,    9
  5141, 34792,20180722,-9999,    9
  5141, 34792,20180723,-9999,    9
  5141, 34792,20180724,-9999,    9
  5141, 34792,20180725,-9999,    9
  5141, 34792,20180726,-9999,    9
  5141, 34792,20180727,-9999,    9
  5141, 34792,20180728,-9999,    9
  5141, 34792,20180729,-9999,    9
  5141, 34792,20180730,-9999,    9
  5141, 34792,20180731,-9999,    9
  5141, 34792,20180801,-9999,    9
  5141, 34792,20180802,-9999,    9
  5141, 34792,20180803,-9999,    9
  5141, 34792,20180804,-9999,    9
  5141, 34792,20180805,-9999,    9
  5141, 34792,20180806,-9999,    9
  5141, 34792,20180807,-9999,    9
  5141, 34792,20180808,-9999,    9
  5141, 34792,20180809,-9999,    9
  5141, 34792,20180810,-9999,    9
  5141, 34792,20180811,-9999,    9
  5141, 34792,20180812,-9999,    9
  5141, 34792,20180813,-9999,    9
  5141, 34792,20180814,-9999,    9
  5141, 34792,20180815,-9999,    9
  5141, 34792,20180816,-9999,    9
  5141, 34792,20180817,-9999,    9
  5141, 34792,20180818,-9999,    9
  5141, 34792,20180819,-9999,    9
  5141, 34792,20180820,-9999,    9
  5141, 34792,20180821,-9999,    9
  5141, 34792,20180822,-9999,    9
  5141, 34792,20180823,-9999,    9
  5141, 34792,20180824,-9999,    9
  5141, 34792,20180825,-9999,    9
  5141, 34792,20180826,-9999,    9
  5141, 34792,20180827,-9999,    9
  5141, 34792,20180828,-9999,    9
  5141, 34792,20180829,-9999,    9
  5141, 34792,20180830,-9999,    9
  5141, 34792,20180831,-9999,    9
  5141, 34792,20180901,-9999,    9
  5141, 34792,20180902,-9999,    9
  5141, 34792,20180903,-9999,    9
  5141, 34792,20180904,-9999,    9
  5141, 34792,20180905,-9999,    9
  5141, 34792,20180906,-9999,    9
  5141, 34792,20180907,-9999,    9
  5141, 34792,20180908,-9999,    9
  5141, 34792,20180909,-9999,    9
  5141, 34792,20180910,-9999,    9
  5141, 34792,20180911,-9999,    9
  5141, 34792,20180912,-9999,    9
  5141, 34792,20180913,-9999,    9
  5141, 34792,20180914,-9999,    9
  5141, 34792,20180915,-9999,    9
  5141, 34792,20180916,-9999,    9
  5141, 34792,20180917,-9999,    9
  5141, 34792,20180918,-9999,    9
  5141, 34792,20180919,-9999,    9
  5141, 34792,20180920,-9999,    9
  5141, 34792,20180921,-9999,    9
  5141, 34792,20180922,-9999,    9
  5141, 34792,20180923,-9999,    9
  5141, 34792,20180924,-9999,    9
  5141, 34792,20180925,-9999,    9
  5141, 34792,20180926,-9999,    9
  5141, 34792,20180927,-9999,    9
  5141, 34792,20180928,-9999,    9
  5141, 34792,20180929,-9999,    9
  5141, 34792,20180930,-9999,    9
  5141, 34792,20181001,-9999,    9
  5141, 34792,20181002,-9999,    9
  5141, 34792,20181003,-9999,    9
  5141, 34792,20181004,-9999,    9
  5141, 34792,20181005,-9999,    9
  5141, 34792,20181006,-9999,    9
  5141, 34792,20181007,-9999,    9
  5141, 34792,20181008,-9999,    9
  5141, 34792,20181009,-9999,    9
  5141, 34792,20181010,-9999,    9
  5141, 34792,20181011,-9999,    9
  5141, 34792,20181012,-9999,    9
  5141, 34792,20181013,-9999,    9
  5141, 34792,20181014,-9999,    9
  5141, 34792,20181015,-9999,    9
  5141, 34792,20181016,-9999,    9
  5141, 34792,20181017,-9999,    9
  5141, 34792,20181018,-9999,    9
  5141, 34792,20181019,-9999,    9
  5141, 34792,20181020,-9999,    9
  5141, 34792,20181021,-9999,    9
  5141, 34792,20181022,-9999,    9
  5141, 34792,20181023,-9999,    9
  5141, 34792,20181024,-9999,    9
  5141, 34792,20181025,-9999,    9
  5141, 34792,20181026,-9999,    9
  5141, 34792,20181027,-9999,    9
  5141, 34792,20181028,-9999,    9
  5141, 34792,20181029,-9999,    9
  5141, 34792,20181030,-9999,    9
  5141, 34792,20181031,-9999,    9
  5141, 34792,20181101,-9999,    9
  5141, 34792,20181102,-9999,    9
  5141, 34792,20181103,-9999,    9
  5141, 34792,20181104,-9999,    9
  5141, 34792,20181105,-9999,    9
  5141, 34792,20181106,-9999,    9
  5141, 34792,20181107,-9999,    9
  5141, 34792,20181108,-9999,    9
  5141, 34792,20181109,-9999,    9
  5141, 34792,20181110,-9999,    9
  5141, 34792,20181111,-9999,    9
  5141, 34792,20181112,-9999,    9
  5141, 34792,20181113,-9999,    9
  5141, 34792,20181114,-9999,    9
  5141, 34792,20181115,-9999,    9
  5141, 34792,20181116,-9999,    9
  5141, 34792,20181117,-9999,    9
  5141, 34792,20181118,-9999,    9
  5141, 34792,20181119,-9999,    9
  5141, 34792,20181120,-9999,    9
  5141, 34792,20181121,-9999,    9
  5141, 34792,20181122,-9999,    9
  5141, 34792,20181123,-9999,    9
  5141, 34792,20181124,-9999,    9
  5141, 34792,20181125,-9999,    9
  5141, 34792,20181126,-9999,    9
  5141, 34792,20181127,-9999,    9
  5141, 34792,20181128,-9999,    9
  5141, 34792,20181129,-9999,    9
  5141, 34792,20181130,-9999,    9
  5141, 34792,20181201,-9999,    9
  5141, 34792,20181202,-9999,    9
  5141, 34792,20181203,-9999,    9
  5141, 34792,20181204,-9999,    9
  5141, 34792,20181205,-9999,    9
  5141, 34792,20181206,-9999,    9
  5141, 34792,20181207,-9999,    9
  5141, 34792,20181208,-9999,    9
  5141, 34792,20181209,-9999,    9
  5141, 34792,20181210,-9999,    9
  5141, 34792,20181211,-9999,    9
  5141, 34792,20181212,-9999,    9
  5141, 34792,20181213,-9999,    9
  5141, 34792,20181214,-9999,    9
  5141, 34792,20181215,-9999,    9
  5141, 34792,20181216,-9999,    9
  5141, 34792,20181217,-9999,    9
  5141, 34792,20181218,-9999,    9
  5141, 34792,20181219,-9999,    9
  5141, 34792,20181220,-9999,    9
  5141, 34792,20181221,-9999,    9
  5141, 34792,20181222,-9999,    9
  5141, 34792,20181223,-9999,    9
  5141, 34792,20181224,-9999,    9
  5141, 34792,20181225,-9999,    9
  5141, 34792,20181226,-9999,    9
  5141, 34792,20181227,-9999,    9
  5141, 34792,20181228,-9999,    9
  5141, 34792,20181229,-9999,    9
  5141, 34792,20181230,-9999,    9
  5141, 34792,20181231,-9999,    9
  5141, 34792,20190101,-9999,    9
  5141, 34792,20190102,-9999,    9
  5141, 34792,20190103,-9999,    9
  5141, 34792,20190104,-9999,    9
  5141, 34792,20190105,-9999,    9
  5141, 34792,20190106,-9999,    9
  5141, 34792,20190107,-9999,    9
  5141, 34792,20190108,-9999,    9
  5141, 34792,20190109,-9999,    9
  5141, 34792,20190110,-9999,    9
  5141, 34792,20190111,-9999,    9
  5141, 34792,20190112,-9999,    9
  5141, 34792,20190113,-9999,    9
  5141, 34792,20190114,-9999,    9
  5141, 34792,20190115,-9999,    9
  5141, 34792,20190116,-9999,    9
  5141, 34792,20190117,-9999,    9
  5141, 34792,20190118,-9999,    9
  5141, 34792,20190119,-9999,    9
  5141, 34792,20190120,-9999,    9
  5141, 34792,20190121,-9999,    9
  5141, 34792,20190122,-9999,    9
  5141, 34792,20190123,-9999,    9
  5141, 34792,20190124,-9999,    9
  5141, 34792,20190125,-9999,    9
  5141, 34792,20190126,-9999,    9
  5141, 34792,20190127,-9999,    9
  5141, 34792,20190128,-9999,    9
  5141, 34792,20190129,-9999,    9
  5141, 34792,20190130,-9999,    9
  5141, 34792,20190131,-9999,    9
  5141, 34792,20190201,-9999,    9
  5141, 34792,20190202,-9999,    9
  5141, 34792,20190203,-9999,    9
  5141, 34792,20190204,-9999,    9
  5141, 34792,20190205,-9999,    9
  5141, 34792,20190206,-9999,    9
  5141, 34792,20190207,-9999,    9
  5141, 34792,20190208,-9999,    9
  5141, 34792,20190209,-9999,    9
  5141, 34792,20190210,-9999,    9
  5141, 34792,20190211,-9999,    9
  5141, 34792,20190212,-9999,    9
  5141, 34792,20190213,-9999,    9
  5141, 34792,20190214,-9999,    9
  5141, 34792,20190215,-9999,    9
  5141, 34792,20190216,-9999,    9
  5141, 34792,20190217,-9999,    9
  5141, 34792,20190218,-9999,    9
  5141, 34792,20190219,-9999,    9
  5141, 34792,20190220,-9999,    9
  5141, 34792,20190221,-9999,    9
  5141, 34792,20190222,-9999,    9
  5141, 34792,20190223,-9999,    9
  5141, 34792,20190224,-9999,    9
  5141, 34792,20190225,-9999,    9
  5141, 34792,20190226,-9999,    9
  5141, 34792,20190227,-9999,    9
  5141, 34792,20190228,-9999,    9
  5141, 34792,20190301,-9999,    9
  5141, 34792,20190302,-9999,    9
  5141, 34792,20190303,-9999,    9
  5141, 34792,20190304,-9999,    9
  5141, 34792,20190305,-9999,    9
  5141, 34792,20190306,-9999,    9
  5141, 34792,20190307,-9999,    9
  5141, 34792,20190308,-9999,    9
  5141, 34792,20190309,-9999,    9
  5141, 34792,20190310,-9999,    9
  5141, 34792,20190311,-9999,    9
  5141, 34792,20190312,-9999,    9
  5141, 34792,20190313,-9999,    9
  5141, 34792,20190314,-9999,    9
  5141, 34792,20190315,-9999,    9
  5141, 34792,20190316,-9999,    9
  5141, 34792,20190317,-9999,    9
  5141, 34792,20190318,-9999,    9
  5141, 34792,20190319,-9999,    9
  5141, 34792,20190320,-9999,    9
  5141, 34792,20190321,-9999,    9
  5141, 34792,20190322,-9999,    9
  5141, 34792,20190323,-9999,    9
  5141, 34792,20190324,-9999,    9
  5141, 34792,20190325,-9999,    9
  5141, 34792,20190326,-9999,    9
  5141, 34792,20190327,-9999,    9
  5141, 34792,20190328,-9999,    9
  5141, 34792,20190329,-9999,    9
  5141, 34792,20190330,-9999,    9
  5141, 34792,20190331,-9999,    9
  5141, 34792,20190401,-9999,    9
  5141, 34792,20190402,-9999,    9
  5141, 34792,20190403,-9999,    9
  5141, 34792,20190404,-9999,    9
  5141, 34792,20190405,-9999,    9
  5141, 34792,20190406,-9999,    9
  5141, 34792,20190407,-9999,    9
  5141, 34792,20190408,-9999,    9
  5141, 34792,20190409,-9999,    9
  5141, 34792,20190410,-9999,    9
  5141, 34792,20190411,-9999,    9
  5141, 34792,20190412,-9999,    9
  5141, 34792,20190413,-9999,    9
  5141, 34792,20190414,-9999,    9
  5141, 34792,20190415,-9999,    9
  5141, 34792,20190416,-9999,    9
  5141, 34792,20190417,-9999,    9
  5141, 34792,20190418,-9999,    9
  5141, 34792,20190419,-9999,    9
  5141, 34792,20190420,-9999,    9
  5141, 34792,20190421,-9999,    9
  5141, 34792,20190422,-9999,    9
  5141, 34792,20190423,-9999,    9
  5141, 34792,20190424,-9999,    9
  5141, 34792,20190425,-9999,    9
  5141, 34792,20190426,-9999,    9
  5141, 34792,20190427,-9999,    9
  5141, 34792,20190428,-9999,    9
  5141, 34792,20190429,-9999,    9
  5141, 34792,20190430,-9999,    9
  5141, 34792,20190501,-9999,    9
  5141, 34792,20190502,-9999,    9
  5141, 34792,20190503,-9999,    9
  5141, 34792,20190504,-9999,    9
  5141, 34792,20190505,-9999,    9
  5141, 34792,20190506,-9999,    9
  5141, 34792,20190507,-9999,    9
  5141, 34792,20190508,-9999,    9
  5141, 34792,20190509,-9999,    9
  5141, 34792,20190510,-9999,    9
  5141, 34792,20190511,-9999,    9
  5141, 34792,20190512,-9999,    9
  5141, 34792,20190513,-9999,    9
  5141, 34792,20190514,-9999,    9
  5141, 34792,20190515,-9999,    9
  5141, 34792,20190516,-9999,    9
  5141, 34792,20190517,-9999,    9
  5141, 34792,20190518,-9999,    9
  5141, 34792,20190519,-9999,    9
  5141, 34792,20190520,-9999,    9
  5141, 34792,20190521,-9999,    9
  5141, 34792,20190522,-9999,    9
  5141, 34792,20190523,-9999,    9
  5141, 34792,20190524,-9999,    9
  5141, 34792,20190525,-9999,    9
  5141, 34792,20190526,-9999,    9
  5141, 34792,20190527,-9999,    9
  5141, 34792,20190528,-9999,    9
  5141, 34792,20190529,-9999,    9
  5141, 34792,20190530,-9999,    9
  5141, 34792,20190531,-9999,    9
  5141, 34792,20190601,-9999,    9
  5141, 34792,20190602,-9999,    9
  5141, 34792,20190603,-9999,    9
  5141, 34792,20190604,-9999,    9
  5141, 34792,20190605,-9999,    9
  5141, 34792,20190606,-9999,    9
  5141, 34792,20190607,-9999,    9
  5141, 34792,20190608,-9999,    9
  5141, 34792,20190609,-9999,    9
  5141, 34792,20190610,-9999,    9
  5141, 34792,20190611,-9999,    9
  5141, 34792,20190612,-9999,    9
  5141, 34792,20190613,-9999,    9
  5141, 34792,20190614,-9999,    9
  5141, 34792,20190615,-9999,    9
  5141, 34792,20190616,-9999,    9
  5141, 34792,20190617,-9999,    9
  5141, 34792,20190618,-9999,    9
  5141, 34792,20190619,-9999,    9
  5141, 34792,20190620,-9999,    9
  5141, 34792,20190621,-9999,    9
  5141, 34792,20190622,-9999,    9
  5141, 34792,20190623,-9999,    9
  5141, 34792,20190624,-9999,    9
  5141, 34792,20190625,-9999,    9
  5141, 34792,20190626,-9999,    9
  5141, 34792,20190627,-9999,    9
  5141, 34792,20190628,-9999,    9
  5141, 34792,20190629,-9999,    9
  5141, 34792,20190630,-9999,    9
  5141, 34792,20190701,-9999,    9
  5141, 34792,20190702,-9999,    9
  5141, 34792,20190703,-9999,    9
  5141, 34792,20190704,-9999,    9
  5141, 34792,20190705,-9999,    9
  5141, 34792,20190706,-9999,    9
  5141, 34792,20190707,-9999,    9
  5141, 34792,20190708,-9999,    9
  5141, 34792,20190709,-9999,    9
  5141, 34792,20190710,-9999,    9
  5141, 34792,20190711,-9999,    9
  5141, 34792,20190712,-9999,    9
  5141, 34792,20190713,-9999,    9
  5141, 34792,20190714,-9999,    9
  5141, 34792,20190715,-9999,    9
  5141, 34792,20190716,-9999,    9
  5141, 34792,20190717,-9999,    9
  5141, 34792,20190718,-9999,    9
  5141, 34792,20190719,-9999,    9
  5141, 34792,20190720,-9999,    9
  5141, 34792,20190721,-9999,    9
  5141, 34792,20190722,-9999,    9
  5141, 34792,20190723,-9999,    9
  5141, 34792,20190724,-9999,    9
  5141, 34792,20190725,-9999,    9
  5141, 34792,20190726,-9999,    9
  5141, 34792,20190727,-9999,    9
  5141, 34792,20190728,-9999,    9
  5141, 34792,20190729,-9999,    9
  5141, 34792,20190730,-9999,    9
  5141, 34792,20190731,-9999,    9
  5141, 34792,20190801,-9999,    9
  5141, 34792,20190802,-9999,    9
  5141, 34792,20190803,-9999,    9
  5141, 34792,20190804,-9999,    9
  5141, 34792,20190805,-9999,    9
  5141, 34792,20190806,-9999,    9
  5141, 34792,20190807,-9999,    9
  5141, 34792,20190808,-9999,    9
  5141, 34792,20190809,-9999,    9
  5141, 34792,20190810,-9999,    9
  5141, 34792,20190811,-9999,    9
  5141, 34792,20190812,-9999,    9
  5141, 34792,20190813,-9999,    9
  5141, 34792,20190814,-9999,    9
  5141, 34792,20190815,-9999,    9
  5141, 34792,20190816,-9999,    9
  5141, 34792,20190817,-9999,    9
  5141, 34792,20190818,-9999,    9
  5141, 34792,20190819,-9999,    9
  5141, 34792,20190820,-9999,    9
  5141, 34792,20190821,-9999,    9
  5141, 34792,20190822,-9999,    9
  5141, 34792,20190823,-9999,    9
  5141, 34792,20190824,-9999,    9
  5141, 34792,20190825,-9999,    9
  5141, 34792,20190826,-9999,    9
  5141, 34792,20190827,-9999,    9
  5141, 34792,20190828,-9999,    9
  5141, 34792,20190829,-9999,    9
  5141, 34792,20190830,-9999,    9
  5141, 34792,20190831,-9999,    9
  5141, 34792,20190901,-9999,    9
  5141, 34792,20190902,-9999,    9
  5141, 34792,20190903,-9999,    9
  5141, 34792,20190904,-9999,    9
  5141, 34792,20190905,-9999,    9
  5141, 34792,20190906,-9999,    9
  5141, 34792,20190907,-9999,    9
  5141, 34792,20190908,-9999,    9
  5141, 34792,20190909,-9999,    9
  5141, 34792,20190910,-9999,    9
  5141, 34792,20190911,-9999,    9
  5141, 34792,20190912,-9999,    9
  5141, 34792,20190913,-9999,    9
  5141, 34792,20190914,-9999,    9
  5141, 34792,20190915,-9999,    9
  5141, 34792,20190916,-9999,    9
  5141, 34792,20190917,-9999,    9
  5141, 34792,20190918,-9999,    9
  5141, 34792,20190919,-9999,    9
  5141, 34792,20190920,-9999,    9
  5141, 34792,20190921,-9999,    9
  5141, 34792,20190922,-9999,    9
  5141, 34792,20190923,-9999,    9
  5141, 34792,20190924,-9999,    9
  5141, 34792,20190925,-9999,    9
  5141, 34792,20190926,-9999,    9
  5141, 34792,20190927,-9999,    9
  5141, 34792,20190928,-9999,    9
  5141, 34792,20190929,-9999,    9
  5141, 34792,20190930,-9999,    9
  5141, 34792,20191001,-9999,    9
  5141, 34792,20191002,-9999,    9
  5141, 34792,20191003,-9999,    9
  5141, 34792,20191004,-9999,    9
  5141, 34792,20191005,-9999,    9
  5141, 34792,20191006,-9999,    9
  5141, 34792,20191007,-9999,    9
  5141, 34792,20191008,-9999,    9
  5141, 34792,20191009,-9999,    9
  5141, 34792,20191010,-9999,    9
  5141, 34792,20191011,-9999,    9
  5141, 34792,20191012,-9999,    9
  5141, 34792,20191013,-9999,    9
  5141, 34792,20191014,-9999,    9
  5141, 34792,20191015,-9999,    9
  5141, 34792,20191016,-9999,    9
  5141, 34792,20191017,-9999,    9
  5141, 34792,20191018,-9999,    9
  5141, 34792,20191019,-9999,    9
  5141, 34792,20191020,-9999,    9
  5141, 34792,20191021,-9999,    9
  5141, 34792,20191022,-9999,    9
  5141, 34792,20191023,-9999,    9
  5141, 34792,20191024,-9999,    9
  5141, 34792,20191025,-9999,    9
  5141, 34792,20191026,-9999,    9
  5141, 34792,20191027,-9999,    9
  5141, 34792,20191028,-9999,    9
  5141, 34792,20191029,-9999,    9
  5141, 34792,20191030,-9999,    9
  5141, 34792,20191031,-9999,    9
  5141, 34792,20191101,-9999,    9
  5141, 34792,20191102,-9999,    9
  5141, 34792,20191103,-9999,    9
  5141, 34792,20191104,-9999,    9
  5141, 34792,20191105,-9999,    9
  5141, 34792,20191106,-9999,    9
  5141, 34792,20191107,-9999,    9
  5141, 34792,20191108,-9999,    9
  5141, 34792,20191109,-9999,    9
  5141, 34792,20191110,-9999,    9
  5141, 34792,20191111,-9999,    9
  5141, 34792,20191112,-9999,    9
  5141, 34792,20191113,-9999,    9
  5141, 34792,20191114,-9999,    9
  5141, 34792,20191115,-9999,    9
  5141, 34792,20191116,-9999,    9
  5141, 34792,20191117,-9999,    9
  5141, 34792,20191118,-9999,    9
  5141, 34792,20191119,-9999,    9
  5141, 34792,20191120,-9999,    9
  5141, 34792,20191121,-9999,    9
  5141, 34792,20191122,-9999,    9
  5141, 34792,20191123,-9999,    9
  5141, 34792,20191124,-9999,    9
  5141, 34792,20191125,-9999,    9
  5141, 34792,20191126,-9999,    9
  5141, 34792,20191127,-9999,    9
  5141, 34792,20191128,-9999,    9
  5141, 34792,20191129,-9999,    9
  5141, 34792,20191130,-9999,    9
  5141, 34792,20191201,-9999,    9
  5141, 34792,20191202,-9999,    9
  5141, 34792,20191203,-9999,    9
  5141, 34792,20191204,-9999,    9
  5141, 34792,20191205,-9999,    9
  5141, 34792,20191206,-9999,    9
  5141, 34792,20191207,-9999,    9
  5141, 34792,20191208,-9999,    9
  5141, 34792,20191209,-9999,    9
  5141, 34792,20191210,-9999,    9
  5141, 34792,20191211,-9999,    9
  5141, 34792,20191212,-9999,    9
  5141, 34792,20191213,-9999,    9
  5141, 34792,20191214,-9999,    9
  5141, 34792,20191215,-9999,    9
  5141, 34792,20191216,-9999,    9
  5141, 34792,20191217,-9999,    9
  5141, 34792,20191218,-9999,    9
  5141, 34792,20191219,-9999,    9
  5141, 34792,20191220,-9999,    9
  5141, 34792,20191221,-9999,    9
  5141, 34792,20191222,-9999,    9
  5141, 34792,20191223,-9999,    9
  5141, 34792,20191224,-9999,    9
  5141, 34792,20191225,-9999,    9
  5141, 34792,20191226,-9999,    9
  5141, 34792,20191227,-9999,    9
  5141, 34792,20191228,-9999,    9
  5141, 34792,20191229,-9999,    9
  5141, 34792,20191230,-9999,    9
  5141, 34792,20191231,-9999,    9
  5141, 34792,20200101,-9999,    9
  5141, 34792,20200102,-9999,    9
  5141, 34792,20200103,-9999,    9
  5141, 34792,20200104,-9999,    9
  5141, 34792,20200105,-9999,    9
  5141, 34792,20200106,-9999,    9
  5141, 34792,20200107,-9999,    9
  5141, 34792,20200108,-9999,    9
  5141, 34792,20200109,-9999,    9
  5141, 34792,20200110,-9999,    9
  5141, 34792,20200111,-9999,    9
  5141, 34792,20200112,-9999,    9
  5141, 34792,20200113,-9999,    9
  5141, 34792,20200114,-9999,    9
  5141, 34792,20200115,-9999,    9
  5141, 34792,20200116,-9999,    9
  5141, 34792,20200117,-9999,    9
  5141, 34792,20200118,-9999,    9
  5141, 34792,20200119,-9999,    9
  5141, 34792,20200120,-9999,    9
  5141, 34792,20200121,-9999,    9
  5141, 34792,20200122,-9999,    9
  5141, 34792,20200123,-9999,    9
  5141, 34792,20200124,-9999,    9
  5141, 34792,20200125,-9999,    9
  5141, 34792,20200126,-9999,    9
  5141, 34792,20200127,-9999,    9
  5141, 34792,20200128,-9999,    9
  5141, 34792,20200129,-9999,    9
  5141, 34792,20200130,-9999,    9
  5141, 34792,20200131,-9999,    9
  5141, 34792,20200201,-9999,    9
  5141, 34792,20200202,-9999,    9
  5141, 34792,20200203,-9999,    9
  5141, 34792,20200204,-9999,    9
  5141, 34792,20200205,-9999,    9
  5141, 34792,20200206,-9999,    9
  5141, 34792,20200207,-9999,    9
  5141, 34792,20200208,-9999,    9
  5141, 34792,20200209,-9999,    9
  5141, 34792,20200210,-9999,    9
  5141, 34792,20200211,-9999,    9
  5141, 34792,20200212,-9999,    9
  5141, 34792,20200213,-9999,    9
  5141, 34792,20200214,-9999,    9
  5141, 34792,20200215,-9999,    9
  5141, 34792,20200216,-9999,    9
  5141, 34792,20200217,-9999,    9
  5141, 34792,20200218,-9999,    9
  5141, 34792,20200219,-9999,    9
  5141, 34792,20200220,-9999,    9
  5141, 34792,20200221,-9999,    9
  5141, 34792,20200222,-9999,    9
  5141, 34792,20200223,-9999,    9
  5141, 34792,20200224,-9999,    9
  5141, 34792,20200225,-9999,    9
  5141, 34792,20200226,-9999,    9
  5141, 34792,20200227,-9999,    9
  5141, 34792,20200228,-9999,    9
  5141, 34792,20200229,-9999,    9
  5141, 34792,20200301,-9999,    9
  5141, 34792,20200302,-9999,    9
  5141, 34792,20200303,-9999,    9
  5141, 34792,20200304,-9999,    9
  5141, 34792,20200305,-9999,    9
  5141, 34792,20200306,-9999,    9
  5141, 34792,20200307,-9999,    9
  5141, 34792,20200308,-9999,    9
  5141, 34792,20200309,-9999,    9
  5141, 34792,20200310,-9999,    9
  5141, 34792,20200311,-9999,    9
  5141, 34792,20200312,-9999,    9
  5141, 34792,20200313,-9999,    9
  5141, 34792,20200314,-9999,    9
  5141, 34792,20200315,-9999,    9
  5141, 34792,20200316,-9999,    9
  5141, 34792,20200317,-9999,    9
  5141, 34792,20200318,-9999,    9
  5141, 34792,20200319,-9999,    9
  5141, 34792,20200320,-9999,    9
  5141, 34792,20200321,-9999,    9
  5141, 34792,20200322,-9999,    9
  5141, 34792,20200323,-9999,    9
  5141, 34792,20200324,-9999,    9
  5141, 34792,20200325,-9999,    9
  5141, 34792,20200326,-9999,    9
  5141, 34792,20200327,-9999,    9
  5141, 34792,20200328,-9999,    9
  5141, 34792,20200329,-9999,    9
  5141, 34792,20200330,-9999,    9
  5141, 34792,20200331,-9999,    9
  5141, 34792,20200401,-9999,    9
  5141, 34792,20200402,-9999,    9
  5141, 34792,20200403,-9999,    9
  5141, 34792,20200404,-9999,    9
  5141, 34792,20200405,-9999,    9
  5141, 34792,20200406,-9999,    9
  5141, 34792,20200407,-9999,    9
  5141, 34792,20200408,-9999,    9
  5141, 34792,20200409,-9999,    9
  5141, 34792,20200410,-9999,    9
  5141, 34792,20200411,-9999,    9
  5141, 34792,20200412,-9999,    9
  5141, 34792,20200413,-9999,    9
  5141, 34792,20200414,-9999,    9
  5141, 34792,20200415,-9999,    9
  5141, 34792,20200416,-9999,    9
  5141, 34792,20200417,-9999,    9
  5141, 34792,20200418,-9999,    9
  5141, 34792,20200419,-9999,    9
  5141, 34792,20200420,-9999,    9
  5141, 34792,20200421,-9999,    9
  5141, 34792,20200422,-9999,    9
  5141, 34792,20200423,-9999,    9
  5141, 34792,20200424,-9999,    9
  5141, 34792,20200425,-9999,    9
  5141, 34792,20200426,-9999,    9
  5141, 34792,20200427,-9999,    9
  5141, 34792,20200428,-9999,    9
  5141, 34792,20200429,-9999,    9
  5141, 34792,20200430,-9999,    9
  5141, 34792,20200501,-9999,    9
  5141, 34792,20200502,-9999,    9
  5141, 34792,20200503,-9999,    9
  5141, 34792,20200504,-9999,    9
  5141, 34792,20200505,-9999,    9
  5141, 34792,20200506,-9999,    9
  5141, 34792,20200507,-9999,    9
  5141, 34792,20200508,-9999,    9
  5141, 34792,20200509,-9999,    9
  5141, 34792,20200510,-9999,    9
  5141, 34792,20200511,-9999,    9
  5141, 34792,20200512,-9999,    9
  5141, 34792,20200513,-9999,    9
  5141, 34792,20200514,-9999,    9
  5141, 34792,20200515,-9999,    9
  5141, 34792,20200516,-9999,    9
  5141, 34792,20200517,-9999,    9
  5141, 34792,20200518,-9999,    9
  5141, 34792,20200519,-9999,    9
  5141, 34792,20200520,-9999,    9
  5141, 34792,20200521,-9999,    9
  5141, 34792,20200522,-9999,    9
  5141, 34792,20200523,-9999,    9
  5141, 34792,20200524,-9999,    9
  5141, 34792,20200525,-9999,    9
  5141, 34792,20200526,-9999,    9
  5141, 34792,20200527,-9999,    9
  5141, 34792,20200528,-9999,    9
  5141, 34792,20200529,-9999,    9
  5141, 34792,20200530,-9999,    9
  5141, 34792,20200531,-9999,    9
  5141, 34792,20200601,-9999,    9
  5141, 34792,20200602,-9999,    9
  5141, 34792,20200603,-9999,    9
  5141, 34792,20200604,-9999,    9
  5141, 34792,20200605,-9999,    9
  5141, 34792,20200606,-9999,    9
  5141, 34792,20200607,-9999,    9
  5141, 34792,20200608,-9999,    9
  5141, 34792,20200609,-9999,    9
  5141, 34792,20200610,-9999,    9
  5141, 34792,20200611,-9999,    9
  5141, 34792,20200612,-9999,    9
  5141, 34792,20200613,-9999,    9
  5141, 34792,20200614,-9999,    9
  5141, 34792,20200615,-9999,    9
  5141, 34792,20200616,-9999,    9
  5141, 34792,20200617,-9999,    9
  5141, 34792,20200618,-9999,    9
  5141, 34792,20200619,-9999,    9
  5141, 34792,20200620,-9999,    9
  5141, 34792,20200621,-9999,    9
  5141, 34792,20200622,-9999,    9
  5141, 34792,20200623,-9999,    9
  5141, 34792,20200624,-9999,    9
  5141, 34792,20200625,-9999,    9
  5141, 34792,20200626,-9999,    9
  5141, 34792,20200627,-9999,    9
  5141, 34792,20200628,-9999,    9
  5141, 34792,20200629,-9999,    9
  5141, 34792,20200630,-9999,    9
  5141, 34792,20200701,-9999,    9
  5141, 34792,20200702,-9999,    9
  5141, 34792,20200703,-9999,    9
  5141, 34792,20200704,-9999,    9
  5141, 34792,20200705,-9999,    9
  5141, 34792,20200706,-9999,    9
  5141, 34792,20200707,-9999,    9
  5141, 34792,20200708,-9999,    9
  5141, 34792,20200709,-9999,    9
  5141, 34792,20200710,-9999,    9
  5141, 34792,20200711,-9999,    9
  5141, 34792,20200712,-9999,    9
  5141, 34792,20200713,-9999,    9
  5141, 34792,20200714,-9999,    9
  5141, 34792,20200715,-9999,    9
  5141, 34792,20200716,-9999,    9
  5141, 34792,20200717,-9999,    9
  5141, 34792,20200718,-9999,    9
  5141, 34792,20200719,-9999,    9
  5141, 34792,20200720,-9999,    9
  5141, 34792,20200721,-9999,    9
  5141, 34792,20200722,-9999,    9
  5141, 34792,20200723,-9999,    9
  5141, 34792,20200724,-9999,    9
  5141, 34792,20200725,-9999,    9
  5141, 34792,20200726,-9999,    9
  5141, 34792,20200727,-9999,    9
  5141, 34792,20200728,-9999,    9
  5141, 34792,20200729,-9999,    9
  5141, 34792,20200730,-9999,    9
  5141, 34792,20200731,-9999,    9
  5141, 34792,20200801,-9999,    9
  5141, 34792,20200802,-9999,    9
  5141, 34792,20200803,-9999,    9
  5141, 34792,20200804,-9999,    9
  5141, 34792,20200805,-9999,    9
  5141, 34792,20200806,-9999,    9
  5141, 34792,20200807,-9999,    9
  5141, 34792,20200808,-9999,    9
  5141, 34792,20200809,-9999,    9
  5141, 34792,20200810,-9999,    9
  5141, 34792,20200811,-9999,    9
  5141, 34792,20200812,-9999,    9
  5141, 34792,20200813,-9999,    9
  5141, 34792,20200814,-9999,    9
  5141, 34792,20200815,-9999,    9
  5141, 34792,20200816,-9999,    9
  5141, 34792,20200817,-9999,    9
  5141, 34792,20200818,-9999,    9
  5141, 34792,20200819,-9999,    9
  5141, 34792,20200820,-9999,    9
  5141, 34792,20200821,-9999,    9
  5141, 34792,20200822,-9999,    9
  5141, 34792,20200823,-9999,    9
  5141, 34792,20200824,-9999,    9
  5141, 34792,20200825,-9999,    9
  5141, 34792,20200826,-9999,    9
  5141, 34792,20200827,-9999,    9
  5141, 34792,20200828,-9999,    9
  5141, 34792,20200829,-9999,    9
  5141, 34792,20200830,-9999,    9
  5141, 34792,20200831,-9999,    9
  5141, 34792,20200901,-9999,    9
  5141, 34792,20200902,-9999,    9
  5141, 34792,20200903,-9999,    9
  5141, 34792,20200904,-9999,    9
  5141, 34792,20200905,-9999,    9
  5141, 34792,20200906,-9999,    9
  5141, 34792,20200907,-9999,    9
  5141, 34792,20200908,-9999,    9
  5141, 34792,20200909,-9999,    9
  5141, 34792,20200910,-9999,    9
  5141, 34792,20200911,-9999,    9
  5141, 34792,20200912,-9999,    9
  5141, 34792,20200913,-9999,    9
  5141, 34792,20200914,-9999,    9
  5141, 34792,20200915,-9999,    9
  5141, 34792,20200916,-9999,    9
  5141, 34792,20200917,-9999,    9
  5141, 34792,20200918,-9999,    9
  5141, 34792,20200919,-9999,    9
  5141, 34792,20200920,-9999,    9
  5141, 34792,20200921,-9999,    9
  5141, 34792,20200922,-9999,    9
  5141, 34792,20200923,-9999,    9
  5141, 34792,20200924,-9999,    9
  5141, 34792,20200925,-9999,    9
  5141, 34792,20200926,-9999,    9
  5141, 34792,20200927,-9999,    9
  5141, 34792,20200928,-9999,    9
  5141, 34792,20200929,-9999,    9
  5141, 34792,20200930,-9999,    9
  5141, 34792,20201001,-9999,    9
  5141, 34792,20201002,-9999,    9
  5141, 34792,20201003,-9999,    9
  5141, 34792,20201004,-9999,    9
  5141, 34792,20201005,-9999,    9
  5141, 34792,20201006,-9999,    9
  5141, 34792,20201007,-9999,    9
  5141, 34792,20201008,-9999,    9
  5141, 34792,20201009,-9999,    9
  5141, 34792,20201010,-9999,    9
  5141, 34792,20201011,-9999,    9
  5141, 34792,20201012,-9999,    9
  5141, 34792,20201013,-9999,    9
  5141, 34792,20201014,-9999,    9
  5141, 34792,20201015,-9999,    9
  5141, 34792,20201016,-9999,    9
  5141, 34792,20201017,-9999,    9
  5141, 34792,20201018,-9999,    9
  5141, 34792,20201019,-9999,    9
  5141, 34792,20201020,-9999,    9
  5141, 34792,20201021,-9999,    9
  5141, 34792,20201022,-9999,    9
  5141, 34792,20201023,-9999,    9
  5141, 34792,20201024,-9999,    9
  5141, 34792,20201025,-9999,    9
  5141, 34792,20201026,-9999,    9
  5141, 34792,20201027,-9999,    9
  5141, 34792,20201028,-9999,    9
  5141, 34792,20201029,-9999,    9
  5141, 34792,20201030,-9999,    9
  5141, 34792,20201031,-9999,    9
  5141, 34792,20201101,-9999,    9
  5141, 34792,20201102,-9999,    9
  5141, 34792,20201103,-9999,    9
  5141, 34792,20201104,-9999,    9
  5141, 34792,20201105,-9999,    9
  5141, 34792,20201106,-9999,    9
  5141, 34792,20201107,-9999,    9
  5141, 34792,20201108,-9999,    9
  5141, 34792,20201109,-9999,    9
  5141, 34792,20201110,-9999,    9
  5141, 34792,20201111,-9999,    9
  5141, 34792,20201112,-9999,    9
  5141, 34792,20201113,-9999,    9
  5141, 34792,20201114,-9999,    9
  5141, 34792,20201115,-9999,    9
  5141, 34792,20201116,-9999,    9
  5141, 34792,20201117,-9999,    9
  5141, 34792,20201118,-9999,    9
  5141, 34792,20201119,-9999,    9
  5141, 34792,20201120,-9999,    9
  5141, 34792,20201121,-9999,    9
  5141, 34792,20201122,-9999,    9
  5141, 34792,20201123,-9999,    9
  5141, 34792,20201124,-9999,    9
  5141, 34792,20201125,-9999,    9
  5141, 34792,20201126,-9999,    9
  5141, 34792,20201127,-9999,    9
  5141, 34792,20201128,-9999,    9
  5141, 34792,20201129,-9999,    9
  5141, 34792,20201130,-9999,    9
  5141, 34792,20201201,-9999,    9
  5141, 34792,20201202,-9999,    9
  5141, 34792,20201203,-9999,    9
  5141, 34792,20201204,-9999,    9
  5141, 34792,20201205,-9999,    9
  5141, 34792,20201206,-9999,    9
  5141, 34792,20201207,-9999,    9
  5141, 34792,20201208,-9999,    9
  5141, 34792,20201209,-9999,    9
  5141, 34792,20201210,-9999,    9
  5141, 34792,20201211,-9999,    9
  5141, 34792,20201212,-9999,    9
  5141, 34792,20201213,-9999,    9
  5141, 34792,20201214,-9999,    9
  5141, 34792,20201215,-9999,    9
  5141, 34792,20201216,-9999,    9
  5141, 34792,20201217,-9999,    9
  5141, 34792,20201218,-9999,    9
  5141, 34792,20201219,-9999,    9
  5141, 34792,20201220,-9999,    9
  5141, 34792,20201221,-9999,    9
  5141, 34792,20201222,-9999,    9
  5141, 34792,20201223,-9999,    9
  5141, 34792,20201224,-9999,    9
  5141, 34792,20201225,-9999,    9
  5141, 34792,20201226,-9999,    9
  5141, 34792,20201227,-9999,    9
  5141, 34792,20201228,-9999,    9
  5141, 34792,20201229,-9999,    9
  5141, 34792,20201230,-9999,    9
  5141, 34792,20201231,-9999,    9
  5141, 34792,20210101,-9999,    9
  5141, 34792,20210102,-9999,    9
  5141, 34792,20210103,-9999,    9
  5141, 34792,20210104,-9999,    9
  5141, 34792,20210105,-9999,    9
  5141, 34792,20210106,-9999,    9
  5141, 34792,20210107,-9999,    9
  5141, 34792,20210108,-9999,    9
  5141, 34792,20210109,-9999,    9
  5141, 34792,20210110,-9999,    9
  5141, 34792,20210111,-9999,    9
  5141, 34792,20210112,-9999,    9
  5141, 34792,20210113,-9999,    9
  5141, 34792,20210114,-9999,    9
  5141, 34792,20210115,-9999,    9
  5141, 34792,20210116,-9999,    9
  5141, 34792,20210117,-9999,    9
  5141, 34792,20210118,-9999,    9
  5141, 34792,20210119,-9999,    9
  5141, 34792,20210120,-9999,    9
  5141, 34792,20210121,-9999,    9
  5141, 34792,20210122,-9999,    9
  5141, 34792,20210123,-9999,    9
  5141, 34792,20210124,-9999,    9
  5141, 34792,20210125,-9999,    9
  5141, 34792,20210126,-9999,    9
  5141, 34792,20210127,-9999,    9
  5141, 34792,20210128,-9999,    9
  5141, 34792,20210129,-9999,    9
  5141, 34792,20210130,-9999,    9
  5141, 34792,20210131,-9999,    9
  5141, 34792,20210201,-9999,    9
  5141, 34792,20210202,-9999,    9
  5141, 34792,20210203,-9999,    9
  5141, 34792,20210204,-9999,    9
  5141, 34792,20210205,-9999,    9
  5141, 34792,20210206,-9999,    9
  5141, 34792,20210207,-9999,    9
  5141, 34792,20210208,-9999,    9
  5141, 34792,20210209,-9999,    9
  5141, 34792,20210210,-9999,    9
  5141, 34792,20210211,-9999,    9
  5141, 34792,20210212,-9999,    9
  5141, 34792,20210213,-9999,    9
  5141, 34792,20210214,-9999,    9
  5141, 34792,20210215,-9999,    9
  5141, 34792,20210216,-9999,    9
  5141, 34792,20210217,-9999,    9
  5141, 34792,20210218,-9999,    9
  5141, 34792,20210219,-9999,    9
  5141, 34792,20210220,-9999,    9
  5141, 34792,20210221,-9999,    9
  5141, 34792,20210222,-9999,    9
  5141, 34792,20210223,-9999,    9
  5141, 34792,20210224,   36,    0
  5141, 34792,20210225,-9999,    9
  5141, 34792,20210226,-9999,    9
  5141, 34792,20210227,-9999,    9
  5141, 34792,20210228,-9999,    9
  5141, 34792,20210301,-9999,    9
  5141, 34792,20210302,-9999,    9
  5141, 34792,20210303,-9999,    9
  5141, 34792,20210304,-9999,    9
  5141, 34792,20210305,-9999,    9
  5141, 34792,20210306,-9999,    9
  5141, 34792,20210307,-9999,    9
  5141, 34792,20210308,  -43,    0
  5141, 34792,20210309,   -7,    0
  5141, 34792,20210310,  -25,    0
  5141, 34792,20210311,  -11,    0
  5141, 34792,20210312,   -5,    0
  5141, 34792,20210313,  -23,    0
  5141, 34792,20210314,  -15,    0
  5141, 34792,20210315,    6,    0
  5141, 34792,20210316,   -6,    0
  5141, 34792,20210317,  -25,    0
  5141, 34792,20210318,-9999,    9
  5141, 34792,20210319,    2,    0
  5141, 34792,20210320,   39,    0
  5141, 34792,20210321,    3,    0
  5141, 34792,20210322,   30,    0
  5141, 34792,20210323,   44,    0
  5141, 34792,20210324,   33,    0
  5141, 34792,20210325,   18,    0
  5141, 34792,20210326,    9,    0
  5141, 34792,20210327,   23,    0
  5141, 34792,20210328,   -1,    0
  5141, 34792,20210329,   42,    0
  5141, 34792,20210330,   71,    0
  5141, 34792,20210331,   44,    0
  5141, 34792,20210401,   29,    0
  5141, 34792,20210402,   26,    0
  5141, 34792,20210403,   29,    0
  5141, 34792,20210404,   32,    0
  5141, 34792,20210405,  -16,    0
  5141, 34792,20210406,    0,    0
  5141, 34792,20210407,   -7,    0
  5141, 34792,20210408,  -14,    0
  5141, 34792,20210409,    3,    0
  5141, 34792,20210410,   -2,    0
  5141, 34792,20210411,   -3,    0
  5141, 34792,20210412,   -2,    0
  5141, 34792,20210413,-9999,    9
  5141, 34792,20210414,-9999,    9
  5141, 34792,20210415,   31,    0
  5141, 34792,20210416,   33,    0
  5141, 34792,20210417,   54,    0
  5141, 34792,20210418,   66,    0
  5141, 34792,20210419,   71,    0
  5141, 34792,20210420,   69,    0
  5141, 34792,20210421,   31,    0
  5141, 34792,20210422,   27,    0
  5141, 34792,20210423,   20,    0
  5141, 34792,20210424,-9999,    9
  5141, 34792,20210425,-9999,    9
  5141, 34792,20210426,   22,    0
  5141, 34792,20210427,   24,    0
  5141, 34792,20210428,   28,    0
  5141, 34792,20210429,   32,    0
  5141, 34792,20210430,   35,    0
  5141, 34792,20210501,   37,    0
  5141, 34792,20210502,   37,    0
  5141, 34792,20210503,   41,    0
  5141, 34792,20210504,   13,    0
  5141, 34792,20210505,   11,    0
  5141, 34792,20210506,   28,    0
  5141, 34792,20210507,   29,    0
  5141, 34792,20210508,   42,    0
  5141, 34792,20210509,   25,    0
  5141, 34792,20210510,   61,    0
  5141, 34792,20210511,   82,    0
  5141, 34792,20210512,   65,    0
  5141, 34792,20210513,  118,    0
  5141, 34792,20210514,  127,    0
  5141, 34792,20210515,   81,    0
  5141, 34792,20210516,   68,    0
  5141, 34792,20210517,   64,    0
  5141, 34792,20210518,   84,    0
  5141, 34792,20210519,   91,    0
  5141, 34792,20210520,   79,    0
  5141, 34792,20210521,   85,    0
  5141, 34792,20210522,   67,    0
  5141, 34792,20210523,   73,    0
  5141, 34792,20210524,   78,    0
  5141, 34792,20210525,   83,    0
  5141, 34792,20210526,   72,    0
  5141, 34792,20210527,  105,    0
  5141, 34792,20210528,  124,    0
  5141, 34792,20210529,  162,    0
  5141, 34792,20210530,  182,    0
  5141, 34792,20210531,  187,    0
  5141, 34792,20210601,  178,    0
  5141, 34792,20210602,  155,    0
  5141, 34792,20210603,  151,    0
  5141, 34792,20210604,  159,    0
  5141, 34792,20210605,  168,    0
  5141, 34792,20210606,  166,    0
  5141, 34792,20210607,  149,    0
  5141, 34792,20210608,  156,    0
  5141, 34792,20210609,  166,    0
  5141, 34792,20210610,  164,    0
  5141, 34792,20210611,  145,    0
  5141, 34792,20210612,  120,    0
  5141, 34792,20210613,  134,    0
  5141, 34792,20210614,  120,    0
  5141, 34792,20210615,  119,    0
  5141, 34792,20210616,  135,    0
  5141, 34792,20210617,  140,    0
  5141, 34792,20210618,  171,    0
  5141, 34792,20210619,  135,    0
  5141, 34792,20210620,  131,    0
  5141, 34792,20210621,  159,    0
  5141, 34792,20210622,  138,    0
  5141, 34792,20210623,  160,    0
  5141, 34792,20210624,  168,    0
  5141, 34792,20210625,  162,    0
  5141, 34792,20210626,  174,    0
  5141, 34792,20210627,  181,    0
  5141, 34792,20210628,  185,    0
  5141, 34792,20210629,  184,    0
  5141, 34792,20210630,  158,    0
  5141, 34792,20210701,  164,    0
  5141, 34792,20210702,  190,    0
  5141, 34792,20210703,  203,    0
  5141, 34792,20210704,  171,    0
  5141, 34792,20210705,  162,    0
  5141, 34792,20210706,  157,    0
  5141, 34792,20210707,  142,    0
  5141, 34792,20210708,  140,    0
  5141, 34792,20210709,  150,    0
  5141, 34792,20210710,  133,    0
  5141, 34792,20210711,  162,    0
  5141, 34792,20210712,  164,    0
  5141, 34792,20210713,  171,    0
  5141, 34792,20210714,  180,    0
  5141, 34792,20210715,  194,    0
  5141, 34792,20210716,  187,    0
  5141, 34792,20210717,  178,    0
  5141, 34792,20210718,  145,    0
  5141, 34792,20210719,  138,    0
  5141, 34792,20210720,  159,    0
  5141, 34792,20210721,  146,    0
  5141, 34792,20210722,  183,    0
  5141, 34792,20210723,  194,    0
  5141, 34792,20210724,  190,    0
  5141, 34792,20210725,  182,    0
  5141, 34792,20210726,  174,    0
  5141, 34792,20210727,  160,    0
  5141, 34792,20210728,  157,    0
  5141, 34792,20210729,  135,    0
  5141, 34792,20210730,  156,    0
  5141, 34792,20210731,  138,    0
  5141, 34792,20210801,  113,    0
  5141, 34792,20210802,  117,    0
  5141, 34792,20210803,  124,    0
  5141, 34792,20210804,  123,    0
  5141, 34792,20210805,  115,    0
  5141, 34792,20210806,  123,    0
  5141, 34792,20210807,  130,    0
  5141, 34792,20210808,  135,    0
  5141, 34792,20210809,  132,    0
  5141, 34792,20210810,  151,    0
  5141, 34792,20210811,  139,    0
  5141, 34792,20210812,  141,    0
  5141, 34792,20210813,  136,    0
  5141, 34792,20210814,  106,    0
  5141, 34792,20210815,  120,    0
  5141, 34792,20210816,  104,    0
  5141, 34792,20210817,  136,    0
  5141, 34792,20210818,  104,    0
  5141, 34792,20210819,  105,    0
  5141, 34792,20210820,   96,    0
  5141, 34792,20210821,  106,    0
  5141, 34792,20210822,  114,    0
  5141, 34792,20210823,  128,    0
  5141, 34792,20210824,  135,    0
  5141, 34792,20210825,  157,    0
  5141, 34792,20210826,  119,    0
  5141, 34792,20210827,  111,    0
  5141, 34792,20210828,  137,    0
  5141, 34792,20210829,  141,    0
  5141, 34792,20210830,  143,    0
  5141, 34792,20210831,  140,    0
  5141, 34792,20210901,  137,    0
  5141, 34792,20210902,  131,    0
  5141, 34792,20210903,  123,    0
  5141, 34792,20210904,   92,    0
  5141, 34792,20210905,  107,    0
  5141, 34792,20210906,   97,    0
  5141, 34792,20210907,  125,    0
  5141, 34792,20210908,  141,    0
  5141, 34792,20210909,  140,    0
  5141, 34792,20210910,  139,    0
  5141, 34792,20210911,  132,    0
  5141, 34792,20210912,  142,    0
  5141, 34792,20210913,  103,    0
  5141, 34792,20210914,   83,    0
  5141, 34792,20210915,   96,    0
  5141, 34792,20210916,   84,    0
  5141, 34792,20210917,   69,    0
  5141, 34792,20210918,   71,    0
  5141, 34792,20210919,   66,    0
  5141, 34792,20210920,   65,    0
  5141, 34792,20210921,   78,    0
  5141, 34792,20210922,   90,    0
  5141, 34792,20210923,   81,    0
  5141, 34792,20210924,   64,    0
  5141, 34792,20210925,   75,    0
  5141, 34792,20210926,   87,    0
  5141, 34792,20210927,   98,    0
  5141, 34792,20210928,   93,    0
  5141, 34792,20210929,   83,    0
  5141, 34792,20210930,   83,    0
  5141, 34792,20211001,   86,    0
  5141, 34792,20211002,   82,    0
  5141, 34792,20211003,   88,    0
  5141, 34792,20211004,   87,    0
  5141, 34792,20211005,   83,    0
  5141, 34792,20211006,   75,    0
  5141, 34792,20211007,   67,    0
  5141, 34792,20211008,  101,    0
  5141, 34792,20211009,  102,    0
  5141, 34792,20211010,   59,    0
  5141, 34792,20211011,   28,    0
  5141, 34792,20211012,   18,    0
  5141, 34792,20211013,    7,    0
  5141, 34792,20211014,   51,    0
  5141, 34792,20211015,   36,    0
  5141, 34792,20211016,   21,    0
  5141, 34792,20211017,    3,    0
  5141, 34792,20211018,  -14,    0
  5141, 34792,20211019,    4,    0
  5141, 34792,20211020,   25,    0
  5141, 34792,20211021,   24,    0
  5141, 34792,20211022,   30,    0
  5141, 34792,20211023,   26,    0
  5141, 34792,20211024,   53,    0
  5141, 34792,20211025,   71,    0
  5141, 34792,20211026,   47,    0
  5141, 34792,20211027,   94,    0
  5141, 34792,20211028,   92,    0
  5141, 34792,20211029,   78,    0
  5141, 34792,20211030,   72,    0
  5141, 34792,20211031,   59,    0
  5141, 34792,20211101,   59,    0
  5141, 34792,20211102,   53,    0
  5141, 34792,20211103,   22,    0
  5141, 34792,20211104,  -19,    0
  5141, 34792,20211105,  -13,    0
  5141, 34792,20211106,   10,    0
  5141, 34792,20211107,    4,    0
  5141, 34792,20211108,   -1,    0
  5141, 34792,20211109,   18,    0
  5141, 34792,20211110,   -4,    0
  5141, 34792,20211111,   -1,    0
  5141, 34792,20211112,   -5,    0
  5141, 34792,20211113,   -1,    0
  5141, 34792,20211114,  -34,    0
  5141, 34792,20211115,   -5,    0
  5141, 34792,20211116,   25,    0
  5141, 34792,20211117,   19,    0
  5141, 34792,20211118,    5,    0
  5141, 34792,20211119,   80,    0
  5141, 34792,20211120,   43,    0
  5141, 34792,20211121,   19,    0
  5141, 34792,20211122,    8,    0
  5141, 34792,20211123,   42,    0
  5141, 34792,20211124,    3,    0
  5141, 34792,20211125,  -39,    0
  5141, 34792,20211126,  -64,    0
  5141, 34792,20211127,  -53,    0
  5141, 34792,20211128,  -74,    0
  5141, 34792,20211129, -114,    0
  5141, 34792,20211130,  -95,    0
  5141, 34792,20211201, -122,    0
  5141, 34792,20211202, -110,    0
  5141, 34792,20211203,  -95,    0
  5141, 34792,20211204,  -87,    0
  5141, 34792,20211205,  -83,    0
  5141, 34792,20211206, -117,    0
  5141, 34792,20211207, -102,    0
  5141, 34792,20211208,  -76,    0
  5141, 34792,20211209,  -48,    0
  5141, 34792,20211210,  -41,    0
  5141, 34792,20211211,  -37,    0
  5141, 34792,20211212,  -29,    0
  5141, 34792,20211213,  -31,    0
  5141, 34792,20211214,  -51,    0
  5141, 34792,20211215,  -11,    0
  5141, 34792,20211216,   21,    0
  5141, 34792,20211217,    4,    0
  5141, 34792,20211218,   33,    0
  5141, 34792,20211219,   -9,    0
  5141, 34792,20211220,  -62,    0
  5141, 34792,20211221,  -97,    0
  5141, 34792,20211222,  -91,    0
  5141, 34792,20211223, -105,    0
  5141, 34792,20211224, -118,    0
  5141, 34792,20211225, -118,    0
  5141, 34792,20211226, -117,    0
  5141, 34792,20211227,-9999,    9
  5141, 34792,20211228,  -75,    0
  5141, 34792,20211229,-9999,    9
  5141, 34792,20211230,  -47,    0
  5141, 34792,20211231,   -9,    0
  5141, 34792,20220101,  -16,    0
  5141, 34792,20220102,  -34,    0
  5141, 34792,20220103,  -45,    0
  5141, 34792,20220104,  -80,    0
  5141, 34792,20220105,  -94,    0
  5141, 34792,20220106, -132,    0
  5141, 34792,20220107,  -78,    0
  5141, 34792,20220108,  -63,    0
  5141, 34792,20220109,  -48,    0
  5141, 34792,20220110,  -37,    0
  5141, 34792,20220111,  -23,    0
  5141, 34792,20220112,  -26,    0
  5141, 34792,20220113,   76,    0
  5141, 34792,20220114,   -1,    0
  5141, 34792,20220115,  -32,    0
  5141, 34792,20220116,  -11,    0
  5141, 34792,20220117,  -28,    0
  5141, 34792,20220118,  -14,    0
  5141, 34792,20220119,  -10,    0
  5141, 34792,20220120,  -48,    0
  5141, 34792,20220121,  -20,    0
  5141, 34792,20220122,  -11,    0
  5141, 34792,20220123,   -6,    0
  5141, 34792,20220124,   19,    0
  5141, 34792,20220125,    2,    0
  5141, 34792,20220126,   -5,    0
  5141, 34792,20220127,    4,    0
  5141, 34792,20220128,  -21,    0
  5141, 34792,20220129,   -6,    0
  5141, 34792,20220130,  -20,    0
  5141, 34792,20220131,  -83,    0
  5141, 34792,20220201,  -62,    0
  5141, 34792,20220202,  -81,    0
  5141, 34792,20220203,  -49,    0
  5141, 34792,20220204,  -36,    0
  5141, 34792,20220205,  -38,    0
  5141, 34792,20220206,  -49,    0
  5141, 34792,20220207,  -13,    0
  5141, 34792,20220208,   -2,    0
  5141, 34792,20220209,  -10,    0
  5141, 34792,20220210,  -25,    0
  5141, 34792,20220211,  -66,    0
  5141, 34792,20220212,  -13,    0
  5141, 34792,20220213,   13,    0
  5141, 34792,20220214,   -2,    0
  5141, 34792,20220215,  -19,    0
  5141, 34792,20220216,  -20,    0
  5141, 34792,20220217,  -42,    0
  5141, 34792,20220218,  -35,    0
  5141, 34792,20220219,  -55,    0
  5141, 34792,20220220,  -77,    0
  5141, 34792,20220221,  -24,    0
  5141, 34792,20220222,  -71,    0
  5141, 34792,20220223,  -28,    0
  5141, 34792,20220224,  -28,    0
  5141, 34792,20220225,  -54,    0
  5141, 34792,20220226,  -67,    0
  5141, 34792,20220227,  -24,    0
  5141, 34792,20220228,  -33,    0
  5141, 34792,20220301,   -4,    0
  5141, 34792,20220302,  -15,    0
  5141, 34792,20220303,  -42,    0
  5141, 34792,20220304,  -63,    0
  5141, 34792,20220305,  -54,    0
  5141, 34792,20220306,  -24,    0
  5141, 34792,20220307,   -3,    0
  5141, 34792,20220308,  -28,    0
  5141, 34792,20220309,  -35,    0
  5141, 34792,20220310,  -17,    0
  5141, 34792,20220311,  -13,    0
  5141, 34792,20220312,  -44,    0
  5141, 34792,20220313,  -10,    0
  5141, 34792,20220314,   -5,    0
  5141, 34792,20220315,  -22,    0
  5141, 34792,20220316,  -15,    0
  5141, 34792,20220317,   -4,    0
  5141, 34792,20220318,   -7,    0
  5141, 34792,20220319,   20,    0
  5141, 34792,20220320,   12,    0
  5141, 34792,20220321,   -1,    0
  5141, 34792,20220322,    7,    0
  5141, 34792,20220323,   10,    0
  5141, 34792,20220324,   37,    0
  5141, 34792,20220325,   54,    0
  5141, 34792,20220326,   39,    0
  5141, 34792,20220327,   50,    0
  5141, 34792,20220328,   38,    0
  5141, 34792,20220329,  -21,    0
  5141, 34792,20220330,  -32,    0
  5141, 34792,20220331,  -39,    0
  5141, 34792,20220401,  -43,    0
  5141, 34792,20220402,  -30,    0
  5141, 34792,20220403,    3,    0
  5141, 34792,20220404,   -2,    0
  5141, 34792,20220405,  -25,    0
  5141, 34792,20220406,  -35,    0
  5141, 34792,20220407,  -18,    0
  5141, 34792,20220408,   -9,    0
  5141, 34792,20220409,    7,    0
  5141, 34792,20220410,   20,    0
  5141, 34792,20220411,   11,    0
  5141, 34792,20220412,   10,    0
  5141, 34792,20220413,    8,    0
  5141, 34792,20220414,   24,    0
  5141, 34792,20220415,   38,    0
  5141, 34792,20220416,   39,    0
  5141, 34792,20220417,   50,    0
  5141, 34792,20220418,   52,    0
  5141, 34792,20220419,   56,    0
  5141, 34792,20220420,   75,    0
  5141, 34792,20220421,   79,    0
  5141, 34792,20220422,   88,    0
  5141, 34792,20220423,   73,    0
  5141, 34792,20220424,   47,    0
  5141, 34792,20220425,   70,    0
  5141, 34792,20220426,   49,    0
  5141, 34792,20220427,   32,    0
  5141, 34792,20220428,   38,    0
  5141, 34792,20220429,   41,    0
  5141, 34792,20220430,   48,    0
  5141, 34792,20220501,   69,    0
  5141, 34792,20220502,   41,    0
  5141, 34792,20220503,   39,    0
  5141, 34792,20220504,   51,    0
  5141, 34792,20220505,   67,    0
  5141, 34792,20220506,   89,    0
  5141, 34792,20220507,   63,    0
  5141, 34792,20220508,   56,    0
  5141, 34792,20220509,   84,    0
  5141, 34792,20220510,   65,    0
  5141, 34792,20220511,   49,    0
  5141, 34792,20220512,   67,    0
  5141, 34792,20220513,   73,    0
  5141, 34792,20220514,   70,    0
  5141, 34792,20220515,   83,    0
  5141, 34792,20220516,   94,    0
  5141, 34792,20220517,   95,    0
  5141, 34792,20220518,   72,    0
  5141, 34792,20220519,  104,    0
  5141, 34792,20220520,  136,    0
  5141, 34792,20220521,   92,    0
  5141, 34792,20220522,  101,    0
  5141, 34792,20220523,   92,    0
  5141, 34792,20220524,   91,    0
  5141, 34792,20220525,   98,    0
  5141, 34792,20220526,   88,    0
  5141, 34792,20220527,   71,    0
  5141, 34792,20220528,  109,    0
  5141, 34792,20220529,   74,    0
  5141, 34792,20220530,   83,    0
  5141, 34792,20220531,  106,    0
  5141, 34792,20220601,  108,    0
  5141, 34792,20220602,  112,    0
  5141, 34792,20220603,  115,    0
  5141, 34792,20220604,  136,    0
  5141, 34792,20220605,  132,    0
  5141, 34792,20220606,  151,    0
  5141, 34792,20220607,  130,    0
  5141, 34792,20220608,  120,    0
  5141, 34792,20220609,  138,    0
  5141, 34792,20220610,  146,    0
  5141, 34792,20220611,  125,    0
  5141, 34792,20220612,  119,    0
  5141, 34792,20220613,  108,    0
  5141, 34792,20220614,  123,    0
  5141, 34792,20220615,  145,    0
  5141, 34792,20220616,  158,    0
  5141, 34792,20220617,  129,    0
  5141, 34792,20220618,  116,    0
  5141, 34792,20220619,  101,    0
  5141, 34792,20220620,  154,    0
  5141, 34792,20220621,  126,    0
  5141, 34792,20220622,  152,    0
  5141, 34792,20220623,  174,    0
  5141, 34792,20220624,  178,    0
  5141, 34792,20220625,  178,    0
  5141, 34792,20220626,  171,    0
  5141, 34792,20220627,  145,    0
  5141, 34792,20220628,  151,    0
  5141, 34792,20220629,  159,    0
  5141, 34792,20220630,  165,    0
  5141, 34792,20220701,  187,    0
  5141, 34792,20220702,  152,    0
  5141, 34792,20220703,  132,    0
  5141, 34792,20220704,  118,    0
  5141, 34792,20220705,  114,    0
  5141, 34792,20220706,  109,    0
  5141, 34792,20220707,  139,    0
  5141, 34792,20220708,  143,    0
  5141, 34792,20220709,  125,    0
  5141, 34792,20220710,  146,    0
  5141, 34792,20220711,  154,    0
  5141, 34792,20220712,  159,    0
  5141, 34792,20220713,  131,    0
  5141, 34792,20220714,  116,    0
  5141, 34792,20220715,  107,    0
  5141, 34792,20220716,  124,    0
  5141, 34792,20220717,  132,    0
  5141, 34792,20220718,  149,    0
  5141, 34792,20220719,  166,    0
  5141, 34792,20220720,  201,    0
  5141, 34792,20220721,  199,    0
  5141, 34792,20220722,  165,    0
  5141, 34792,20220723,  145,    0
  5141, 34792,20220724,  130,    0
  5141, 34792,20220725,  143,    0
  5141, 34792,20220726,  132,    0
  5141, 34792,20220727,  150,    0
  5141, 34792,20220728,  145,    0
  5141, 34792,20220729,  146,    0
  5141, 34792,20220730,  136,    0
  5141, 34792,20220731,  124,    0
  5141, 34792,20220801,  129,    0
  5141, 34792,20220802,   86,    0
  5141, 34792,20220803,  150,    0
  5141, 34792,20220804,  124,    0
  5141, 34792,20220805,  109,    0
  5141, 34792,20220806,  108,    0
  5141, 34792,20220807,  102,    0
  5141, 34792,20220808,  141,    0
  5141, 34792,20220809,  142,    0
  5141, 34792,20220810,  169,    0
  5141, 34792,20220811,  161,    0
  5141, 34792,20220812,  171,    0
  5141, 34792,20220813,  175,    0
  5141, 34792,20220814,  171,    0
  5141, 34792,20220815,  187,    0
  5141, 34792,20220816,  168,    0
  5141, 34792,20220817,  175,    0
  5141, 34792,20220818,  142,    0
  5141, 34792,20220819,  143,    0
  5141, 34792,20220820,  146,    0
  5141, 34792,20220821,  111,    0
  5141, 34792,20220822,   95,    0
  5141, 34792,20220823,  113,    0
  5141, 34792,20220824,  130,    0
  5141, 34792,20220825,  150,    0
  5141, 34792,20220826,  139,    0
  5141, 34792,20220827,  143,    0
  5141, 34792,20220828,  119,    0
  5141, 34792,20220829,  117,    0
  5141, 34792,20220830,  121,    0
  5141, 34792,20220831,  104,    0
  5141, 34792,20220901,  103,    0
  5141, 34792,20220902,  108,    0
  5141, 34792,20220903,  120,    0
  5141, 34792,20220904,  117,    0
  5141, 34792,20220905,  113,    0
  5141, 34792,20220906,   89,    0
  5141, 34792,20220907,   91,    0
  5141, 34792,20220908,   98,    0
  5141, 34792,20220909,   92,    0
  5141, 34792,20220910,  102,    0
  5141, 34792,20220911,  101,    0
  5141, 34792,20220912,   85,    0
  5141, 34792,20220913,   98,    0
  5141, 34792,20220914,   88,    0
  5141, 34792,20220915,   74,    0
  5141, 34792,20220916,   87,    0
  5141, 34792,20220917,   97,    0
  5141, 34792,20220918,   74,    0
  5141, 34792,20220919,   58,    0
  5141, 34792,20220920,   48,    0
  5141, 34792,20220921,   45,    0
  5141, 34792,20220922,   58,    0
  5141, 34792,20220923,   89,    0
  5141, 34792,20220924,   54,    0
  5141, 34792,20220925,   56,    0
  5141, 34792,20220926,   71,    0
  5141, 34792,20220927,   80,    0
  5141, 34792,20220928,   79,    0
  5141, 34792,20220929,   57,    0
  5141, 34792,20220930,   47,    0
  5141, 34792,20221001,   72,    0
  5141, 34792,20221002,   65,    0
  5141, 34792,20221003,   57,    0
  5141, 34792,20221004,   54,    0
  5141, 34792,20221005,   91,    0
  5141, 34792,20221006,   59,    0
  5141, 34792,20221007,   69,    0
  5141, 34792,20221008,   35,    0
  5141, 34792,20221009,   46,    0
  5141, 34792,20221010,   55,    0
  5141, 34792,20221011,   22,    0
  5141, 34792,20221012,   31,    0
  5141, 34792,20221013,   64,    0
  5141, 34792,20221014,   29,    0
  5141, 34792,20221015,   48,    0
  5141, 34792,20221016,   23,    0
  5141, 34792,20221017,   15,    0
  5141, 34792,20221018,   33,    0
  5141, 34792,20221019,   -8,    0
  5141, 34792,20221020,   -4,    0
  5141, 34792,20221021,   11,    0
  5141, 34792,20221022,   12,    0
  5141, 34792,20221023,   32,    0
  5141, 34792,20221024,   39,    0
  5141, 34792,20221025,   50,    0
  5141, 34792,20221026,   35,    0
  5141, 34792,20221027,   62,    0
  5141, 34792,20221028,   69,    0
  5141, 34792,20221029,   69,    0
  5141, 34792,20221030,   29,    0
  5141, 34792,20221031,   53,    0
