EUROPEAN CLIMATE ASSESSMENT & DATASET (ECA&D), file created on: 16-11-2022
THESE DATA CAN BE USED FOR NON-COMMERCIAL RESEARCH AND EDUCATION PROVIDED THAT THE FOLLOWING SOURCE IS ACKNOWLEDGED: 

Klein Tank, A.M.G. and Coauthors, 2002. Daily dataset of 20th-century surface
air temperature and precipitation series for the European Climate Assessment.
Int. J. of Climatol., 22, 1441-1453.
Data and metadata available at http://www.ecad.eu

FILE FORMAT (MISSING VALUE CODE = -9999):

01-06 STAID: Station identifier
08-13 SOUID: Source identifier
15-22 DATE : Date YYYYMMDD
24-28 TG   : Mean temperature in 0.1 &#176;C
30-34 Q_TG : quality code for TG (0='valid'; 1='suspect'; 9='missing')

This is the blended series of station TROLLEDALSEGGA, NORWAY (STAID: 18142)
Blended and updated with sources:99222 
See files sources.txt and stations.txt for more info.

STAID, SOUID,    DATE,   TG, Q_TG
 18142, 99222,20151006,   56,    0
 18142, 99222,20151007,   52,    0
 18142, 99222,20151008,   45,    0
 18142, 99222,20151009,   37,    0
 18142, 99222,20151010,   39,    0
 18142, 99222,20151011,   32,    0
 18142, 99222,20151012,   29,    0
 18142, 99222,20151013,   19,    0
 18142, 99222,20151014,   22,    0
 18142, 99222,20151015,   23,    0
 18142, 99222,20151016,   35,    0
 18142, 99222,20151017,   33,    0
 18142, 99222,20151018,   28,    0
 18142, 99222,20151019,    7,    0
 18142, 99222,20151020,    4,    0
 18142, 99222,20151021,   20,    0
 18142, 99222,20151022,   38,    0
 18142, 99222,20151023,   24,    0
 18142, 99222,20151024,   23,    1
 18142, 99222,20151025,   -9,    0
 18142, 99222,20151026,   10,    0
 18142, 99222,20151027,   30,    0
 18142, 99222,20151028,   60,    0
 18142, 99222,20151029,   74,    0
 18142, 99222,20151030,   51,    0
 18142, 99222,20151031,   59,    0
 18142, 99222,20151101,   34,    0
 18142, 99222,20151102,   45,    0
 18142, 99222,20151103,   50,    0
 18142, 99222,20151104,   39,    0
 18142, 99222,20151105,   66,    0
 18142, 99222,20151106,   66,    0
 18142, 99222,20151107,   28,    0
 18142, 99222,20151108,   11,    0
 18142, 99222,20151109,   -1,    0
 18142, 99222,20151110,    0,    0
 18142, 99222,20151111,   -6,    0
 18142, 99222,20151112,   -1,    0
 18142, 99222,20151113,   -9,    0
 18142, 99222,20151114,  -14,    0
 18142, 99222,20151115,   -4,    0
 18142, 99222,20151116,  -14,    0
 18142, 99222,20151117,  -13,    0
 18142, 99222,20151118,  -16,    0
 18142, 99222,20151119,  -41,    0
 18142, 99222,20151120,  -62,    0
 18142, 99222,20151121,  -72,    0
 18142, 99222,20151122,  -68,    0
 18142, 99222,20151123,  -34,    0
 18142, 99222,20151124,  -14,    0
 18142, 99222,20151125,  -33,    0
 18142, 99222,20151126,  -14,    0
 18142, 99222,20151127,   28,    0
 18142, 99222,20151128,  -27,    0
 18142, 99222,20151129,  -25,    0
 18142, 99222,20151130,  -34,    0
 18142, 99222,20151201,  -29,    0
 18142, 99222,20151202,    8,    0
 18142, 99222,20151203,  -17,    0
 18142, 99222,20151204,  -11,    0
 18142, 99222,20151205,    5,    0
 18142, 99222,20151206,   -9,    0
 18142, 99222,20151207,  -20,    0
 18142, 99222,20151208,   38,    0
 18142, 99222,20151209,   -1,    0
 18142, 99222,20151210,   -4,    0
 18142, 99222,20151211,  -21,    0
 18142, 99222,20151212,  -28,    0
 18142, 99222,20151213,  -45,    0
 18142, 99222,20151214,  -32,    0
 18142, 99222,20151215,  -28,    0
 18142, 99222,20151216,  -26,    0
 18142, 99222,20151217,   24,    0
 18142, 99222,20151218,   18,    0
 18142, 99222,20151219,   35,    0
 18142, 99222,20151220,   20,    0
 18142, 99222,20151221,   -6,    0
 18142, 99222,20151222,  -13,    0
 18142, 99222,20151223,  -14,    0
 18142, 99222,20151224,   -6,    0
 18142, 99222,20151225,  -36,    0
 18142, 99222,20151226,  -89,    0
 18142, 99222,20151227,  -78,    0
 18142, 99222,20151228,  -24,    0
 18142, 99222,20151229,   17,    0
 18142, 99222,20151230,   28,    0
 18142, 99222,20151231,    0,    0
 18142, 99222,20160101,  -19,    0
 18142, 99222,20160102,  -30,    0
 18142, 99222,20160103,  -74,    0
 18142, 99222,20160104,  -75,    0
 18142, 99222,20160105,  -89,    0
 18142, 99222,20160106,  -67,    0
 18142, 99222,20160107,  -74,    0
 18142, 99222,20160108,  -97,    0
 18142, 99222,20160109, -114,    0
 18142, 99222,20160110,  -72,    0
 18142, 99222,20160111,  -38,    0
 18142, 99222,20160112,  -57,    0
 18142, 99222,20160113,  -69,    0
 18142, 99222,20160114,  -56,    0
 18142, 99222,20160115,  -88,    0
 18142, 99222,20160116,  -93,    0
 18142, 99222,20160117,  -76,    0
 18142, 99222,20160118,  -78,    0
 18142, 99222,20160119,  -82,    0
 18142, 99222,20160120,  -85,    0
 18142, 99222,20160121,  -82,    0
 18142, 99222,20160122,  -37,    0
 18142, 99222,20160123,  -14,    0
 18142, 99222,20160124,    0,    0
 18142, 99222,20160125,   38,    0
 18142, 99222,20160126,  -19,    0
 18142, 99222,20160127,  -21,    0
 18142, 99222,20160128,  -38,    0
 18142, 99222,20160129,  -19,    0
 18142, 99222,20160130,  -50,    0
 18142, 99222,20160131,  -58,    0
 18142, 99222,20160201,  -47,    0
 18142, 99222,20160202,  -33,    0
 18142, 99222,20160203,  -51,    0
 18142, 99222,20160204,  -62,    0
 18142, 99222,20160205,  -38,    0
 18142, 99222,20160206,  -22,    0
 18142, 99222,20160207,  -17,    0
 18142, 99222,20160208,  -23,    0
 18142, 99222,20160209,  -25,    0
 18142, 99222,20160210,  -38,    0
 18142, 99222,20160211,  -81,    0
 18142, 99222,20160212,  -87,    0
 18142, 99222,20160213, -102,    0
 18142, 99222,20160214,  -91,    0
 18142, 99222,20160215,  -73,    0
 18142, 99222,20160216,  -64,    0
 18142, 99222,20160217,  -35,    0
 18142, 99222,20160218,  -73,    0
 18142, 99222,20160219,  -49,    0
 18142, 99222,20160220,  -42,    0
 18142, 99222,20160221,  -46,    0
 18142, 99222,20160222,  -46,    0
 18142, 99222,20160223,  -45,    0
 18142, 99222,20160224,  -48,    0
 18142, 99222,20160225,  -48,    0
 18142, 99222,20160226,  -47,    0
 18142, 99222,20160227,  -45,    0
 18142, 99222,20160228,  -47,    0
 18142, 99222,20160229,  -62,    0
 18142, 99222,20160301,  -55,    0
 18142, 99222,20160302,  -56,    0
 18142, 99222,20160303,  -60,    0
 18142, 99222,20160304,  -44,    0
 18142, 99222,20160305,  -42,    0
 18142, 99222,20160306,  -62,    0
 18142, 99222,20160307,  -65,    0
 18142, 99222,20160308,  -78,    0
 18142, 99222,20160309,  -37,    0
 18142, 99222,20160310,  -37,    0
 18142, 99222,20160311,  -44,    0
 18142, 99222,20160312,  -32,    0
 18142, 99222,20160313,    0,    0
 18142, 99222,20160314,   30,    0
 18142, 99222,20160315,   82,    0
 18142, 99222,20160316,   75,    0
 18142, 99222,20160317,    8,    0
 18142, 99222,20160318,  -26,    0
 18142, 99222,20160319,  -22,    0
 18142, 99222,20160320,  -25,    0
 18142, 99222,20160321,  -22,    0
 18142, 99222,20160322,  -33,    0
 18142, 99222,20160323,  -47,    0
 18142, 99222,20160324,  -36,    0
 18142, 99222,20160325,  -24,    0
 18142, 99222,20160326,   -9,    0
 18142, 99222,20160327,   -1,    0
 18142, 99222,20160328,    1,    0
 18142, 99222,20160329,  -18,    0
 18142, 99222,20160330,  -45,    0
 18142, 99222,20160331,  -57,    0
 18142, 99222,20160401,  -41,    0
 18142, 99222,20160402,  -13,    0
 18142, 99222,20160403,  -10,    0
 18142, 99222,20160404,   19,    0
 18142, 99222,20160405,   19,    0
 18142, 99222,20160406,    2,    0
 18142, 99222,20160407,  -21,    0
 18142, 99222,20160408,  -33,    0
 18142, 99222,20160409,  -31,    0
 18142, 99222,20160410,  -15,    0
 18142, 99222,20160411,   -4,    0
 18142, 99222,20160412,   -1,    0
 18142, 99222,20160413,  -19,    0
 18142, 99222,20160414,  -18,    0
 18142, 99222,20160415,  -40,    0
 18142, 99222,20160416,  -44,    0
 18142, 99222,20160417,  -29,    0
 18142, 99222,20160418,  -23,    0
 18142, 99222,20160419,  -19,    0
 18142, 99222,20160420,  -30,    0
 18142, 99222,20160421,  -25,    0
 18142, 99222,20160422,  -50,    0
 18142, 99222,20160423,  -59,    0
 18142, 99222,20160424,  -48,    0
 18142, 99222,20160425,  -58,    0
 18142, 99222,20160426,  -40,    0
 18142, 99222,20160427,  -18,    0
 18142, 99222,20160428,  -10,    0
 18142, 99222,20160429,  -19,    0
 18142, 99222,20160430,    0,    0
 18142, 99222,20160501,   -7,    0
 18142, 99222,20160502,   19,    0
 18142, 99222,20160503,   -1,    0
 18142, 99222,20160504,    2,    0
 18142, 99222,20160505,   29,    0
 18142, 99222,20160506,   33,    0
 18142, 99222,20160507,   62,    0
 18142, 99222,20160508,  102,    0
 18142, 99222,20160509,  109,    0
 18142, 99222,20160510,   78,    0
 18142, 99222,20160511,   89,    0
 18142, 99222,20160512,    7,    0
 18142, 99222,20160513,  -35,    0
 18142, 99222,20160514,  -24,    0
 18142, 99222,20160515,  -10,    0
 18142, 99222,20160516,    1,    0
 18142, 99222,20160517,  -13,    0
 18142, 99222,20160518,  -24,    0
 18142, 99222,20160519,   -1,    0
 18142, 99222,20160520,   29,    0
 18142, 99222,20160521,   41,    0
 18142, 99222,20160522,   49,    0
 18142, 99222,20160523,   21,    0
 18142, 99222,20160524,    9,    0
 18142, 99222,20160525,   36,    0
 18142, 99222,20160526,   88,    0
 18142, 99222,20160527,  108,    0
 18142, 99222,20160528,   84,    0
 18142, 99222,20160529,   85,    0
 18142, 99222,20160530,   93,    0
 18142, 99222,20160531,   96,    0
 18142, 99222,20160601,  116,    0
 18142, 99222,20160602,  137,    0
 18142, 99222,20160603,  104,    0
 18142, 99222,20160604,   69,    0
 18142, 99222,20160605,   92,    0
 18142, 99222,20160606,  132,    0
 18142, 99222,20160607,   89,    0
 18142, 99222,20160608,   19,    0
 18142, 99222,20160609,    9,    0
 18142, 99222,20160610,   30,    0
 18142, 99222,20160611,   72,    0
 18142, 99222,20160612,   86,    0
 18142, 99222,20160613,   87,    0
 18142, 99222,20160614,   80,    0
 18142, 99222,20160615,  119,    0
 18142, 99222,20160616,  103,    0
 18142, 99222,20160617,   75,    0
 18142, 99222,20160618,   23,    0
 18142, 99222,20160619,   25,    0
 18142, 99222,20160620,   70,    0
 18142, 99222,20160621,   53,    0
 18142, 99222,20160622,   74,    0
 18142, 99222,20160623,   82,    0
 18142, 99222,20160624,  104,    0
 18142, 99222,20160625,   85,    0
 18142, 99222,20160626,  111,    0
 18142, 99222,20160627,   68,    0
 18142, 99222,20160628,   44,    0
 18142, 99222,20160629,   83,    0
 18142, 99222,20160630,   70,    0
 18142, 99222,20160701,   66,    0
 18142, 99222,20160702,   53,    0
 18142, 99222,20160703,   38,    0
 18142, 99222,20160704,   48,    0
 18142, 99222,20160705,   49,    0
 18142, 99222,20160706,   30,    0
 18142, 99222,20160707,   43,    0
 18142, 99222,20160708,   80,    0
 18142, 99222,20160709,   62,    0
 18142, 99222,20160710,   84,    0
 18142, 99222,20160711,   96,    0
 18142, 99222,20160712,   92,    0
 18142, 99222,20160713,   84,    0
 18142, 99222,20160714,   62,    0
 18142, 99222,20160715,   66,    0
 18142, 99222,20160716,   53,    0
 18142, 99222,20160717,   49,    0
 18142, 99222,20160718,   74,    0
 18142, 99222,20160719,   76,    0
 18142, 99222,20160720,  131,    0
 18142, 99222,20160721,  167,    0
 18142, 99222,20160722,  135,    0
 18142, 99222,20160723,  117,    0
 18142, 99222,20160724,  136,    0
 18142, 99222,20160725,  131,    0
 18142, 99222,20160726,   79,    0
 18142, 99222,20160727,   82,    0
 18142, 99222,20160728,   66,    0
 18142, 99222,20160729,   73,    0
 18142, 99222,20160730,   61,    0
 18142, 99222,20160731,   59,    0
 18142, 99222,20160801,   58,    0
 18142, 99222,20160802,   58,    0
 18142, 99222,20160803,   82,    0
 18142, 99222,20160804,  103,    0
 18142, 99222,20160805,   78,    0
 18142, 99222,20160806,   58,    0
 18142, 99222,20160807,   69,    0
 18142, 99222,20160808,   63,    0
 18142, 99222,20160809,   39,    0
 18142, 99222,20160810,    4,    0
 18142, 99222,20160811,   17,    0
 18142, 99222,20160812,   57,    0
 18142, 99222,20160813,   64,    0
 18142, 99222,20160814,   66,    0
 18142, 99222,20160815,   69,    0
 18142, 99222,20160816,  129,    0
 18142, 99222,20160817,  153,    0
 18142, 99222,20160818,  135,    0
 18142, 99222,20160819,   94,    0
 18142, 99222,20160820,  101,    0
 18142, 99222,20160821,  101,    0
 18142, 99222,20160822,  101,    0
 18142, 99222,20160823,  104,    0
 18142, 99222,20160824,   97,    0
 18142, 99222,20160825,   89,    0
 18142, 99222,20160826,   73,    0
 18142, 99222,20160827,   55,    0
 18142, 99222,20160828,   67,    0
 18142, 99222,20160829,   62,    0
 18142, 99222,20160830,   71,    0
 18142, 99222,20160831,   89,    0
 18142, 99222,20160901,   62,    0
 18142, 99222,20160902,   63,    0
 18142, 99222,20160903,   53,    0
 18142, 99222,20160904,   58,    0
 18142, 99222,20160905,   87,    0
 18142, 99222,20160906,   86,    0
 18142, 99222,20160907,   63,    0
 18142, 99222,20160908,  121,    0
 18142, 99222,20160909,   95,    0
 18142, 99222,20160910,   86,    0
 18142, 99222,20160911,   63,    0
 18142, 99222,20160912,   92,    0
 18142, 99222,20160913,  136,    0
 18142, 99222,20160914,  130,    0
 18142, 99222,20160915,  152,    0
 18142, 99222,20160916,  155,    0
 18142, 99222,20160917,  108,    0
 18142, 99222,20160918,  109,    0
 18142, 99222,20160919,   87,    0
 18142, 99222,20160920,   93,    0
 18142, 99222,20160921,   94,    0
 18142, 99222,20160922,   90,    0
 18142, 99222,20160923,   57,    0
 18142, 99222,20160924,   64,    0
 18142, 99222,20160925,  116,    0
 18142, 99222,20160926,   59,    0
 18142, 99222,20160927,   49,    0
 18142, 99222,20160928,   33,    0
 18142, 99222,20160929,   27,    0
 18142, 99222,20160930,    6,    0
 18142, 99222,20161001,    5,    0
 18142, 99222,20161002,   13,    0
 18142, 99222,20161003,   50,    0
 18142, 99222,20161004,   64,    0
 18142, 99222,20161005,   63,    0
 18142, 99222,20161006,   85,    0
 18142, 99222,20161007,   89,    0
 18142, 99222,20161008,   51,    0
 18142, 99222,20161009,   50,    0
 18142, 99222,20161010,   50,    0
 18142, 99222,20161011,   13,    0
 18142, 99222,20161012,  -18,    0
 18142, 99222,20161013,  -22,    0
 18142, 99222,20161014,  -15,    0
 18142, 99222,20161015,   13,    0
 18142, 99222,20161016,   18,    0
 18142, 99222,20161017,   31,    0
 18142, 99222,20161018,   32,    0
 18142, 99222,20161019,   11,    0
 18142, 99222,20161020,  -12,    0
 18142, 99222,20161021,  -24,    0
 18142, 99222,20161022,  -30,    0
 18142, 99222,20161023,  -30,    0
 18142, 99222,20161024,  -26,    0
 18142, 99222,20161025,  -23,    0
 18142, 99222,20161026,   16,    0
 18142, 99222,20161027,   27,    0
 18142, 99222,20161028,   -4,    0
 18142, 99222,20161029,   -7,    0
 18142, 99222,20161030,    4,    0
 18142, 99222,20161031,   24,    0
 18142, 99222,20161101,  -10,    0
 18142, 99222,20161102,  -10,    0
 18142, 99222,20161103,  -16,    0
 18142, 99222,20161104,  -26,    0
 18142, 99222,20161105,  -30,    0
 18142, 99222,20161106,  -41,    0
 18142, 99222,20161107,  -63,    0
 18142, 99222,20161108,  -63,    0
 18142, 99222,20161109,  -69,    0
 18142, 99222,20161110,  -57,    0
 18142, 99222,20161111,  -23,    0
 18142, 99222,20161112,   -6,    0
 18142, 99222,20161113,    8,    0
 18142, 99222,20161114,   34,    0
 18142, 99222,20161115,   25,    0
 18142, 99222,20161116,    1,    0
 18142, 99222,20161117,  -21,    0
 18142, 99222,20161118,  -19,    0
 18142, 99222,20161119,  -32,    0
 18142, 99222,20161120,  -31,    0
 18142, 99222,20161121,  -27,    0
 18142, 99222,20161122,  -16,    0
 18142, 99222,20161123,  -26,    0
 18142, 99222,20161124,  -22,    0
 18142, 99222,20161125,   22,    0
 18142, 99222,20161126,  -20,    0
 18142, 99222,20161127,  -47,    0
 18142, 99222,20161128,  -55,    0
 18142, 99222,20161129,  -33,    0
 18142, 99222,20161130,  -39,    0
 18142, 99222,20161201,  -32,    0
 18142, 99222,20161202,  -41,    0
 18142, 99222,20161203,  -23,    0
 18142, 99222,20161204,   -3,    0
 18142, 99222,20161205,  -17,    0
 18142, 99222,20161206,  -40,    0
 18142, 99222,20161207,   13,    0
 18142, 99222,20161208,   28,    0
 18142, 99222,20161209,   12,    0
 18142, 99222,20161210,    7,    0
 18142, 99222,20161211,  -16,    0
 18142, 99222,20161212,  -15,    0
 18142, 99222,20161213,  -18,    0
 18142, 99222,20161214,  -13,    0
 18142, 99222,20161215,   18,    0
 18142, 99222,20161216,   17,    0
 18142, 99222,20161217,   -6,    0
 18142, 99222,20161218,    6,    0
 18142, 99222,20161219,   36,    0
 18142, 99222,20161220,    5,    0
 18142, 99222,20161221,  -18,    0
 18142, 99222,20161222,  -37,    0
 18142, 99222,20161223,  -32,    0
 18142, 99222,20161224,  -35,    0
 18142, 99222,20161225,  -15,    0
 18142, 99222,20161226,  -38,    0
 18142, 99222,20161227,  -43,    0
 18142, 99222,20161228,   -8,    0
 18142, 99222,20161229,    2,    0
 18142, 99222,20161230,    7,    0
 18142, 99222,20161231,  -23,    0
 18142, 99222,20170101,  -53,    0
 18142, 99222,20170102,  -66,    0
 18142, 99222,20170103,  -47,    0
 18142, 99222,20170104,  -75,    0
 18142, 99222,20170105, -107,    0
 18142, 99222,20170106,  -40,    0
 18142, 99222,20170107,  -42,    0
 18142, 99222,20170108,  -16,    0
 18142, 99222,20170109,    2,    0
 18142, 99222,20170110,  -21,    0
 18142, 99222,20170111,  -32,    0
 18142, 99222,20170112,  -44,    0
 18142, 99222,20170113,  -55,    0
 18142, 99222,20170114,  -83,    0
 18142, 99222,20170115,  -90,    0
 18142, 99222,20170116,  -80,    0
 18142, 99222,20170117,  -13,    0
 18142, 99222,20170118,    4,    0
 18142, 99222,20170119,   16,    0
 18142, 99222,20170120,   19,    0
 18142, 99222,20170121,    2,    0
 18142, 99222,20170122,  -21,    0
 18142, 99222,20170123,  -21,    0
 18142, 99222,20170124,  -18,    0
 18142, 99222,20170125,   14,    0
 18142, 99222,20170126,   18,    0
 18142, 99222,20170127,   37,    0
 18142, 99222,20170128,  -10,    0
 18142, 99222,20170129,   -6,    0
 18142, 99222,20170130,  -31,    0
 18142, 99222,20170131,  -27,    0
 18142, 99222,20170201,  -15,    0
 18142, 99222,20170202,    5,    0
 18142, 99222,20170203,   32,    0
 18142, 99222,20170204,   22,    0
 18142, 99222,20170205,   -7,    0
 18142, 99222,20170206,  -30,    0
 18142, 99222,20170207,  -64,    0
 18142, 99222,20170208,  -85,    0
 18142, 99222,20170209,  -75,    0
 18142, 99222,20170210,  -79,    0
 18142, 99222,20170211,  -46,    0
 18142, 99222,20170212,  -16,    0
 18142, 99222,20170213,    8,    0
 18142, 99222,20170214,   27,    0
 18142, 99222,20170215,    8,    0
 18142, 99222,20170216,    0,    0
 18142, 99222,20170217,  -19,    0
 18142, 99222,20170218,  -12,    0
 18142, 99222,20170219,    0,    0
 18142, 99222,20170220,   -8,    0
 18142, 99222,20170221,  -33,    0
 18142, 99222,20170222,  -36,    0
 18142, 99222,20170223,  -80,    0
 18142, 99222,20170224,  -81,    0
 18142, 99222,20170225,  -59,    0
 18142, 99222,20170226,  -30,    0
 18142, 99222,20170227,  -26,    0
 18142, 99222,20170228,  -33,    0
 18142, 99222,20170301,  -43,    0
 18142, 99222,20170302,  -52,    0
 18142, 99222,20170303,  -60,    0
 18142, 99222,20170304,  -57,    0
 18142, 99222,20170305,  -42,    0
 18142, 99222,20170306,  -63,    0
 18142, 99222,20170307,  -87,    0
 18142, 99222,20170308,  -72,    0
 18142, 99222,20170309,  -35,    0
 18142, 99222,20170310,  -36,    0
 18142, 99222,20170311,  -25,    0
 18142, 99222,20170312,   -8,    0
 18142, 99222,20170313,  -16,    0
 18142, 99222,20170314,  -17,    0
 18142, 99222,20170315,  -30,    0
 18142, 99222,20170316,  -19,    0
 18142, 99222,20170317,  -41,    0
 18142, 99222,20170318,  -64,    0
 18142, 99222,20170319,  -58,    0
 18142, 99222,20170320,  -28,    0
 18142, 99222,20170321,  -34,    0
 18142, 99222,20170322,  -51,    0
 18142, 99222,20170323,  -50,    0
 18142, 99222,20170324,  -19,    0
 18142, 99222,20170325,    1,    0
 18142, 99222,20170326,   19,    0
 18142, 99222,20170327,    0,    0
 18142, 99222,20170328,  -32,    0
 18142, 99222,20170329,  -31,    0
 18142, 99222,20170330,   -8,    0
 18142, 99222,20170331,   13,    0
 18142, 99222,20170401,   17,    0
 18142, 99222,20170402,    5,    0
 18142, 99222,20170403,   19,    0
 18142, 99222,20170404,   -4,    0
 18142, 99222,20170405,  -20,    0
 18142, 99222,20170406,   -3,    0
 18142, 99222,20170407,    4,    0
 18142, 99222,20170408,    7,    0
 18142, 99222,20170409,   11,    0
 18142, 99222,20170410,  -28,    0
 18142, 99222,20170411,  -32,    0
 18142, 99222,20170412,  -12,    0
 18142, 99222,20170413,  -32,    0
 18142, 99222,20170414,  -34,    0
 18142, 99222,20170415,  -36,    0
 18142, 99222,20170416,  -32,    0
 18142, 99222,20170417,  -47,    0
 18142, 99222,20170418,  -33,    0
 18142, 99222,20170419,  -21,    0
 18142, 99222,20170420,   -4,    0
 18142, 99222,20170421,  -32,    0
 18142, 99222,20170422,  -33,    0
 18142, 99222,20170423,  -47,    0
 18142, 99222,20170424,  -64,    0
 18142, 99222,20170425,  -39,    0
 18142, 99222,20170426,  -32,    0
 18142, 99222,20170427,  -25,    0
 18142, 99222,20170428,  -11,    0
 18142, 99222,20170429,    5,    0
 18142, 99222,20170430,    1,    0
 18142, 99222,20170501,   16,    0
 18142, 99222,20170502,   31,    0
 18142, 99222,20170503,   39,    0
 18142, 99222,20170504,   44,    0
 18142, 99222,20170505,   72,    0
 18142, 99222,20170506,   58,    0
 18142, 99222,20170507,    5,    0
 18142, 99222,20170508,  -14,    0
 18142, 99222,20170509,  -19,    0
 18142, 99222,20170510,   -7,    0
 18142, 99222,20170511,    2,    0
 18142, 99222,20170512,   20,    0
 18142, 99222,20170513,   49,    0
 18142, 99222,20170514,   49,    0
 18142, 99222,20170515,   50,    0
 18142, 99222,20170516,   63,    0
 18142, 99222,20170517,   70,    0
 18142, 99222,20170518,   47,    0
 18142, 99222,20170519,   64,    0
 18142, 99222,20170520,  106,    0
 18142, 99222,20170521,   41,    0
 18142, 99222,20170522,   38,    0
 18142, 99222,20170523,   63,    0
 18142, 99222,20170524,   44,    0
 18142, 99222,20170525,   42,    0
 18142, 99222,20170526,   78,    0
 18142, 99222,20170527,  121,    0
 18142, 99222,20170528,  111,    0
 18142, 99222,20170529,   77,    0
 18142, 99222,20170530,   58,    0
 18142, 99222,20170531,   17,    0
 18142, 99222,20170601,   21,    0
 18142, 99222,20170602,   53,    0
 18142, 99222,20170603,   69,    0
 18142, 99222,20170604,   45,    0
 18142, 99222,20170605,   43,    0
 18142, 99222,20170606,   64,    0
 18142, 99222,20170607,  101,    0
 18142, 99222,20170608,   73,    0
 18142, 99222,20170609,   88,    0
 18142, 99222,20170610,   76,    0
 18142, 99222,20170611,   83,    0
 18142, 99222,20170612,   66,    0
 18142, 99222,20170613,   59,    0
 18142, 99222,20170614,   67,    0
 18142, 99222,20170615,   93,    0
 18142, 99222,20170616,   63,    0
 18142, 99222,20170617,   66,    0
 18142, 99222,20170618,   61,    0
 18142, 99222,20170619,   43,    0
 18142, 99222,20170620,   29,    0
 18142, 99222,20170621,   39,    0
 18142, 99222,20170622,   75,    0
 18142, 99222,20170623,   67,    0
 18142, 99222,20170624,   48,    0
 18142, 99222,20170625,   46,    0
 18142, 99222,20170626,   26,    0
 18142, 99222,20170627,   34,    0
 18142, 99222,20170628,   76,    0
 18142, 99222,20170629,  113,    0
 18142, 99222,20170630,  128,    0
 18142, 99222,20170701,   86,    0
 18142, 99222,20170702,   57,    0
 18142, 99222,20170703,   42,    0
 18142, 99222,20170704,   43,    0
 18142, 99222,20170705,   53,    0
 18142, 99222,20170706,   62,    0
 18142, 99222,20170707,   71,    0
 18142, 99222,20170708,   62,    0
 18142, 99222,20170709,   57,    0
 18142, 99222,20170710,   61,    0
 18142, 99222,20170711,   58,    0
 18142, 99222,20170712,   40,    0
 18142, 99222,20170713,   47,    0
 18142, 99222,20170714,   63,    0
 18142, 99222,20170715,   84,    0
 18142, 99222,20170716,   61,    0
 18142, 99222,20170717,   45,    0
 18142, 99222,20170718,   57,    0
 18142, 99222,20170719,   86,    0
 18142, 99222,20170720,  129,    0
 18142, 99222,20170721,  127,    0
 18142, 99222,20170722,  121,    0
 18142, 99222,20170723,  128,    0
 18142, 99222,20170724,  108,    0
 18142, 99222,20170725,  110,    0
 18142, 99222,20170726,  115,    0
 18142, 99222,20170727,  107,    0
 18142, 99222,20170728,   80,    0
 18142, 99222,20170729,   90,    0
 18142, 99222,20170730,   99,    0
 18142, 99222,20170731,   76,    0
 18142, 99222,20170801,   78,    0
 18142, 99222,20170802,   72,    0
 18142, 99222,20170803,   95,    0
 18142, 99222,20170804,   83,    0
 18142, 99222,20170805,   86,    0
 18142, 99222,20170806,   87,    0
 18142, 99222,20170807,   78,    0
 18142, 99222,20170808,   71,    0
 18142, 99222,20170809,  100,    0
 18142, 99222,20170810,   69,    0
 18142, 99222,20170811,   80,    0
 18142, 99222,20170812,   58,    0
 18142, 99222,20170813,   39,    0
 18142, 99222,20170814,   52,    0
 18142, 99222,20170815,   81,    0
 18142, 99222,20170816,   74,    0
 18142, 99222,20170817,   87,    0
 18142, 99222,20170818,  100,    0
 18142, 99222,20170819,   82,    0
 18142, 99222,20170820,   64,    0
 18142, 99222,20170821,   65,    0
 18142, 99222,20170822,   67,    0
 18142, 99222,20170823,   68,    0
 18142, 99222,20170824,   56,    0
 18142, 99222,20170825,   58,    0
 18142, 99222,20170826,   63,    0
 18142, 99222,20170827,   69,    0
 18142, 99222,20170828,   82,    0
 18142, 99222,20170829,   62,    0
 18142, 99222,20170830,   54,    0
 18142, 99222,20170831,   57,    0
 18142, 99222,20170901,   46,    0
 18142, 99222,20170902,   60,    0
 18142, 99222,20170903,   76,    0
 18142, 99222,20170904,   80,    0
 18142, 99222,20170905,   84,    0
 18142, 99222,20170906,   83,    0
 18142, 99222,20170907,   65,    0
 18142, 99222,20170908,   67,    0
 18142, 99222,20170909,   50,    0
 18142, 99222,20170910,   58,    0
 18142, 99222,20170911,   61,    0
 18142, 99222,20170912,   53,    0
 18142, 99222,20170913,   55,    0
 18142, 99222,20170914,   48,    0
 18142, 99222,20170915,   47,    0
 18142, 99222,20170916,   49,    0
 18142, 99222,20170917,   44,    0
 18142, 99222,20170918,   50,    0
 18142, 99222,20170919,   50,    0
 18142, 99222,20170920,   38,    0
 18142, 99222,20170921,   55,    0
 18142, 99222,20170922,   77,    0
 18142, 99222,20170923,   68,    0
 18142, 99222,20170924,   83,    0
 18142, 99222,20170925,   95,    0
 18142, 99222,20170926,   80,    0
 18142, 99222,20170927,   87,    0
 18142, 99222,20170928,   92,    0
 18142, 99222,20170929,   87,    0
 18142, 99222,20170930,   86,    0
 18142, 99222,20171001,   74,    0
 18142, 99222,20171002,   62,    0
 18142, 99222,20171003,   36,    0
 18142, 99222,20171004,   17,    0
 18142, 99222,20171005,   19,    0
 18142, 99222,20171006,   22,    0
 18142, 99222,20171007,    1,    0
 18142, 99222,20171008,    2,    0
 18142, 99222,20171009,    3,    0
 18142, 99222,20171010,   17,    0
 18142, 99222,20171011,   30,    0
 18142, 99222,20171012,   17,    0
 18142, 99222,20171013,   44,    0
 18142, 99222,20171014,   41,    0
 18142, 99222,20171015,   52,    0
 18142, 99222,20171016,   20,    0
 18142, 99222,20171017,   21,    0
 18142, 99222,20171018,    1,    0
 18142, 99222,20171019,    0,    0
 18142, 99222,20171020,   39,    0
 18142, 99222,20171021,   50,    0
 18142, 99222,20171022,   35,    0
 18142, 99222,20171023,   11,    0
 18142, 99222,20171024,   19,    0
 18142, 99222,20171025,   29,    0
 18142, 99222,20171026,   16,    0
 18142, 99222,20171027,   13,    0
 18142, 99222,20171028,    1,    0
 18142, 99222,20171029,  -25,    0
 18142, 99222,20171030,  -30,    0
 18142, 99222,20171031,    9,    0
 18142, 99222,20171101,   37,    0
 18142, 99222,20171102,    3,    0
 18142, 99222,20171103,    5,    0
 18142, 99222,20171104,   17,    0
 18142, 99222,20171105,   -2,    0
 18142, 99222,20171106,  -14,    0
 18142, 99222,20171107,   29,    0
 18142, 99222,20171108,    9,    0
 18142, 99222,20171109,   -4,    0
 18142, 99222,20171110,  -26,    0
 18142, 99222,20171111,  -16,    0
 18142, 99222,20171112,  -17,    0
 18142, 99222,20171113,  -37,    0
 18142, 99222,20171114,   -8,    0
 18142, 99222,20171115,  -10,    0
 18142, 99222,20171116,   -4,    0
 18142, 99222,20171117,  -16,    0
 18142, 99222,20171118,  -17,    0
 18142, 99222,20171119,  -25,    0
 18142, 99222,20171120,  -35,    0
 18142, 99222,20171121,  -47,    0
 18142, 99222,20171122,  -20,    0
 18142, 99222,20171123,    0,    0
 18142, 99222,20171124,  -23,    0
 18142, 99222,20171125,  -23,    0
 18142, 99222,20171126,  -17,    0
 18142, 99222,20171127,  -27,    0
 18142, 99222,20171128,  -32,    0
 18142, 99222,20171129,  -52,    0
 18142, 99222,20171130,  -51,    0
 18142, 99222,20171201,  -33,    0
 18142, 99222,20171202,    6,    0
 18142, 99222,20171203,  -26,    0
 18142, 99222,20171204,  -31,    0
 18142, 99222,20171205,    1,    0
 18142, 99222,20171206,   10,    0
 18142, 99222,20171207,   13,    0
 18142, 99222,20171208,  -17,    0
 18142, 99222,20171209,  -31,    0
 18142, 99222,20171210,  -45,    0
 18142, 99222,20171211,  -48,    0
 18142, 99222,20171212,  -51,    0
 18142, 99222,20171213,  -33,    0
 18142, 99222,20171214,  -24,    0
 18142, 99222,20171215,  -55,    0
 18142, 99222,20171216,  -51,    0
 18142, 99222,20171217,  -35,    0
 18142, 99222,20171218,  -11,    0
 18142, 99222,20171219,   40,    0
 18142, 99222,20171220,   19,    0
 18142, 99222,20171221,  -14,    0
 18142, 99222,20171222,    1,    0
 18142, 99222,20171223,    7,    0
 18142, 99222,20171224,  -21,    0
 18142, 99222,20171225,  -24,    0
 18142, 99222,20171226,  -27,    0
 18142, 99222,20171227,  -41,    0
 18142, 99222,20171228,  -53,    0
 18142, 99222,20171229,  -51,    0
 18142, 99222,20171230,  -42,    0
 18142, 99222,20171231,  -24,    0
 18142, 99222,20180101,  -18,    0
 18142, 99222,20180102,  -35,    0
 18142, 99222,20180103,  -32,    0
 18142, 99222,20180104,  -37,    0
 18142, 99222,20180105,  -54,    0
 18142, 99222,20180106,  -73,    0
 18142, 99222,20180107,  -50,    0
 18142, 99222,20180108,  -13,    0
 18142, 99222,20180109,   21,    0
 18142, 99222,20180110,   33,    0
 18142, 99222,20180111,    3,    0
 18142, 99222,20180112,    5,    0
 18142, 99222,20180113,  -13,    0
 18142, 99222,20180114,  -37,    0
 18142, 99222,20180115,  -28,    0
 18142, 99222,20180116,  -35,    0
 18142, 99222,20180117,  -49,    0
 18142, 99222,20180118,  -55,    0
 18142, 99222,20180119,  -48,    0
 18142, 99222,20180120,  -47,    0
 18142, 99222,20180121,  -51,    0
 18142, 99222,20180122,  -43,    0
 18142, 99222,20180123,   -7,    0
 18142, 99222,20180124,   -4,    0
 18142, 99222,20180125,  -18,    0
 18142, 99222,20180126,  -41,    0
 18142, 99222,20180127,  -33,    0
 18142, 99222,20180128,  -11,    0
 18142, 99222,20180129,  -26,    0
 18142, 99222,20180130,  -28,    0
 18142, 99222,20180131,  -17,    0
 18142, 99222,20180201,  -29,    0
 18142, 99222,20180202,  -34,    0
 18142, 99222,20180203,  -57,    0
 18142, 99222,20180204,  -42,    0
 18142, 99222,20180205,  -43,    0
 18142, 99222,20180206,  -63,    0
 18142, 99222,20180207,  -54,    0
 18142, 99222,20180208,  -30,    0
 18142, 99222,20180209,  -15,    0
 18142, 99222,20180210,  -31,    0
 18142, 99222,20180211,  -27,    0
 18142, 99222,20180212,  -54,    0
 18142, 99222,20180213,  -41,    0
 18142, 99222,20180214,  -28,    0
 18142, 99222,20180215,  -33,    0
 18142, 99222,20180216,  -26,    0
 18142, 99222,20180217,  -23,    0
 18142, 99222,20180218,  -27,    0
 18142, 99222,20180219,  -25,    0
 18142, 99222,20180220,  -42,    0
 18142, 99222,20180221,  -31,    0
 18142, 99222,20180222,  -35,    0
 18142, 99222,20180223,  -28,    0
 18142, 99222,20180224,  -34,    0
 18142, 99222,20180225,  -35,    0
 18142, 99222,20180226,  -42,    0
 18142, 99222,20180227,  -79,    0
 18142, 99222,20180228, -113,    0
 18142, 99222,20180301, -149,    0
 18142, 99222,20180302, -157,    0
 18142, 99222,20180303, -129,    0
 18142, 99222,20180304, -125,    0
 18142, 99222,20180305, -122,    0
 18142, 99222,20180306, -135,    0
 18142, 99222,20180307,  -89,    0
 18142, 99222,20180308,  -67,    0
 18142, 99222,20180309,  -54,    0
 18142, 99222,20180310,  -60,    0
 18142, 99222,20180311,  -62,    0
 18142, 99222,20180312,  -57,    0
 18142, 99222,20180313,  -68,    0
 18142, 99222,20180314,  -64,    0
 18142, 99222,20180315,  -71,    0
 18142, 99222,20180316,  -83,    0
 18142, 99222,20180317, -105,    0
 18142, 99222,20180318,  -91,    0
 18142, 99222,20180319,  -53,    0
 18142, 99222,20180320,  -56,    0
 18142, 99222,20180321,  -30,    0
 18142, 99222,20180322,  -20,    0
 18142, 99222,20180323,    2,    0
 18142, 99222,20180324,  -23,    0
 18142, 99222,20180325,  -26,    0
 18142, 99222,20180326,  -69,    0
 18142, 99222,20180327,  -59,    0
 18142, 99222,20180328,  -57,    0
 18142, 99222,20180329,  -66,    0
 18142, 99222,20180330,  -77,    0
 18142, 99222,20180331,  -91,    0
 18142, 99222,20180401,  -80,    0
 18142, 99222,20180402,  -78,    0
 18142, 99222,20180403,  -71,    0
 18142, 99222,20180404,  -41,    0
 18142, 99222,20180405,  -62,    0
 18142, 99222,20180406,  -52,    0
 18142, 99222,20180407,  -10,    0
 18142, 99222,20180408,    1,    0
 18142, 99222,20180409,   -8,    0
 18142, 99222,20180410,    5,    0
 18142, 99222,20180411,   29,    0
 18142, 99222,20180412,   42,    0
 18142, 99222,20180413,   54,    0
 18142, 99222,20180414,   81,    0
 18142, 99222,20180415,   77,    0
 18142, 99222,20180416,   50,    0
 18142, 99222,20180417,   41,    0
 18142, 99222,20180418,   47,    0
 18142, 99222,20180419,   74,    0
 18142, 99222,20180420,   34,    0
 18142, 99222,20180421,   -1,    0
 18142, 99222,20180422,   29,    0
 18142, 99222,20180423,   21,    0
 18142, 99222,20180424,  -11,    0
 18142, 99222,20180425,  -16,    0
 18142, 99222,20180426,   -8,    0
 18142, 99222,20180427,   -3,    0
 18142, 99222,20180428,  -21,    0
 18142, 99222,20180429,  -17,    0
 18142, 99222,20180430,    5,    0
 18142, 99222,20180501,   18,    0
 18142, 99222,20180502,   25,    0
 18142, 99222,20180503,    7,    0
 18142, 99222,20180504,   18,    0
 18142, 99222,20180505,   59,    0
 18142, 99222,20180506,   41,    0
 18142, 99222,20180507,   51,    0
 18142, 99222,20180508,  102,    0
 18142, 99222,20180509,  117,    0
 18142, 99222,20180510,   78,    0
 18142, 99222,20180511,   57,    0
 18142, 99222,20180512,   78,    0
 18142, 99222,20180513,   97,    0
 18142, 99222,20180514,  110,    0
 18142, 99222,20180515,  117,    0
 18142, 99222,20180516,   26,    0
 18142, 99222,20180517,   18,    0
 18142, 99222,20180518,   56,    0
 18142, 99222,20180519,   72,    0
 18142, 99222,20180520,   87,    0
 18142, 99222,20180521,   98,    0
 18142, 99222,20180522,   66,    0
 18142, 99222,20180523,  102,    0
 18142, 99222,20180524,  109,    0
 18142, 99222,20180525,  105,    0
 18142, 99222,20180526,  104,    0
 18142, 99222,20180527,  151,    0
 18142, 99222,20180528,  144,    0
 18142, 99222,20180529,  137,    0
 18142, 99222,20180530,  173,    0
 18142, 99222,20180531,  178,    0
 18142, 99222,20180601,  160,    0
 18142, 99222,20180602,  152,    0
 18142, 99222,20180603,  116,    0
 18142, 99222,20180604,   43,    0
 18142, 99222,20180605,   41,    0
 18142, 99222,20180606,   80,    0
 18142, 99222,20180607,   85,    0
 18142, 99222,20180608,   96,    0
 18142, 99222,20180609,  132,    0
 18142, 99222,20180610,  107,    0
 18142, 99222,20180611,   58,    0
 18142, 99222,20180612,   47,    0
 18142, 99222,20180613,   61,    0
 18142, 99222,20180614,   62,    0
 18142, 99222,20180615,   28,    0
 18142, 99222,20180616,   63,    0
 18142, 99222,20180617,   86,    0
 18142, 99222,20180618,   51,    0
 18142, 99222,20180619,   22,    0
 18142, 99222,20180620,   30,    0
 18142, 99222,20180621,   17,    0
 18142, 99222,20180622,   33,    0
 18142, 99222,20180623,   42,    0
 18142, 99222,20180624,   60,    0
 18142, 99222,20180625,   77,    0
 18142, 99222,20180626,   89,    0
 18142, 99222,20180627,  119,    0
 18142, 99222,20180628,   72,    0
 18142, 99222,20180629,   54,    0
 18142, 99222,20180630,  124,    0
 18142, 99222,20180701,  138,    0
 18142, 99222,20180702,  114,    0
 18142, 99222,20180703,  101,    0
 18142, 99222,20180704,  143,    0
 18142, 99222,20180705,  113,    0
 18142, 99222,20180706,   55,    0
 18142, 99222,20180707,   76,    0
 18142, 99222,20180708,   91,    0
 18142, 99222,20180709,   76,    0
 18142, 99222,20180710,  147,    0
 18142, 99222,20180711,  165,    0
 18142, 99222,20180712,  122,    0
 18142, 99222,20180713,  105,    0
 18142, 99222,20180714,  100,    0
 18142, 99222,20180715,  143,    0
 18142, 99222,20180716,  161,    0
 18142, 99222,20180717,  162,    0
 18142, 99222,20180718,  119,    0
 18142, 99222,20180719,  102,    0
 18142, 99222,20180720,  132,    0
 18142, 99222,20180721,  119,    0
 18142, 99222,20180722,  114,    0
 18142, 99222,20180723,  115,    0
 18142, 99222,20180724,  122,    0
 18142, 99222,20180725,  110,    0
 18142, 99222,20180726,  145,    0
 18142, 99222,20180727,  196,    0
 18142, 99222,20180728,  191,    0
 18142, 99222,20180729,  138,    0
 18142, 99222,20180730,  141,    0
 18142, 99222,20180731,  143,    0
 18142, 99222,20180801,  107,    0
 18142, 99222,20180802,  103,    0
 18142, 99222,20180803,  103,    0
 18142, 99222,20180804,   85,    0
 18142, 99222,20180805,   51,    0
 18142, 99222,20180806,   66,    0
 18142, 99222,20180807,  104,    0
 18142, 99222,20180808,  118,    0
 18142, 99222,20180809,   77,    0
 18142, 99222,20180810,   65,    0
 18142, 99222,20180811,   45,    0
 18142, 99222,20180812,   48,    0
 18142, 99222,20180813,   79,    0
 18142, 99222,20180814,   94,    0
 18142, 99222,20180815,   88,    0
 18142, 99222,20180816,   85,    0
 18142, 99222,20180817,   56,    0
 18142, 99222,20180818,   62,    0
 18142, 99222,20180819,   45,    0
 18142, 99222,20180820,   35,    0
 18142, 99222,20180821,   57,    0
 18142, 99222,20180822,   68,    0
 18142, 99222,20180823,   53,    0
 18142, 99222,20180824,   42,    0
 18142, 99222,20180825,   29,    0
 18142, 99222,20180826,   26,    0
 18142, 99222,20180827,   52,    0
 18142, 99222,20180828,   80,    0
 18142, 99222,20180829,   74,    0
 18142, 99222,20180830,   45,    0
 18142, 99222,20180831,   74,    0
 18142, 99222,20180901,   69,    0
 18142, 99222,20180902,   88,    0
 18142, 99222,20180903,   79,    0
 18142, 99222,20180904,   73,    0
 18142, 99222,20180905,   86,    0
 18142, 99222,20180906,  104,    0
 18142, 99222,20180907,  118,    0
 18142, 99222,20180908,   98,    0
 18142, 99222,20180909,   79,    0
 18142, 99222,20180910,   55,    0
 18142, 99222,20180911,   44,    0
 18142, 99222,20180912,   25,    0
 18142, 99222,20180913,   23,    0
 18142, 99222,20180914,   19,    0
 18142, 99222,20180915,   12,    0
 18142, 99222,20180916,   33,    0
 18142, 99222,20180917,   35,    0
 18142, 99222,20180918,   97,    0
 18142, 99222,20180919,   75,    0
 18142, 99222,20180920,   29,    0
 18142, 99222,20180921,   19,    0
 18142, 99222,20180922,   19,    0
 18142, 99222,20180923,  -11,    0
 18142, 99222,20180924,  -21,    0
 18142, 99222,20180925,   13,    0
 18142, 99222,20180926,   22,    0
 18142, 99222,20180927,   -5,    0
 18142, 99222,20180928,  -21,    0
 18142, 99222,20180929,    8,    0
 18142, 99222,20180930,    0,    0
 18142, 99222,20181001,   -9,    0
 18142, 99222,20181002,  -17,    0
 18142, 99222,20181003,   -9,    0
 18142, 99222,20181004,    9,    0
 18142, 99222,20181005,   -5,    0
 18142, 99222,20181006,  -11,    0
 18142, 99222,20181007,  -17,    0
 18142, 99222,20181008,    7,    0
 18142, 99222,20181009,   39,    0
 18142, 99222,20181010,   60,    0
 18142, 99222,20181011,  115,    0
 18142, 99222,20181012,  105,    0
 18142, 99222,20181013,   79,    0
 18142, 99222,20181014,   74,    1
 18142, 99222,20181015,   13,    0
 18142, 99222,20181016,   40,    0
 18142, 99222,20181017,   34,    0
 18142, 99222,20181018,    4,    0
 18142, 99222,20181019,   13,    0
 18142, 99222,20181020,   22,    0
 18142, 99222,20181021,   18,    0
 18142, 99222,20181022,  -18,    0
 18142, 99222,20181023,  -20,    0
 18142, 99222,20181024,  -25,    0
 18142, 99222,20181025,  -16,    0
 18142, 99222,20181026,  -35,    0
 18142, 99222,20181027,  -61,    0
 18142, 99222,20181028,  -69,    0
 18142, 99222,20181029,  -70,    0
 18142, 99222,20181030,  -39,    0
 18142, 99222,20181031,   10,    0
 18142, 99222,20181101,   20,    0
 18142, 99222,20181102,    2,    0
 18142, 99222,20181103,    1,    0
 18142, 99222,20181104,   39,    0
 18142, 99222,20181105,   33,    0
 18142, 99222,20181106,   61,    0
 18142, 99222,20181107,  102,    0
 18142, 99222,20181108,   56,    0
 18142, 99222,20181109,   40,    0
 18142, 99222,20181110,   42,    0
 18142, 99222,20181111,   45,    0
 18142, 99222,20181112,   25,    0
 18142, 99222,20181113,   18,    0
 18142, 99222,20181114,   25,    0
 18142, 99222,20181115,   57,    0
 18142, 99222,20181116,   47,    0
 18142, 99222,20181117,   48,    0
 18142, 99222,20181118,   56,    0
 18142, 99222,20181119,   34,    0
 18142, 99222,20181120,   59,    0
 18142, 99222,20181121,   53,    0
 18142, 99222,20181122,   13,    0
 18142, 99222,20181123,   -9,    0
 18142, 99222,20181124,  -31,    0
 18142, 99222,20181125,  -31,    0
 18142, 99222,20181126,  -45,    0
 18142, 99222,20181127,  -47,    0
 18142, 99222,20181128,  -23,    0
 18142, 99222,20181129,   21,    0
 18142, 99222,20181130,    5,    0
 18142, 99222,20181201,  -15,    0
 18142, 99222,20181202,  -12,    0
 18142, 99222,20181203,  -18,    0
 18142, 99222,20181204,  -60,    0
 18142, 99222,20181205,  -52,    0
 18142, 99222,20181206,  -50,    0
 18142, 99222,20181207,   -7,    0
 18142, 99222,20181208,  -15,    0
 18142, 99222,20181209,  -39,    0
 18142, 99222,20181210,  -36,    0
 18142, 99222,20181211,  -50,    0
 18142, 99222,20181212,  -60,    0
 18142, 99222,20181213,  -48,    0
 18142, 99222,20181214,  -55,    0
 18142, 99222,20181215,  -63,    0
 18142, 99222,20181216,  -44,    0
 18142, 99222,20181217,  -47,    0
 18142, 99222,20181218,  -11,    0
 18142, 99222,20181219,   -7,    0
 18142, 99222,20181220,  -15,    0
 18142, 99222,20181221,  -27,    0
 18142, 99222,20181222,  -47,    0
 18142, 99222,20181223,  -51,    0
 18142, 99222,20181224,  -33,    0
 18142, 99222,20181225,   -9,    0
 18142, 99222,20181226,    1,    0
 18142, 99222,20181227,   -1,    0
 18142, 99222,20181228,   -7,    0
 18142, 99222,20181229,  -21,    0
 18142, 99222,20181230,  -35,    0
 18142, 99222,20181231,    3,    0
 18142, 99222,20190101,  -42,    0
 18142, 99222,20190102,  -54,    0
 18142, 99222,20190103,  -23,    0
 18142, 99222,20190104,    7,    0
 18142, 99222,20190105,   14,    0
 18142, 99222,20190106,   -8,    0
 18142, 99222,20190107,  -33,    0
 18142, 99222,20190108,  -45,    0
 18142, 99222,20190109,  -57,    0
 18142, 99222,20190110,  -16,    0
 18142, 99222,20190111,  -47,    0
 18142, 99222,20190112,  -37,    0
 18142, 99222,20190113,  -63,    0
 18142, 99222,20190114,  -82,    0
 18142, 99222,20190115,  -63,    0
 18142, 99222,20190116,  -60,    0
 18142, 99222,20190117,  -82,    0
 18142, 99222,20190118,  -75,    0
 18142, 99222,20190119,  -55,    0
 18142, 99222,20190120,  -72,    0
 18142, 99222,20190121,  -54,    0
 18142, 99222,20190122,  -58,    0
 18142, 99222,20190123,  -65,    0
 18142, 99222,20190124,  -60,    0
 18142, 99222,20190125,  -66,    0
 18142, 99222,20190126,  -82,    0
 18142, 99222,20190127,  -97,    0
 18142, 99222,20190128,  -97,    0
 18142, 99222,20190129,  -71,    0
 18142, 99222,20190130,  -59,    0
 18142, 99222,20190131,  -65,    0
 18142, 99222,20190201,  -61,    0
 18142, 99222,20190202,  -83,    0
 18142, 99222,20190203,  -75,    0
 18142, 99222,20190204,  -49,    0
 18142, 99222,20190205,  -44,    0
 18142, 99222,20190206,  -42,    0
 18142, 99222,20190207,  -30,    0
 18142, 99222,20190208,  -38,    0
 18142, 99222,20190209,  -12,    0
 18142, 99222,20190210,  -45,    0
 18142, 99222,20190211,  -70,    0
 18142, 99222,20190212,  -39,    0
 18142, 99222,20190213,   -8,    0
 18142, 99222,20190214,    7,    0
 18142, 99222,20190215,   28,    0
 18142, 99222,20190216,  -22,    0
 18142, 99222,20190217,    7,    0
 18142, 99222,20190218,   -4,    0
 18142, 99222,20190219,  -23,    0
 18142, 99222,20190220,  -39,    0
 18142, 99222,20190221,    3,    0
 18142, 99222,20190222,   17,    0
 18142, 99222,20190223,   38,    0
 18142, 99222,20190224,   -4,    0
 18142, 99222,20190225,    3,    0
 18142, 99222,20190226,   24,    0
 18142, 99222,20190227,  -14,    0
 18142, 99222,20190228,  -43,    0
 18142, 99222,20190301,  -57,    0
 18142, 99222,20190302,  -41,    0
 18142, 99222,20190303,  -14,    0
 18142, 99222,20190304,  -32,    0
 18142, 99222,20190305,  -46,    0
 18142, 99222,20190306,  -36,    0
 18142, 99222,20190307,  -46,    0
 18142, 99222,20190308,  -73,    0
 18142, 99222,20190309,  -94,    0
 18142, 99222,20190310,  -88,    0
 18142, 99222,20190311,  -73,    0
 18142, 99222,20190312,  -50,    0
 18142, 99222,20190313,  -44,    0
 18142, 99222,20190314,  -44,    0
 18142, 99222,20190315,  -39,    0
 18142, 99222,20190316,  -32,    0
 18142, 99222,20190317,  -51,    0
 18142, 99222,20190318,  -55,    0
 18142, 99222,20190319,  -43,    0
 18142, 99222,20190320,  -19,    0
 18142, 99222,20190321,  -22,    0
 18142, 99222,20190322,   -8,    0
 18142, 99222,20190323,  -43,    0
 18142, 99222,20190324,  -29,    0
 18142, 99222,20190325,  -45,    0
 18142, 99222,20190326,  -39,    0
 18142, 99222,20190327,   -8,    0
 18142, 99222,20190328,   14,    0
 18142, 99222,20190329,   -1,    0
 18142, 99222,20190330,  -41,    0
 18142, 99222,20190331,  -74,    0
 18142, 99222,20190401,  -50,    0
 18142, 99222,20190402,  -40,    0
 18142, 99222,20190403,    0,    0
 18142, 99222,20190404,   32,    0
 18142, 99222,20190405,   60,    0
 18142, 99222,20190406,    7,    0
 18142, 99222,20190407,  -35,    0
 18142, 99222,20190408,  -52,    0
 18142, 99222,20190409,  -49,    0
 18142, 99222,20190410,  -42,    0
 18142, 99222,20190411,  -28,    0
 18142, 99222,20190412,  -23,    0
 18142, 99222,20190413,    4,    0
 18142, 99222,20190414,   17,    0
 18142, 99222,20190415,   19,    0
 18142, 99222,20190416,   33,    0
 18142, 99222,20190417,   18,    0
 18142, 99222,20190418,   41,    0
 18142, 99222,20190419,   63,    0
 18142, 99222,20190420,   51,    0
 18142, 99222,20190421,   33,    0
 18142, 99222,20190422,   81,    0
 18142, 99222,20190423,   88,    0
 18142, 99222,20190424,   77,    0
 18142, 99222,20190425,   79,    0
 18142, 99222,20190426,   90,    0
 18142, 99222,20190427,   94,    0
 18142, 99222,20190428,   93,    0
 18142, 99222,20190429,  103,    0
 18142, 99222,20190430,   76,    0
 18142, 99222,20190501,   11,    0
 18142, 99222,20190502,  -47,    0
 18142, 99222,20190503,  -54,    0
 18142, 99222,20190504,  -39,    0
 18142, 99222,20190505,  -36,    0
 18142, 99222,20190506,  -42,    0
 18142, 99222,20190507,  -37,    0
 18142, 99222,20190508,  -44,    0
 18142, 99222,20190509,  -21,    0
 18142, 99222,20190510,   -5,    0
 18142, 99222,20190511,  -19,    0
 18142, 99222,20190512,  -31,    0
 18142, 99222,20190513,  -20,    0
 18142, 99222,20190514,   18,    0
 18142, 99222,20190515,   62,    0
 18142, 99222,20190516,   87,    0
 18142, 99222,20190517,  111,    0
 18142, 99222,20190518,   99,    0
 18142, 99222,20190519,   99,    0
 18142, 99222,20190520,  113,    0
 18142, 99222,20190521,  122,    0
 18142, 99222,20190522,  102,    0
 18142, 99222,20190523,   61,    0
 18142, 99222,20190524,   48,    0
 18142, 99222,20190525,   13,    0
 18142, 99222,20190526,   -1,    0
 18142, 99222,20190527,  -14,    0
 18142, 99222,20190528,  -27,    0
 18142, 99222,20190529,  -25,    0
 18142, 99222,20190530,  -16,    0
 18142, 99222,20190531,   -1,    0
 18142, 99222,20190601,   13,    0
 18142, 99222,20190602,   43,    0
 18142, 99222,20190603,   74,    0
 18142, 99222,20190604,   45,    0
 18142, 99222,20190605,   76,    0
 18142, 99222,20190606,  126,    0
 18142, 99222,20190607,   78,    0
 18142, 99222,20190608,   93,    0
 18142, 99222,20190609,   63,    0
 18142, 99222,20190610,   27,    0
 18142, 99222,20190611,   76,    0
 18142, 99222,20190612,   90,    0
 18142, 99222,20190613,   88,    0
 18142, 99222,20190614,  112,    0
 18142, 99222,20190615,  117,    0
 18142, 99222,20190616,   99,    0
 18142, 99222,20190617,   68,    0
 18142, 99222,20190618,   57,    0
 18142, 99222,20190619,   70,    0
 18142, 99222,20190620,   69,    0
 18142, 99222,20190621,   37,    0
 18142, 99222,20190622,   25,    0
 18142, 99222,20190623,   41,    0
 18142, 99222,20190624,   88,    0
 18142, 99222,20190625,   85,    0
 18142, 99222,20190626,   57,    0
 18142, 99222,20190627,   47,    0
 18142, 99222,20190628,   57,    0
 18142, 99222,20190629,   85,    0
 18142, 99222,20190630,   86,    0
 18142, 99222,20190701,   45,    0
 18142, 99222,20190702,   -3,    0
 18142, 99222,20190703,   -3,    0
 18142, 99222,20190704,   11,    0
 18142, 99222,20190705,   38,    0
 18142, 99222,20190706,   44,    0
 18142, 99222,20190707,   48,    0
 18142, 99222,20190708,   56,    0
 18142, 99222,20190709,   84,    0
 18142, 99222,20190710,  106,    0
 18142, 99222,20190711,  141,    0
 18142, 99222,20190712,  139,    0
 18142, 99222,20190713,   95,    0
 18142, 99222,20190714,   54,    0
 18142, 99222,20190715,   58,    0
 18142, 99222,20190716,   82,    0
 18142, 99222,20190717,  109,    0
 18142, 99222,20190718,  115,    0
 18142, 99222,20190719,   99,    0
 18142, 99222,20190720,  109,    0
 18142, 99222,20190721,   89,    0
 18142, 99222,20190722,   93,    0
 18142, 99222,20190723,  114,    0
 18142, 99222,20190724,  167,    0
 18142, 99222,20190725,  177,    0
 18142, 99222,20190726,  210,    0
 18142, 99222,20190727,  217,    0
 18142, 99222,20190728,  212,    0
 18142, 99222,20190729,  185,    0
 18142, 99222,20190730,  161,    0
 18142, 99222,20190731,   99,    0
 18142, 99222,20190801,  105,    0
 18142, 99222,20190802,  115,    0
 18142, 99222,20190803,  121,    0
 18142, 99222,20190804,  133,    0
 18142, 99222,20190805,  114,    0
 18142, 99222,20190806,  108,    0
 18142, 99222,20190807,   97,    0
 18142, 99222,20190808,   87,    0
 18142, 99222,20190809,  108,    0
 18142, 99222,20190810,  120,    0
 18142, 99222,20190811,  115,    0
 18142, 99222,20190812,   68,    0
 18142, 99222,20190813,   41,    0
 18142, 99222,20190814,   42,    0
 18142, 99222,20190815,   80,    0
 18142, 99222,20190816,   65,    0
 18142, 99222,20190817,   86,    0
 18142, 99222,20190818,   74,    0
 18142, 99222,20190819,   70,    0
 18142, 99222,20190820,   58,    0
 18142, 99222,20190821,   49,    0
 18142, 99222,20190822,   64,    0
 18142, 99222,20190823,   64,    0
 18142, 99222,20190824,  102,    0
 18142, 99222,20190825,  112,    0
 18142, 99222,20190826,  145,    0
 18142, 99222,20190827,  162,    0
 18142, 99222,20190828,  156,    0
 18142, 99222,20190829,   86,    0
 18142, 99222,20190830,   81,    0
 18142, 99222,20190831,  109,    0
 18142, 99222,20190901,   47,    0
 18142, 99222,20190902,   24,    0
 18142, 99222,20190903,   28,    0
 18142, 99222,20190904,   41,    0
 18142, 99222,20190905,   21,    0
 18142, 99222,20190906,   23,    0
 18142, 99222,20190907,   28,    0
 18142, 99222,20190908,   65,    0
 18142, 99222,20190909,   83,    0
 18142, 99222,20190910,   94,    0
 18142, 99222,20190911,   65,    0
 18142, 99222,20190912,   40,    0
 18142, 99222,20190913,   17,    0
 18142, 99222,20190914,   28,    0
 18142, 99222,20190915,   23,    0
 18142, 99222,20190916,   -2,    0
 18142, 99222,20190917,   -5,    0
 18142, 99222,20190918,    2,    0
 18142, 99222,20190919,    4,    0
 18142, 99222,20190920,   44,    0
 18142, 99222,20190921,   85,    0
 18142, 99222,20190922,  143,    0
 18142, 99222,20190923,  125,    0
 18142, 99222,20190924,   92,    0
 18142, 99222,20190925,   92,    0
 18142, 99222,20190926,   84,    0
 18142, 99222,20190927,   77,    0
 18142, 99222,20190928,   79,    0
 18142, 99222,20190929,   46,    0
 18142, 99222,20190930,  -16,    0
 18142, 99222,20191001,   -7,    0
 18142, 99222,20191002,   15,    0
 18142, 99222,20191003,    0,    0
 18142, 99222,20191004,    2,    0
 18142, 99222,20191005,    2,    0
 18142, 99222,20191006,   -1,    0
 18142, 99222,20191007,   17,    0
 18142, 99222,20191008,    5,    0
 18142, 99222,20191009,   27,    0
 18142, 99222,20191010,   27,    0
 18142, 99222,20191011,   14,    0
 18142, 99222,20191012,    4,    0
 18142, 99222,20191013,    3,    0
 18142, 99222,20191014,   18,    0
 18142, 99222,20191015,   29,    0
 18142, 99222,20191016,   46,    0
 18142, 99222,20191017,   41,    0
 18142, 99222,20191018,   24,    0
 18142, 99222,20191019,    1,    0
 18142, 99222,20191020,   14,    0
 18142, 99222,20191021,   -7,    0
 18142, 99222,20191022,    5,    0
 18142, 99222,20191023,   36,    0
 18142, 99222,20191024,   40,    0
 18142, 99222,20191025,  -13,    0
 18142, 99222,20191026,  -13,    0
 18142, 99222,20191027,  -15,    0
 18142, 99222,20191028,  -27,    0
 18142, 99222,20191029,  -25,    0
 18142, 99222,20191030,  -20,    0
 18142, 99222,20191031,   -8,    0
 18142, 99222,20191101,  -24,    0
 18142, 99222,20191102,  -34,    0
 18142, 99222,20191103,  -34,    0
 18142, 99222,20191104,  -15,    0
 18142, 99222,20191105,  -48,    0
 18142, 99222,20191106,  -42,    0
 18142, 99222,20191107,  -61,    0
 18142, 99222,20191108,  -83,    0
 18142, 99222,20191109,  -70,    0
 18142, 99222,20191110,  -87,    0
 18142, 99222,20191111,  -80,    0
 18142, 99222,20191112,  -32,    0
 18142, 99222,20191113,  -24,    0
 18142, 99222,20191114,  -25,    0
 18142, 99222,20191115,  -16,    0
 18142, 99222,20191116,  -12,    0
 18142, 99222,20191117,  -15,    0
 18142, 99222,20191118,  -20,    0
 18142, 99222,20191119,  -36,    0
 18142, 99222,20191120,  -22,    0
 18142, 99222,20191121,   23,    0
 18142, 99222,20191122,   26,    0
 18142, 99222,20191123,   17,    0
 18142, 99222,20191124,   34,    0
 18142, 99222,20191125,   23,    0
 18142, 99222,20191126,   -7,    0
 18142, 99222,20191127,   -3,    0
 18142, 99222,20191128,  -52,    0
 18142, 99222,20191129,  -56,    0
 18142, 99222,20191130,  -63,    0
 18142, 99222,20191201,  -51,    0
 18142, 99222,20191202,  -57,    0
 18142, 99222,20191203,   -1,    0
 18142, 99222,20191204,    1,    0
 18142, 99222,20191205,  -22,    0
 18142, 99222,20191206,  -32,    0
 18142, 99222,20191207,  -50,    0
 18142, 99222,20191208,  -36,    0
 18142, 99222,20191209,  -54,    0
 18142, 99222,20191210,  -51,    0
 18142, 99222,20191211,  -23,    0
 18142, 99222,20191212,  -31,    0
 18142, 99222,20191213,  -49,    0
 18142, 99222,20191214,  -42,    0
 18142, 99222,20191215,  -43,    0
 18142, 99222,20191216,  -35,    0
 18142, 99222,20191217,  -35,    0
 18142, 99222,20191218,  -32,    0
 18142, 99222,20191219,  -25,    0
 18142, 99222,20191220,   31,    0
 18142, 99222,20191221,   21,    0
 18142, 99222,20191222,    6,    0
 18142, 99222,20191223,    3,    0
 18142, 99222,20191224,  -13,    0
 18142, 99222,20191225,  -26,    0
 18142, 99222,20191226,  -32,    0
 18142, 99222,20191227,  -41,    0
 18142, 99222,20191228,  -15,    0
 18142, 99222,20191229,   20,    0
 18142, 99222,20191230,   -7,    0
 18142, 99222,20191231,  -30,    0
 18142, 99222,20200101,   -6,    0
 18142, 99222,20200102,    1,    0
 18142, 99222,20200103,  -59,    0
 18142, 99222,20200104,  -60,    0
 18142, 99222,20200105,  -17,    0
 18142, 99222,20200106,   14,    0
 18142, 99222,20200107,   -9,    0
 18142, 99222,20200108,  -27,    0
 18142, 99222,20200109,  -38,    0
 18142, 99222,20200110,  -36,    0
 18142, 99222,20200111,  -15,    0
 18142, 99222,20200112,  -35,    0
 18142, 99222,20200113,  -31,    0
 18142, 99222,20200114,  -27,    0
 18142, 99222,20200115,  -25,    0
 18142, 99222,20200116,  -10,    0
 18142, 99222,20200117,   -5,    0
 18142, 99222,20200118,  -20,    0
 18142, 99222,20200119,  -38,    0
 18142, 99222,20200120,   10,    0
 18142, 99222,20200121,  -26,    0
 18142, 99222,20200122,  -44,    0
 18142, 99222,20200123,   -6,    0
 18142, 99222,20200124,  -38,    0
 18142, 99222,20200125,  -16,    0
 18142, 99222,20200126,   -9,    0
 18142, 99222,20200127,  -21,    0
 18142, 99222,20200128,  -40,    0
 18142, 99222,20200129,  -35,    0
 18142, 99222,20200130,  -37,    0
 18142, 99222,20200131,  -20,    0
 18142, 99222,20200201,  -28,    0
 18142, 99222,20200202,  -48,    0
 18142, 99222,20200203,  -67,    0
 18142, 99222,20200204,  -56,    0
 18142, 99222,20200205,  -20,    0
 18142, 99222,20200206,    0,    0
 18142, 99222,20200207,   11,    0
 18142, 99222,20200208,    3,    0
 18142, 99222,20200209,  -16,    0
 18142, 99222,20200210,  -35,    0
 18142, 99222,20200211,  -39,    0
 18142, 99222,20200212,  -53,    0
 18142, 99222,20200213,  -59,    0
 18142, 99222,20200214,  -47,    0
 18142, 99222,20200215,  -24,    0
 18142, 99222,20200216,  -22,    0
 18142, 99222,20200217,  -19,    0
 18142, 99222,20200218,  -25,    0
 18142, 99222,20200219,  -34,    0
 18142, 99222,20200220,  -27,    0
 18142, 99222,20200221,  -28,    0
 18142, 99222,20200222,  -32,    0
 18142, 99222,20200223,  -48,    0
 18142, 99222,20200224,  -61,    0
 18142, 99222,20200225,  -69,    0
 18142, 99222,20200226,  -57,    0
 18142, 99222,20200227,  -47,    0
 18142, 99222,20200228,  -37,    0
 18142, 99222,20200229,  -30,    0
 18142, 99222,20200301,  -19,    0
 18142, 99222,20200302,  -10,    0
 18142, 99222,20200303,   -5,    0
 18142, 99222,20200304,  -18,    0
 18142, 99222,20200305,  -45,    0
 18142, 99222,20200306,  -43,    0
 18142, 99222,20200307,  -37,    0
 18142, 99222,20200308,   -3,    0
 18142, 99222,20200309,  -19,    0
 18142, 99222,20200310,  -28,    0
 18142, 99222,20200311,  -29,    0
 18142, 99222,20200312,  -44,    0
 18142, 99222,20200313,  -94,    0
 18142, 99222,20200314,  -79,    0
 18142, 99222,20200315,  -24,    0
 18142, 99222,20200316,  -48,    0
 18142, 99222,20200317,  -26,    0
 18142, 99222,20200318,  -38,    0
 18142, 99222,20200319,  -36,    0
 18142, 99222,20200320,  -53,    0
 18142, 99222,20200321,  -62,    0
 18142, 99222,20200322,  -51,    0
 18142, 99222,20200323,  -34,    0
 18142, 99222,20200324,    9,    0
 18142, 99222,20200325,   21,    0
 18142, 99222,20200326,    9,    0
 18142, 99222,20200327,    4,    0
 18142, 99222,20200328,  -44,    0
 18142, 99222,20200329,  -36,    0
 18142, 99222,20200330,  -25,    0
 18142, 99222,20200331,    0,    0
 18142, 99222,20200401,   -5,    0
 18142, 99222,20200402,  -30,    0
 18142, 99222,20200403,  -47,    0
 18142, 99222,20200404,  -37,    0
 18142, 99222,20200405,   27,    0
 18142, 99222,20200406,   65,    0
 18142, 99222,20200407,   24,    0
 18142, 99222,20200408,    5,    0
 18142, 99222,20200409,  -22,    0
 18142, 99222,20200410,   -9,    0
 18142, 99222,20200411,   18,    0
 18142, 99222,20200412,   -9,    0
 18142, 99222,20200413,  -37,    0
 18142, 99222,20200414,   -7,    0
 18142, 99222,20200415,   13,    0
 18142, 99222,20200416,  -18,    0
 18142, 99222,20200417,   -9,    0
 18142, 99222,20200418,   25,    0
 18142, 99222,20200419,   55,    0
 18142, 99222,20200420,   82,    0
 18142, 99222,20200421,   87,    0
 18142, 99222,20200422,   82,    0
 18142, 99222,20200423,   47,    0
 18142, 99222,20200424,   -8,    0
 18142, 99222,20200425,   -2,    0
 18142, 99222,20200426,   -3,    0
 18142, 99222,20200427,   10,    0
 18142, 99222,20200428,   13,    0
 18142, 99222,20200429,   -9,    0
 18142, 99222,20200430,   13,    0
 18142, 99222,20200501,   -4,    0
 18142, 99222,20200502,   -3,    0
 18142, 99222,20200503,  -21,    0
 18142, 99222,20200504,  -31,    0
 18142, 99222,20200505,  -18,    0
 18142, 99222,20200506,   -1,    0
 18142, 99222,20200507,   -1,    0
 18142, 99222,20200508,   -8,    0
 18142, 99222,20200509,  -17,    0
 18142, 99222,20200510,  -48,    0
 18142, 99222,20200511,  -48,    0
 18142, 99222,20200512,  -48,    0
 18142, 99222,20200513,  -51,    0
 18142, 99222,20200514,  -33,    0
 18142, 99222,20200515,  -36,    0
 18142, 99222,20200516,  -40,    0
 18142, 99222,20200517,  -19,    0
 18142, 99222,20200518,  -13,    0
 18142, 99222,20200519,  -16,    0
 18142, 99222,20200520,   18,    0
 18142, 99222,20200521,   54,    0
 18142, 99222,20200522,   59,    0
 18142, 99222,20200523,   30,    0
 18142, 99222,20200524,   34,    0
 18142, 99222,20200525,   37,    0
 18142, 99222,20200526,   31,    0
 18142, 99222,20200527,    5,    0
 18142, 99222,20200528,   13,    0
 18142, 99222,20200529,   71,    0
 18142, 99222,20200530,  132,    0
 18142, 99222,20200531,  129,    0
 18142, 99222,20200601,  106,    0
 18142, 99222,20200602,   80,    0
 18142, 99222,20200603,   52,    0
 18142, 99222,20200604,   62,    0
 18142, 99222,20200605,   72,    0
 18142, 99222,20200606,   59,    0
 18142, 99222,20200607,   16,    0
 18142, 99222,20200608,    1,    0
 18142, 99222,20200609,   62,    0
 18142, 99222,20200610,   92,    0
 18142, 99222,20200611,  119,    0
 18142, 99222,20200612,  146,    0
 18142, 99222,20200613,  140,    0
 18142, 99222,20200614,  128,    0
 18142, 99222,20200615,  124,    0
 18142, 99222,20200616,  173,    0
 18142, 99222,20200617,  167,    0
 18142, 99222,20200618,  167,    0
 18142, 99222,20200619,  186,    0
 18142, 99222,20200620,  163,    0
 18142, 99222,20200621,  117,    0
 18142, 99222,20200622,   90,    0
 18142, 99222,20200623,   95,    0
 18142, 99222,20200624,  130,    0
 18142, 99222,20200625,  148,    0
 18142, 99222,20200626,  164,    0
 18142, 99222,20200627,  176,    0
 18142, 99222,20200628,  122,    0
 18142, 99222,20200629,   98,    0
 18142, 99222,20200630,   62,    0
 18142, 99222,20200701,   27,    0
 18142, 99222,20200702,   11,    0
 18142, 99222,20200703,   12,    0
 18142, 99222,20200704,   56,    0
 18142, 99222,20200705,   57,    0
 18142, 99222,20200706,   30,    0
 18142, 99222,20200707,   22,    0
 18142, 99222,20200708,   21,    0
 18142, 99222,20200709,   28,    0
 18142, 99222,20200710,   37,    0
 18142, 99222,20200711,   24,    0
 18142, 99222,20200712,   33,    0
 18142, 99222,20200713,   53,    0
 18142, 99222,20200714,   75,    0
 18142, 99222,20200715,   97,    0
 18142, 99222,20200716,   89,    0
 18142, 99222,20200717,   72,    0
 18142, 99222,20200718,   67,    0
 18142, 99222,20200719,   51,    0
 18142, 99222,20200720,   38,    0
 18142, 99222,20200721,   28,    0
 18142, 99222,20200722,   24,    0
 18142, 99222,20200723,   44,    0
 18142, 99222,20200724,   60,    0
 18142, 99222,20200725,   88,    0
 18142, 99222,20200726,  106,    0
 18142, 99222,20200727,   87,    0
 18142, 99222,20200728,  106,    0
 18142, 99222,20200729,   85,    0
 18142, 99222,20200730,   95,    0
 18142, 99222,20200731,  123,    0
 18142, 99222,20200801,  152,    0
 18142, 99222,20200802,   90,    0
 18142, 99222,20200803,   47,    0
 18142, 99222,20200804,   53,    0
 18142, 99222,20200805,   83,    0
 18142, 99222,20200806,  110,    0
 18142, 99222,20200807,  131,    0
 18142, 99222,20200808,   93,    0
 18142, 99222,20200809,   80,    0
 18142, 99222,20200810,  141,    0
 18142, 99222,20200811,  144,    0
 18142, 99222,20200812,  164,    0
 18142, 99222,20200813,  119,    0
 18142, 99222,20200814,  107,    0
 18142, 99222,20200815,  122,    0
 18142, 99222,20200816,  153,    0
 18142, 99222,20200817,  168,    0
 18142, 99222,20200818,  155,    0
 18142, 99222,20200819,  122,    0
 18142, 99222,20200820,  133,    0
 18142, 99222,20200821,  130,    0
 18142, 99222,20200822,   90,    0
 18142, 99222,20200823,   37,    0
 18142, 99222,20200824,   15,    0
 18142, 99222,20200825,   27,    0
 18142, 99222,20200826,   44,    0
 18142, 99222,20200827,   53,    0
 18142, 99222,20200828,   65,    0
 18142, 99222,20200829,   54,    0
 18142, 99222,20200830,   29,    0
 18142, 99222,20200831,   55,    0
 18142, 99222,20200901,   83,    0
 18142, 99222,20200902,   94,    0
 18142, 99222,20200903,   77,    0
 18142, 99222,20200904,   52,    0
 18142, 99222,20200905,   27,    0
 18142, 99222,20200906,   34,    0
 18142, 99222,20200907,   42,    0
 18142, 99222,20200908,   47,    0
 18142, 99222,20200909,   29,    0
 18142, 99222,20200910,    2,    0
 18142, 99222,20200911,   35,    0
 18142, 99222,20200912,   22,    0
 18142, 99222,20200913,   31,    0
 18142, 99222,20200914,   64,    0
 18142, 99222,20200915,   83,    0
 18142, 99222,20200916,   16,    0
 18142, 99222,20200917,   55,    0
 18142, 99222,20200918,   50,    0
 18142, 99222,20200919,   42,    0
 18142, 99222,20200920,   54,    0
 18142, 99222,20200921,   61,    0
 18142, 99222,20200922,   58,    0
 18142, 99222,20200923,   32,    0
 18142, 99222,20200924,   22,    0
 18142, 99222,20200925,    9,    0
 18142, 99222,20200926,   15,    0
 18142, 99222,20200927,  105,    0
 18142, 99222,20200928,  127,    0
 18142, 99222,20200929,   81,    0
 18142, 99222,20200930,   76,    0
 18142, 99222,20201001,   95,    0
 18142, 99222,20201002,   93,    0
 18142, 99222,20201003,   94,    0
 18142, 99222,20201004,   95,    0
 18142, 99222,20201005,   79,    0
 18142, 99222,20201006,   77,    0
 18142, 99222,20201007,   60,    0
 18142, 99222,20201008,   35,    0
 18142, 99222,20201009,    2,    0
 18142, 99222,20201010,   13,    0
 18142, 99222,20201011,   17,    0
 18142, 99222,20201012,    3,    0
 18142, 99222,20201013,   16,    0
 18142, 99222,20201014,    7,    0
 18142, 99222,20201015,   46,    0
 18142, 99222,20201016,   30,    0
 18142, 99222,20201017,   -9,    0
 18142, 99222,20201018,  -33,    0
 18142, 99222,20201019,  -38,    0
 18142, 99222,20201020,  -14,    0
 18142, 99222,20201021,   16,    0
 18142, 99222,20201022,  -19,    0
 18142, 99222,20201023,  -24,    0
 18142, 99222,20201024,    4,    0
 18142, 99222,20201025,   17,    0
 18142, 99222,20201026,   24,    0
 18142, 99222,20201027,   27,    0
 18142, 99222,20201028,   17,    0
 18142, 99222,20201029,    8,    0
 18142, 99222,20201030,   24,    0
 18142, 99222,20201031,   29,    0
 18142, 99222,20201101,   30,    0
 18142, 99222,20201102,   11,    0
 18142, 99222,20201103,   -7,    0
 18142, 99222,20201104,  -13,    0
 18142, 99222,20201105,   30,    0
 18142, 99222,20201106,   29,    0
 18142, 99222,20201107,   25,    0
 18142, 99222,20201108,   13,    0
 18142, 99222,20201109,   55,    0
 18142, 99222,20201110,   53,    0
 18142, 99222,20201111,   48,    0
 18142, 99222,20201112,   45,    0
 18142, 99222,20201113,   36,    0
 18142, 99222,20201114,    9,    0
 18142, 99222,20201115,   52,    0
 18142, 99222,20201116,   21,    0
 18142, 99222,20201117,   10,    0
 18142, 99222,20201118,   -3,    0
 18142, 99222,20201119,  -64,    0
 18142, 99222,20201120,  -56,    0
 18142, 99222,20201121,  -11,    0
 18142, 99222,20201122,  -20,    0
 18142, 99222,20201123,  -24,    0
 18142, 99222,20201124,   -5,    0
 18142, 99222,20201125,   -4,    0
 18142, 99222,20201126,  -23,    0
 18142, 99222,20201127,  -33,    0
 18142, 99222,20201128,  -22,    0
 18142, 99222,20201129,  -10,    0
 18142, 99222,20201130,  -13,    0
 18142, 99222,20201201,  -29,    0
 18142, 99222,20201202,  -15,    0
 18142, 99222,20201203,  -20,    0
 18142, 99222,20201204,  -34,    0
 18142, 99222,20201205,  -33,    0
 18142, 99222,20201206,  -20,    0
 18142, 99222,20201207,    9,    0
 18142, 99222,20201208,   14,    0
 18142, 99222,20201209,  -21,    0
 18142, 99222,20201210,  -13,    0
 18142, 99222,20201211,  -21,    0
 18142, 99222,20201212,  -27,    0
 18142, 99222,20201213,  -26,    0
 18142, 99222,20201214,   -5,    0
 18142, 99222,20201215,   -1,    0
 18142, 99222,20201216,   -3,    0
 18142, 99222,20201217,    7,    0
 18142, 99222,20201218,   15,    0
 18142, 99222,20201219,   42,    0
 18142, 99222,20201220,    0,    0
 18142, 99222,20201221,  -12,    0
 18142, 99222,20201222,  -16,    0
 18142, 99222,20201223,  -32,    0
 18142, 99222,20201224,  -54,    0
 18142, 99222,20201225,  -60,    0
 18142, 99222,20201226,  -27,    0
 18142, 99222,20201227,  -15,    0
 18142, 99222,20201228,  -27,    0
 18142, 99222,20201229,  -19,    0
 18142, 99222,20201230,  -15,    0
 18142, 99222,20201231,  -35,    0
 18142, 99222,20210101,  -57,    0
 18142, 99222,20210102,  -61,    0
 18142, 99222,20210103,  -54,    0
 18142, 99222,20210104,  -32,    0
 18142, 99222,20210105,  -42,    0
 18142, 99222,20210106,  -47,    0
 18142, 99222,20210107,  -51,    0
 18142, 99222,20210108,  -46,    0
 18142, 99222,20210109,  -52,    0
 18142, 99222,20210110,  -72,    0
 18142, 99222,20210111,  -86,    0
 18142, 99222,20210112,  -70,    0
 18142, 99222,20210113, -103,    0
 18142, 99222,20210114,  -79,    0
 18142, 99222,20210115,  -76,    0
 18142, 99222,20210116,  -57,    0
 18142, 99222,20210117,  -38,    0
 18142, 99222,20210118,  -37,    0
 18142, 99222,20210119,  -49,    0
 18142, 99222,20210120,  -47,    0
 18142, 99222,20210121,  -21,    0
 18142, 99222,20210122,  -22,    0
 18142, 99222,20210123,  -38,    0
 18142, 99222,20210124,  -63,    0
 18142, 99222,20210125,  -63,    0
 18142, 99222,20210126,  -70,    0
 18142, 99222,20210127,  -82,    0
 18142, 99222,20210128,  -90,    0
 18142, 99222,20210129,  -84,    0
 18142, 99222,20210130,  -71,    0
 18142, 99222,20210131,  -81,    0
 18142, 99222,20210201,  -94,    0
 18142, 99222,20210202,  -91,    0
 18142, 99222,20210203,  -96,    0
 18142, 99222,20210204, -114,    0
 18142, 99222,20210205, -109,    0
 18142, 99222,20210206,  -95,    0
 18142, 99222,20210207, -110,    0
 18142, 99222,20210208, -127,    0
 18142, 99222,20210209, -106,    0
 18142, 99222,20210210,  -99,    0
 18142, 99222,20210211, -110,    0
 18142, 99222,20210212,  -93,    0
 18142, 99222,20210213,  -85,    0
 18142, 99222,20210214,  -64,    0
 18142, 99222,20210215,  -42,    0
 18142, 99222,20210216,  -17,    0
 18142, 99222,20210217,  -39,    0
 18142, 99222,20210218,  -15,    0
 18142, 99222,20210219,   -6,    0
 18142, 99222,20210220,   12,    0
 18142, 99222,20210221,   17,    0
 18142, 99222,20210222,    8,    0
 18142, 99222,20210223,   -7,    0
 18142, 99222,20210224,    9,    0
 18142, 99222,20210225,   -3,    0
 18142, 99222,20210226,  -10,    0
 18142, 99222,20210227,   -1,    0
 18142, 99222,20210228,  -10,    0
 18142, 99222,20210301,   -8,    0
 18142, 99222,20210302,   -5,    0
 18142, 99222,20210303,  -34,    0
 18142, 99222,20210304,  -71,    0
 18142, 99222,20210305,  -58,    0
 18142, 99222,20210306,  -36,    0
 18142, 99222,20210307,  -74,    0
 18142, 99222,20210308,  -77,    0
 18142, 99222,20210309,  -50,    0
 18142, 99222,20210310,  -50,    0
 18142, 99222,20210311,  -25,    0
 18142, 99222,20210312,  -29,    0
 18142, 99222,20210313,  -38,    0
 18142, 99222,20210314,  -30,    0
 18142, 99222,20210315,  -40,    0
 18142, 99222,20210316,  -61,    0
 18142, 99222,20210317,  -36,    0
 18142, 99222,20210318,  -22,    0
 18142, 99222,20210319,  -15,    0
 18142, 99222,20210320,  -20,    0
 18142, 99222,20210321,  -51,    0
 18142, 99222,20210322,  -10,    0
 18142, 99222,20210323,    4,    0
 18142, 99222,20210324,  -25,    0
 18142, 99222,20210325,  -22,    0
 18142, 99222,20210326,   -9,    0
 18142, 99222,20210327,  -31,    0
 18142, 99222,20210328,  -26,    0
 18142, 99222,20210329,   -6,    0
 18142, 99222,20210330,  -14,    0
 18142, 99222,20210331,  -33,    0
 18142, 99222,20210401,  -40,    0
 18142, 99222,20210402,  -43,    0
 18142, 99222,20210403,  -38,    0
 18142, 99222,20210404,  -39,    0
 18142, 99222,20210405,  -74,    0
 18142, 99222,20210406,  -52,    0
 18142, 99222,20210407,  -58,    0
 18142, 99222,20210408,  -64,    0
 18142, 99222,20210409,  -53,    0
 18142, 99222,20210410,  -60,    0
 18142, 99222,20210411,  -50,    0
 18142, 99222,20210412,  -58,    0
 18142, 99222,20210413,  -54,    0
 18142, 99222,20210414,  -35,    0
 18142, 99222,20210415,  -26,    0
 18142, 99222,20210416,  -10,    0
 18142, 99222,20210417,   12,    0
 18142, 99222,20210418,   48,    0
 18142, 99222,20210419,   53,    0
 18142, 99222,20210420,   12,    0
 18142, 99222,20210421,  -40,    0
 18142, 99222,20210422,  -48,    0
 18142, 99222,20210423,  -50,    0
 18142, 99222,20210424,  -57,    0
 18142, 99222,20210425,  -56,    0
 18142, 99222,20210426,  -44,    0
 18142, 99222,20210427,  -32,    0
 18142, 99222,20210428,  -36,    0
 18142, 99222,20210429,  -32,    0
 18142, 99222,20210430,  -30,    0
 18142, 99222,20210501,  -21,    0
 18142, 99222,20210502,  -20,    0
 18142, 99222,20210503,  -31,    0
 18142, 99222,20210504,  -22,    0
 18142, 99222,20210505,   -1,    0
 18142, 99222,20210506,  -15,    0
 18142, 99222,20210507,  -22,    0
 18142, 99222,20210508,  -33,    0
 18142, 99222,20210509,    1,    0
 18142, 99222,20210510,   44,    0
 18142, 99222,20210511,   47,    0
 18142, 99222,20210512,   39,    0
 18142, 99222,20210513,   54,    0
 18142, 99222,20210514,   90,    0
 18142, 99222,20210515,   86,    0
 18142, 99222,20210516,   35,    0
 18142, 99222,20210517,   33,    0
 18142, 99222,20210518,    9,    0
 18142, 99222,20210519,   11,    0
 18142, 99222,20210520,   -7,    0
 18142, 99222,20210521,   22,    0
 18142, 99222,20210522,   67,    0
 18142, 99222,20210523,   59,    0
 18142, 99222,20210524,   54,    0
 18142, 99222,20210525,   65,    0
 18142, 99222,20210526,   64,    0
 18142, 99222,20210527,   71,    0
 18142, 99222,20210528,   92,    0
 18142, 99222,20210529,  129,    0
 18142, 99222,20210530,  119,    0
 18142, 99222,20210531,  125,    0
 18142, 99222,20210601,  153,    0
 18142, 99222,20210602,  130,    0
 18142, 99222,20210603,  132,    0
 18142, 99222,20210604,  116,    0
 18142, 99222,20210605,  103,    0
 18142, 99222,20210606,   80,    0
 18142, 99222,20210607,   98,    0
 18142, 99222,20210608,   88,    0
 18142, 99222,20210609,   97,    0
 18142, 99222,20210610,   92,    0
 18142, 99222,20210611,   81,    0
 18142, 99222,20210612,   24,    0
 18142, 99222,20210613,   33,    0
 18142, 99222,20210614,   35,    0
 18142, 99222,20210615,   14,    0
 18142, 99222,20210616,   48,    0
 18142, 99222,20210617,   81,    0
 18142, 99222,20210618,   44,    0
 18142, 99222,20210619,   51,    0
 18142, 99222,20210620,   81,    0
 18142, 99222,20210621,   49,    0
 18142, 99222,20210622,   65,    0
 18142, 99222,20210623,   60,    0
 18142, 99222,20210624,   77,    0
 18142, 99222,20210625,   78,    0
 18142, 99222,20210626,   93,    0
 18142, 99222,20210627,   73,    0
 18142, 99222,20210628,   91,    0
 18142, 99222,20210629,   77,    0
 18142, 99222,20210630,  111,    0
 18142, 99222,20210701,  161,    0
 18142, 99222,20210702,  176,    0
 18142, 99222,20210703,  161,    0
 18142, 99222,20210704,  157,    0
 18142, 99222,20210705,  154,    0
 18142, 99222,20210706,  131,    0
 18142, 99222,20210707,  114,    0
 18142, 99222,20210708,  105,    0
 18142, 99222,20210709,  105,    0
 18142, 99222,20210710,  116,    0
 18142, 99222,20210711,   86,    0
 18142, 99222,20210712,  117,    0
 18142, 99222,20210713,  152,    0
 18142, 99222,20210714,  138,    0
 18142, 99222,20210715,   77,    0
 18142, 99222,20210716,   82,    0
 18142, 99222,20210717,   73,    0
 18142, 99222,20210718,   43,    0
 18142, 99222,20210719,   47,    0
 18142, 99222,20210720,   58,    0
 18142, 99222,20210721,   90,    0
 18142, 99222,20210722,   76,    0
 18142, 99222,20210723,  137,    0
 18142, 99222,20210724,  161,    0
 18142, 99222,20210725,  161,    0
 18142, 99222,20210726,  176,    0
 18142, 99222,20210727,  152,    0
 18142, 99222,20210728,  136,    0
 18142, 99222,20210729,  133,    0
 18142, 99222,20210730,   95,    0
 18142, 99222,20210731,   50,    0
 18142, 99222,20210801,   49,    0
 18142, 99222,20210802,   48,    0
 18142, 99222,20210803,   64,    0
 18142, 99222,20210804,   69,    0
 18142, 99222,20210805,   97,    0
 18142, 99222,20210806,  119,    0
 18142, 99222,20210807,  124,    0
 18142, 99222,20210808,  113,    0
 18142, 99222,20210809,  128,    0
 18142, 99222,20210810,  102,    0
 18142, 99222,20210811,  102,    0
 18142, 99222,20210812,  103,    0
 18142, 99222,20210813,   92,    0
 18142, 99222,20210814,   62,    0
 18142, 99222,20210815,   58,    0
 18142, 99222,20210816,   73,    0
 18142, 99222,20210817,   74,    0
 18142, 99222,20210818,   49,    0
 18142, 99222,20210819,   43,    0
 18142, 99222,20210820,   42,    0
 18142, 99222,20210821,   65,    0
 18142, 99222,20210822,   98,    0
 18142, 99222,20210823,  104,    0
 18142, 99222,20210824,   83,    0
 18142, 99222,20210825,   58,    0
 18142, 99222,20210826,   66,    0
 18142, 99222,20210827,  107,    0
 18142, 99222,20210828,  115,    0
 18142, 99222,20210829,  114,    0
 18142, 99222,20210830,   75,    0
 18142, 99222,20210831,   64,    0
 18142, 99222,20210901,   65,    0
 18142, 99222,20210902,   59,    0
 18142, 99222,20210903,   46,    0
 18142, 99222,20210904,   64,    0
 18142, 99222,20210905,   68,    0
 18142, 99222,20210906,   63,    0
 18142, 99222,20210907,   87,    0
 18142, 99222,20210908,   96,    0
 18142, 99222,20210909,  103,    0
 18142, 99222,20210910,  105,    0
 18142, 99222,20210911,   98,    0
 18142, 99222,20210912,   44,    0
 18142, 99222,20210913,   45,    0
 18142, 99222,20210914,   54,    0
 18142, 99222,20210915,   83,    0
 18142, 99222,20210916,   74,    0
 18142, 99222,20210917,   77,    0
 18142, 99222,20210918,   62,    0
 18142, 99222,20210919,   78,    0
 18142, 99222,20210920,   51,    0
 18142, 99222,20210921,   40,    0
 18142, 99222,20210922,   53,    0
 18142, 99222,20210923,   16,    0
 18142, 99222,20210924,   25,    0
 18142, 99222,20210925,   27,    0
 18142, 99222,20210926,   95,    0
 18142, 99222,20210927,  110,    0
 18142, 99222,20210928,   66,    0
 18142, 99222,20210929,   77,    0
 18142, 99222,20210930,   70,    0
 18142, 99222,20211001,   60,    0
 18142, 99222,20211002,   48,    0
 18142, 99222,20211003,   59,    0
 18142, 99222,20211004,   38,    0
 18142, 99222,20211005,   44,    0
 18142, 99222,20211006,   55,    0
 18142, 99222,20211007,   43,    0
 18142, 99222,20211008,   89,    0
 18142, 99222,20211009,   81,    0
 18142, 99222,20211010,   35,    0
 18142, 99222,20211011,  -10,    0
 18142, 99222,20211012,   -9,    0
 18142, 99222,20211013,   -6,    0
 18142, 99222,20211014,   36,    0
 18142, 99222,20211015,  -18,    0
 18142, 99222,20211016,  -21,    0
 18142, 99222,20211017,  -34,    0
 18142, 99222,20211018,  -26,    0
 18142, 99222,20211019,   35,    0
 18142, 99222,20211020,   29,    0
 18142, 99222,20211021,  -32,    0
 18142, 99222,20211022,  -25,    0
 18142, 99222,20211023,  -20,    0
 18142, 99222,20211024,   26,    0
 18142, 99222,20211025,   28,    0
 18142, 99222,20211026,   10,    0
 18142, 99222,20211027,   38,    0
 18142, 99222,20211028,   59,    0
 18142, 99222,20211029,   65,    0
 18142, 99222,20211030,   44,    0
 18142, 99222,20211031,   33,    0
 18142, 99222,20211101,   44,    0
 18142, 99222,20211102,   32,    0
 18142, 99222,20211103,   11,    0
 18142, 99222,20211104,    6,    0
 18142, 99222,20211105,  -14,    0
 18142, 99222,20211106,  -26,    0
 18142, 99222,20211107,   -4,    0
 18142, 99222,20211108,   -9,    0
 18142, 99222,20211109,   10,    0
 18142, 99222,20211110,   -7,    0
 18142, 99222,20211111,  -13,    0
 18142, 99222,20211112,  -11,    0
 18142, 99222,20211113,   30,    0
 18142, 99222,20211114,   16,    0
 18142, 99222,20211115,   11,    0
 18142, 99222,20211116,   21,    0
 18142, 99222,20211117,  -19,    0
 18142, 99222,20211118,  -11,    0
 18142, 99222,20211119,    4,    0
 18142, 99222,20211120,  -19,    0
 18142, 99222,20211121,  -42,    0
 18142, 99222,20211122,  -21,    0
 18142, 99222,20211123,   -3,    0
 18142, 99222,20211124,  -12,    0
 18142, 99222,20211125,  -58,    0
 18142, 99222,20211126,  -84,    0
 18142, 99222,20211127,  -95,    0
 18142, 99222,20211128,  -94,    0
 18142, 99222,20211129,  -83,    0
 18142, 99222,20211130,  -66,    0
 18142, 99222,20211201,  -81,    0
 18142, 99222,20211202,  -75,    0
 18142, 99222,20211203,  -97,    0
 18142, 99222,20211204,  -66,    0
 18142, 99222,20211205,  -61,    0
 18142, 99222,20211206,  -74,    0
 18142, 99222,20211207,  -60,    0
 18142, 99222,20211208,  -65,    0
 18142, 99222,20211209,  -47,    0
 18142, 99222,20211210,  -37,    0
 18142, 99222,20211211,  -41,    0
 18142, 99222,20211212,  -20,    0
 18142, 99222,20211213,   -8,    0
 18142, 99222,20211214,  -19,    0
 18142, 99222,20211215,    0,    0
 18142, 99222,20211216,   -7,    0
 18142, 99222,20211217,   15,    0
 18142, 99222,20211218,   10,    0
 18142, 99222,20211219,  -43,    0
 18142, 99222,20211220,  -43,    0
 18142, 99222,20211221,  -50,    0
 18142, 99222,20211222,  -39,    0
 18142, 99222,20211223,  -53,    0
 18142, 99222,20211224, -102,    0
 18142, 99222,20211225,  -67,    0
 18142, 99222,20211226,  -57,    0
 18142, 99222,20211227,  -72,    0
 18142, 99222,20211228,  -42,    0
 18142, 99222,20211229,  -29,    0
 18142, 99222,20211230,  -18,    0
 18142, 99222,20211231,  -16,    0
 18142, 99222,20220101,  -18,    0
 18142, 99222,20220102,   -2,    0
 18142, 99222,20220103,  -37,    0
 18142, 99222,20220104,  -52,    0
 18142, 99222,20220105,  -64,    0
 18142, 99222,20220106,  -81,    0
 18142, 99222,20220107,  -51,    0
 18142, 99222,20220108,  -59,    0
 18142, 99222,20220109,  -72,    0
 18142, 99222,20220110,  -49,    0
 18142, 99222,20220111,  -22,    0
 18142, 99222,20220112,    6,    0
 18142, 99222,20220113,   11,    1
 18142, 99222,20220114,  -52,    0
 18142, 99222,20220115,  -41,    0
 18142, 99222,20220116,  -45,    0
 18142, 99222,20220117,  -65,    0
 18142, 99222,20220118,  -11,    0
 18142, 99222,20220119,  -52,    0
 18142, 99222,20220120,  -88,    0
 18142, 99222,20220121,  -28,    0
 18142, 99222,20220122,   -3,    0
 18142, 99222,20220123,    5,    0
 18142, 99222,20220124,  -21,    0
 18142, 99222,20220125,  -34,    0
 18142, 99222,20220126,  -26,    0
 18142, 99222,20220127,  -32,    0
 18142, 99222,20220128,  -54,    0
 18142, 99222,20220129,  -22,    0
 18142, 99222,20220130,  -66,    0
 18142, 99222,20220131,  -85,    0
 18142, 99222,20220201,  -63,    0
 18142, 99222,20220202,  -70,    0
 18142, 99222,20220203,  -35,    0
 18142, 99222,20220204,  -45,    0
 18142, 99222,20220205,  -57,    0
 18142, 99222,20220206,  -55,    0
 18142, 99222,20220207,  -39,    0
 18142, 99222,20220208,  -40,    0
 18142, 99222,20220209,  -46,    0
 18142, 99222,20220210,  -60,    0
 18142, 99222,20220211,  -75,    0
 18142, 99222,20220212,  -29,    0
 18142, 99222,20220213,  -15,    0
 18142, 99222,20220214,  -40,    0
 18142, 99222,20220215,  -54,    0
 18142, 99222,20220216,  -41,    0
 18142, 99222,20220217,  -52,    0
 18142, 99222,20220218,  -55,    0
 18142, 99222,20220219,  -71,    0
 18142, 99222,20220220,  -68,    0
 18142, 99222,20220221,  -54,    0
 18142, 99222,20220222,  -71,    0
 18142, 99222,20220223,  -38,    0
 18142, 99222,20220224,  -51,    0
 18142, 99222,20220225,  -56,    0
 18142, 99222,20220226,  -37,    0
 18142, 99222,20220227,  -41,    0
 18142, 99222,20220228,  -18,    0
 18142, 99222,20220301,  -31,    0
 18142, 99222,20220302,  -22,    0
 18142, 99222,20220303,  -38,    0
 18142, 99222,20220304,  -38,    0
 18142, 99222,20220305,  -46,    0
 18142, 99222,20220306,  -46,    0
 18142, 99222,20220307,  -35,    0
 18142, 99222,20220308,    6,    0
 18142, 99222,20220309,   14,    0
 18142, 99222,20220310,   11,    0
 18142, 99222,20220311,   24,    0
 18142, 99222,20220312,   29,    0
 18142, 99222,20220313,   17,    0
 18142, 99222,20220314,   19,    0
 18142, 99222,20220315,    1,    0
 18142, 99222,20220316,   -7,    0
 18142, 99222,20220317,  -14,    0
 18142, 99222,20220318,  -31,    0
 18142, 99222,20220319,    5,    0
 18142, 99222,20220320,   38,    0
 18142, 99222,20220321,    9,    0
 18142, 99222,20220322,  -24,    0
 18142, 99222,20220323,   -2,    0
 18142, 99222,20220324,    6,    0
 18142, 99222,20220325,   -2,    0
 18142, 99222,20220326,  -35,    0
 18142, 99222,20220327,   -2,    0
 18142, 99222,20220328,  -45,    0
 18142, 99222,20220329,  -68,    0
 18142, 99222,20220330,  -79,    0
 18142, 99222,20220331,  -67,    0
 18142, 99222,20220401,  -62,    0
 18142, 99222,20220402,  -57,    0
 18142, 99222,20220403,  -47,    0
 18142, 99222,20220404,  -67,    0
 18142, 99222,20220405,  -73,    0
 18142, 99222,20220406,  -71,    0
 18142, 99222,20220407,  -78,    0
 18142, 99222,20220408,  -73,    0
 18142, 99222,20220409,  -50,    0
 18142, 99222,20220410,  -39,    0
 18142, 99222,20220411,  -46,    0
 18142, 99222,20220412,  -47,    0
 18142, 99222,20220413,  -26,    0
 18142, 99222,20220414,  -17,    0
 18142, 99222,20220415,    4,    0
 18142, 99222,20220416,    8,    0
 18142, 99222,20220417,   44,    0
 18142, 99222,20220418,   56,    0
 18142, 99222,20220419,   43,    0
 18142, 99222,20220420,   57,    0
 18142, 99222,20220421,   74,    0
 18142, 99222,20220422,   62,    0
 18142, 99222,20220423,   68,    0
 18142, 99222,20220424,   35,    0
 18142, 99222,20220425,   -3,    0
 18142, 99222,20220426,  -34,    0
 18142, 99222,20220427,  -37,    0
 18142, 99222,20220428,  -22,    0
 18142, 99222,20220429,  -22,    0
 18142, 99222,20220430,  -20,    0
 18142, 99222,20220501,  -12,    0
 18142, 99222,20220502,  -28,    0
 18142, 99222,20220503,  -36,    0
 18142, 99222,20220504,  -15,    0
 18142, 99222,20220505,   -2,    0
 18142, 99222,20220506,   20,    0
 18142, 99222,20220507,  -36,    0
 18142, 99222,20220508,  -15,    0
 18142, 99222,20220509,   27,    0
 18142, 99222,20220510,   17,    0
 18142, 99222,20220511,    4,    0
 18142, 99222,20220512,   -6,    0
 18142, 99222,20220513,   -5,    0
 18142, 99222,20220514,   -9,    0
 18142, 99222,20220515,   10,    0
 18142, 99222,20220516,   28,    0
 18142, 99222,20220517,   78,    0
 18142, 99222,20220518,   67,    0
 18142, 99222,20220519,   49,    0
 18142, 99222,20220520,   55,    0
 18142, 99222,20220521,   37,    0
 18142, 99222,20220522,   41,    0
 18142, 99222,20220523,   45,    0
 18142, 99222,20220524,   49,    0
 18142, 99222,20220525,   28,    0
 18142, 99222,20220526,   16,    0
 18142, 99222,20220527,   10,    0
 18142, 99222,20220528,    2,    0
 18142, 99222,20220529,   -3,    0
 18142, 99222,20220530,   50,    0
 18142, 99222,20220531,   75,    0
 18142, 99222,20220601,   51,    0
 18142, 99222,20220602,   45,    0
 18142, 99222,20220603,   34,    0
 18142, 99222,20220604,   23,    0
 18142, 99222,20220605,   35,    0
 18142, 99222,20220606,   84,    0
 18142, 99222,20220607,  110,    0
 18142, 99222,20220608,  100,    0
 18142, 99222,20220609,   94,    0
 18142, 99222,20220610,   75,    0
 18142, 99222,20220611,   60,    0
 18142, 99222,20220612,   43,    0
 18142, 99222,20220613,   37,    0
 18142, 99222,20220614,   43,    0
 18142, 99222,20220615,   51,    0
 18142, 99222,20220616,   60,    0
 18142, 99222,20220617,   70,    0
 18142, 99222,20220618,   23,    0
 18142, 99222,20220619,   60,    0
 18142, 99222,20220620,   76,    0
 18142, 99222,20220621,   45,    0
 18142, 99222,20220622,   46,    0
 18142, 99222,20220623,   77,    0
 18142, 99222,20220624,  142,    0
 18142, 99222,20220625,  145,    0
 18142, 99222,20220626,  144,    0
 18142, 99222,20220627,  102,    0
 18142, 99222,20220628,   82,    0
 18142, 99222,20220629,  119,    0
 18142, 99222,20220630,  148,    0
 18142, 99222,20220701,  160,    0
 18142, 99222,20220702,   80,    0
 18142, 99222,20220703,   59,    0
 18142, 99222,20220704,   57,    0
 18142, 99222,20220705,   35,    0
 18142, 99222,20220706,   40,    0
 18142, 99222,20220707,   38,    0
 18142, 99222,20220708,   47,    0
 18142, 99222,20220709,   34,    0
 18142, 99222,20220710,   49,    0
 18142, 99222,20220711,   93,    0
 18142, 99222,20220712,   97,    0
 18142, 99222,20220713,   47,    0
 18142, 99222,20220714,   33,    0
 18142, 99222,20220715,   32,    0
 18142, 99222,20220716,   33,    0
 18142, 99222,20220717,   54,    0
 18142, 99222,20220718,   63,    0
 18142, 99222,20220719,  114,    0
 18142, 99222,20220720,  133,    0
 18142, 99222,20220721,   65,    0
 18142, 99222,20220722,   62,    0
 18142, 99222,20220723,   99,    0
 18142, 99222,20220724,   83,    0
 18142, 99222,20220725,   92,    0
 18142, 99222,20220726,   54,    0
 18142, 99222,20220727,   35,    0
 18142, 99222,20220728,   77,    0
 18142, 99222,20220729,  110,    0
 18142, 99222,20220730,   96,    0
 18142, 99222,20220731,   63,    0
 18142, 99222,20220801,   47,    0
 18142, 99222,20220802,   70,    0
 18142, 99222,20220803,   92,    0
 18142, 99222,20220804,   54,    0
 18142, 99222,20220805,   36,    0
 18142, 99222,20220806,   38,    0
 18142, 99222,20220807,   58,    0
 18142, 99222,20220808,   70,    0
 18142, 99222,20220809,   86,    0
 18142, 99222,20220810,  101,    0
 18142, 99222,20220811,   86,    0
 18142, 99222,20220812,   87,    0
 18142, 99222,20220813,   97,    0
 18142, 99222,20220814,  142,    0
 18142, 99222,20220815,  145,    0
 18142, 99222,20220816,  127,    0
 18142, 99222,20220817,   52,    0
 18142, 99222,20220818,   84,    0
 18142, 99222,20220819,   96,    0
 18142, 99222,20220820,   82,    0
 18142, 99222,20220821,   62,    0
 18142, 99222,20220822,   52,    0
 18142, 99222,20220823,  105,    0
 18142, 99222,20220824,  131,    0
 18142, 99222,20220825,  129,    0
 18142, 99222,20220826,   84,    0
 18142, 99222,20220827,   49,    0
 18142, 99222,20220828,   48,    0
 18142, 99222,20220829,   81,    0
 18142, 99222,20220830,   78,    0
 18142, 99222,20220831,   99,    0
 18142, 99222,20220901,  101,    0
 18142, 99222,20220902,   80,    0
 18142, 99222,20220903,   86,    0
 18142, 99222,20220904,   87,    0
 18142, 99222,20220905,  111,    0
 18142, 99222,20220906,  108,    0
 18142, 99222,20220907,  111,    0
 18142, 99222,20220908,   93,    0
 18142, 99222,20220909,   77,    0
 18142, 99222,20220910,   75,    0
 18142, 99222,20220911,   68,    0
 18142, 99222,20220912,   76,    0
 18142, 99222,20220913,   53,    0
 18142, 99222,20220914,   34,    0
 18142, 99222,20220915,   31,    0
 18142, 99222,20220916,   29,    0
 18142, 99222,20220917,   19,    0
 18142, 99222,20220918,   25,    0
 18142, 99222,20220919,   10,    0
 18142, 99222,20220920,   32,    0
 18142, 99222,20220921,   53,    0
 18142, 99222,20220922,   67,    0
 18142, 99222,20220923,   45,    0
 18142, 99222,20220924,   33,    0
 18142, 99222,20220925,   21,    0
 18142, 99222,20220926,   29,    0
 18142, 99222,20220927,   60,    0
 18142, 99222,20220928,   74,    0
 18142, 99222,20220929,   60,    0
 18142, 99222,20220930,   51,    0
 18142, 99222,20221001,   50,    0
 18142, 99222,20221002,   37,    0
 18142, 99222,20221003,   35,    0
 18142, 99222,20221004,   52,    0
 18142, 99222,20221005,   30,    0
 18142, 99222,20221006,   17,    0
 18142, 99222,20221007,   22,    0
 18142, 99222,20221008,   -3,    0
 18142, 99222,20221009,   29,    0
 18142, 99222,20221010,   14,    0
 18142, 99222,20221011,  -11,    0
 18142, 99222,20221012,   21,    0
 18142, 99222,20221013,   15,    0
 18142, 99222,20221014,   11,    0
 18142, 99222,20221015,    2,    0
 18142, 99222,20221016,   19,    0
 18142, 99222,20221017,   15,    0
 18142, 99222,20221018,   -2,    0
 18142, 99222,20221019,  -15,    0
 18142, 99222,20221020,   24,    0
 18142, 99222,20221021,   70,    0
 18142, 99222,20221022,   42,    0
 18142, 99222,20221023,   55,    0
 18142, 99222,20221024,   57,    0
 18142, 99222,20221025,   48,    0
 18142, 99222,20221026,   47,    0
 18142, 99222,20221027,   50,    0
 18142, 99222,20221028,   70,    0
 18142, 99222,20221029,   43,    0
 18142, 99222,20221030,   56,    0
 18142, 99222,20221031,   51,    0
