EUROPEAN CLIMATE ASSESSMENT & DATASET (ECA&D), file created on: 16-11-2022
THESE DATA CAN BE USED FOR NON-COMMERCIAL RESEARCH AND EDUCATION PROVIDED THAT THE FOLLOWING SOURCE IS ACKNOWLEDGED: 

Klein Tank, A.M.G. and Coauthors, 2002. Daily dataset of 20th-century surface
air temperature and precipitation series for the European Climate Assessment.
Int. J. of Climatol., 22, 1441-1453.
Data and metadata available at http://www.ecad.eu

FILE FORMAT (MISSING VALUE CODE = -9999):

01-06 STAID: Station identifier
08-13 SOUID: Source identifier
15-22 DATE : Date YYYYMMDD
24-28 TG   : Mean temperature in 0.1 &#176;C
30-34 Q_TG : quality code for TG (0='valid'; 1='suspect'; 9='missing')

This is the blended series of station GUENZBURG, GERMANY (STAID: 11752)
Blended and updated with sources:81064 
See files sources.txt and stations.txt for more info.

STAID, SOUID,    DATE,   TG, Q_TG
 11752, 81064,20160901,  195,    0
 11752, 81064,20160902,  183,    0
 11752, 81064,20160903,  184,    0
 11752, 81064,20160904,  175,    0
 11752, 81064,20160905,  159,    0
 11752, 81064,20160906,  163,    0
 11752, 81064,20160907,  160,    0
 11752, 81064,20160908,  184,    0
 11752, 81064,20160909,  187,    0
 11752, 81064,20160910,  185,    0
 11752, 81064,20160911,  195,    0
 11752, 81064,20160912,  192,    0
 11752, 81064,20160913,  190,    0
 11752, 81064,20160914,  187,    0
 11752, 81064,20160915,  186,    0
 11752, 81064,20160916,  160,    0
 11752, 81064,20160917,  143,    0
 11752, 81064,20160918,  135,    0
 11752, 81064,20160919,  131,    0
 11752, 81064,20160920,  113,    0
 11752, 81064,20160921,   90,    0
 11752, 81064,20160922,  100,    0
 11752, 81064,20160923,  113,    0
 11752, 81064,20160924,  112,    0
 11752, 81064,20160925,  118,    0
 11752, 81064,20160926,  136,    0
 11752, 81064,20160927,  128,    0
 11752, 81064,20160928,  136,    0
 11752, 81064,20160929,  157,    0
 11752, 81064,20160930,  149,    0
 11752, 81064,20161001,  147,    0
 11752, 81064,20161002,  117,    0
 11752, 81064,20161003,  103,    0
 11752, 81064,20161004,   89,    0
 11752, 81064,20161005,   60,    0
 11752, 81064,20161006,   66,    0
 11752, 81064,20161007,   85,    0
 11752, 81064,20161008,   76,    0
 11752, 81064,20161009,   68,    0
 11752, 81064,20161010,   54,    0
 11752, 81064,20161011,   57,    0
 11752, 81064,20161012,   43,    0
 11752, 81064,20161013,   57,    0
 11752, 81064,20161014,   78,    0
 11752, 81064,20161015,   93,    0
 11752, 81064,20161016,   81,    0
 11752, 81064,20161017,  109,    0
 11752, 81064,20161018,  110,    0
 11752, 81064,20161019,   90,    0
 11752, 81064,20161020,   78,    0
 11752, 81064,20161021,   62,    0
 11752, 81064,20161022,   64,    0
 11752, 81064,20161023,   51,    0
 11752, 81064,20161024,  108,    0
 11752, 81064,20161025,  120,    0
 11752, 81064,20161026,   92,    0
 11752, 81064,20161027,   75,    0
 11752, 81064,20161028,   50,    0
 11752, 81064,20161029,   73,    0
 11752, 81064,20161030,   51,    0
 11752, 81064,20161031,   47,    0
 11752, 81064,20161101,   44,    0
 11752, 81064,20161102,   60,    0
 11752, 81064,20161103,   25,    0
 11752, 81064,20161104,    6,    0
 11752, 81064,20161105,   72,    0
 11752, 81064,20161106,   38,    0
 11752, 81064,20161107,   11,    0
 11752, 81064,20161108,   10,    0
 11752, 81064,20161109,   21,    0
 11752, 81064,20161110,   50,    0
 11752, 81064,20161111,   33,    0
 11752, 81064,20161112,    8,    0
 11752, 81064,20161113,   -5,    0
 11752, 81064,20161114,  -22,    0
 11752, 81064,20161115,   22,    0
 11752, 81064,20161116,   67,    0
 11752, 81064,20161117,   80,    0
 11752, 81064,20161118,   81,    0
 11752, 81064,20161119,   45,    0
 11752, 81064,20161120,    6,    0
 11752, 81064,20161121,   27,    0
 11752, 81064,20161122,   61,    0
 11752, 81064,20161123,   46,    0
 11752, 81064,20161124,   53,    0
 11752, 81064,20161125,   62,    0
 11752, 81064,20161126,   59,    0
 11752, 81064,20161127,   49,    0
 11752, 81064,20161128,   -9,    0
 11752, 81064,20161129,  -32,    0
 11752, 81064,20161130,  -23,    0
 11752, 81064,20161201,   16,    0
 11752, 81064,20161202,   28,    0
 11752, 81064,20161203,   -9,    0
 11752, 81064,20161204,  -29,    0
 11752, 81064,20161205,  -18,    0
 11752, 81064,20161206,  -20,    0
 11752, 81064,20161207,  -32,    0
 11752, 81064,20161208,   -1,    0
 11752, 81064,20161209,   20,    0
 11752, 81064,20161210,   10,    0
 11752, 81064,20161211,   17,    0
 11752, 81064,20161212,   27,    0
 11752, 81064,20161213,  -15,    0
 11752, 81064,20161214,   35,    0
 11752, 81064,20161215,   25,    0
 11752, 81064,20161216,    9,    0
 11752, 81064,20161217,   -7,    0
 11752, 81064,20161218,   10,    0
 11752, 81064,20161219,    9,    0
 11752, 81064,20161220,  -11,    0
 11752, 81064,20161221,  -13,    0
 11752, 81064,20161222,  -10,    0
 11752, 81064,20161223,   28,    0
 11752, 81064,20161224,   52,    0
 11752, 81064,20161225,   67,    0
 11752, 81064,20161226,   61,    0
 11752, 81064,20161227,   21,    0
 11752, 81064,20161228,   25,    0
 11752, 81064,20161229,  -20,    0
 11752, 81064,20161230,  -29,    0
 11752, 81064,20161231,  -32,    0
 11752, 81064,20170101,  -33,    0
 11752, 81064,20170102,  -19,    0
 11752, 81064,20170103,   -7,    0
 11752, 81064,20170104,   -2,    0
 11752, 81064,20170105,  -29,    0
 11752, 81064,20170106, -111,    0
 11752, 81064,20170107, -103,    0
 11752, 81064,20170108,  -21,    0
 11752, 81064,20170109,  -13,    0
 11752, 81064,20170110,  -18,    0
 11752, 81064,20170111,   -6,    0
 11752, 81064,20170112,   31,    0
 11752, 81064,20170113,   12,    0
 11752, 81064,20170114,   -6,    0
 11752, 81064,20170115,  -28,    0
 11752, 81064,20170116,  -51,    0
 11752, 81064,20170117,  -70,    0
 11752, 81064,20170118,  -52,    0
 11752, 81064,20170119,  -73,    0
 11752, 81064,20170120,  -90,    0
 11752, 81064,20170121, -114,    0
 11752, 81064,20170122, -112,    0
 11752, 81064,20170123, -105,    0
 11752, 81064,20170124,  -86,    0
 11752, 81064,20170125,  -71,    0
 11752, 81064,20170126,  -54,    0
 11752, 81064,20170127,  -97,    0
 11752, 81064,20170128,  -88,    0
 11752, 81064,20170129,  -71,    0
 11752, 81064,20170130,  -33,    0
 11752, 81064,20170131,   32,    0
 11752, 81064,20170201,   12,    0
 11752, 81064,20170202,   10,    0
 11752, 81064,20170203,   16,    0
 11752, 81064,20170204,   20,    0
 11752, 81064,20170205,   30,    0
 11752, 81064,20170206,   19,    0
 11752, 81064,20170207,   16,    0
 11752, 81064,20170208,    8,    0
 11752, 81064,20170209,  -14,    0
 11752, 81064,20170210,  -14,    0
 11752, 81064,20170211,  -18,    0
 11752, 81064,20170212,   -7,    0
 11752, 81064,20170213,   -1,    0
 11752, 81064,20170214,  -24,    0
 11752, 81064,20170215,   -1,    0
 11752, 81064,20170216,   31,    0
 11752, 81064,20170217,   40,    0
 11752, 81064,20170218,   30,    0
 11752, 81064,20170219,   10,    0
 11752, 81064,20170220,   60,    0
 11752, 81064,20170221,   79,    0
 11752, 81064,20170222,   88,    0
 11752, 81064,20170223,  110,    0
 11752, 81064,20170224,   42,    0
 11752, 81064,20170225,    3,    0
 11752, 81064,20170226,   34,    0
 11752, 81064,20170227,   52,    0
 11752, 81064,20170228,   41,    0
 11752, 81064,20170301,   47,    0
 11752, 81064,20170302,   66,    0
 11752, 81064,20170303,   30,    0
 11752, 81064,20170304,   70,    0
 11752, 81064,20170305,   64,    0
 11752, 81064,20170306,   50,    0
 11752, 81064,20170307,   39,    0
 11752, 81064,20170308,   44,    0
 11752, 81064,20170309,   86,    0
 11752, 81064,20170310,   54,    0
 11752, 81064,20170311,   32,    0
 11752, 81064,20170312,   41,    0
 11752, 81064,20170313,   38,    0
 11752, 81064,20170314,   61,    0
 11752, 81064,20170315,   61,    0
 11752, 81064,20170316,   55,    0
 11752, 81064,20170317,   94,    0
 11752, 81064,20170318,   79,    0
 11752, 81064,20170319,  111,    0
 11752, 81064,20170320,  106,    0
 11752, 81064,20170321,   93,    0
 11752, 81064,20170322,   52,    0
 11752, 81064,20170323,   84,    0
 11752, 81064,20170324,   73,    0
 11752, 81064,20170325,   83,    0
 11752, 81064,20170326,   66,    0
 11752, 81064,20170327,   66,    0
 11752, 81064,20170328,   95,    0
 11752, 81064,20170329,  109,    0
 11752, 81064,20170330,  102,    0
 11752, 81064,20170331,  118,    0
 11752, 81064,20170401,  126,    0
 11752, 81064,20170402,  118,    0
 11752, 81064,20170403,  113,    0
 11752, 81064,20170404,   86,    0
 11752, 81064,20170405,   78,    0
 11752, 81064,20170406,   63,    0
 11752, 81064,20170407,   71,    0
 11752, 81064,20170408,   84,    0
 11752, 81064,20170409,  115,    0
 11752, 81064,20170410,  138,    0
 11752, 81064,20170411,   88,    0
 11752, 81064,20170412,  105,    0
 11752, 81064,20170413,  109,    0
 11752, 81064,20170414,   96,    0
 11752, 81064,20170415,  107,    0
 11752, 81064,20170416,   70,    0
 11752, 81064,20170417,   54,    0
 11752, 81064,20170418,   20,    0
 11752, 81064,20170419,   17,    0
 11752, 81064,20170420,   15,    0
 11752, 81064,20170421,   50,    0
 11752, 81064,20170422,   57,    0
 11752, 81064,20170423,   45,    0
 11752, 81064,20170424,   70,    0
 11752, 81064,20170425,   82,    0
 11752, 81064,20170426,   19,    0
 11752, 81064,20170427,   37,    0
 11752, 81064,20170428,   44,    0
 11752, 81064,20170429,   65,    0
 11752, 81064,20170430,   82,    0
 11752, 81064,20170501,   57,    0
 11752, 81064,20170502,   81,    0
 11752, 81064,20170503,   89,    0
 11752, 81064,20170504,   84,    0
 11752, 81064,20170505,  102,    0
 11752, 81064,20170506,  120,    0
 11752, 81064,20170507,  111,    0
 11752, 81064,20170508,   92,    0
 11752, 81064,20170509,   73,    0
 11752, 81064,20170510,   89,    0
 11752, 81064,20170511,  127,    0
 11752, 81064,20170512,  146,    0
 11752, 81064,20170513,  148,    0
 11752, 81064,20170514,  143,    0
 11752, 81064,20170515,  136,    0
 11752, 81064,20170516,  146,    0
 11752, 81064,20170517,  174,    0
 11752, 81064,20170518,  186,    0
 11752, 81064,20170519,  132,    0
 11752, 81064,20170520,  105,    0
 11752, 81064,20170521,  123,    0
 11752, 81064,20170522,  154,    0
 11752, 81064,20170523,  175,    0
 11752, 81064,20170524,  159,    0
 11752, 81064,20170525,  148,    0
 11752, 81064,20170526,  157,    0
 11752, 81064,20170527,  182,    0
 11752, 81064,20170528,  198,    0
 11752, 81064,20170529,  216,    0
 11752, 81064,20170530,  225,    0
 11752, 81064,20170531,  203,    0
 11752, 81064,20170601,  199,    0
 11752, 81064,20170602,  191,    0
 11752, 81064,20170603,  209,    0
 11752, 81064,20170604,  162,    0
 11752, 81064,20170605,  145,    0
 11752, 81064,20170606,  128,    0
 11752, 81064,20170607,  114,    0
 11752, 81064,20170608,  140,    0
 11752, 81064,20170609,  164,    0
 11752, 81064,20170610,  167,    0
 11752, 81064,20170611,  193,    0
 11752, 81064,20170612,  202,    0
 11752, 81064,20170613,  179,    0
 11752, 81064,20170614,  180,    0
 11752, 81064,20170615,  207,    0
 11752, 81064,20170616,  188,    0
 11752, 81064,20170617,  168,    0
 11752, 81064,20170618,  180,    0
 11752, 81064,20170619,  198,    0
 11752, 81064,20170620,  229,    0
 11752, 81064,20170621,  222,    0
 11752, 81064,20170622,  237,    0
 11752, 81064,20170623,  237,    0
 11752, 81064,20170624,  207,    0
 11752, 81064,20170625,  192,    0
 11752, 81064,20170626,  216,    0
 11752, 81064,20170627,  212,    0
 11752, 81064,20170628,  202,    0
 11752, 81064,20170629,  164,    0
 11752, 81064,20170630,  166,    0
 11752, 81064,20170701,  164,    0
 11752, 81064,20170702,  157,    0
 11752, 81064,20170703,  174,    0
 11752, 81064,20170704,  187,    0
 11752, 81064,20170705,  204,    0
 11752, 81064,20170706,  212,    0
 11752, 81064,20170707,  209,    0
 11752, 81064,20170708,  222,    0
 11752, 81064,20170709,  202,    0
 11752, 81064,20170710,  200,    0
 11752, 81064,20170711,  181,    0
 11752, 81064,20170712,  184,    0
 11752, 81064,20170713,  157,    0
 11752, 81064,20170714,  151,    0
 11752, 81064,20170715,  146,    0
 11752, 81064,20170716,  158,    0
 11752, 81064,20170717,  190,    0
 11752, 81064,20170718,  213,    0
 11752, 81064,20170719,  232,    0
 11752, 81064,20170720,  186,    0
 11752, 81064,20170721,  204,    0
 11752, 81064,20170722,  202,    0
 11752, 81064,20170723,  182,    0
 11752, 81064,20170724,  150,    0
 11752, 81064,20170725,  133,    0
 11752, 81064,20170726,  134,    0
 11752, 81064,20170727,  156,    0
 11752, 81064,20170728,  179,    0
 11752, 81064,20170729,  192,    0
 11752, 81064,20170730,  208,    0
 11752, 81064,20170731,  213,    0
 11752, 81064,20170801,  227,    0
 11752, 81064,20170802,  228,    0
 11752, 81064,20170803,  224,    0
 11752, 81064,20170804,  220,    0
 11752, 81064,20170805,  217,    0
 11752, 81064,20170806,  168,    0
 11752, 81064,20170807,  163,    0
 11752, 81064,20170808,  166,    0
 11752, 81064,20170809,  179,    0
 11752, 81064,20170810,  138,    0
 11752, 81064,20170811,  133,    0
 11752, 81064,20170812,  149,    0
 11752, 81064,20170813,  182,    0
 11752, 81064,20170814,  192,    0
 11752, 81064,20170815,  200,    0
 11752, 81064,20170816,  199,    0
 11752, 81064,20170817,  204,    0
 11752, 81064,20170818,  204,    0
 11752, 81064,20170819,  160,    0
 11752, 81064,20170820,  139,    0
 11752, 81064,20170821,  143,    0
 11752, 81064,20170822,  142,    0
 11752, 81064,20170823,  171,    0
 11752, 81064,20170824,  195,    0
 11752, 81064,20170825,  200,    0
 11752, 81064,20170826,  217,    0
 11752, 81064,20170827,  183,    0
 11752, 81064,20170828,  184,    0
 11752, 81064,20170829,  187,    0
 11752, 81064,20170830,  209,    0
 11752, 81064,20170831,  166,    0
 11752, 81064,20170901,  132,    0
 11752, 81064,20170902,  122,    0
 11752, 81064,20170903,  114,    0
 11752, 81064,20170904,  120,    0
 11752, 81064,20170905,  170,    0
 11752, 81064,20170906,  168,    0
 11752, 81064,20170907,  129,    0
 11752, 81064,20170908,  123,    0
 11752, 81064,20170909,  112,    0
 11752, 81064,20170910,  118,    0
 11752, 81064,20170911,  119,    0
 11752, 81064,20170912,  115,    0
 11752, 81064,20170913,  141,    0
 11752, 81064,20170914,  123,    0
 11752, 81064,20170915,  112,    0
 11752, 81064,20170916,   96,    0
 11752, 81064,20170917,   92,    0
 11752, 81064,20170918,   99,    0
 11752, 81064,20170919,   95,    0
 11752, 81064,20170920,  108,    0
 11752, 81064,20170921,   89,    0
 11752, 81064,20170922,   96,    0
 11752, 81064,20170923,  117,    0
 11752, 81064,20170924,  118,    0
 11752, 81064,20170925,  110,    0
 11752, 81064,20170926,  121,    0
 11752, 81064,20170927,  125,    0
 11752, 81064,20170928,  131,    0
 11752, 81064,20170929,  144,    0
 11752, 81064,20170930,  136,    0
 11752, 81064,20171001,  110,    0
 11752, 81064,20171002,  117,    0
 11752, 81064,20171003,  117,    0
 11752, 81064,20171004,   96,    0
 11752, 81064,20171005,  125,    0
 11752, 81064,20171006,   85,    0
 11752, 81064,20171007,   95,    0
 11752, 81064,20171008,   99,    0
 11752, 81064,20171009,  100,    0
 11752, 81064,20171010,  104,    0
 11752, 81064,20171011,  125,    0
 11752, 81064,20171012,  125,    0
 11752, 81064,20171013,  109,    0
 11752, 81064,20171014,  100,    0
 11752, 81064,20171015,  110,    0
 11752, 81064,20171016,  122,    0
 11752, 81064,20171017,  106,    0
 11752, 81064,20171018,  103,    0
 11752, 81064,20171019,   96,    0
 11752, 81064,20171020,  131,    0
 11752, 81064,20171021,  139,    0
 11752, 81064,20171022,   94,    0
 11752, 81064,20171023,   78,    0
 11752, 81064,20171024,  103,    0
 11752, 81064,20171025,  109,    0
 11752, 81064,20171026,  120,    0
 11752, 81064,20171027,   98,    0
 11752, 81064,20171028,   70,    0
 11752, 81064,20171029,   75,    0
 11752, 81064,20171030,   47,    0
 11752, 81064,20171031,   28,    0
 11752, 81064,20171101,   53,    0
 11752, 81064,20171102,   83,    0
 11752, 81064,20171103,   83,    0
 11752, 81064,20171104,   79,    0
 11752, 81064,20171105,   67,    0
 11752, 81064,20171106,   50,    0
 11752, 81064,20171107,   60,    0
 11752, 81064,20171108,   58,    0
 11752, 81064,20171109,   60,    0
 11752, 81064,20171110,   51,    0
 11752, 81064,20171111,   61,    0
 11752, 81064,20171112,   47,    0
 11752, 81064,20171113,   26,    0
 11752, 81064,20171114,  -10,    0
 11752, 81064,20171115,   -6,    0
 11752, 81064,20171116,    0,    0
 11752, 81064,20171117,   16,    0
 11752, 81064,20171118,   37,    0
 11752, 81064,20171119,   26,    0
 11752, 81064,20171120,   26,    0
 11752, 81064,20171121,   57,    0
 11752, 81064,20171122,   54,    0
 11752, 81064,20171123,   43,    0
 11752, 81064,20171124,   83,    0
 11752, 81064,20171125,   51,    0
 11752, 81064,20171126,   14,    0
 11752, 81064,20171127,   23,    0
 11752, 81064,20171128,   35,    0
 11752, 81064,20171129,   22,    0
 11752, 81064,20171130,    1,    0
 11752, 81064,20171201,   -7,    0
 11752, 81064,20171202,  -15,    0
 11752, 81064,20171203,  -15,    0
 11752, 81064,20171204,    3,    0
 11752, 81064,20171205,   25,    0
 11752, 81064,20171206,   17,    0
 11752, 81064,20171207,    8,    0
 11752, 81064,20171208,   25,    0
 11752, 81064,20171209,  -14,    0
 11752, 81064,20171210,  -11,    0
 11752, 81064,20171211,   27,    0
 11752, 81064,20171212,   21,    0
 11752, 81064,20171213,    6,    0
 11752, 81064,20171214,   37,    0
 11752, 81064,20171215,   22,    0
 11752, 81064,20171216,    5,    0
 11752, 81064,20171217,    4,    0
 11752, 81064,20171218,   -6,    0
 11752, 81064,20171219,    3,    0
 11752, 81064,20171220,   13,    0
 11752, 81064,20171221,   25,    0
 11752, 81064,20171222,   45,    0
 11752, 81064,20171223,   58,    0
 11752, 81064,20171224,   35,    0
 11752, 81064,20171225,    7,    0
 11752, 81064,20171226,   16,    0
 11752, 81064,20171227,    0,    0
 11752, 81064,20171228,    7,    0
 11752, 81064,20171229,   -7,    0
 11752, 81064,20171230,   43,    0
 11752, 81064,20171231,   89,    0
 11752, 81064,20180101,   58,    0
 11752, 81064,20180102,   42,    0
 11752, 81064,20180103,   58,    0
 11752, 81064,20180104,   66,    0
 11752, 81064,20180105,   80,    0
 11752, 81064,20180106,   59,    0
 11752, 81064,20180107,   38,    0
 11752, 81064,20180108,   51,    0
 11752, 81064,20180109,   41,    0
 11752, 81064,20180110,   22,    0
 11752, 81064,20180111,   15,    0
 11752, 81064,20180112,   22,    0
 11752, 81064,20180113,   22,    0
 11752, 81064,20180114,    2,    0
 11752, 81064,20180115,   12,    0
 11752, 81064,20180116,   44,    0
 11752, 81064,20180117,   15,    0
 11752, 81064,20180118,   35,    0
 11752, 81064,20180119,   28,    0
 11752, 81064,20180120,   12,    0
 11752, 81064,20180121,    2,    0
 11752, 81064,20180122,   25,    0
 11752, 81064,20180123,   45,    0
 11752, 81064,20180124,   58,    0
 11752, 81064,20180125,   55,    0
 11752, 81064,20180126,   45,    0
 11752, 81064,20180127,   54,    0
 11752, 81064,20180128,   65,    0
 11752, 81064,20180129,   61,    0
 11752, 81064,20180130,   60,    0
 11752, 81064,20180131,   59,    0
 11752, 81064,20180201,   31,    0
 11752, 81064,20180202,   12,    0
 11752, 81064,20180203,    9,    0
 11752, 81064,20180204,   -1,    0
 11752, 81064,20180205,   -7,    0
 11752, 81064,20180206,  -13,    0
 11752, 81064,20180207,  -21,    0
 11752, 81064,20180208,   -9,    0
 11752, 81064,20180209,   -4,    0
 11752, 81064,20180210,    5,    0
 11752, 81064,20180211,   13,    0
 11752, 81064,20180212,    3,    0
 11752, 81064,20180213,  -26,    0
 11752, 81064,20180214,  -33,    0
 11752, 81064,20180215,  -15,    0
 11752, 81064,20180216,   28,    0
 11752, 81064,20180217,   -6,    0
 11752, 81064,20180218,  -15,    0
 11752, 81064,20180219,  -27,    0
 11752, 81064,20180220,  -30,    0
 11752, 81064,20180221,  -31,    0
 11752, 81064,20180222,  -34,    0
 11752, 81064,20180223,  -28,    0
 11752, 81064,20180224,  -37,    0
 11752, 81064,20180225,  -80,    0
 11752, 81064,20180226, -108,    0
 11752, 81064,20180227, -113,    0
 11752, 81064,20180228, -113,    0
 11752, 81064,20180301,  -79,    0
 11752, 81064,20180302,  -61,    0
 11752, 81064,20180303,  -12,    0
 11752, 81064,20180304,   22,    0
 11752, 81064,20180305,   29,    0
 11752, 81064,20180306,   15,    0
 11752, 81064,20180307,   48,    0
 11752, 81064,20180308,   51,    0
 11752, 81064,20180309,   66,    0
 11752, 81064,20180310,   77,    0
 11752, 81064,20180311,   72,    0
 11752, 81064,20180312,   87,    0
 11752, 81064,20180313,   68,    0
 11752, 81064,20180314,   48,    0
 11752, 81064,20180315,   46,    0
 11752, 81064,20180316,   61,    0
 11752, 81064,20180317,    4,    0
 11752, 81064,20180318,  -36,    0
 11752, 81064,20180319,  -38,    0
 11752, 81064,20180320,  -18,    0
 11752, 81064,20180321,  -10,    0
 11752, 81064,20180322,   -8,    0
 11752, 81064,20180323,   27,    0
 11752, 81064,20180324,   31,    0
 11752, 81064,20180325,   42,    0
 11752, 81064,20180326,   46,    0
 11752, 81064,20180327,   56,    0
 11752, 81064,20180328,   85,    0
 11752, 81064,20180329,   59,    0
 11752, 81064,20180330,   58,    0
 11752, 81064,20180331,   61,    0
 11752, 81064,20180401,   53,    0
 11752, 81064,20180402,   75,    0
 11752, 81064,20180403,  133,    0
 11752, 81064,20180404,  116,    0
 11752, 81064,20180405,   77,    0
 11752, 81064,20180406,   59,    0
 11752, 81064,20180407,   93,    0
 11752, 81064,20180408,  108,    0
 11752, 81064,20180409,  114,    0
 11752, 81064,20180410,  119,    0
 11752, 81064,20180411,  111,    0
 11752, 81064,20180412,  128,    0
 11752, 81064,20180413,   82,    0
 11752, 81064,20180414,   98,    0
 11752, 81064,20180415,  112,    0
 11752, 81064,20180416,  130,    0
 11752, 81064,20180417,  131,    0
 11752, 81064,20180418,  133,    0
 11752, 81064,20180419,  151,    0
 11752, 81064,20180420,  153,    0
 11752, 81064,20180421,  170,    0
 11752, 81064,20180422,  167,    0
 11752, 81064,20180423,  153,    0
 11752, 81064,20180424,  151,    0
 11752, 81064,20180425,  149,    0
 11752, 81064,20180426,  103,    0
 11752, 81064,20180427,  121,    0
 11752, 81064,20180428,  137,    0
 11752, 81064,20180429,  171,    0
 11752, 81064,20180430,  135,    0
 11752, 81064,20180501,  102,    0
 11752, 81064,20180502,  117,    0
 11752, 81064,20180503,  141,    0
 11752, 81064,20180504,  162,    0
 11752, 81064,20180505,  160,    0
 11752, 81064,20180506,  159,    0
 11752, 81064,20180507,  151,    0
 11752, 81064,20180508,  157,    0
 11752, 81064,20180509,  153,    0
 11752, 81064,20180510,  127,    0
 11752, 81064,20180511,  130,    0
 11752, 81064,20180512,  162,    0
 11752, 81064,20180513,  158,    0
 11752, 81064,20180514,  145,    0
 11752, 81064,20180515,  128,    0
 11752, 81064,20180516,  111,    0
 11752, 81064,20180517,  122,    0
 11752, 81064,20180518,  135,    0
 11752, 81064,20180519,  132,    0
 11752, 81064,20180520,  145,    0
 11752, 81064,20180521,  163,    0
 11752, 81064,20180522,  168,    0
 11752, 81064,20180523,  177,    0
 11752, 81064,20180524,  157,    0
 11752, 81064,20180525,  160,    0
 11752, 81064,20180526,  178,    0
 11752, 81064,20180527,  187,    0
 11752, 81064,20180528,  203,    0
 11752, 81064,20180529,  189,    0
 11752, 81064,20180530,  194,    0
 11752, 81064,20180531,  201,    0
 11752, 81064,20180601,  188,    0
 11752, 81064,20180602,  183,    0
 11752, 81064,20180603,  188,    0
 11752, 81064,20180604,  199,    0
 11752, 81064,20180605,  201,    0
 11752, 81064,20180606,  207,    0
 11752, 81064,20180607,  196,    0
 11752, 81064,20180608,  197,    0
 11752, 81064,20180609,  197,    0
 11752, 81064,20180610,  193,    0
 11752, 81064,20180611,  194,    0
 11752, 81064,20180612,  180,    0
 11752, 81064,20180613,  135,    0
 11752, 81064,20180614,  139,    0
 11752, 81064,20180615,  151,    0
 11752, 81064,20180616,  171,    0
 11752, 81064,20180617,  181,    0
 11752, 81064,20180618,  182,    0
 11752, 81064,20180619,  190,    0
 11752, 81064,20180620,  207,    0
 11752, 81064,20180621,  199,    0
 11752, 81064,20180622,  119,    0
 11752, 81064,20180623,  128,    0
 11752, 81064,20180624,  149,    0
 11752, 81064,20180625,  153,    0
 11752, 81064,20180626,  152,    0
 11752, 81064,20180627,  161,    0
 11752, 81064,20180628,  144,    0
 11752, 81064,20180629,  185,    0
 11752, 81064,20180630,  199,    0
 11752, 81064,20180701,  167,    0
 11752, 81064,20180702,  167,    0
 11752, 81064,20180703,  191,    0
 11752, 81064,20180704,  209,    0
 11752, 81064,20180705,  174,    0
 11752, 81064,20180706,  179,    0
 11752, 81064,20180707,  184,    0
 11752, 81064,20180708,  190,    0
 11752, 81064,20180709,  190,    0
 11752, 81064,20180710,  171,    0
 11752, 81064,20180711,  144,    0
 11752, 81064,20180712,  160,    0
 11752, 81064,20180713,  188,    0
 11752, 81064,20180714,  193,    0
 11752, 81064,20180715,  186,    0
 11752, 81064,20180716,  181,    0
 11752, 81064,20180717,  193,    0
 11752, 81064,20180718,  207,    0
 11752, 81064,20180719,  199,    0
 11752, 81064,20180720,  200,    0
 11752, 81064,20180721,  185,    0
 11752, 81064,20180722,  182,    0
 11752, 81064,20180723,  197,    0
 11752, 81064,20180724,  209,    0
 11752, 81064,20180725,  223,    0
 11752, 81064,20180726,  218,    0
 11752, 81064,20180727,  220,    0
 11752, 81064,20180728,  217,    0
 11752, 81064,20180729,  224,    0
 11752, 81064,20180730,  233,    0
 11752, 81064,20180731,  242,    0
 11752, 81064,20180801,  257,    0
 11752, 81064,20180802,  225,    0
 11752, 81064,20180803,  241,    0
 11752, 81064,20180804,  247,    0
 11752, 81064,20180805,  236,    0
 11752, 81064,20180806,  233,    0
 11752, 81064,20180807,  214,    0
 11752, 81064,20180808,  212,    0
 11752, 81064,20180809,  229,    0
 11752, 81064,20180810,  179,    0
 11752, 81064,20180811,  169,    0
 11752, 81064,20180812,  190,    0
 11752, 81064,20180813,  187,    0
 11752, 81064,20180814,  195,    0
 11752, 81064,20180815,  183,    0
 11752, 81064,20180816,  197,    0
 11752, 81064,20180817,  201,    0
 11752, 81064,20180818,  212,    0
 11752, 81064,20180819,  218,    0
 11752, 81064,20180820,  222,    0
 11752, 81064,20180821,  214,    0
 11752, 81064,20180822,  227,    0
 11752, 81064,20180823,  190,    0
 11752, 81064,20180824,  168,    0
 11752, 81064,20180825,  126,    0
 11752, 81064,20180826,  121,    0
 11752, 81064,20180827,  163,    0
 11752, 81064,20180828,  182,    0
 11752, 81064,20180829,  188,    0
 11752, 81064,20180830,  174,    0
 11752, 81064,20180831,  144,    0
 11752, 81064,20180901,  143,    0
 11752, 81064,20180902,  132,    0
 11752, 81064,20180903,  151,    0
 11752, 81064,20180904,  154,    0
 11752, 81064,20180905,  167,    0
 11752, 81064,20180906,  171,    0
 11752, 81064,20180907,  168,    0
 11752, 81064,20180908,  149,    0
 11752, 81064,20180909,  156,    0
 11752, 81064,20180910,  171,    0
 11752, 81064,20180911,  184,    0
 11752, 81064,20180912,  193,    0
 11752, 81064,20180913,  193,    0
 11752, 81064,20180914,  168,    0
 11752, 81064,20180915,  157,    0
 11752, 81064,20180916,  148,    0
 11752, 81064,20180917,  167,    0
 11752, 81064,20180918,  183,    0
 11752, 81064,20180919,  183,    0
 11752, 81064,20180920,  184,    0
 11752, 81064,20180921,  166,    0
 11752, 81064,20180922,  134,    0
 11752, 81064,20180923,  163,    0
 11752, 81064,20180924,   88,    0
 11752, 81064,20180925,   63,    0
 11752, 81064,20180926,   76,    0
 11752, 81064,20180927,  112,    0
 11752, 81064,20180928,  136,    0
 11752, 81064,20180929,   98,    0
 11752, 81064,20180930,  101,    0
 11752, 81064,20181001,   99,    0
 11752, 81064,20181002,   85,    0
 11752, 81064,20181003,  102,    0
 11752, 81064,20181004,   81,    0
 11752, 81064,20181005,   94,    0
 11752, 81064,20181006,  125,    0
 11752, 81064,20181007,  144,    0
 11752, 81064,20181008,  117,    0
 11752, 81064,20181009,  109,    0
 11752, 81064,20181010,  105,    0
 11752, 81064,20181011,  121,    0
 11752, 81064,20181012,  149,    0
 11752, 81064,20181013,  118,    0
 11752, 81064,20181014,  115,    0
 11752, 81064,20181015,  107,    0
 11752, 81064,20181016,  111,    0
 11752, 81064,20181017,  105,    0
 11752, 81064,20181018,  108,    0
 11752, 81064,20181019,   85,    0
 11752, 81064,20181020,   83,    0
 11752, 81064,20181021,   66,    0
 11752, 81064,20181022,   67,    0
 11752, 81064,20181023,  108,    0
 11752, 81064,20181024,  115,    0
 11752, 81064,20181025,  105,    0
 11752, 81064,20181026,   94,    0
 11752, 81064,20181027,   54,    0
 11752, 81064,20181028,   15,    0
 11752, 81064,20181029,   45,    0
 11752, 81064,20181030,   46,    0
 11752, 81064,20181031,   34,    0
 11752, 81064,20181101,   63,    0
 11752, 81064,20181102,   62,    0
 11752, 81064,20181103,   88,    0
 11752, 81064,20181104,   91,    0
 11752, 81064,20181105,   82,    0
 11752, 81064,20181106,   70,    0
 11752, 81064,20181107,   69,    0
 11752, 81064,20181108,   83,    0
 11752, 81064,20181109,   81,    0
 11752, 81064,20181110,   71,    0
 11752, 81064,20181111,   79,    0
 11752, 81064,20181112,   54,    0
 11752, 81064,20181113,   61,    0
 11752, 81064,20181114,   43,    0
 11752, 81064,20181115,   42,    0
 11752, 81064,20181116,   30,    0
 11752, 81064,20181117,   28,    0
 11752, 81064,20181118,   18,    0
 11752, 81064,20181119,    5,    0
 11752, 81064,20181120,    5,    0
 11752, 81064,20181121,   -7,    0
 11752, 81064,20181122,    4,    0
 11752, 81064,20181123,   -2,    0
 11752, 81064,20181124,   27,    0
 11752, 81064,20181125,    8,    0
 11752, 81064,20181126,   22,    0
 11752, 81064,20181127,   14,    0
 11752, 81064,20181128,    6,    0
 11752, 81064,20181129,    5,    0
 11752, 81064,20181130,   19,    0
 11752, 81064,20181201,   49,    0
 11752, 81064,20181202,   73,    0
 11752, 81064,20181203,  113,    0
 11752, 81064,20181204,   68,    0
 11752, 81064,20181205,   34,    0
 11752, 81064,20181206,   72,    0
 11752, 81064,20181207,   96,    0
 11752, 81064,20181208,   58,    0
 11752, 81064,20181209,   62,    0
 11752, 81064,20181210,   32,    0
 11752, 81064,20181211,   10,    0
 11752, 81064,20181212,    4,    0
 11752, 81064,20181213,   -8,    0
 11752, 81064,20181214,  -20,    0
 11752, 81064,20181215,  -22,    0
 11752, 81064,20181216,  -16,    0
 11752, 81064,20181217,    6,    0
 11752, 81064,20181218,    4,    0
 11752, 81064,20181219,   10,    0
 11752, 81064,20181220,   41,    0
 11752, 81064,20181221,   66,    0
 11752, 81064,20181222,   90,    0
 11752, 81064,20181223,   76,    0
 11752, 81064,20181224,   47,    0
 11752, 81064,20181225,   -2,    0
 11752, 81064,20181226,  -28,    0
 11752, 81064,20181227,  -30,    0
 11752, 81064,20181228,   -6,    0
 11752, 81064,20181229,   -5,    0
 11752, 81064,20181230,   35,    0
 11752, 81064,20181231,   40,    0
 11752, 81064,20190101,   42,    0
 11752, 81064,20190102,    7,    0
 11752, 81064,20190103,  -22,    0
 11752, 81064,20190104,   -6,    0
 11752, 81064,20190105,    6,    0
 11752, 81064,20190106,   25,    0
 11752, 81064,20190107,   22,    0
 11752, 81064,20190108,   20,    0
 11752, 81064,20190109,    0,    0
 11752, 81064,20190110,  -10,    0
 11752, 81064,20190111,  -27,    0
 11752, 81064,20190112,    7,    0
 11752, 81064,20190113,   24,    0
 11752, 81064,20190114,   32,    0
 11752, 81064,20190115,   22,    0
 11752, 81064,20190116,   11,    0
 11752, 81064,20190117,   31,    0
 11752, 81064,20190118,  -11,    0
 11752, 81064,20190119,  -50,    0
 11752, 81064,20190120,  -57,    0
 11752, 81064,20190121,  -35,    0
 11752, 81064,20190122,  -39,    0
 11752, 81064,20190123,  -43,    0
 11752, 81064,20190124,  -48,    0
 11752, 81064,20190125,  -35,    0
 11752, 81064,20190126,    7,    0
 11752, 81064,20190127,   36,    0
 11752, 81064,20190128,   11,    0
 11752, 81064,20190129,  -10,    0
 11752, 81064,20190130,  -16,    0
 11752, 81064,20190131,  -24,    0
 11752, 81064,20190201,   -1,    0
 11752, 81064,20190202,   17,    0
 11752, 81064,20190203,    5,    0
 11752, 81064,20190204,  -19,    0
 11752, 81064,20190205,  -40,    0
 11752, 81064,20190206,  -48,    0
 11752, 81064,20190207,  -13,    0
 11752, 81064,20190208,   30,    0
 11752, 81064,20190209,   45,    0
 11752, 81064,20190210,   54,    0
 11752, 81064,20190211,   24,    0
 11752, 81064,20190212,   16,    0
 11752, 81064,20190213,    7,    0
 11752, 81064,20190214,    5,    0
 11752, 81064,20190215,   12,    0
 11752, 81064,20190216,   19,    0
 11752, 81064,20190217,   25,    0
 11752, 81064,20190218,   16,    0
 11752, 81064,20190219,   41,    0
 11752, 81064,20190220,   46,    0
 11752, 81064,20190221,   62,    0
 11752, 81064,20190222,   68,    0
 11752, 81064,20190223,   17,    0
 11752, 81064,20190224,    8,    0
 11752, 81064,20190225,   34,    0
 11752, 81064,20190226,   47,    0
 11752, 81064,20190227,   52,    0
 11752, 81064,20190228,   92,    0
 11752, 81064,20190301,   71,    0
 11752, 81064,20190302,   65,    0
 11752, 81064,20190303,   93,    0
 11752, 81064,20190304,   67,    0
 11752, 81064,20190305,   49,    0
 11752, 81064,20190306,   48,    0
 11752, 81064,20190307,   68,    0
 11752, 81064,20190308,   66,    0
 11752, 81064,20190309,   82,    0
 11752, 81064,20190310,   95,    0
 11752, 81064,20190311,   29,    0
 11752, 81064,20190312,   47,    0
 11752, 81064,20190313,   54,    0
 11752, 81064,20190314,   34,    0
 11752, 81064,20190315,   70,    0
 11752, 81064,20190316,  101,    0
 11752, 81064,20190317,   82,    0
 11752, 81064,20190318,   33,    0
 11752, 81064,20190319,   27,    0
 11752, 81064,20190320,   19,    0
 11752, 81064,20190321,   43,    0
 11752, 81064,20190322,   54,    0
 11752, 81064,20190323,   77,    0
 11752, 81064,20190324,   75,    0
 11752, 81064,20190325,   47,    0
 11752, 81064,20190326,   39,    0
 11752, 81064,20190327,   49,    0
 11752, 81064,20190328,   75,    0
 11752, 81064,20190329,   79,    0
 11752, 81064,20190330,   75,    0
 11752, 81064,20190331,   91,    0
 11752, 81064,20190401,   92,    0
 11752, 81064,20190402,  107,    0
 11752, 81064,20190403,  102,    0
 11752, 81064,20190404,   47,    0
 11752, 81064,20190405,   49,    0
 11752, 81064,20190406,   81,    0
 11752, 81064,20190407,   88,    0
 11752, 81064,20190408,  103,    0
 11752, 81064,20190409,  103,    0
 11752, 81064,20190410,   90,    0
 11752, 81064,20190411,   66,    0
 11752, 81064,20190412,   42,    0
 11752, 81064,20190413,   48,    0
 11752, 81064,20190414,   52,    0
 11752, 81064,20190415,   83,    0
 11752, 81064,20190416,   90,    0
 11752, 81064,20190417,  116,    0
 11752, 81064,20190418,  123,    0
 11752, 81064,20190419,  128,    0
 11752, 81064,20190420,  125,    0
 11752, 81064,20190421,  121,    0
 11752, 81064,20190422,  141,    0
 11752, 81064,20190423,  146,    0
 11752, 81064,20190424,  141,    0
 11752, 81064,20190425,  145,    0
 11752, 81064,20190426,   78,    0
 11752, 81064,20190427,   81,    0
 11752, 81064,20190428,   60,    0
 11752, 81064,20190429,   76,    0
 11752, 81064,20190430,   87,    0
 11752, 81064,20190501,   98,    0
 11752, 81064,20190502,  112,    0
 11752, 81064,20190503,   96,    0
 11752, 81064,20190504,   55,    0
 11752, 81064,20190505,   41,    0
 11752, 81064,20190506,   47,    0
 11752, 81064,20190507,   73,    0
 11752, 81064,20190508,   93,    0
 11752, 81064,20190509,  104,    0
 11752, 81064,20190510,  107,    0
 11752, 81064,20190511,  114,    0
 11752, 81064,20190512,   82,    0
 11752, 81064,20190513,   94,    0
 11752, 81064,20190514,   76,    0
 11752, 81064,20190515,   77,    0
 11752, 81064,20190516,   83,    0
 11752, 81064,20190517,  121,    0
 11752, 81064,20190518,  137,    0
 11752, 81064,20190519,  150,    0
 11752, 81064,20190520,  129,    0
 11752, 81064,20190521,  115,    0
 11752, 81064,20190522,  121,    0
 11752, 81064,20190523,  114,    0
 11752, 81064,20190524,  139,    0
 11752, 81064,20190525,  136,    0
 11752, 81064,20190526,  147,    0
 11752, 81064,20190527,  160,    0
 11752, 81064,20190528,  132,    0
 11752, 81064,20190529,  113,    0
 11752, 81064,20190530,  123,    0
 11752, 81064,20190531,  169,    0
 11752, 81064,20190601,  175,    0
 11752, 81064,20190602,  195,    0
 11752, 81064,20190603,  191,    0
 11752, 81064,20190604,  203,    0
 11752, 81064,20190605,  212,    0
 11752, 81064,20190606,  142,    0
 11752, 81064,20190607,  167,    0
 11752, 81064,20190608,  159,    0
 11752, 81064,20190609,  155,    0
 11752, 81064,20190610,  150,    0
 11752, 81064,20190611,  157,    0
 11752, 81064,20190612,  150,    0
 11752, 81064,20190613,  174,    0
 11752, 81064,20190614,  201,    0
 11752, 81064,20190615,  200,    0
 11752, 81064,20190616,  161,    0
 11752, 81064,20190617,  172,    0
 11752, 81064,20190618,  202,    0
 11752, 81064,20190619,  219,    0
 11752, 81064,20190620,  189,    0
 11752, 81064,20190621,  184,    0
 11752, 81064,20190622,  174,    0
 11752, 81064,20190623,  188,    0
 11752, 81064,20190624,  210,    0
 11752, 81064,20190625,  228,    0
 11752, 81064,20190626,  253,    0
 11752, 81064,20190627,  244,    0
 11752, 81064,20190628,  196,    0
 11752, 81064,20190629,  202,    0
 11752, 81064,20190630,  237,    0
 11752, 81064,20190701,  232,    0
 11752, 81064,20190702,  205,    0
 11752, 81064,20190703,  177,    0
 11752, 81064,20190704,  177,    0
 11752, 81064,20190705,  195,    0
 11752, 81064,20190706,  216,    0
 11752, 81064,20190707,  177,    0
 11752, 81064,20190708,  157,    0
 11752, 81064,20190709,  143,    0
 11752, 81064,20190710,  139,    0
 11752, 81064,20190711,  142,    0
 11752, 81064,20190712,  158,    0
 11752, 81064,20190713,  161,    0
 11752, 81064,20190714,  165,    0
 11752, 81064,20190715,  170,    0
 11752, 81064,20190716,  166,    0
 11752, 81064,20190717,  182,    0
 11752, 81064,20190718,  186,    0
 11752, 81064,20190719,  199,    0
 11752, 81064,20190720,  209,    0
 11752, 81064,20190721,  209,    0
 11752, 81064,20190722,  211,    0
 11752, 81064,20190723,  222,    0
 11752, 81064,20190724,  240,    0
 11752, 81064,20190725,  250,    0
 11752, 81064,20190726,  250,    0
 11752, 81064,20190727,  212,    0
 11752, 81064,20190728,  185,    0
 11752, 81064,20190729,  181,    0
 11752, 81064,20190730,  206,    0
 11752, 81064,20190731,  179,    0
 11752, 81064,20190801,  180,    0
 11752, 81064,20190802,  189,    0
 11752, 81064,20190803,  166,    0
 11752, 81064,20190804,  180,    0
 11752, 81064,20190805,  194,    0
 11752, 81064,20190806,  212,    0
 11752, 81064,20190807,  175,    0
 11752, 81064,20190808,  186,    0
 11752, 81064,20190809,  214,    0
 11752, 81064,20190810,  197,    0
 11752, 81064,20190811,  192,    0
 11752, 81064,20190812,  149,    0
 11752, 81064,20190813,  148,    0
 11752, 81064,20190814,  143,    0
 11752, 81064,20190815,  143,    0
 11752, 81064,20190816,  168,    0
 11752, 81064,20190817,  169,    0
 11752, 81064,20190818,  219,    0
 11752, 81064,20190819,  183,    0
 11752, 81064,20190820,  155,    0
 11752, 81064,20190821,  149,    0
 11752, 81064,20190822,  160,    0
 11752, 81064,20190823,  168,    0
 11752, 81064,20190824,  194,    0
 11752, 81064,20190825,  204,    0
 11752, 81064,20190826,  200,    0
 11752, 81064,20190827,  202,    0
 11752, 81064,20190828,  207,    0
 11752, 81064,20190829,  198,    0
 11752, 81064,20190830,  199,    0
 11752, 81064,20190831,  204,    0
 11752, 81064,20190901,  185,    0
 11752, 81064,20190902,  156,    0
 11752, 81064,20190903,  133,    0
 11752, 81064,20190904,  151,    0
 11752, 81064,20190905,  131,    0
 11752, 81064,20190906,  133,    0
 11752, 81064,20190907,  125,    0
 11752, 81064,20190908,  111,    0
 11752, 81064,20190909,  107,    0
 11752, 81064,20190910,  109,    0
 11752, 81064,20190911,  136,    0
 11752, 81064,20190912,  166,    0
 11752, 81064,20190913,  161,    0
 11752, 81064,20190914,  162,    0
 11752, 81064,20190915,  165,    0
 11752, 81064,20190916,  177,    0
 11752, 81064,20190917,  140,    0
 11752, 81064,20190918,   94,    0
 11752, 81064,20190919,   82,    0
 11752, 81064,20190920,   79,    0
 11752, 81064,20190921,  102,    0
 11752, 81064,20190922,  118,    0
 11752, 81064,20190923,  132,    0
 11752, 81064,20190924,  123,    0
 11752, 81064,20190925,  141,    0
 11752, 81064,20190926,  145,    0
 11752, 81064,20190927,  152,    0
 11752, 81064,20190928,  139,    0
 11752, 81064,20190929,  152,    0
 11752, 81064,20190930,  145,    0
 11752, 81064,20191001,  135,    0
 11752, 81064,20191002,  118,    0
 11752, 81064,20191003,   74,    0
 11752, 81064,20191004,   76,    0
 11752, 81064,20191005,   98,    0
 11752, 81064,20191006,   74,    0
 11752, 81064,20191007,   96,    0
 11752, 81064,20191008,  122,    0
 11752, 81064,20191009,  108,    0
 11752, 81064,20191010,   98,    0
 11752, 81064,20191011,  100,    0
 11752, 81064,20191012,  128,    0
 11752, 81064,20191013,  145,    0
 11752, 81064,20191014,  129,    0
 11752, 81064,20191015,  116,    0
 11752, 81064,20191016,  103,    0
 11752, 81064,20191017,  115,    0
 11752, 81064,20191018,  125,    0
 11752, 81064,20191019,  116,    0
 11752, 81064,20191020,   92,    0
 11752, 81064,20191021,  122,    0
 11752, 81064,20191022,  115,    0
 11752, 81064,20191023,  114,    0
 11752, 81064,20191024,  120,    0
 11752, 81064,20191025,  129,    0
 11752, 81064,20191026,  106,    0
 11752, 81064,20191027,  133,    0
 11752, 81064,20191028,   75,    0
 11752, 81064,20191029,   66,    0
 11752, 81064,20191030,   58,    0
 11752, 81064,20191031,   38,    0
 11752, 81064,20191101,   73,    0
 11752, 81064,20191102,  131,    0
 11752, 81064,20191103,  106,    0
 11752, 81064,20191104,   94,    0
 11752, 81064,20191105,   77,    0
 11752, 81064,20191106,   61,    0
 11752, 81064,20191107,   62,    0
 11752, 81064,20191108,   51,    0
 11752, 81064,20191109,   38,    0
 11752, 81064,20191110,   -2,    0
 11752, 81064,20191111,    0,    0
 11752, 81064,20191112,   35,    0
 11752, 81064,20191113,   30,    0
 11752, 81064,20191114,    9,    0
 11752, 81064,20191115,   33,    0
 11752, 81064,20191116,   31,    0
 11752, 81064,20191117,   43,    0
 11752, 81064,20191118,   40,    0
 11752, 81064,20191119,   19,    0
 11752, 81064,20191120,   31,    0
 11752, 81064,20191121,   28,    0
 11752, 81064,20191122,   17,    0
 11752, 81064,20191123,   44,    0
 11752, 81064,20191124,   39,    0
 11752, 81064,20191125,   20,    0
 11752, 81064,20191126,   59,    0
 11752, 81064,20191127,   70,    0
 11752, 81064,20191128,   86,    0
 11752, 81064,20191129,   51,    0
 11752, 81064,20191130,   14,    0
 11752, 81064,20191201,   -5,    0
 11752, 81064,20191202,    5,    0
 11752, 81064,20191203,   -2,    0
 11752, 81064,20191204,  -23,    0
 11752, 81064,20191205,  -19,    0
 11752, 81064,20191206,   13,    0
 11752, 81064,20191207,   64,    0
 11752, 81064,20191208,   65,    0
 11752, 81064,20191209,   59,    0
 11752, 81064,20191210,   11,    0
 11752, 81064,20191211,  -28,    0
 11752, 81064,20191212,    9,    0
 11752, 81064,20191213,    5,    0
 11752, 81064,20191214,   55,    0
 11752, 81064,20191215,   82,    0
 11752, 81064,20191216,   17,    0
 11752, 81064,20191217,    3,    0
 11752, 81064,20191218,   41,    0
 11752, 81064,20191219,    3,    0
 11752, 81064,20191220,   10,    0
 11752, 81064,20191221,   24,    0
 11752, 81064,20191222,   37,    0
 11752, 81064,20191223,   49,    0
 11752, 81064,20191224,   44,    0
 11752, 81064,20191225,   49,    0
 11752, 81064,20191226,    5,    0
 11752, 81064,20191227,   37,    0
 11752, 81064,20191228,   -7,    0
 11752, 81064,20191229,  -35,    0
 11752, 81064,20191230,  -30,    0
 11752, 81064,20191231,    2,    0
 11752, 81064,20200101,    0,    0
 11752, 81064,20200102,  -16,    0
 11752, 81064,20200103,   19,    0
 11752, 81064,20200104,   40,    0
 11752, 81064,20200105,   22,    0
 11752, 81064,20200106,  -18,    0
 11752, 81064,20200107,   13,    0
 11752, 81064,20200108,   18,    0
 11752, 81064,20200109,   52,    0
 11752, 81064,20200110,   62,    0
 11752, 81064,20200111,   24,    0
 11752, 81064,20200112,   -8,    0
 11752, 81064,20200113,   20,    0
 11752, 81064,20200114,   23,    0
 11752, 81064,20200115,   30,    0
 11752, 81064,20200116,   43,    0
 11752, 81064,20200117,   30,    0
 11752, 81064,20200118,   33,    0
 11752, 81064,20200119,    4,    0
 11752, 81064,20200120,    4,    0
 11752, 81064,20200121,  -15,    0
 11752, 81064,20200122,  -29,    0
 11752, 81064,20200123,  -20,    0
 11752, 81064,20200124,   -1,    0
 11752, 81064,20200125,    4,    0
 11752, 81064,20200126,   12,    0
 11752, 81064,20200127,   48,    0
 11752, 81064,20200128,   41,    0
 11752, 81064,20200129,   27,    0
 11752, 81064,20200130,   51,    0
 11752, 81064,20200131,  105,    0
 11752, 81064,20200201,  102,    0
 11752, 81064,20200202,   96,    0
 11752, 81064,20200203,   74,    0
 11752, 81064,20200204,   44,    0
 11752, 81064,20200205,   17,    0
 11752, 81064,20200206,   -7,    0
 11752, 81064,20200207,  -15,    0
 11752, 81064,20200208,   -1,    0
 11752, 81064,20200209,   52,    0
 11752, 81064,20200210,   92,    0
 11752, 81064,20200211,   41,    0
 11752, 81064,20200212,   30,    0
 11752, 81064,20200213,   29,    0
 11752, 81064,20200214,   49,    0
 11752, 81064,20200215,   20,    0
 11752, 81064,20200216,   70,    0
 11752, 81064,20200217,   81,    0
 11752, 81064,20200218,   52,    0
 11752, 81064,20200219,   34,    0
 11752, 81064,20200220,   45,    0
 11752, 81064,20200221,   51,    0
 11752, 81064,20200222,   69,    0
 11752, 81064,20200223,  103,    0
 11752, 81064,20200224,   70,    0
 11752, 81064,20200225,   72,    0
 11752, 81064,20200226,   25,    0
 11752, 81064,20200227,   13,    0
 11752, 81064,20200228,   25,    0
 11752, 81064,20200229,   67,    0
 11752, 81064,20200301,   76,    0
 11752, 81064,20200302,   54,    0
 11752, 81064,20200303,   37,    0
 11752, 81064,20200304,   20,    0
 11752, 81064,20200305,   33,    0
 11752, 81064,20200306,   51,    0
 11752, 81064,20200307,   30,    0
 11752, 81064,20200308,   31,    0
 11752, 81064,20200309,   48,    0
 11752, 81064,20200310,   46,    0
 11752, 81064,20200311,  112,    0
 11752, 81064,20200312,  107,    0
 11752, 81064,20200313,   62,    0
 11752, 81064,20200314,   34,    0
 11752, 81064,20200315,   47,    0
 11752, 81064,20200316,   73,    0
 11752, 81064,20200317,   96,    0
 11752, 81064,20200318,   96,    0
 11752, 81064,20200319,   94,    0
 11752, 81064,20200320,   97,    0
 11752, 81064,20200321,   33,    0
 11752, 81064,20200322,   12,    0
 11752, 81064,20200323,   -3,    0
 11752, 81064,20200324,   -4,    0
 11752, 81064,20200325,   10,    0
 11752, 81064,20200326,   22,    0
 11752, 81064,20200327,   68,    0
 11752, 81064,20200328,   70,    0
 11752, 81064,20200329,   37,    0
 11752, 81064,20200330,    9,    0
 11752, 81064,20200331,   -1,    0
 11752, 81064,20200401,   15,    0
 11752, 81064,20200402,   40,    0
 11752, 81064,20200403,   56,    0
 11752, 81064,20200404,   65,    0
 11752, 81064,20200405,   79,    0
 11752, 81064,20200406,   98,    0
 11752, 81064,20200407,  109,    0
 11752, 81064,20200408,  116,    0
 11752, 81064,20200409,  120,    0
 11752, 81064,20200410,  118,    0
 11752, 81064,20200411,  117,    0
 11752, 81064,20200412,  123,    0
 11752, 81064,20200413,  110,    0
 11752, 81064,20200414,   27,    0
 11752, 81064,20200415,   59,    0
 11752, 81064,20200416,  113,    0
 11752, 81064,20200417,  148,    0
 11752, 81064,20200418,  136,    0
 11752, 81064,20200419,  133,    0
 11752, 81064,20200420,  115,    0
 11752, 81064,20200421,  125,    0
 11752, 81064,20200422,  127,    0
 11752, 81064,20200423,  109,    0
 11752, 81064,20200424,  129,    0
 11752, 81064,20200425,  120,    0
 11752, 81064,20200426,  110,    0
 11752, 81064,20200427,  140,    0
 11752, 81064,20200428,  120,    0
 11752, 81064,20200429,  108,    0
 11752, 81064,20200430,   99,    0
 11752, 81064,20200501,   94,    0
 11752, 81064,20200502,   88,    0
 11752, 81064,20200503,   98,    0
 11752, 81064,20200504,  120,    0
 11752, 81064,20200505,   96,    0
 11752, 81064,20200506,   78,    0
 11752, 81064,20200507,  104,    0
 11752, 81064,20200508,  153,    0
 11752, 81064,20200509,  167,    0
 11752, 81064,20200510,  159,    0
 11752, 81064,20200511,   97,    0
 11752, 81064,20200512,   62,    0
 11752, 81064,20200513,   69,    0
 11752, 81064,20200514,   89,    0
 11752, 81064,20200515,  100,    0
 11752, 81064,20200516,  101,    0
 11752, 81064,20200517,  122,    0
 11752, 81064,20200518,  140,    0
 11752, 81064,20200519,  160,    0
 11752, 81064,20200520,  147,    0
 11752, 81064,20200521,  155,    0
 11752, 81064,20200522,  177,    0
 11752, 81064,20200523,  132,    0
 11752, 81064,20200524,  126,    0
 11752, 81064,20200525,  130,    0
 11752, 81064,20200526,  116,    0
 11752, 81064,20200527,  129,    0
 11752, 81064,20200528,  135,    0
 11752, 81064,20200529,  112,    0
 11752, 81064,20200530,  117,    0
 11752, 81064,20200531,  132,    0
 11752, 81064,20200601,  155,    0
 11752, 81064,20200602,  159,    0
 11752, 81064,20200603,  163,    0
 11752, 81064,20200604,  148,    0
 11752, 81064,20200605,  126,    0
 11752, 81064,20200606,  139,    0
 11752, 81064,20200607,  112,    0
 11752, 81064,20200608,  128,    0
 11752, 81064,20200609,  121,    0
 11752, 81064,20200610,  124,    0
 11752, 81064,20200611,  136,    0
 11752, 81064,20200612,  172,    0
 11752, 81064,20200613,  195,    0
 11752, 81064,20200614,  139,    0
 11752, 81064,20200615,  144,    0
 11752, 81064,20200616,  144,    0
 11752, 81064,20200617,  150,    0
 11752, 81064,20200618,  161,    0
 11752, 81064,20200619,  138,    0
 11752, 81064,20200620,  151,    0
 11752, 81064,20200621,  172,    0
 11752, 81064,20200622,  186,    0
 11752, 81064,20200623,  181,    0
 11752, 81064,20200624,  179,    0
 11752, 81064,20200625,  172,    0
 11752, 81064,20200626,  186,    0
 11752, 81064,20200627,  204,    0
 11752, 81064,20200628,  191,    0
 11752, 81064,20200629,  169,    0
 11752, 81064,20200630,  177,    0
 11752, 81064,20200701,  199,    0
 11752, 81064,20200702,  185,    0
 11752, 81064,20200703,  173,    0
 11752, 81064,20200704,  176,    0
 11752, 81064,20200705,  207,    0
 11752, 81064,20200706,  167,    0
 11752, 81064,20200707,  143,    0
 11752, 81064,20200708,  176,    0
 11752, 81064,20200709,  204,    0
 11752, 81064,20200710,  206,    0
 11752, 81064,20200711,  161,    0
 11752, 81064,20200712,  150,    0
 11752, 81064,20200713,  158,    0
 11752, 81064,20200714,  170,    0
 11752, 81064,20200715,  159,    0
 11752, 81064,20200716,  144,    0
 11752, 81064,20200717,  161,    0
 11752, 81064,20200718,  166,    0
 11752, 81064,20200719,  187,    0
 11752, 81064,20200720,  206,    0
 11752, 81064,20200721,  200,    0
 11752, 81064,20200722,  194,    0
 11752, 81064,20200723,  195,    0
 11752, 81064,20200724,  192,    0
 11752, 81064,20200725,  200,    0
 11752, 81064,20200726,  183,    0
 11752, 81064,20200727,  200,    0
 11752, 81064,20200728,  227,    0
 11752, 81064,20200729,  200,    0
 11752, 81064,20200730,  205,    0
 11752, 81064,20200731,  225,    0
 11752, 81064,20200801,  239,    0
 11752, 81064,20200802,  188,    0
 11752, 81064,20200803,  161,    0
 11752, 81064,20200804,  142,    0
 11752, 81064,20200805,  149,    0
 11752, 81064,20200806,  183,    0
 11752, 81064,20200807,  209,    0
 11752, 81064,20200808,  213,    0
 11752, 81064,20200809,  217,    0
 11752, 81064,20200810,  220,    0
 11752, 81064,20200811,  227,    0
 11752, 81064,20200812,  231,    0
 11752, 81064,20200813,  194,    0
 11752, 81064,20200814,  196,    0
 11752, 81064,20200815,  206,    0
 11752, 81064,20200816,  204,    0
 11752, 81064,20200817,  187,    0
 11752, 81064,20200818,  185,    0
 11752, 81064,20200819,  182,    0
 11752, 81064,20200820,  212,    0
 11752, 81064,20200821,  234,    0
 11752, 81064,20200822,  197,    0
 11752, 81064,20200823,  173,    0
 11752, 81064,20200824,  160,    0
 11752, 81064,20200825,  164,    0
 11752, 81064,20200826,  200,    0
 11752, 81064,20200827,  164,    0
 11752, 81064,20200828,  157,    0
 11752, 81064,20200829,  143,    0
 11752, 81064,20200830,  133,    0
 11752, 81064,20200831,  135,    0
 11752, 81064,20200901,  131,    0
 11752, 81064,20200902,  122,    0
 11752, 81064,20200903,  150,    0
 11752, 81064,20200904,  182,    0
 11752, 81064,20200905,  186,    0
 11752, 81064,20200906,  153,    0
 11752, 81064,20200907,  150,    0
 11752, 81064,20200908,  131,    0
 11752, 81064,20200909,  151,    0
 11752, 81064,20200910,  155,    0
 11752, 81064,20200911,  159,    0
 11752, 81064,20200912,  168,    0
 11752, 81064,20200913,  172,    0
 11752, 81064,20200914,  168,    0
 11752, 81064,20200915,  185,    0
 11752, 81064,20200916,  191,    0
 11752, 81064,20200917,  182,    0
 11752, 81064,20200918,  146,    0
 11752, 81064,20200919,  126,    0
 11752, 81064,20200920,  137,    0
 11752, 81064,20200921,  144,    0
 11752, 81064,20200922,  163,    0
 11752, 81064,20200923,  158,    0
 11752, 81064,20200924,  153,    0
 11752, 81064,20200925,   96,    0
 11752, 81064,20200926,   76,    0
 11752, 81064,20200927,   89,    0
 11752, 81064,20200928,   80,    0
 11752, 81064,20200929,   92,    0
 11752, 81064,20200930,  116,    0
 11752, 81064,20201001,  123,    0
 11752, 81064,20201002,  130,    0
 11752, 81064,20201003,   97,    0
 11752, 81064,20201004,  100,    0
 11752, 81064,20201005,  111,    0
 11752, 81064,20201006,  114,    0
 11752, 81064,20201007,  103,    0
 11752, 81064,20201008,  121,    0
 11752, 81064,20201009,  131,    0
 11752, 81064,20201010,   92,    0
 11752, 81064,20201011,   57,    0
 11752, 81064,20201012,   53,    0
 11752, 81064,20201013,   62,    0
 11752, 81064,20201014,   50,    0
 11752, 81064,20201015,   70,    0
 11752, 81064,20201016,   80,    0
 11752, 81064,20201017,   66,    0
 11752, 81064,20201018,   73,    0
 11752, 81064,20201019,   67,    0
 11752, 81064,20201020,   55,    0
 11752, 81064,20201021,   95,    0
 11752, 81064,20201022,  130,    0
 11752, 81064,20201023,  131,    0
 11752, 81064,20201024,  114,    0
 11752, 81064,20201025,   72,    0
 11752, 81064,20201026,   66,    0
 11752, 81064,20201027,   66,    0
 11752, 81064,20201028,   86,    0
 11752, 81064,20201029,  103,    0
 11752, 81064,20201030,  111,    0
 11752, 81064,20201031,   87,    0
 11752, 81064,20201101,  106,    0
 11752, 81064,20201102,  159,    0
 11752, 81064,20201103,  113,    0
 11752, 81064,20201104,   73,    0
 11752, 81064,20201105,   59,    0
 11752, 81064,20201106,   28,    0
 11752, 81064,20201107,   43,    0
 11752, 81064,20201108,   55,    0
 11752, 81064,20201109,   48,    0
 11752, 81064,20201110,   47,    0
 11752, 81064,20201111,   61,    0
 11752, 81064,20201112,   81,    0
 11752, 81064,20201113,   73,    0
 11752, 81064,20201114,   81,    0
 11752, 81064,20201115,   56,    0
 11752, 81064,20201116,   90,    0
 11752, 81064,20201117,   73,    0
 11752, 81064,20201118,   30,    0
 11752, 81064,20201119,   64,    0
 11752, 81064,20201120,   33,    0
 11752, 81064,20201121,  -15,    0
 11752, 81064,20201122,    5,    0
 11752, 81064,20201123,   40,    0
 11752, 81064,20201124,   45,    0
 11752, 81064,20201125,   -2,    0
 11752, 81064,20201126,    2,    0
 11752, 81064,20201127,   -4,    0
 11752, 81064,20201128,  -11,    0
 11752, 81064,20201129,   -3,    0
 11752, 81064,20201130,  -21,    0
 11752, 81064,20201201,    2,    0
 11752, 81064,20201202,  -17,    0
 11752, 81064,20201203,  -14,    0
 11752, 81064,20201204,  -23,    0
 11752, 81064,20201205,    3,    0
 11752, 81064,20201206,   11,    0
 11752, 81064,20201207,    9,    0
 11752, 81064,20201208,    1,    0
 11752, 81064,20201209,    3,    0
 11752, 81064,20201210,    1,    0
 11752, 81064,20201211,   -2,    0
 11752, 81064,20201212,   20,    0
 11752, 81064,20201213,   46,    0
 11752, 81064,20201214,    4,    0
 11752, 81064,20201215,   23,    0
 11752, 81064,20201216,   36,    0
 11752, 81064,20201217,   34,    0
 11752, 81064,20201218,   30,    0
 11752, 81064,20201219,   -4,    0
 11752, 81064,20201220,    2,    0
 11752, 81064,20201221,   35,    0
 11752, 81064,20201222,  105,    0
 11752, 81064,20201223,   99,    0
 11752, 81064,20201224,   66,    0
 11752, 81064,20201225,   13,    0
 11752, 81064,20201226,  -21,    0
 11752, 81064,20201227,  -28,    0
 11752, 81064,20201228,   -7,    0
 11752, 81064,20201229,   26,    0
 11752, 81064,20201230,    9,    0
 11752, 81064,20201231,    1,    0
 11752, 81064,20210101,    4,    0
 11752, 81064,20210102,    2,    0
 11752, 81064,20210103,   -5,    0
 11752, 81064,20210104,   -7,    0
 11752, 81064,20210105,   -7,    0
 11752, 81064,20210106,   -7,    0
 11752, 81064,20210107,   -6,    0
 11752, 81064,20210108,   -9,    0
 11752, 81064,20210109,  -30,    0
 11752, 81064,20210110,  -45,    0
 11752, 81064,20210111,  -54,    0
 11752, 81064,20210112,  -10,    0
 11752, 81064,20210113,    1,    0
 11752, 81064,20210114,   -2,    0
 11752, 81064,20210115,  -37,    0
 11752, 81064,20210116,  -31,    0
 11752, 81064,20210117,  -22,    0
 11752, 81064,20210118,    8,    0
 11752, 81064,20210119,   -6,    0
 11752, 81064,20210120,   -5,    0
 11752, 81064,20210121,   22,    0
 11752, 81064,20210122,   49,    0
 11752, 81064,20210123,    5,    0
 11752, 81064,20210124,  -10,    0
 11752, 81064,20210125,  -26,    0
 11752, 81064,20210126,   -5,    0
 11752, 81064,20210127,  -27,    0
 11752, 81064,20210128,   37,    0
 11752, 81064,20210129,   68,    0
 11752, 81064,20210130,   44,    0
 11752, 81064,20210131,    2,    0
 11752, 81064,20210201,   37,    0
 11752, 81064,20210202,   74,    0
 11752, 81064,20210203,   87,    0
 11752, 81064,20210204,   68,    0
 11752, 81064,20210205,   65,    0
 11752, 81064,20210206,   59,    0
 11752, 81064,20210207,   31,    0
 11752, 81064,20210208,   19,    0
 11752, 81064,20210209,  -12,    0
 11752, 81064,20210210,  -49,    0
 11752, 81064,20210211,  -97,    0
 11752, 81064,20210212,  -96,    0
 11752, 81064,20210213,  -88,    0
 11752, 81064,20210214,  -81,    0
 11752, 81064,20210215,  -53,    0
 11752, 81064,20210216,   34,    0
 11752, 81064,20210217,   53,    0
 11752, 81064,20210218,   19,    0
 11752, 81064,20210219,   58,    0
 11752, 81064,20210220,   35,    0
 11752, 81064,20210221,   23,    0
 11752, 81064,20210222,   32,    0
 11752, 81064,20210223,   47,    0
 11752, 81064,20210224,   70,    0
 11752, 81064,20210225,   70,    0
 11752, 81064,20210226,   74,    0
 11752, 81064,20210227,   35,    0
 11752, 81064,20210228,   19,    0
 11752, 81064,20210301,   28,    0
 11752, 81064,20210302,   36,    0
 11752, 81064,20210303,   32,    0
 11752, 81064,20210304,   78,    0
 11752, 81064,20210305,   25,    0
 11752, 81064,20210306,   -6,    0
 11752, 81064,20210307,    5,    0
 11752, 81064,20210308,    2,    0
 11752, 81064,20210309,   11,    0
 11752, 81064,20210310,   37,    0
 11752, 81064,20210311,   77,    0
 11752, 81064,20210312,   65,    0
 11752, 81064,20210313,   67,    0
 11752, 81064,20210314,   32,    0
 11752, 81064,20210315,   30,    0
 11752, 81064,20210316,   31,    0
 11752, 81064,20210317,   19,    0
 11752, 81064,20210318,   13,    0
 11752, 81064,20210319,   -3,    0
 11752, 81064,20210320,  -13,    0
 11752, 81064,20210321,   18,    0
 11752, 81064,20210322,   28,    0
 11752, 81064,20210323,   31,    0
 11752, 81064,20210324,   41,    0
 11752, 81064,20210325,   77,    0
 11752, 81064,20210326,   92,    0
 11752, 81064,20210327,   78,    0
 11752, 81064,20210328,   78,    0
 11752, 81064,20210329,   96,    0
 11752, 81064,20210330,  100,    0
 11752, 81064,20210331,  111,    0
 11752, 81064,20210401,  134,    0
 11752, 81064,20210402,   81,    0
 11752, 81064,20210403,   49,    0
 11752, 81064,20210404,   47,    0
 11752, 81064,20210405,   40,    0
 11752, 81064,20210406,    0,    0
 11752, 81064,20210407,    2,    0
 11752, 81064,20210408,   23,    0
 11752, 81064,20210409,   58,    0
 11752, 81064,20210410,  105,    0
 11752, 81064,20210411,  122,    0
 11752, 81064,20210412,   31,    0
 11752, 81064,20210413,   20,    0
 11752, 81064,20210414,   12,    0
 11752, 81064,20210415,   21,    0
 11752, 81064,20210416,   13,    0
 11752, 81064,20210417,   32,    0
 11752, 81064,20210418,   43,    0
 11752, 81064,20210419,   62,    0
 11752, 81064,20210420,   74,    0
 11752, 81064,20210421,   88,    0
 11752, 81064,20210422,   85,    0
 11752, 81064,20210423,   72,    0
 11752, 81064,20210424,   93,    0
 11752, 81064,20210425,   84,    0
 11752, 81064,20210426,   81,    0
 11752, 81064,20210427,   88,    0
 11752, 81064,20210428,  113,    0
 11752, 81064,20210429,  111,    0
 11752, 81064,20210430,   79,    0
 11752, 81064,20210501,   72,    0
 11752, 81064,20210502,   67,    0
 11752, 81064,20210503,   74,    0
 11752, 81064,20210504,   94,    0
 11752, 81064,20210505,   70,    0
 11752, 81064,20210506,   70,    0
 11752, 81064,20210507,   69,    0
 11752, 81064,20210508,   83,    0
 11752, 81064,20210509,  157,    0
 11752, 81064,20210510,  161,    0
 11752, 81064,20210511,  128,    0
 11752, 81064,20210512,  103,    0
 11752, 81064,20210513,  109,    0
 11752, 81064,20210514,  109,    0
 11752, 81064,20210515,  110,    0
 11752, 81064,20210516,  108,    0
 11752, 81064,20210517,   99,    0
 11752, 81064,20210518,   96,    0
 11752, 81064,20210519,  103,    0
 11752, 81064,20210520,  106,    0
 11752, 81064,20210521,  100,    0
 11752, 81064,20210522,  118,    0
 11752, 81064,20210523,  105,    0
 11752, 81064,20210524,  100,    0
 11752, 81064,20210525,  102,    0
 11752, 81064,20210526,   96,    0
 11752, 81064,20210527,  104,    0
 11752, 81064,20210528,  118,    0
 11752, 81064,20210529,  123,    0
 11752, 81064,20210530,  118,    0
 11752, 81064,20210531,  125,    0
 11752, 81064,20210601,  139,    0
 11752, 81064,20210602,  155,    0
 11752, 81064,20210603,  184,    0
 11752, 81064,20210604,  173,    0
 11752, 81064,20210605,  164,    0
 11752, 81064,20210606,  155,    0
 11752, 81064,20210607,  180,    0
 11752, 81064,20210608,  181,    0
 11752, 81064,20210609,  176,    0
 11752, 81064,20210610,  178,    0
 11752, 81064,20210611,  188,    0
 11752, 81064,20210612,  199,    0
 11752, 81064,20210613,  181,    0
 11752, 81064,20210614,  171,    0
 11752, 81064,20210615,  190,    0
 11752, 81064,20210616,  208,    0
 11752, 81064,20210617,  217,    0
 11752, 81064,20210618,  224,    0
 11752, 81064,20210619,  244,    0
 11752, 81064,20210620,  210,    0
 11752, 81064,20210621,  204,    0
 11752, 81064,20210622,  189,    0
 11752, 81064,20210623,  193,    0
 11752, 81064,20210624,  180,    0
 11752, 81064,20210625,  164,    0
 11752, 81064,20210626,  178,    0
 11752, 81064,20210627,  199,    0
 11752, 81064,20210628,  223,    0
 11752, 81064,20210629,  174,    0
 11752, 81064,20210630,  149,    0
 11752, 81064,20210701,  138,    0
 11752, 81064,20210702,  164,    0
 11752, 81064,20210703,  173,    0
 11752, 81064,20210704,  176,    0
 11752, 81064,20210705,  167,    0
 11752, 81064,20210706,  185,    0
 11752, 81064,20210707,  172,    0
 11752, 81064,20210708,  166,    0
 11752, 81064,20210709,  160,    0
 11752, 81064,20210710,  169,    0
 11752, 81064,20210711,  165,    0
 11752, 81064,20210712,  184,    0
 11752, 81064,20210713,  163,    0
 11752, 81064,20210714,  154,    0
 11752, 81064,20210715,  157,    0
 11752, 81064,20210716,  186,    0
 11752, 81064,20210717,  180,    0
 11752, 81064,20210718,  195,    0
 11752, 81064,20210719,  200,    0
 11752, 81064,20210720,  181,    0
 11752, 81064,20210721,  178,    0
 11752, 81064,20210722,  191,    0
 11752, 81064,20210723,  200,    0
 11752, 81064,20210724,  175,    0
 11752, 81064,20210725,  186,    0
 11752, 81064,20210726,  181,    0
 11752, 81064,20210727,  192,    0
 11752, 81064,20210728,  180,    0
 11752, 81064,20210729,  187,    0
 11752, 81064,20210730,  191,    0
 11752, 81064,20210731,  189,    0
 11752, 81064,20210801,  144,    0
 11752, 81064,20210802,  154,    0
 11752, 81064,20210803,  147,    0
 11752, 81064,20210804,  154,    0
 11752, 81064,20210805,  162,    0
 11752, 81064,20210806,  172,    0
 11752, 81064,20210807,  154,    0
 11752, 81064,20210808,  157,    0
 11752, 81064,20210809,  160,    0
 11752, 81064,20210810,  178,    0
 11752, 81064,20210811,  198,    0
 11752, 81064,20210812,  206,    0
 11752, 81064,20210813,  227,    0
 11752, 81064,20210814,  228,    0
 11752, 81064,20210815,  213,    0
 11752, 81064,20210816,  184,    0
 11752, 81064,20210817,  138,    0
 11752, 81064,20210818,  152,    0
 11752, 81064,20210819,  173,    0
 11752, 81064,20210820,  182,    0
 11752, 81064,20210821,  186,    0
 11752, 81064,20210822,  173,    0
 11752, 81064,20210823,  152,    0
 11752, 81064,20210824,  137,    0
 11752, 81064,20210825,  142,    0
 11752, 81064,20210826,  126,    0
 11752, 81064,20210827,  134,    0
 11752, 81064,20210828,  131,    0
 11752, 81064,20210829,  129,    0
 11752, 81064,20210830,  141,    0
 11752, 81064,20210831,  144,    0
 11752, 81064,20210901,  130,    0
 11752, 81064,20210902,  135,    0
 11752, 81064,20210903,  142,    0
 11752, 81064,20210904,  146,    0
 11752, 81064,20210905,  150,    0
 11752, 81064,20210906,  147,    0
 11752, 81064,20210907,  147,    0
 11752, 81064,20210908,  156,    0
 11752, 81064,20210909,  172,    0
 11752, 81064,20210910,  177,    0
 11752, 81064,20210911,  171,    0
 11752, 81064,20210912,  164,    0
 11752, 81064,20210913,  160,    0
 11752, 81064,20210914,  177,    0
 11752, 81064,20210915,  182,    0
 11752, 81064,20210916,  159,    0
 11752, 81064,20210917,  125,    0
 11752, 81064,20210918,  129,    0
 11752, 81064,20210919,  133,    0
 11752, 81064,20210920,  125,    0
 11752, 81064,20210921,  113,    0
 11752, 81064,20210922,   94,    0
 11752, 81064,20210923,  119,    0
 11752, 81064,20210924,  141,    0
 11752, 81064,20210925,  147,    0
 11752, 81064,20210926,  174,    0
 11752, 81064,20210927,  160,    0
 11752, 81064,20210928,  135,    0
 11752, 81064,20210929,  136,    0
 11752, 81064,20210930,   88,    0
 11752, 81064,20211001,   93,    0
 11752, 81064,20211002,  128,    0
 11752, 81064,20211003,  141,    0
 11752, 81064,20211004,  122,    0
 11752, 81064,20211005,  117,    0
 11752, 81064,20211006,  105,    0
 11752, 81064,20211007,  102,    0
 11752, 81064,20211008,  105,    0
 11752, 81064,20211009,   85,    0
 11752, 81064,20211010,   54,    0
 11752, 81064,20211011,   63,    0
 11752, 81064,20211012,   81,    0
 11752, 81064,20211013,   70,    0
 11752, 81064,20211014,   60,    0
 11752, 81064,20211015,   61,    0
 11752, 81064,20211016,   66,    0
 11752, 81064,20211017,   51,    0
 11752, 81064,20211018,   66,    0
 11752, 81064,20211019,   89,    0
 11752, 81064,20211020,  123,    0
 11752, 81064,20211021,  122,    0
 11752, 81064,20211022,   73,    0
 11752, 81064,20211023,   55,    0
 11752, 81064,20211024,   39,    0
 11752, 81064,20211025,   39,    0
 11752, 81064,20211026,   68,    0
 11752, 81064,20211027,   57,    0
 11752, 81064,20211028,   81,    0
 11752, 81064,20211029,   44,    0
 11752, 81064,20211030,   48,    0
 11752, 81064,20211031,   86,    0
 11752, 81064,20211101,   73,    0
 11752, 81064,20211102,   57,    0
 11752, 81064,20211103,   40,    0
 11752, 81064,20211104,   51,    0
 11752, 81064,20211105,   51,    0
 11752, 81064,20211106,   24,    0
 11752, 81064,20211107,   45,    0
 11752, 81064,20211108,   38,    0
 11752, 81064,20211109,   20,    0
 11752, 81064,20211110,    2,    0
 11752, 81064,20211111,   11,    0
 11752, 81064,20211112,   10,    0
 11752, 81064,20211113,   43,    0
 11752, 81064,20211114,   66,    0
 11752, 81064,20211115,   50,    0
 11752, 81064,20211116,   42,    0
 11752, 81064,20211117,   44,    0
 11752, 81064,20211118,   43,    0
 11752, 81064,20211119,   11,    0
 11752, 81064,20211120,   39,    0
 11752, 81064,20211121,   19,    0
 11752, 81064,20211122,   34,    0
 11752, 81064,20211123,   -3,    0
 11752, 81064,20211124,  -21,    0
 11752, 81064,20211125,   -7,    0
 11752, 81064,20211126,    2,    0
 11752, 81064,20211127,   11,    0
 11752, 81064,20211128,   -1,    0
 11752, 81064,20211129,    1,    0
 11752, 81064,20211130,    6,    0
 11752, 81064,20211201,   57,    0
 11752, 81064,20211202,   26,    0
 11752, 81064,20211203,    3,    0
 11752, 81064,20211204,   41,    0
 11752, 81064,20211205,   20,    0
 11752, 81064,20211206,    3,    0
 11752, 81064,20211207,    5,    0
 11752, 81064,20211208,   -5,    0
 11752, 81064,20211209,   12,    0
 11752, 81064,20211210,  -21,    0
 11752, 81064,20211211,    9,    0
 11752, 81064,20211212,   13,    0
 11752, 81064,20211213,   19,    0
 11752, 81064,20211214,   15,    0
 11752, 81064,20211215,   27,    0
 11752, 81064,20211216,   21,    0
 11752, 81064,20211217,   24,    0
 11752, 81064,20211218,    3,    0
 11752, 81064,20211219,   -6,    0
 11752, 81064,20211220,    2,    0
 11752, 81064,20211221,  -31,    0
 11752, 81064,20211222,  -50,    0
 11752, 81064,20211223,   -5,    0
 11752, 81064,20211224,   45,    0
 11752, 81064,20211225,   52,    0
 11752, 81064,20211226,   22,    0
 11752, 81064,20211227,   39,    0
 11752, 81064,20211228,   63,    0
 11752, 81064,20211229,   74,    0
 11752, 81064,20211230,  119,    0
 11752, 81064,20211231,   91,    0
 11752, 81064,20220101,   59,    0
 11752, 81064,20220102,   45,    0
 11752, 81064,20220103,   90,    0
 11752, 81064,20220104,   84,    0
 11752, 81064,20220105,   19,    0
 11752, 81064,20220106,    3,    0
 11752, 81064,20220107,   -6,    0
 11752, 81064,20220108,    6,    0
 11752, 81064,20220109,   22,    0
 11752, 81064,20220110,    4,    0
 11752, 81064,20220111,   10,    0
 11752, 81064,20220112,  -28,    0
 11752, 81064,20220113,  -44,    0
 11752, 81064,20220114,  -15,    0
 11752, 81064,20220115,  -26,    0
 11752, 81064,20220116,    4,    0
 11752, 81064,20220117,   28,    0
 11752, 81064,20220118,   26,    0
 11752, 81064,20220119,   19,    0
 11752, 81064,20220120,   13,    0
 11752, 81064,20220121,   -1,    0
 11752, 81064,20220122,   14,    0
 11752, 81064,20220123,   22,    0
 11752, 81064,20220124,    8,    0
 11752, 81064,20220125,  -11,    0
 11752, 81064,20220126,  -19,    0
 11752, 81064,20220127,   -3,    0
 11752, 81064,20220128,   30,    0
 11752, 81064,20220129,   36,    0
 11752, 81064,20220130,   39,    0
 11752, 81064,20220131,   17,    0
 11752, 81064,20220201,   15,    0
 11752, 81064,20220202,   47,    0
 11752, 81064,20220203,   56,    0
 11752, 81064,20220204,   48,    0
 11752, 81064,20220205,   25,    0
 11752, 81064,20220206,   34,    0
 11752, 81064,20220207,   17,    0
 11752, 81064,20220208,   35,    0
 11752, 81064,20220209,   35,    0
 11752, 81064,20220210,   38,    0
 11752, 81064,20220211,   27,    0
 11752, 81064,20220212,  -13,    0
 11752, 81064,20220213,   15,    0
 11752, 81064,20220214,   26,    0
 11752, 81064,20220215,   43,    0
 11752, 81064,20220216,   58,    0
 11752, 81064,20220217,   99,    0
 11752, 81064,20220218,   89,    0
 11752, 81064,20220219,   52,    0
 11752, 81064,20220220,   70,    0
 11752, 81064,20220221,   51,    0
 11752, 81064,20220222,   52,    0
 11752, 81064,20220223,   50,    0
 11752, 81064,20220224,   48,    0
 11752, 81064,20220225,   22,    0
 11752, 81064,20220226,   17,    0
 11752, 81064,20220227,    9,    0
 11752, 81064,20220228,    2,    0
 11752, 81064,20220301,  -13,    0
 11752, 81064,20220302,  -13,    0
 11752, 81064,20220303,    6,    0
 11752, 81064,20220304,   -4,    0
 11752, 81064,20220305,   -4,    0
 11752, 81064,20220306,   -4,    0
 11752, 81064,20220307,  -11,    0
 11752, 81064,20220308,   -5,    0
 11752, 81064,20220309,    6,    0
 11752, 81064,20220310,   28,    0
 11752, 81064,20220311,   26,    0
 11752, 81064,20220312,   30,    0
 11752, 81064,20220313,   42,    0
 11752, 81064,20220314,   73,    0
 11752, 81064,20220315,   55,    0
 11752, 81064,20220316,   71,    0
 11752, 81064,20220317,   57,    0
 11752, 81064,20220318,   76,    0
 11752, 81064,20220319,   50,    0
 11752, 81064,20220320,   57,    0
 11752, 81064,20220321,   40,    0
 11752, 81064,20220322,   50,    0
 11752, 81064,20220323,   68,    0
 11752, 81064,20220324,   76,    0
 11752, 81064,20220325,   78,    0
 11752, 81064,20220326,   82,    0
 11752, 81064,20220327,   78,    0
 11752, 81064,20220328,   95,    0
 11752, 81064,20220329,  105,    0
 11752, 81064,20220330,   87,    0
 11752, 81064,20220331,   64,    0
 11752, 81064,20220401,   13,    0
 11752, 81064,20220402,   -8,    0
 11752, 81064,20220403,   -6,    0
 11752, 81064,20220404,   14,    0
 11752, 81064,20220405,   61,    0
 11752, 81064,20220406,  109,    0
 11752, 81064,20220407,  101,    0
 11752, 81064,20220408,   88,    0
 11752, 81064,20220409,   38,    0
 11752, 81064,20220410,   38,    0
 11752, 81064,20220411,   56,    0
 11752, 81064,20220412,   96,    0
 11752, 81064,20220413,  125,    0
 11752, 81064,20220414,  141,    0
 11752, 81064,20220415,  135,    0
 11752, 81064,20220416,   77,    0
 11752, 81064,20220417,   60,    0
 11752, 81064,20220418,   67,    0
 11752, 81064,20220419,   89,    0
 11752, 81064,20220420,   65,    0
 11752, 81064,20220421,   78,    0
 11752, 81064,20220422,   98,    0
 11752, 81064,20220423,   99,    0
 11752, 81064,20220424,   89,    0
 11752, 81064,20220425,   98,    0
 11752, 81064,20220426,   79,    0
 11752, 81064,20220427,   86,    0
 11752, 81064,20220428,   93,    0
 11752, 81064,20220429,  100,    0
 11752, 81064,20220430,   89,    0
 11752, 81064,20220501,   86,    0
 11752, 81064,20220502,  107,    0
 11752, 81064,20220503,  121,    0
 11752, 81064,20220504,  133,    0
 11752, 81064,20220505,  125,    0
 11752, 81064,20220506,  126,    0
 11752, 81064,20220507,  124,    0
 11752, 81064,20220508,  124,    0
 11752, 81064,20220509,  143,    0
 11752, 81064,20220510,  160,    0
 11752, 81064,20220511,  194,    0
 11752, 81064,20220512,  189,    0
 11752, 81064,20220513,  158,    0
 11752, 81064,20220514,  148,    0
 11752, 81064,20220515,  158,    0
 11752, 81064,20220516,  153,    0
 11752, 81064,20220517,  169,    0
 11752, 81064,20220518,  177,    0
 11752, 81064,20220519,  189,    0
 11752, 81064,20220520,  217,    0
 11752, 81064,20220521,  169,    0
 11752, 81064,20220522,  158,    0
 11752, 81064,20220523,  161,    0
 11752, 81064,20220524,  148,    0
 11752, 81064,20220525,  146,    0
 11752, 81064,20220526,  144,    0
 11752, 81064,20220527,  141,    0
 11752, 81064,20220528,  119,    0
 11752, 81064,20220529,   89,    0
 11752, 81064,20220530,   97,    0
 11752, 81064,20220531,  131,    0
 11752, 81064,20220601,  152,    0
 11752, 81064,20220602,  152,    0
 11752, 81064,20220603,  172,    0
 11752, 81064,20220604,  187,    0
 11752, 81064,20220605,  172,    0
 11752, 81064,20220606,  180,    0
 11752, 81064,20220607,  159,    0
 11752, 81064,20220608,  161,    0
 11752, 81064,20220609,  150,    0
 11752, 81064,20220610,  161,    0
 11752, 81064,20220611,  177,    0
 11752, 81064,20220612,  205,    0
 11752, 81064,20220613,  172,    0
 11752, 81064,20220614,  160,    0
 11752, 81064,20220615,  194,    0
 11752, 81064,20220616,  205,    0
 11752, 81064,20220617,  188,    0
 11752, 81064,20220618,  221,    0
 11752, 81064,20220619,  246,    0
 11752, 81064,20220620,  218,    0
 11752, 81064,20220621,  181,    0
 11752, 81064,20220622,  193,    0
 11752, 81064,20220623,  221,    0
 11752, 81064,20220624,  186,    0
 11752, 81064,20220625,  187,    0
 11752, 81064,20220626,  212,    0
 11752, 81064,20220627,  199,    0
 11752, 81064,20220628,  183,    0
 11752, 81064,20220629,  197,    0
 11752, 81064,20220630,  214,    0
 11752, 81064,20220701,  140,    0
 11752, 81064,20220702,  166,    0
 11752, 81064,20220703,  209,    0
 11752, 81064,20220704,  205,    0
 11752, 81064,20220705,  204,    0
 11752, 81064,20220706,  181,    0
 11752, 81064,20220707,  157,    0
 11752, 81064,20220708,  158,    0
 11752, 81064,20220709,  174,    0
 11752, 81064,20220710,  153,    0
 11752, 81064,20220711,  152,    0
 11752, 81064,20220712,  177,    0
 11752, 81064,20220713,  206,    0
 11752, 81064,20220714,  246,    0
 11752, 81064,20220715,  196,    0
 11752, 81064,20220716,  177,    0
 11752, 81064,20220717,  183,    0
 11752, 81064,20220718,  205,    0
 11752, 81064,20220719,  229,    0
 11752, 81064,20220720,  239,    0
 11752, 81064,20220721,  214,    0
 11752, 81064,20220722,  227,    0
 11752, 81064,20220723,  217,    0
 11752, 81064,20220724,  228,    0
 11752, 81064,20220725,  245,    0
 11752, 81064,20220726,  213,    0
 11752, 81064,20220727,  197,    0
 11752, 81064,20220728,  209,    0
 11752, 81064,20220729,  188,    0
 11752, 81064,20220730,  200,    0
 11752, 81064,20220731,  206,    0
 11752, 81064,20220801,  206,    0
 11752, 81064,20220802,  205,    0
 11752, 81064,20220803,  222,    0
 11752, 81064,20220804,  239,    0
 11752, 81064,20220805,  242,    0
 11752, 81064,20220806,  177,    0
 11752, 81064,20220807,  183,    0
 11752, 81064,20220808,  184,    0
 11752, 81064,20220809,  192,    0
 11752, 81064,20220810,  192,    0
 11752, 81064,20220811,  193,    0
 11752, 81064,20220812,  189,    0
 11752, 81064,20220813,  181,    0
 11752, 81064,20220814,  201,    0
 11752, 81064,20220815,  205,    0
 11752, 81064,20220816,  195,    0
 11752, 81064,20220817,  209,    0
 11752, 81064,20220818,  200,    0
 11752, 81064,20220819,  172,    0
 11752, 81064,20220820,  183,    0
 11752, 81064,20220821,  182,    0
 11752, 81064,20220822,  174,    0
 11752, 81064,20220823,  175,    0
 11752, 81064,20220824,  180,    0
 11752, 81064,20220825,  204,    0
 11752, 81064,20220826,  202,    0
 11752, 81064,20220827,  183,    0
 11752, 81064,20220828,  182,    0
 11752, 81064,20220829,  178,    0
 11752, 81064,20220830,  190,    0
 11752, 81064,20220831,  165,    0
 11752, 81064,20220901,  160,    0
 11752, 81064,20220902,  153,    0
 11752, 81064,20220903,  157,    0
 11752, 81064,20220904,  173,    0
 11752, 81064,20220905,  177,    0
 11752, 81064,20220906,  183,    0
 11752, 81064,20220907,  205,    0
 11752, 81064,20220908,  165,    0
 11752, 81064,20220909,  155,    0
 11752, 81064,20220910,  143,    0
 11752, 81064,20220911,  147,    0
 11752, 81064,20220912,  138,    0
 11752, 81064,20220913,  165,    0
 11752, 81064,20220914,  184,    0
 11752, 81064,20220915,  155,    0
 11752, 81064,20220916,  113,    0
 11752, 81064,20220917,   94,    0
 11752, 81064,20220918,  100,    0
 11752, 81064,20220919,   94,    0
 11752, 81064,20220920,   94,    0
 11752, 81064,20220921,   78,    0
 11752, 81064,20220922,   80,    0
 11752, 81064,20220923,   85,    0
 11752, 81064,20220924,  108,    0
 11752, 81064,20220925,  120,    0
 11752, 81064,20220926,  115,    0
 11752, 81064,20220927,   95,    0
 11752, 81064,20220928,   85,    0
 11752, 81064,20220929,   81,    0
 11752, 81064,20220930,   73,    0
 11752, 81064,20221001,   90,    0
 11752, 81064,20221002,  128,    0
 11752, 81064,20221003,   88,    0
 11752, 81064,20221004,   74,    0
 11752, 81064,20221005,  123,    0
 11752, 81064,20221006,  129,    0
 11752, 81064,20221007,  128,    0
 11752, 81064,20221008,  106,    0
 11752, 81064,20221009,   85,    0
 11752, 81064,20221010,  121,    0
 11752, 81064,20221011,  129,    0
 11752, 81064,20221012,  120,    0
 11752, 81064,20221013,  121,    0
 11752, 81064,20221014,  135,    0
 11752, 81064,20221015,  154,    0
 11752, 81064,20221016,  144,    0
 11752, 81064,20221017,  130,    0
 11752, 81064,20221018,  144,    0
 11752, 81064,20221019,  128,    0
 11752, 81064,20221020,  106,    0
 11752, 81064,20221021,  128,    0
 11752, 81064,20221022,  130,    0
 11752, 81064,20221023,  116,    0
 11752, 81064,20221024,  138,    0
 11752, 81064,20221025,  114,    0
 11752, 81064,20221026,  125,    0
 11752, 81064,20221027,   99,    0
 11752, 81064,20221028,  120,    0
 11752, 81064,20221029,  137,    0
 11752, 81064,20221030,  116,    0
 11752, 81064,20221031,   94,    0
