EUROPEAN CLIMATE ASSESSMENT & DATASET (ECA&D), file created on: 16-11-2022
THESE DATA CAN BE USED FOR NON-COMMERCIAL RESEARCH AND EDUCATION PROVIDED THAT THE FOLLOWING SOURCE IS ACKNOWLEDGED: 

Klein Tank, A.M.G. and Coauthors, 2002. Daily dataset of 20th-century surface
air temperature and precipitation series for the European Climate Assessment.
Int. J. of Climatol., 22, 1441-1453.
Data and metadata available at http://www.ecad.eu

FILE FORMAT (MISSING VALUE CODE = -9999):

01-06 STAID: Station identifier
08-13 SOUID: Source identifier
15-22 DATE : Date YYYYMMDD
24-28 TG   : Mean temperature in 0.1 &#176;C
30-34 Q_TG : quality code for TG (0='valid'; 1='suspect'; 9='missing')

This is the blended series of station JOSTEDALEN - BREHEIMSENTERET, NORWAY (STAID: 18219)
Blended and updated with sources:99432 
See files sources.txt and stations.txt for more info.

STAID, SOUID,    DATE,   TG, Q_TG
 18219, 99432,20151001,-9999,    9
 18219, 99432,20151002,-9999,    9
 18219, 99432,20151003,-9999,    9
 18219, 99432,20151004,-9999,    9
 18219, 99432,20151005,-9999,    9
 18219, 99432,20151006,-9999,    9
 18219, 99432,20151007,-9999,    9
 18219, 99432,20151008,-9999,    9
 18219, 99432,20151009,   62,    0
 18219, 99432,20151010,   57,    0
 18219, 99432,20151011,   52,    0
 18219, 99432,20151012,   57,    0
 18219, 99432,20151013,   34,    0
 18219, 99432,20151014,    1,    0
 18219, 99432,20151015,   13,    0
 18219, 99432,20151016,   -5,    0
 18219, 99432,20151017,  -14,    0
 18219, 99432,20151018,  -14,    0
 18219, 99432,20151019,  -20,    0
 18219, 99432,20151020,    3,    0
 18219, 99432,20151021,   43,    0
 18219, 99432,20151022,   65,    0
 18219, 99432,20151023,   82,    0
 18219, 99432,20151024,   68,    0
 18219, 99432,20151025,   41,    0
 18219, 99432,20151026,   32,    0
 18219, 99432,20151027,   38,    0
 18219, 99432,20151028,    1,    0
 18219, 99432,20151029,  -15,    0
 18219, 99432,20151030,   29,    0
 18219, 99432,20151031,   58,    0
 18219, 99432,20151101,   97,    0
 18219, 99432,20151102,   94,    0
 18219, 99432,20151103,   69,    0
 18219, 99432,20151104,   64,    0
 18219, 99432,20151105,   54,    0
 18219, 99432,20151106,   63,    0
 18219, 99432,20151107,   56,    0
 18219, 99432,20151108,   45,    0
 18219, 99432,20151109,   33,    0
 18219, 99432,20151110,   35,    0
 18219, 99432,20151111,   25,    0
 18219, 99432,20151112,   17,    0
 18219, 99432,20151113,   21,    0
 18219, 99432,20151114,    7,    0
 18219, 99432,20151115,    3,    0
 18219, 99432,20151116,   -4,    0
 18219, 99432,20151117,    4,    0
 18219, 99432,20151118,    0,    0
 18219, 99432,20151119,  -43,    0
 18219, 99432,20151120,  -85,    0
 18219, 99432,20151121, -112,    0
 18219, 99432,20151122, -128,    0
 18219, 99432,20151123,  -63,    0
 18219, 99432,20151124,  -23,    0
 18219, 99432,20151125,  -11,    0
 18219, 99432,20151126,  -13,    0
 18219, 99432,20151127,   22,    0
 18219, 99432,20151128,   11,    0
 18219, 99432,20151129,    0,    0
 18219, 99432,20151130,   -2,    0
 18219, 99432,20151201,  -11,    0
 18219, 99432,20151202,  -20,    0
 18219, 99432,20151203,  -13,    0
 18219, 99432,20151204,  -11,    0
 18219, 99432,20151205,   20,    0
 18219, 99432,20151206,   14,    0
 18219, 99432,20151207,   -4,    0
 18219, 99432,20151208,   -6,    0
 18219, 99432,20151209,   13,    0
 18219, 99432,20151210,   14,    0
 18219, 99432,20151211,    6,    0
 18219, 99432,20151212,  -14,    0
 18219, 99432,20151213,  -68,    0
 18219, 99432,20151214,  -65,    0
 18219, 99432,20151215,  -54,    0
 18219, 99432,20151216, -115,    0
 18219, 99432,20151217,  -22,    0
 18219, 99432,20151218,    7,    0
 18219, 99432,20151219,   12,    0
 18219, 99432,20151220,   20,    0
 18219, 99432,20151221,   21,    0
 18219, 99432,20151222,    9,    0
 18219, 99432,20151223,   13,    0
 18219, 99432,20151224,   34,    0
 18219, 99432,20151225,   14,    0
 18219, 99432,20151226,  -56,    0
 18219, 99432,20151227,  -94,    0
 18219, 99432,20151228, -106,    0
 18219, 99432,20151229,  -69,    0
 18219, 99432,20151230,   38,    0
 18219, 99432,20151231,   29,    0
 18219, 99432,20160101,    6,    0
 18219, 99432,20160102,  -29,    0
 18219, 99432,20160103, -128,    0
 18219, 99432,20160104, -168,    0
 18219, 99432,20160105, -168,    0
 18219, 99432,20160106, -173,    0
 18219, 99432,20160107, -159,    0
 18219, 99432,20160108, -187,    0
 18219, 99432,20160109, -194,    0
 18219, 99432,20160110, -113,    0
 18219, 99432,20160111, -103,    0
 18219, 99432,20160112,  -98,    0
 18219, 99432,20160113,  -70,    0
 18219, 99432,20160114,  -81,    0
 18219, 99432,20160115,  -61,    0
 18219, 99432,20160116, -127,    0
 18219, 99432,20160117, -143,    0
 18219, 99432,20160118, -106,    0
 18219, 99432,20160119, -133,    0
 18219, 99432,20160120, -144,    0
 18219, 99432,20160121, -175,    0
 18219, 99432,20160122, -116,    0
 18219, 99432,20160123,  -26,    0
 18219, 99432,20160124,   -2,    0
 18219, 99432,20160125,    5,    0
 18219, 99432,20160126,   21,    0
 18219, 99432,20160127,    2,    0
 18219, 99432,20160128,   -2,    0
 18219, 99432,20160129,   19,    0
 18219, 99432,20160130,   -4,    0
 18219, 99432,20160131,  -24,    0
 18219, 99432,20160201,  -29,    0
 18219, 99432,20160202,   -8,    0
 18219, 99432,20160203,  -35,    0
 18219, 99432,20160204,  -27,    0
 18219, 99432,20160205,  -34,    0
 18219, 99432,20160206,   -2,    0
 18219, 99432,20160207,    4,    0
 18219, 99432,20160208,    3,    0
 18219, 99432,20160209,    4,    0
 18219, 99432,20160210,   10,    0
 18219, 99432,20160211,  -47,    0
 18219, 99432,20160212,  -86,    0
 18219, 99432,20160213, -139,    0
 18219, 99432,20160214, -177,    0
 18219, 99432,20160215, -144,    0
 18219, 99432,20160216,  -90,    0
 18219, 99432,20160217,    0,    0
 18219, 99432,20160218,  -89,    0
 18219, 99432,20160219,  -45,    0
 18219, 99432,20160220,    8,    0
 18219, 99432,20160221,   -2,    0
 18219, 99432,20160222,   -9,    0
 18219, 99432,20160223,  -42,    0
 18219, 99432,20160224,  -40,    0
 18219, 99432,20160225,  -37,    0
 18219, 99432,20160226,  -17,    0
 18219, 99432,20160227,  -33,    0
 18219, 99432,20160228,  -47,    0
 18219, 99432,20160229,  -24,    0
 18219, 99432,20160301,  -29,    0
 18219, 99432,20160302,  -37,    0
 18219, 99432,20160303,  -43,    0
 18219, 99432,20160304,  -17,    0
 18219, 99432,20160305,  -23,    0
 18219, 99432,20160306,  -63,    0
 18219, 99432,20160307,  -44,    0
 18219, 99432,20160308, -108,    0
 18219, 99432,20160309,  -39,    0
 18219, 99432,20160310,  -24,    0
 18219, 99432,20160311,  -42,    0
 18219, 99432,20160312,  -49,    0
 18219, 99432,20160313,    2,    0
 18219, 99432,20160314,   22,    0
 18219, 99432,20160315,    8,    0
 18219, 99432,20160316,   -6,    0
 18219, 99432,20160317,   19,    0
 18219, 99432,20160318,   45,    0
 18219, 99432,20160319,   35,    0
 18219, 99432,20160320,   39,    0
 18219, 99432,20160321,   19,    0
 18219, 99432,20160322,   25,    0
 18219, 99432,20160323,   -3,    0
 18219, 99432,20160324,  -18,    0
 18219, 99432,20160325,   15,    0
 18219, 99432,20160326,   27,    0
 18219, 99432,20160327,   44,    0
 18219, 99432,20160328,   38,    0
 18219, 99432,20160329,   49,    0
 18219, 99432,20160330,   -9,    0
 18219, 99432,20160331,   -3,    0
 18219, 99432,20160401,    6,    0
 18219, 99432,20160402,   16,    0
 18219, 99432,20160403,   26,    0
 18219, 99432,20160404,   32,    0
 18219, 99432,20160405,   27,    0
 18219, 99432,20160406,   26,    0
 18219, 99432,20160407,   35,    0
 18219, 99432,20160408,   28,    0
 18219, 99432,20160409,   12,    0
 18219, 99432,20160410,   -1,    0
 18219, 99432,20160411,   10,    0
 18219, 99432,20160412,   10,    0
 18219, 99432,20160413,   18,    0
 18219, 99432,20160414,   46,    0
 18219, 99432,20160415,   26,    0
 18219, 99432,20160416,   21,    0
 18219, 99432,20160417,   19,    0
 18219, 99432,20160418,   28,    0
 18219, 99432,20160419,   38,    0
 18219, 99432,20160420,   41,    0
 18219, 99432,20160421,   33,    0
 18219, 99432,20160422,   23,    0
 18219, 99432,20160423,   11,    0
 18219, 99432,20160424,    6,    0
 18219, 99432,20160425,   -1,    0
 18219, 99432,20160426,   14,    0
 18219, 99432,20160427,   11,    0
 18219, 99432,20160428,   29,    0
 18219, 99432,20160429,   43,    0
 18219, 99432,20160430,   54,    0
 18219, 99432,20160501,   43,    0
 18219, 99432,20160502,   33,    0
 18219, 99432,20160503,   49,    0
 18219, 99432,20160504,   76,    0
 18219, 99432,20160505,   55,    0
 18219, 99432,20160506,   66,    0
 18219, 99432,20160507,   67,    0
 18219, 99432,20160508,   94,    0
 18219, 99432,20160509,   90,    0
 18219, 99432,20160510,   94,    0
 18219, 99432,20160511,   94,    0
 18219, 99432,20160512,   76,    0
 18219, 99432,20160513,   52,    0
 18219, 99432,20160514,   66,    0
 18219, 99432,20160515,   73,    0
 18219, 99432,20160516,   73,    0
 18219, 99432,20160517,   87,    0
 18219, 99432,20160518,   71,    0
 18219, 99432,20160519,   86,    0
 18219, 99432,20160520,   73,    0
 18219, 99432,20160521,  100,    0
 18219, 99432,20160522,   78,    0
 18219, 99432,20160523,  111,    0
 18219, 99432,20160524,  115,    0
 18219, 99432,20160525,  125,    0
 18219, 99432,20160526,  114,    0
 18219, 99432,20160527,  124,    0
 18219, 99432,20160528,   96,    0
 18219, 99432,20160529,  114,    0
 18219, 99432,20160530,  115,    0
 18219, 99432,20160531,  139,    0
 18219, 99432,20160601,  157,    0
 18219, 99432,20160602,  166,    0
 18219, 99432,20160603,  162,    0
 18219, 99432,20160604,  158,    0
 18219, 99432,20160605,  157,    0
 18219, 99432,20160606,  155,    0
 18219, 99432,20160607,  150,    0
 18219, 99432,20160608,  124,    0
 18219, 99432,20160609,  114,    0
 18219, 99432,20160610,  108,    0
 18219, 99432,20160611,  118,    0
 18219, 99432,20160612,  130,    0
 18219, 99432,20160613,  138,    0
 18219, 99432,20160614,  146,    0
 18219, 99432,20160615,  138,    0
 18219, 99432,20160616,  138,    0
 18219, 99432,20160617,  161,    0
 18219, 99432,20160618,  142,    0
 18219, 99432,20160619,  113,    0
 18219, 99432,20160620,  100,    0
 18219, 99432,20160621,  119,    0
 18219, 99432,20160622,  114,    0
 18219, 99432,20160623,  131,    0
 18219, 99432,20160624,  129,    0
 18219, 99432,20160625,  135,    0
 18219, 99432,20160626,  113,    0
 18219, 99432,20160627,  128,    0
 18219, 99432,20160628,  114,    0
 18219, 99432,20160629,  129,    0
 18219, 99432,20160630,  115,    0
 18219, 99432,20160701,  109,    0
 18219, 99432,20160702,  105,    0
 18219, 99432,20160703,  106,    0
 18219, 99432,20160704,  118,    0
 18219, 99432,20160705,  129,    0
 18219, 99432,20160706,  127,    0
 18219, 99432,20160707,  111,    0
 18219, 99432,20160708,  133,    0
 18219, 99432,20160709,  126,    0
 18219, 99432,20160710,  129,    0
 18219, 99432,20160711,  140,    0
 18219, 99432,20160712,  151,    0
 18219, 99432,20160713,  152,    0
 18219, 99432,20160714,  155,    0
 18219, 99432,20160715,  148,    0
 18219, 99432,20160716,  108,    0
 18219, 99432,20160717,  100,    0
 18219, 99432,20160718,  127,    0
 18219, 99432,20160719,   93,    0
 18219, 99432,20160720,  154,    0
 18219, 99432,20160721,  175,    0
 18219, 99432,20160722,  185,    0
 18219, 99432,20160723,  171,    0
 18219, 99432,20160724,  175,    0
 18219, 99432,20160725,  151,    0
 18219, 99432,20160726,  129,    0
 18219, 99432,20160727,  118,    0
 18219, 99432,20160728,  119,    0
 18219, 99432,20160729,  116,    0
 18219, 99432,20160730,  123,    0
 18219, 99432,20160731,  110,    0
 18219, 99432,20160801,  104,    0
 18219, 99432,20160802,  110,    0
 18219, 99432,20160803,  120,    0
 18219, 99432,20160804,  132,    0
 18219, 99432,20160805,  150,    0
 18219, 99432,20160806,  126,    0
 18219, 99432,20160807,  104,    0
 18219, 99432,20160808,  110,    0
 18219, 99432,20160809,  104,    0
 18219, 99432,20160810,   90,    0
 18219, 99432,20160811,   82,    0
 18219, 99432,20160812,   65,    0
 18219, 99432,20160813,   98,    0
 18219, 99432,20160814,  128,    0
 18219, 99432,20160815,  129,    0
 18219, 99432,20160816,  143,    0
 18219, 99432,20160817,  137,    0
 18219, 99432,20160818,  137,    0
 18219, 99432,20160819,  129,    0
 18219, 99432,20160820,  134,    0
 18219, 99432,20160821,  143,    0
 18219, 99432,20160822,  134,    0
 18219, 99432,20160823,  133,    0
 18219, 99432,20160824,  116,    0
 18219, 99432,20160825,  127,    0
 18219, 99432,20160826,  113,    0
 18219, 99432,20160827,  115,    0
 18219, 99432,20160828,  119,    0
 18219, 99432,20160829,  109,    0
 18219, 99432,20160830,   90,    0
 18219, 99432,20160831,  111,    0
 18219, 99432,20160901,  109,    0
 18219, 99432,20160902,   95,    0
 18219, 99432,20160903,  104,    0
 18219, 99432,20160904,  101,    0
 18219, 99432,20160905,   91,    0
 18219, 99432,20160906,  128,    0
 18219, 99432,20160907,  129,    0
 18219, 99432,20160908,  118,    0
 18219, 99432,20160909,  124,    0
 18219, 99432,20160910,  119,    0
 18219, 99432,20160911,   99,    0
 18219, 99432,20160912,  102,    0
 18219, 99432,20160913,  131,    0
 18219, 99432,20160914,  127,    0
 18219, 99432,20160915,  135,    0
 18219, 99432,20160916,  132,    0
 18219, 99432,20160917,  135,    0
 18219, 99432,20160918,  129,    0
 18219, 99432,20160919,  120,    0
 18219, 99432,20160920,  101,    0
 18219, 99432,20160921,  116,    0
 18219, 99432,20160922,  107,    0
 18219, 99432,20160923,   96,    0
 18219, 99432,20160924,   70,    0
 18219, 99432,20160925,  100,    0
 18219, 99432,20160926,  109,    0
 18219, 99432,20160927,   80,    0
 18219, 99432,20160928,   78,    0
 18219, 99432,20160929,   61,    0
 18219, 99432,20160930,   52,    0
 18219, 99432,20161001,   55,    0
 18219, 99432,20161002,   19,    0
 18219, 99432,20161003,   12,    0
 18219, 99432,20161004,   17,    0
 18219, 99432,20161005,   10,    0
 18219, 99432,20161006,    8,    0
 18219, 99432,20161007,   20,    0
 18219, 99432,20161008,    9,    0
 18219, 99432,20161009,   -4,    0
 18219, 99432,20161010,    4,    0
 18219, 99432,20161011,    1,    0
 18219, 99432,20161012,  -17,    0
 18219, 99432,20161013,  -24,    0
 18219, 99432,20161014,  -15,    0
 18219, 99432,20161015,  -12,    0
 18219, 99432,20161016,   20,    0
 18219, 99432,20161017,   42,    0
 18219, 99432,20161018,   44,    0
 18219, 99432,20161019,   16,    0
 18219, 99432,20161020,   14,    0
 18219, 99432,20161021,   23,    0
 18219, 99432,20161022,   23,    0
 18219, 99432,20161023,    9,    0
 18219, 99432,20161024,   21,    0
 18219, 99432,20161025,   18,    0
 18219, 99432,20161026,   19,    0
 18219, 99432,20161027,   45,    0
 18219, 99432,20161028,   26,    0
 18219, 99432,20161029,   17,    0
 18219, 99432,20161030,    8,    0
 18219, 99432,20161031,   28,    0
 18219, 99432,20161101,   27,    0
 18219, 99432,20161102,  -13,    0
 18219, 99432,20161103,  -37,    0
 18219, 99432,20161104,  -21,    0
 18219, 99432,20161105,  -18,    0
 18219, 99432,20161106, -104,    0
 18219, 99432,20161107, -168,    0
 18219, 99432,20161108, -178,    0
 18219, 99432,20161109, -159,    0
 18219, 99432,20161110, -119,    0
 18219, 99432,20161111,  -94,    0
 18219, 99432,20161112,  -50,    0
 18219, 99432,20161113,   -5,    0
 18219, 99432,20161114,    3,    0
 18219, 99432,20161115,   22,    0
 18219, 99432,20161116,   17,    0
 18219, 99432,20161117,    7,    0
 18219, 99432,20161118,   -3,    0
 18219, 99432,20161119,  -23,    0
 18219, 99432,20161120,  -28,    0
 18219, 99432,20161121,  -22,    0
 18219, 99432,20161122,   -5,    0
 18219, 99432,20161123,    3,    0
 18219, 99432,20161124,    0,    0
 18219, 99432,20161125,   22,    0
 18219, 99432,20161126,   41,    0
 18219, 99432,20161127,   13,    0
 18219, 99432,20161128,  -58,    0
 18219, 99432,20161129,  -30,    0
 18219, 99432,20161130,  -13,    0
 18219, 99432,20161201,  -11,    0
 18219, 99432,20161202,  -44,    0
 18219, 99432,20161203,  -19,    0
 18219, 99432,20161204,    1,    0
 18219, 99432,20161205,   14,    0
 18219, 99432,20161206,  -69,    0
 18219, 99432,20161207,  -27,    0
 18219, 99432,20161208,   15,    0
 18219, 99432,20161209,   32,    0
 18219, 99432,20161210,   10,    0
 18219, 99432,20161211,    4,    1
 18219, 99432,20161212,  -46,    0
 18219, 99432,20161213,  -24,    0
 18219, 99432,20161214, -105,    0
 18219, 99432,20161215,  -30,    0
 18219, 99432,20161216,    4,    0
 18219, 99432,20161217,    6,    0
 18219, 99432,20161218,    1,    0
 18219, 99432,20161219,    8,    0
 18219, 99432,20161220,   18,    0
 18219, 99432,20161221,   37,    0
 18219, 99432,20161222,    8,    0
 18219, 99432,20161223,    3,    0
 18219, 99432,20161224,    4,    0
 18219, 99432,20161225,   21,    0
 18219, 99432,20161226,    6,    0
 18219, 99432,20161227,    7,    0
 18219, 99432,20161228,  -10,    0
 18219, 99432,20161229,   22,    0
 18219, 99432,20161230,   42,    0
 18219, 99432,20161231,   22,    0
 18219, 99432,20170101,  -11,    0
 18219, 99432,20170102,  -47,    0
 18219, 99432,20170103,  -28,    0
 18219, 99432,20170104,  -29,    0
 18219, 99432,20170105, -158,    0
 18219, 99432,20170106,  -99,    0
 18219, 99432,20170107,  -50,    0
 18219, 99432,20170108,  -38,    0
 18219, 99432,20170109,   -4,    0
 18219, 99432,20170110,    7,    0
 18219, 99432,20170111,    6,    0
 18219, 99432,20170112,   -8,    0
 18219, 99432,20170113,  -61,    0
 18219, 99432,20170114,  -85,    0
 18219, 99432,20170115, -124,    0
 18219, 99432,20170116, -136,    0
 18219, 99432,20170117,  -54,    0
 18219, 99432,20170118,    6,    0
 18219, 99432,20170119,   46,    0
 18219, 99432,20170120,   29,    0
 18219, 99432,20170121,    7,    0
 18219, 99432,20170122,    3,    0
 18219, 99432,20170123,   -4,    0
 18219, 99432,20170124,    4,    0
 18219, 99432,20170125,   18,    0
 18219, 99432,20170126,    1,    0
 18219, 99432,20170127,  -54,    0
 18219, 99432,20170128,   -4,    0
 18219, 99432,20170129,    2,    0
 18219, 99432,20170130,  -64,    0
 18219, 99432,20170131, -102,    0
 18219, 99432,20170201,  -62,    0
 18219, 99432,20170202,  -19,    0
 18219, 99432,20170203,    8,    0
 18219, 99432,20170204,   -8,    0
 18219, 99432,20170205,  -21,    0
 18219, 99432,20170206,  -33,    0
 18219, 99432,20170207, -115,    0
 18219, 99432,20170208, -156,    0
 18219, 99432,20170209, -132,    0
 18219, 99432,20170210,  -75,    0
 18219, 99432,20170211,  -99,    0
 18219, 99432,20170212,  -90,    0
 18219, 99432,20170213,  -82,    0
 18219, 99432,20170214,  -85,    0
 18219, 99432,20170215,  -56,    0
 18219, 99432,20170216,    6,    0
 18219, 99432,20170217,   10,    0
 18219, 99432,20170218,    6,    0
 18219, 99432,20170219,   27,    0
 18219, 99432,20170220,   25,    0
 18219, 99432,20170221,   18,    0
 18219, 99432,20170222,    2,    0
 18219, 99432,20170223,  -53,    0
 18219, 99432,20170224,  -81,    0
 18219, 99432,20170225,  -88,    0
 18219, 99432,20170226,  -23,    0
 18219, 99432,20170227,   -1,    0
 18219, 99432,20170228,    6,    0
 18219, 99432,20170301,    8,    0
 18219, 99432,20170302,  -46,    0
 18219, 99432,20170303,  -97,    0
 18219, 99432,20170304,  -27,    0
 18219, 99432,20170305,  -15,    0
 18219, 99432,20170306,  -68,    0
 18219, 99432,20170307, -139,    0
 18219, 99432,20170308, -116,    0
 18219, 99432,20170309,  -28,    0
 18219, 99432,20170310,   -9,    0
 18219, 99432,20170311,   -9,    0
 18219, 99432,20170312,   11,    0
 18219, 99432,20170313,   23,    0
 18219, 99432,20170314,   21,    0
 18219, 99432,20170315,   19,    0
 18219, 99432,20170316,   16,    0
 18219, 99432,20170317,    2,    0
 18219, 99432,20170318,  -19,    0
 18219, 99432,20170319,  -29,    0
 18219, 99432,20170320,    2,    0
 18219, 99432,20170321,    9,    0
 18219, 99432,20170322,   -4,    0
 18219, 99432,20170323,  -11,    0
 18219, 99432,20170324,    7,    0
 18219, 99432,20170325,   37,    0
 18219, 99432,20170326,   22,    0
 18219, 99432,20170327,   35,    0
 18219, 99432,20170328,   16,    0
 18219, 99432,20170329,    7,    0
 18219, 99432,20170330,   -5,    0
 18219, 99432,20170331,   19,    0
 18219, 99432,20170401,   38,    0
 18219, 99432,20170402,   31,    0
 18219, 99432,20170403,   32,    0
 18219, 99432,20170404,   27,    0
 18219, 99432,20170405,   28,    0
 18219, 99432,20170406,   17,    0
 18219, 99432,20170407,   68,    0
 18219, 99432,20170408,   45,    0
 18219, 99432,20170409,   54,    0
 18219, 99432,20170410,   26,    0
 18219, 99432,20170411,   16,    0
 18219, 99432,20170412,   20,    0
 18219, 99432,20170413,   23,    0
 18219, 99432,20170414,   11,    0
 18219, 99432,20170415,   -8,    0
 18219, 99432,20170416,   16,    0
 18219, 99432,20170417,   -2,    0
 18219, 99432,20170418,    5,    0
 18219, 99432,20170419,   16,    0
 18219, 99432,20170420,   46,    0
 18219, 99432,20170421,   16,    0
 18219, 99432,20170422,   28,    0
 18219, 99432,20170423,   12,    0
 18219, 99432,20170424,   17,    0
 18219, 99432,20170425,   36,    0
 18219, 99432,20170426,   22,    0
 18219, 99432,20170427,   35,    0
 18219, 99432,20170428,   40,    0
 18219, 99432,20170429,   33,    0
 18219, 99432,20170430,   25,    0
 18219, 99432,20170501,   40,    0
 18219, 99432,20170502,   50,    0
 18219, 99432,20170503,   59,    0
 18219, 99432,20170504,   60,    0
 18219, 99432,20170505,   89,    0
 18219, 99432,20170506,   91,    0
 18219, 99432,20170507,   95,    0
 18219, 99432,20170508,   56,    0
 18219, 99432,20170509,   51,    0
 18219, 99432,20170510,   28,    0
 18219, 99432,20170511,   52,    0
 18219, 99432,20170512,   59,    0
 18219, 99432,20170513,   71,    0
 18219, 99432,20170514,   77,    0
 18219, 99432,20170515,   88,    0
 18219, 99432,20170516,   66,    0
 18219, 99432,20170517,   99,    0
 18219, 99432,20170518,   79,    0
 18219, 99432,20170519,  115,    0
 18219, 99432,20170520,  129,    0
 18219, 99432,20170521,   91,    0
 18219, 99432,20170522,   94,    0
 18219, 99432,20170523,   99,    0
 18219, 99432,20170524,  106,    0
 18219, 99432,20170525,  104,    0
 18219, 99432,20170526,   98,    0
 18219, 99432,20170527,  140,    0
 18219, 99432,20170528,  135,    0
 18219, 99432,20170529,  134,    0
 18219, 99432,20170530,  121,    0
 18219, 99432,20170531,  104,    0
 18219, 99432,20170601,   92,    0
 18219, 99432,20170602,  109,    0
 18219, 99432,20170603,  110,    0
 18219, 99432,20170604,  103,    0
 18219, 99432,20170605,  109,    0
 18219, 99432,20170606,   93,    0
 18219, 99432,20170607,  138,    0
 18219, 99432,20170608,  105,    0
 18219, 99432,20170609,  111,    0
 18219, 99432,20170610,  113,    0
 18219, 99432,20170611,  104,    0
 18219, 99432,20170612,  119,    0
 18219, 99432,20170613,  127,    0
 18219, 99432,20170614,  121,    0
 18219, 99432,20170615,  113,    0
 18219, 99432,20170616,  125,    0
 18219, 99432,20170617,   97,    0
 18219, 99432,20170618,  121,    0
 18219, 99432,20170619,  108,    0
 18219, 99432,20170620,   97,    0
 18219, 99432,20170621,  102,    0
 18219, 99432,20170622,  110,    0
 18219, 99432,20170623,  104,    0
 18219, 99432,20170624,  103,    0
 18219, 99432,20170625,  110,    0
 18219, 99432,20170626,  103,    0
 18219, 99432,20170627,  103,    0
 18219, 99432,20170628,  128,    0
 18219, 99432,20170629,  148,    0
 18219, 99432,20170630,  164,    0
 18219, 99432,20170701,  158,    0
 18219, 99432,20170702,  123,    0
 18219, 99432,20170703,  126,    0
 18219, 99432,20170704,  121,    0
 18219, 99432,20170705,  115,    0
 18219, 99432,20170706,  116,    0
 18219, 99432,20170707,  118,    0
 18219, 99432,20170708,  123,    0
 18219, 99432,20170709,   98,    0
 18219, 99432,20170710,  121,    0
 18219, 99432,20170711,  121,    0
 18219, 99432,20170712,  113,    0
 18219, 99432,20170713,  107,    0
 18219, 99432,20170714,  110,    0
 18219, 99432,20170715,  135,    0
 18219, 99432,20170716,  124,    0
 18219, 99432,20170717,   91,    0
 18219, 99432,20170718,  106,    0
 18219, 99432,20170719,  118,    0
 18219, 99432,20170720,  150,    0
 18219, 99432,20170721,  145,    0
 18219, 99432,20170722,  161,    0
 18219, 99432,20170723,  172,    0
 18219, 99432,20170724,  126,    0
 18219, 99432,20170725,  148,    0
 18219, 99432,20170726,  140,    0
 18219, 99432,20170727,  127,    0
 18219, 99432,20170728,  123,    0
 18219, 99432,20170729,  134,    0
 18219, 99432,20170730,  134,    0
 18219, 99432,20170731,  123,    0
 18219, 99432,20170801,  111,    0
 18219, 99432,20170802,  112,    0
 18219, 99432,20170803,  134,    0
 18219, 99432,20170804,  130,    0
 18219, 99432,20170805,  126,    0
 18219, 99432,20170806,  118,    0
 18219, 99432,20170807,  117,    0
 18219, 99432,20170808,  105,    0
 18219, 99432,20170809,  124,    0
 18219, 99432,20170810,  121,    0
 18219, 99432,20170811,  131,    0
 18219, 99432,20170812,  114,    0
 18219, 99432,20170813,   87,    0
 18219, 99432,20170814,  101,    0
 18219, 99432,20170815,   92,    0
 18219, 99432,20170816,  110,    0
 18219, 99432,20170817,  112,    0
 18219, 99432,20170818,  121,    0
 18219, 99432,20170819,  122,    0
 18219, 99432,20170820,  111,    0
 18219, 99432,20170821,  115,    0
 18219, 99432,20170822,   96,    0
 18219, 99432,20170823,  102,    0
 18219, 99432,20170824,   95,    0
 18219, 99432,20170825,   96,    0
 18219, 99432,20170826,   87,    0
 18219, 99432,20170827,  103,    0
 18219, 99432,20170828,  113,    0
 18219, 99432,20170829,  119,    0
 18219, 99432,20170830,   97,    0
 18219, 99432,20170831,  108,    0
 18219, 99432,20170901,   97,    0
 18219, 99432,20170902,   79,    0
 18219, 99432,20170903,  101,    0
 18219, 99432,20170904,  103,    0
 18219, 99432,20170905,  103,    0
 18219, 99432,20170906,  103,    0
 18219, 99432,20170907,  103,    0
 18219, 99432,20170908,  100,    0
 18219, 99432,20170909,   91,    0
 18219, 99432,20170910,   92,    0
 18219, 99432,20170911,   86,    0
 18219, 99432,20170912,   86,    0
 18219, 99432,20170913,   85,    0
 18219, 99432,20170914,   82,    0
 18219, 99432,20170915,   91,    0
 18219, 99432,20170916,   76,    0
 18219, 99432,20170917,   75,    0
 18219, 99432,20170918,   93,    0
 18219, 99432,20170919,   88,    0
 18219, 99432,20170920,   70,    0
 18219, 99432,20170921,   71,    0
 18219, 99432,20170922,   79,    0
 18219, 99432,20170923,   99,    0
 18219, 99432,20170924,   97,    0
 18219, 99432,20170925,   86,    0
 18219, 99432,20170926,   86,    0
 18219, 99432,20170927,  103,    0
 18219, 99432,20170928,  109,    0
 18219, 99432,20170929,  125,    0
 18219, 99432,20170930,   90,    0
 18219, 99432,20171001,   92,    0
 18219, 99432,20171002,   99,    0
 18219, 99432,20171003,   76,    0
 18219, 99432,20171004,   53,    0
 18219, 99432,20171005,   37,    0
 18219, 99432,20171006,   41,    0
 18219, 99432,20171007,   50,    0
 18219, 99432,20171008,   17,    0
 18219, 99432,20171009,   -1,    0
 18219, 99432,20171010,   18,    0
 18219, 99432,20171011,   29,    0
 18219, 99432,20171012,   50,    0
 18219, 99432,20171013,   41,    0
 18219, 99432,20171014,   63,    0
 18219, 99432,20171015,   61,    0
 18219, 99432,20171016,   85,    0
 18219, 99432,20171017,   43,    0
 18219, 99432,20171018,   10,    0
 18219, 99432,20171019,   -9,    0
 18219, 99432,20171020,   41,    0
 18219, 99432,20171021,   47,    0
 18219, 99432,20171022,   47,    0
 18219, 99432,20171023,   42,    0
 18219, 99432,20171024,    9,    0
 18219, 99432,20171025,   13,    0
 18219, 99432,20171026,   23,    0
 18219, 99432,20171027,   38,    0
 18219, 99432,20171028,   54,    0
 18219, 99432,20171029,   21,    0
 18219, 99432,20171030,    9,    0
 18219, 99432,20171031,    9,    0
 18219, 99432,20171101,   29,    0
 18219, 99432,20171102,   25,    0
 18219, 99432,20171103,   -3,    0
 18219, 99432,20171104,   30,    0
 18219, 99432,20171105,   27,    0
 18219, 99432,20171106,   -5,    0
 18219, 99432,20171107,    4,    0
 18219, 99432,20171108,   36,    0
 18219, 99432,20171109,   26,    0
 18219, 99432,20171110,   -2,    0
 18219, 99432,20171111,    2,    0
 18219, 99432,20171112,  -10,    0
 18219, 99432,20171113,  -39,    0
 18219, 99432,20171114,  -25,    0
 18219, 99432,20171115,    4,    0
 18219, 99432,20171116,    2,    0
 18219, 99432,20171117,    9,    0
 18219, 99432,20171118,   -6,    0
 18219, 99432,20171119,  -52,    0
 18219, 99432,20171120,  -37,    0
 18219, 99432,20171121, -137,    0
 18219, 99432,20171122,  -83,    0
 18219, 99432,20171123,  -12,    0
 18219, 99432,20171124,    9,    0
 18219, 99432,20171125,    2,    0
 18219, 99432,20171126,  -39,    0
 18219, 99432,20171127,  -91,    0
 18219, 99432,20171128,  -45,    0
 18219, 99432,20171129, -114,    0
 18219, 99432,20171130, -111,    0
 18219, 99432,20171201, -123,    0
 18219, 99432,20171202,  -55,    0
 18219, 99432,20171203,   -3,    0
 18219, 99432,20171204,  -22,    0
 18219, 99432,20171205,  -23,    0
 18219, 99432,20171206,  -16,    0
 18219, 99432,20171207,   10,    0
 18219, 99432,20171208,   11,    0
 18219, 99432,20171209,  -13,    0
 18219, 99432,20171210,  -47,    0
 18219, 99432,20171211,  -72,    0
 18219, 99432,20171212, -177,    0
 18219, 99432,20171213,  -97,    0
 18219, 99432,20171214,  -97,    0
 18219, 99432,20171215, -153,    0
 18219, 99432,20171216, -137,    0
 18219, 99432,20171217, -100,    0
 18219, 99432,20171218,  -43,    0
 18219, 99432,20171219,   -7,    0
 18219, 99432,20171220,    4,    0
 18219, 99432,20171221,   16,    0
 18219, 99432,20171222,    6,    0
 18219, 99432,20171223,    1,    0
 18219, 99432,20171224,    3,    0
 18219, 99432,20171225,   -3,    0
 18219, 99432,20171226,  -23,    0
 18219, 99432,20171227,  -32,    0
 18219, 99432,20171228,  -80,    0
 18219, 99432,20171229,  -46,    0
 18219, 99432,20171230,  -73,    0
 18219, 99432,20171231,  -76,    0
 18219, 99432,20180101,  -28,    0
 18219, 99432,20180102,  -21,    0
 18219, 99432,20180103,  -73,    0
 18219, 99432,20180104,  -58,    0
 18219, 99432,20180105,  -76,    0
 18219, 99432,20180106, -117,    0
 18219, 99432,20180107,  -54,    0
 18219, 99432,20180108,  -48,    0
 18219, 99432,20180109,  -58,    0
 18219, 99432,20180110,  -60,    0
 18219, 99432,20180111,  -16,    0
 18219, 99432,20180112,  -88,    0
 18219, 99432,20180113, -142,    0
 18219, 99432,20180114,  -77,    0
 18219, 99432,20180115,  -16,    0
 18219, 99432,20180116,  -16,    0
 18219, 99432,20180117,  -66,    0
 18219, 99432,20180118,  -98,    0
 18219, 99432,20180119,  -65,    0
 18219, 99432,20180120,  -60,    0
 18219, 99432,20180121, -133,    0
 18219, 99432,20180122, -118,    0
 18219, 99432,20180123,  -44,    0
 18219, 99432,20180124,   -5,    0
 18219, 99432,20180125,   17,    0
 18219, 99432,20180126,  -23,    0
 18219, 99432,20180127,  -47,    0
 18219, 99432,20180128,  -25,    0
 18219, 99432,20180129,   -8,    0
 18219, 99432,20180130,  -12,    0
 18219, 99432,20180131,   -9,    0
 18219, 99432,20180201,  -43,    0
 18219, 99432,20180202,  -99,    0
 18219, 99432,20180203, -189,    0
 18219, 99432,20180204, -136,    0
 18219, 99432,20180205,  -82,    0
 18219, 99432,20180206,  -66,    0
 18219, 99432,20180207,  -72,    0
 18219, 99432,20180208,  -47,    0
 18219, 99432,20180209,   -9,    0
 18219, 99432,20180210,   -5,    0
 18219, 99432,20180211,  -22,    0
 18219, 99432,20180212,  -52,    0
 18219, 99432,20180213,  -55,    0
 18219, 99432,20180214,    0,    0
 18219, 99432,20180215,    5,    0
 18219, 99432,20180216,  -40,    0
 18219, 99432,20180217,  -26,    0
 18219, 99432,20180218,  -11,    0
 18219, 99432,20180219,  -77,    0
 18219, 99432,20180220,  -82,    0
 18219, 99432,20180221,  -66,    0
 18219, 99432,20180222,  -94,    0
 18219, 99432,20180223,  -95,    0
 18219, 99432,20180224, -121,    0
 18219, 99432,20180225,  -79,    0
 18219, 99432,20180226,  -91,    0
 18219, 99432,20180227, -147,    0
 18219, 99432,20180228, -211,    0
 18219, 99432,20180301, -214,    0
 18219, 99432,20180302, -160,    0
 18219, 99432,20180303,  -77,    0
 18219, 99432,20180304, -114,    0
 18219, 99432,20180305, -102,    0
 18219, 99432,20180306, -127,    0
 18219, 99432,20180307,  -55,    0
 18219, 99432,20180308,  -21,    0
 18219, 99432,20180309,  -30,    0
 18219, 99432,20180310,  -78,    0
 18219, 99432,20180311,  -60,    0
 18219, 99432,20180312,  -19,    0
 18219, 99432,20180313,   -6,    0
 18219, 99432,20180314,  -93,    0
 18219, 99432,20180315, -100,    0
 18219, 99432,20180316, -138,    0
 18219, 99432,20180317, -158,    0
 18219, 99432,20180318, -111,    0
 18219, 99432,20180319,  -26,    0
 18219, 99432,20180320,  -23,    0
 18219, 99432,20180321,    3,    0
 18219, 99432,20180322,    6,    0
 18219, 99432,20180323,   17,    0
 18219, 99432,20180324,   39,    0
 18219, 99432,20180325,   19,    0
 18219, 99432,20180326,   -6,    0
 18219, 99432,20180327,  -47,    0
 18219, 99432,20180328,  -91,    0
 18219, 99432,20180329,  -92,    0
 18219, 99432,20180330,  -95,    0
 18219, 99432,20180331,  -99,    0
 18219, 99432,20180401, -106,    0
 18219, 99432,20180402,  -88,    0
 18219, 99432,20180403,  -65,    0
 18219, 99432,20180404,  -17,    0
 18219, 99432,20180405,   10,    0
 18219, 99432,20180406,   21,    0
 18219, 99432,20180407,   -2,    0
 18219, 99432,20180408,   21,    0
 18219, 99432,20180409,   21,    0
 18219, 99432,20180410,   26,    0
 18219, 99432,20180411,    6,    0
 18219, 99432,20180412,   -3,    0
 18219, 99432,20180413,   10,    0
 18219, 99432,20180414,   26,    0
 18219, 99432,20180415,   32,    0
 18219, 99432,20180416,   28,    0
 18219, 99432,20180417,   39,    0
 18219, 99432,20180418,   25,    0
 18219, 99432,20180419,   26,    0
 18219, 99432,20180420,   44,    0
 18219, 99432,20180421,   59,    0
 18219, 99432,20180422,   36,    0
 18219, 99432,20180423,   26,    0
 18219, 99432,20180424,   45,    0
 18219, 99432,20180425,   49,    0
 18219, 99432,20180426,   36,    0
 18219, 99432,20180427,   34,    0
 18219, 99432,20180428,   27,    0
 18219, 99432,20180429,   36,    0
 18219, 99432,20180430,   32,    0
 18219, 99432,20180501,   34,    0
 18219, 99432,20180502,   55,    0
 18219, 99432,20180503,   45,    0
 18219, 99432,20180504,   31,    0
 18219, 99432,20180505,   35,    0
 18219, 99432,20180506,   54,    0
 18219, 99432,20180507,   48,    0
 18219, 99432,20180508,   72,    0
 18219, 99432,20180509,  105,    0
 18219, 99432,20180510,  111,    0
 18219, 99432,20180511,   86,    0
 18219, 99432,20180512,   99,    0
 18219, 99432,20180513,  106,    0
 18219, 99432,20180514,  126,    0
 18219, 99432,20180515,  131,    0
 18219, 99432,20180516,  110,    0
 18219, 99432,20180517,  104,    0
 18219, 99432,20180518,  105,    0
 18219, 99432,20180519,  111,    0
 18219, 99432,20180520,  124,    0
 18219, 99432,20180521,  160,    0
 18219, 99432,20180522,  132,    0
 18219, 99432,20180523,  140,    0
 18219, 99432,20180524,  142,    0
 18219, 99432,20180525,  142,    0
 18219, 99432,20180526,  148,    0
 18219, 99432,20180527,  163,    0
 18219, 99432,20180528,  165,    0
 18219, 99432,20180529,  173,    0
 18219, 99432,20180530,  184,    0
 18219, 99432,20180531,  194,    0
 18219, 99432,20180601,  178,    0
 18219, 99432,20180602,  182,    0
 18219, 99432,20180603,  177,    0
 18219, 99432,20180604,  146,    0
 18219, 99432,20180605,  132,    0
 18219, 99432,20180606,  150,    0
 18219, 99432,20180607,  150,    0
 18219, 99432,20180608,  166,    0
 18219, 99432,20180609,  179,    0
 18219, 99432,20180610,  186,    0
 18219, 99432,20180611,  186,    0
 18219, 99432,20180612,  157,    0
 18219, 99432,20180613,  148,    0
 18219, 99432,20180614,  107,    0
 18219, 99432,20180615,   89,    0
 18219, 99432,20180616,  113,    0
 18219, 99432,20180617,  115,    0
 18219, 99432,20180618,  108,    0
 18219, 99432,20180619,   80,    0
 18219, 99432,20180620,  100,    0
 18219, 99432,20180621,   98,    0
 18219, 99432,20180622,  106,    0
 18219, 99432,20180623,  115,    0
 18219, 99432,20180624,  105,    0
 18219, 99432,20180625,  137,    0
 18219, 99432,20180626,  148,    0
 18219, 99432,20180627,  160,    0
 18219, 99432,20180628,  136,    0
 18219, 99432,20180629,  141,    0
 18219, 99432,20180630,  155,    0
 18219, 99432,20180701,  170,    0
 18219, 99432,20180702,  168,    0
 18219, 99432,20180703,  163,    0
 18219, 99432,20180704,  193,    0
 18219, 99432,20180705,  179,    0
 18219, 99432,20180706,  155,    0
 18219, 99432,20180707,  153,    0
 18219, 99432,20180708,  152,    0
 18219, 99432,20180709,  157,    0
 18219, 99432,20180710,  180,    0
 18219, 99432,20180711,  201,    0
 18219, 99432,20180712,  192,    0
 18219, 99432,20180713,  183,    0
 18219, 99432,20180714,  164,    0
 18219, 99432,20180715,  189,    0
 18219, 99432,20180716,  198,    0
 18219, 99432,20180717,  162,    0
 18219, 99432,20180718,  145,    0
 18219, 99432,20180719,  163,    0
 18219, 99432,20180720,  172,    0
 18219, 99432,20180721,  157,    0
 18219, 99432,20180722,  158,    0
 18219, 99432,20180723,  170,    0
 18219, 99432,20180724,  150,    0
 18219, 99432,20180725,  154,    0
 18219, 99432,20180726,  160,    0
 18219, 99432,20180727,  193,    0
 18219, 99432,20180728,  189,    0
 18219, 99432,20180729,  175,    0
 18219, 99432,20180730,  150,    0
 18219, 99432,20180731,  153,    0
 18219, 99432,20180801,  156,    0
 18219, 99432,20180802,  136,    0
 18219, 99432,20180803,  131,    0
 18219, 99432,20180804,  150,    0
 18219, 99432,20180805,  134,    0
 18219, 99432,20180806,  110,    0
 18219, 99432,20180807,  137,    0
 18219, 99432,20180808,  137,    0
 18219, 99432,20180809,  128,    0
 18219, 99432,20180810,  109,    0
 18219, 99432,20180811,  107,    0
 18219, 99432,20180812,   97,    0
 18219, 99432,20180813,  100,    0
 18219, 99432,20180814,  122,    0
 18219, 99432,20180815,  109,    0
 18219, 99432,20180816,  115,    0
 18219, 99432,20180817,  111,    0
 18219, 99432,20180818,  106,    0
 18219, 99432,20180819,  114,    0
 18219, 99432,20180820,  101,    0
 18219, 99432,20180821,  106,    0
 18219, 99432,20180822,   99,    0
 18219, 99432,20180823,  103,    0
 18219, 99432,20180824,  106,    0
 18219, 99432,20180825,   93,    0
 18219, 99432,20180826,   87,    0
 18219, 99432,20180827,   72,    0
 18219, 99432,20180828,  103,    0
 18219, 99432,20180829,   95,    0
 18219, 99432,20180830,   96,    0
 18219, 99432,20180831,   81,    0
 18219, 99432,20180901,  100,    0
 18219, 99432,20180902,  106,    0
 18219, 99432,20180903,  108,    0
 18219, 99432,20180904,  106,    0
 18219, 99432,20180905,  121,    0
 18219, 99432,20180906,  111,    0
 18219, 99432,20180907,  122,    0
 18219, 99432,20180908,  104,    0
 18219, 99432,20180909,  104,    0
 18219, 99432,20180910,  105,    0
 18219, 99432,20180911,   81,    0
 18219, 99432,20180912,   69,    0
 18219, 99432,20180913,   74,    0
 18219, 99432,20180914,   76,    0
 18219, 99432,20180915,   70,    0
 18219, 99432,20180916,   65,    0
 18219, 99432,20180917,   83,    0
 18219, 99432,20180918,   96,    0
 18219, 99432,20180919,  133,    0
 18219, 99432,20180920,   85,    0
 18219, 99432,20180921,   59,    0
 18219, 99432,20180922,   68,    0
 18219, 99432,20180923,   60,    0
 18219, 99432,20180924,   37,    0
 18219, 99432,20180925,   52,    0
 18219, 99432,20180926,   67,    0
 18219, 99432,20180927,   54,    0
 18219, 99432,20180928,   38,    0
 18219, 99432,20180929,   36,    0
 18219, 99432,20180930,   64,    0
 18219, 99432,20181001,   51,    0
 18219, 99432,20181002,   45,    0
 18219, 99432,20181003,   27,    0
 18219, 99432,20181004,    6,    0
 18219, 99432,20181005,   37,    0
 18219, 99432,20181006,   34,    0
 18219, 99432,20181007,   27,    0
 18219, 99432,20181008,   31,    0
 18219, 99432,20181009,   48,    0
 18219, 99432,20181010,   68,    0
 18219, 99432,20181011,   52,    0
 18219, 99432,20181012,   64,    0
 18219, 99432,20181013,  100,    0
 18219, 99432,20181014,  132,    0
 18219, 99432,20181015,   54,    0
 18219, 99432,20181016,   44,    0
 18219, 99432,20181017,   75,    0
 18219, 99432,20181018,   67,    0
 18219, 99432,20181019,   51,    0
 18219, 99432,20181020,   51,    0
 18219, 99432,20181021,   51,    0
 18219, 99432,20181022,   23,    0
 18219, 99432,20181023,   12,    0
 18219, 99432,20181024,   15,    0
 18219, 99432,20181025,   23,    0
 18219, 99432,20181026,   -3,    0
 18219, 99432,20181027,  -26,    0
 18219, 99432,20181028,  -67,    0
 18219, 99432,20181029,  -77,    0
 18219, 99432,20181030,  -37,    0
 18219, 99432,20181031,    8,    0
 18219, 99432,20181101,   13,    0
 18219, 99432,20181102,   20,    0
 18219, 99432,20181103,    3,    0
 18219, 99432,20181104,   30,    0
 18219, 99432,20181105,   30,    0
 18219, 99432,20181106,   -2,    0
 18219, 99432,20181107,   13,    0
 18219, 99432,20181108,   21,    0
 18219, 99432,20181109,    9,    0
 18219, 99432,20181110,   28,    0
 18219, 99432,20181111,   42,    0
 18219, 99432,20181112,   44,    0
 18219, 99432,20181113,   39,    0
 18219, 99432,20181114,   40,    0
 18219, 99432,20181115,   46,    0
 18219, 99432,20181116,   48,    0
 18219, 99432,20181117,   60,    0
 18219, 99432,20181118,  -10,    0
 18219, 99432,20181119,  -42,    0
 18219, 99432,20181120,  -59,    0
 18219, 99432,20181121,  -66,    0
 18219, 99432,20181122,  -87,    0
 18219, 99432,20181123, -104,    0
 18219, 99432,20181124, -104,    0
 18219, 99432,20181125, -117,    0
 18219, 99432,20181126, -125,    0
 18219, 99432,20181127, -129,    0
 18219, 99432,20181128, -114,    0
 18219, 99432,20181129,   -9,    0
 18219, 99432,20181130,   49,    0
 18219, 99432,20181201,   44,    0
 18219, 99432,20181202,    3,    0
 18219, 99432,20181203,    2,    0
 18219, 99432,20181204,    0,    0
 18219, 99432,20181205,  -15,    0
 18219, 99432,20181206,  -24,    0
 18219, 99432,20181207,  -17,    0
 18219, 99432,20181208,   -3,    0
 18219, 99432,20181209,   -7,    0
 18219, 99432,20181210,   -6,    0
 18219, 99432,20181211,  -81,    0
 18219, 99432,20181212, -145,    0
 18219, 99432,20181213, -160,    0
 18219, 99432,20181214, -168,    0
 18219, 99432,20181215,  -97,    0
 18219, 99432,20181216,  -42,    0
 18219, 99432,20181217,  -82,    0
 18219, 99432,20181218, -113,    0
 18219, 99432,20181219,  -47,    0
 18219, 99432,20181220,  -23,    0
 18219, 99432,20181221,  -51,    0
 18219, 99432,20181222,  -80,    0
 18219, 99432,20181223, -104,    0
 18219, 99432,20181224,  -66,    0
 18219, 99432,20181225,   15,    0
 18219, 99432,20181226,    3,    0
 18219, 99432,20181227,    5,    0
 18219, 99432,20181228,    8,    0
 18219, 99432,20181229,   -2,    0
 18219, 99432,20181230,  -20,    0
 18219, 99432,20181231,   -2,    0
 18219, 99432,20190101,   14,    0
 18219, 99432,20190102,  -13,    0
 18219, 99432,20190103,  -31,    0
 18219, 99432,20190104,    5,    0
 18219, 99432,20190105,   14,    0
 18219, 99432,20190106,    9,    0
 18219, 99432,20190107,  -15,    0
 18219, 99432,20190108,   16,    0
 18219, 99432,20190109,  -56,    0
 18219, 99432,20190110,  -30,    0
 18219, 99432,20190111,   19,    0
 18219, 99432,20190112,  -44,    0
 18219, 99432,20190113,  -29,    0
 18219, 99432,20190114,  -33,    0
 18219, 99432,20190115,  -62,    0
 18219, 99432,20190116,  -55,    0
 18219, 99432,20190117,  -98,    0
 18219, 99432,20190118,  -76,    0
 18219, 99432,20190119,  -35,    0
 18219, 99432,20190120, -128,    0
 18219, 99432,20190121,  -85,    0
 18219, 99432,20190122,  -94,    0
 18219, 99432,20190123, -103,    0
 18219, 99432,20190124,  -62,    0
 18219, 99432,20190125,  -59,    0
 18219, 99432,20190126,  -73,    0
 18219, 99432,20190127, -131,    0
 18219, 99432,20190128, -124,    0
 18219, 99432,20190129,  -87,    0
 18219, 99432,20190130,  -60,    0
 18219, 99432,20190131,  -50,    0
 18219, 99432,20190201,  -72,    0
 18219, 99432,20190202, -117,    0
 18219, 99432,20190203, -129,    0
 18219, 99432,20190204,  -80,    0
 18219, 99432,20190205, -140,    0
 18219, 99432,20190206, -106,    0
 18219, 99432,20190207,  -33,    0
 18219, 99432,20190208,  -18,    0
 18219, 99432,20190209,  -17,    0
 18219, 99432,20190210,  -39,    0
 18219, 99432,20190211,  -21,    0
 18219, 99432,20190212,  -26,    0
 18219, 99432,20190213,   31,    0
 18219, 99432,20190214,   36,    0
 18219, 99432,20190215,    9,    0
 18219, 99432,20190216,   12,    0
 18219, 99432,20190217,   -7,    0
 18219, 99432,20190218,   26,    0
 18219, 99432,20190219,   17,    0
 18219, 99432,20190220,   -8,    0
 18219, 99432,20190221,    1,    0
 18219, 99432,20190222,   17,    0
 18219, 99432,20190223,   19,    0
 18219, 99432,20190224,   34,    0
 18219, 99432,20190225,   -1,    0
 18219, 99432,20190226,   10,    0
 18219, 99432,20190227,    8,    0
 18219, 99432,20190228,   24,    0
 18219, 99432,20190301,  -28,    0
 18219, 99432,20190302,  -23,    0
 18219, 99432,20190303,   -1,    0
 18219, 99432,20190304,    5,    0
 18219, 99432,20190305,   -3,    0
 18219, 99432,20190306,  -12,    0
 18219, 99432,20190307,    2,    0
 18219, 99432,20190308,   -5,    0
 18219, 99432,20190309,  -57,    0
 18219, 99432,20190310,  -88,    0
 18219, 99432,20190311,  -90,    0
 18219, 99432,20190312,  -43,    0
 18219, 99432,20190313,  -22,    0
 18219, 99432,20190314,  -27,    0
 18219, 99432,20190315,  -20,    0
 18219, 99432,20190316,   -2,    0
 18219, 99432,20190317,   23,    0
 18219, 99432,20190318,   17,    0
 18219, 99432,20190319,  -35,    0
 18219, 99432,20190320,   29,    0
 18219, 99432,20190321,   18,    0
 18219, 99432,20190322,    7,    0
 18219, 99432,20190323,   14,    0
 18219, 99432,20190324,   15,    0
 18219, 99432,20190325,   14,    0
 18219, 99432,20190326,    0,    0
 18219, 99432,20190327,   12,    0
 18219, 99432,20190328,   58,    0
 18219, 99432,20190329,   63,    0
 18219, 99432,20190330,   25,    0
 18219, 99432,20190331,   -4,    0
 18219, 99432,20190401,   -1,    0
 18219, 99432,20190402,    1,    0
 18219, 99432,20190403,   16,    0
 18219, 99432,20190404,   35,    0
 18219, 99432,20190405,   24,    0
 18219, 99432,20190406,   23,    0
 18219, 99432,20190407,   43,    0
 18219, 99432,20190408,   16,    0
 18219, 99432,20190409,   14,    0
 18219, 99432,20190410,  -18,    0
 18219, 99432,20190411,  -21,    0
 18219, 99432,20190412,  -20,    0
 18219, 99432,20190413,  -11,    0
 18219, 99432,20190414,    5,    0
 18219, 99432,20190415,   12,    0
 18219, 99432,20190416,   24,    0
 18219, 99432,20190417,   41,    0
 18219, 99432,20190418,   39,    0
 18219, 99432,20190419,   48,    0
 18219, 99432,20190420,   50,    0
 18219, 99432,20190421,   40,    0
 18219, 99432,20190422,   65,    0
 18219, 99432,20190423,   68,    0
 18219, 99432,20190424,   79,    0
 18219, 99432,20190425,   65,    0
 18219, 99432,20190426,   81,    0
 18219, 99432,20190427,   83,    0
 18219, 99432,20190428,   94,    0
 18219, 99432,20190429,  108,    0
 18219, 99432,20190430,  115,    0
 18219, 99432,20190501,   91,    0
 18219, 99432,20190502,   32,    0
 18219, 99432,20190503,   24,    0
 18219, 99432,20190504,   34,    0
 18219, 99432,20190505,   33,    0
 18219, 99432,20190506,   38,    0
 18219, 99432,20190507,   40,    0
 18219, 99432,20190508,   34,    0
 18219, 99432,20190509,   24,    0
 18219, 99432,20190510,   46,    0
 18219, 99432,20190511,   65,    0
 18219, 99432,20190512,   49,    0
 18219, 99432,20190513,   54,    0
 18219, 99432,20190514,   89,    0
 18219, 99432,20190515,  109,    0
 18219, 99432,20190516,  119,    0
 18219, 99432,20190517,  140,    0
 18219, 99432,20190518,  125,    0
 18219, 99432,20190519,  131,    0
 18219, 99432,20190520,  146,    0
 18219, 99432,20190521,  158,    0
 18219, 99432,20190522,  122,    0
 18219, 99432,20190523,  130,    0
 18219, 99432,20190524,  128,    0
 18219, 99432,20190525,  116,    0
 18219, 99432,20190526,   96,    0
 18219, 99432,20190527,   89,    0
 18219, 99432,20190528,   68,    0
 18219, 99432,20190529,   45,    0
 18219, 99432,20190530,   53,    0
 18219, 99432,20190531,   81,    0
 18219, 99432,20190601,   80,    0
 18219, 99432,20190602,   84,    0
 18219, 99432,20190603,  118,    0
 18219, 99432,20190604,  107,    0
 18219, 99432,20190605,   88,    0
 18219, 99432,20190606,  135,    0
 18219, 99432,20190607,  126,    0
 18219, 99432,20190608,  140,    0
 18219, 99432,20190609,  114,    0
 18219, 99432,20190610,  106,    0
 18219, 99432,20190611,  134,    0
 18219, 99432,20190612,  115,    0
 18219, 99432,20190613,  109,    0
 18219, 99432,20190614,  149,    0
 18219, 99432,20190615,  161,    0
 18219, 99432,20190616,  122,    0
 18219, 99432,20190617,  140,    0
 18219, 99432,20190618,  111,    0
 18219, 99432,20190619,  124,    0
 18219, 99432,20190620,  128,    0
 18219, 99432,20190621,  113,    0
 18219, 99432,20190622,   98,    0
 18219, 99432,20190623,  103,    0
 18219, 99432,20190624,  123,    0
 18219, 99432,20190625,  115,    0
 18219, 99432,20190626,  141,    0
 18219, 99432,20190627,  138,    0
 18219, 99432,20190628,  129,    0
 18219, 99432,20190629,  158,    0
 18219, 99432,20190630,  135,    0
 18219, 99432,20190701,  115,    0
 18219, 99432,20190702,   85,    0
 18219, 99432,20190703,   76,    0
 18219, 99432,20190704,   92,    0
 18219, 99432,20190705,  112,    0
 18219, 99432,20190706,  123,    0
 18219, 99432,20190707,  138,    0
 18219, 99432,20190708,  129,    0
 18219, 99432,20190709,  140,    0
 18219, 99432,20190710,  154,    0
 18219, 99432,20190711,  166,    0
 18219, 99432,20190712,  185,    0
 18219, 99432,20190713,  165,    0
 18219, 99432,20190714,  153,    0
 18219, 99432,20190715,  152,    0
 18219, 99432,20190716,  160,    0
 18219, 99432,20190717,  156,    0
 18219, 99432,20190718,  164,    0
 18219, 99432,20190719,  138,    0
 18219, 99432,20190720,  129,    0
 18219, 99432,20190721,  131,    0
 18219, 99432,20190722,  132,    0
 18219, 99432,20190723,  143,    0
 18219, 99432,20190724,  199,    0
 18219, 99432,20190725,  201,    0
 18219, 99432,20190726,  205,    0
 18219, 99432,20190727,  210,    0
 18219, 99432,20190728,  205,    0
 18219, 99432,20190729,  200,    0
 18219, 99432,20190730,  169,    0
 18219, 99432,20190731,  125,    0
 18219, 99432,20190801,  156,    0
 18219, 99432,20190802,  163,    0
 18219, 99432,20190803,  161,    0
 18219, 99432,20190804,  155,    0
 18219, 99432,20190805,  166,    0
 18219, 99432,20190806,  150,    0
 18219, 99432,20190807,  144,    0
 18219, 99432,20190808,  150,    0
 18219, 99432,20190809,  149,    0
 18219, 99432,20190810,  127,    0
 18219, 99432,20190811,  150,    0
 18219, 99432,20190812,  148,    0
 18219, 99432,20190813,  117,    0
 18219, 99432,20190814,  107,    0
 18219, 99432,20190815,  126,    0
 18219, 99432,20190816,  133,    0
 18219, 99432,20190817,  109,    0
 18219, 99432,20190818,  119,    0
 18219, 99432,20190819,  108,    0
 18219, 99432,20190820,  113,    0
 18219, 99432,20190821,  104,    0
 18219, 99432,20190822,   89,    0
 18219, 99432,20190823,   94,    0
 18219, 99432,20190824,  107,    0
 18219, 99432,20190825,  131,    0
 18219, 99432,20190826,  146,    0
 18219, 99432,20190827,  145,    0
 18219, 99432,20190828,  150,    0
 18219, 99432,20190829,  129,    0
 18219, 99432,20190830,  114,    0
 18219, 99432,20190831,  146,    0
 18219, 99432,20190901,  124,    0
 18219, 99432,20190902,   85,    0
 18219, 99432,20190903,   80,    0
 18219, 99432,20190904,   52,    0
 18219, 99432,20190905,   84,    0
 18219, 99432,20190906,   75,    0
 18219, 99432,20190907,   98,    0
 18219, 99432,20190908,   65,    0
 18219, 99432,20190909,   97,    0
 18219, 99432,20190910,   99,    0
 18219, 99432,20190911,  100,    0
 18219, 99432,20190912,   97,    0
 18219, 99432,20190913,   71,    0
 18219, 99432,20190914,   67,    0
 18219, 99432,20190915,   61,    0
 18219, 99432,20190916,   65,    0
 18219, 99432,20190917,   53,    0
 18219, 99432,20190918,   54,    0
 18219, 99432,20190919,   46,    0
 18219, 99432,20190920,   71,    0
 18219, 99432,20190921,   63,    0
 18219, 99432,20190922,   72,    0
 18219, 99432,20190923,   68,    0
 18219, 99432,20190924,   54,    0
 18219, 99432,20190925,   46,    0
 18219, 99432,20190926,   57,    0
 18219, 99432,20190927,   81,    0
 18219, 99432,20190928,   82,    0
 18219, 99432,20190929,   88,    0
 18219, 99432,20190930,   50,    0
 18219, 99432,20191001,   47,    0
 18219, 99432,20191002,   70,    0
 18219, 99432,20191003,   60,    0
 18219, 99432,20191004,   30,    0
 18219, 99432,20191005,  -15,    0
 18219, 99432,20191006,  -19,    0
 18219, 99432,20191007,   -9,    0
 18219, 99432,20191008,   19,    0
 18219, 99432,20191009,   45,    0
 18219, 99432,20191010,   53,    0
 18219, 99432,20191011,   53,    0
 18219, 99432,20191012,   44,    0
 18219, 99432,20191013,   33,    0
 18219, 99432,20191014,   39,    0
 18219, 99432,20191015,   54,    0
 18219, 99432,20191016,   57,    0
 18219, 99432,20191017,   66,    0
 18219, 99432,20191018,   54,    0
 18219, 99432,20191019,   69,    0
 18219, 99432,20191020,   27,    0
 18219, 99432,20191021,   14,    0
 18219, 99432,20191022,   57,    0
 18219, 99432,20191023,   74,    0
 18219, 99432,20191024,   82,    0
 18219, 99432,20191025,   50,    0
 18219, 99432,20191026,   25,    0
 18219, 99432,20191027,    5,    0
 18219, 99432,20191028,    4,    0
 18219, 99432,20191029,   -6,    0
 18219, 99432,20191030,    0,    0
 18219, 99432,20191031,   13,    0
 18219, 99432,20191101,   10,    0
 18219, 99432,20191102,  -24,    0
 18219, 99432,20191103,  -45,    0
 18219, 99432,20191104,  -56,    0
 18219, 99432,20191105,  -71,    0
 18219, 99432,20191106,  -37,    0
 18219, 99432,20191107,  -21,    0
 18219, 99432,20191108,  -55,    0
 18219, 99432,20191109,  -68,    0
 18219, 99432,20191110,  -85,    0
 18219, 99432,20191111,  -98,    0
 18219, 99432,20191112,  -38,    0
 18219, 99432,20191113,  -11,    0
 18219, 99432,20191114,  -59,    0
 18219, 99432,20191115,  -84,    0
 18219, 99432,20191116,  -34,    0
 18219, 99432,20191117,  -30,    0
 18219, 99432,20191118,  -35,    0
 18219, 99432,20191119,   -9,    0
 18219, 99432,20191120,  -68,    0
 18219, 99432,20191121,  -25,    0
 18219, 99432,20191122,   -3,    0
 18219, 99432,20191123,    4,    0
 18219, 99432,20191124,   -2,    0
 18219, 99432,20191125,    2,    0
 18219, 99432,20191126,    0,    0
 18219, 99432,20191127,   -6,    0
 18219, 99432,20191128,    8,    0
 18219, 99432,20191129,  -23,    0
 18219, 99432,20191130,  -11,    0
 18219, 99432,20191201,  -31,    0
 18219, 99432,20191202,  -39,    0
 18219, 99432,20191203,  -24,    0
 18219, 99432,20191204,   12,    0
 18219, 99432,20191205,   21,    0
 18219, 99432,20191206,   12,    0
 18219, 99432,20191207,   -7,    0
 18219, 99432,20191208,  -27,    0
 18219, 99432,20191209,  -11,    0
 18219, 99432,20191210,  -77,    0
 18219, 99432,20191211,   22,    0
 18219, 99432,20191212,   27,    0
 18219, 99432,20191213,  -17,    0
 18219, 99432,20191214,   -6,    0
 18219, 99432,20191215,  -27,    0
 18219, 99432,20191216,  -23,    0
 18219, 99432,20191217,  -26,    0
 18219, 99432,20191218,  -32,    0
 18219, 99432,20191219,  -24,    0
 18219, 99432,20191220,    3,    0
 18219, 99432,20191221,    9,    0
 18219, 99432,20191222,  -60,    0
 18219, 99432,20191223,  -58,    0
 18219, 99432,20191224,  -21,    0
 18219, 99432,20191225,  -40,    0
 18219, 99432,20191226,  -26,    0
 18219, 99432,20191227, -100,    0
 18219, 99432,20191228,  -51,    0
 18219, 99432,20191229,    1,    0
 18219, 99432,20191230,   29,    0
 18219, 99432,20191231,   28,    0
 18219, 99432,20200101,   40,    0
 18219, 99432,20200102,   55,    0
 18219, 99432,20200103,    1,    0
 18219, 99432,20200104,  -15,    0
 18219, 99432,20200105,  -32,    0
 18219, 99432,20200106,    3,    0
 18219, 99432,20200107,   22,    0
 18219, 99432,20200108,   14,    0
 18219, 99432,20200109,  -11,    0
 18219, 99432,20200110,  -36,    0
 18219, 99432,20200111,  -19,    0
 18219, 99432,20200112,    8,    0
 18219, 99432,20200113,   12,    0
 18219, 99432,20200114,   13,    0
 18219, 99432,20200115,    9,    0
 18219, 99432,20200116,   27,    0
 18219, 99432,20200117,    3,    0
 18219, 99432,20200118,    1,    0
 18219, 99432,20200119,    7,    0
 18219, 99432,20200120,   30,    0
 18219, 99432,20200121,   33,    0
 18219, 99432,20200122,    4,    0
 18219, 99432,20200123,    4,    0
 18219, 99432,20200124,   27,    0
 18219, 99432,20200125,   13,    0
 18219, 99432,20200126,   22,    0
 18219, 99432,20200127,    9,    0
 18219, 99432,20200128,  -21,    0
 18219, 99432,20200129,  -18,    0
 18219, 99432,20200130,  -18,    0
 18219, 99432,20200131,   -4,    0
 18219, 99432,20200201,    3,    0
 18219, 99432,20200202,  -12,    0
 18219, 99432,20200203,  -84,    0
 18219, 99432,20200204,  -60,    0
 18219, 99432,20200205,   21,    0
 18219, 99432,20200206,   24,    0
 18219, 99432,20200207,    1,    0
 18219, 99432,20200208,  -18,    0
 18219, 99432,20200209,   14,    0
 18219, 99432,20200210,   15,    0
 18219, 99432,20200211,    2,    0
 18219, 99432,20200212,   -9,    0
 18219, 99432,20200213,  -15,    0
 18219, 99432,20200214,  -32,    0
 18219, 99432,20200215,   -6,    0
 18219, 99432,20200216,   19,    0
 18219, 99432,20200217,   21,    0
 18219, 99432,20200218,   10,    0
 18219, 99432,20200219,   10,    0
 18219, 99432,20200220,   -1,    0
 18219, 99432,20200221,   17,    0
 18219, 99432,20200222,    7,    0
 18219, 99432,20200223,    6,    0
 18219, 99432,20200224,  -26,    0
 18219, 99432,20200225,  -92,    0
 18219, 99432,20200226, -113,    0
 18219, 99432,20200227,  -76,    0
 18219, 99432,20200228,  -49,    0
 18219, 99432,20200229,  -68,    0
 18219, 99432,20200301,  -17,    0
 18219, 99432,20200302,  -15,    0
 18219, 99432,20200303,   -9,    0
 18219, 99432,20200304,  -21,    0
 18219, 99432,20200305,  -34,    0
 18219, 99432,20200306,  -14,    0
 18219, 99432,20200307,   -4,    0
 18219, 99432,20200308,   14,    0
 18219, 99432,20200309,   37,    0
 18219, 99432,20200310,    7,    0
 18219, 99432,20200311,   15,    0
 18219, 99432,20200312,    8,    0
 18219, 99432,20200313,  -16,    0
 18219, 99432,20200314,  -47,    0
 18219, 99432,20200315,  -10,    0
 18219, 99432,20200316,   22,    0
 18219, 99432,20200317,   12,    0
 18219, 99432,20200318,   10,    0
 18219, 99432,20200319,   10,    0
 18219, 99432,20200320,  -21,    0
 18219, 99432,20200321,  -49,    0
 18219, 99432,20200322,  -15,    0
 18219, 99432,20200323,   25,    0
 18219, 99432,20200324,   16,    0
 18219, 99432,20200325,   44,    0
 18219, 99432,20200326,   23,    0
 18219, 99432,20200327,   20,    0
 18219, 99432,20200328,    0,    0
 18219, 99432,20200329,  -12,    0
 18219, 99432,20200330,    5,    0
 18219, 99432,20200331,   21,    0
 18219, 99432,20200401,   31,    0
 18219, 99432,20200402,    0,    0
 18219, 99432,20200403,   -7,    0
 18219, 99432,20200404,   -4,    0
 18219, 99432,20200405,   -7,    0
 18219, 99432,20200406,   32,    0
 18219, 99432,20200407,   63,    0
 18219, 99432,20200408,   43,    0
 18219, 99432,20200409,   19,    0
 18219, 99432,20200410,   10,    0
 18219, 99432,20200411,   -1,    0
 18219, 99432,20200412,   17,    0
 18219, 99432,20200413,    2,    0
 18219, 99432,20200414,   11,    0
 18219, 99432,20200415,   31,    0
 18219, 99432,20200416,   34,    0
 18219, 99432,20200417,   25,    0
 18219, 99432,20200418,   13,    0
 18219, 99432,20200419,   22,    0
 18219, 99432,20200420,   29,    0
 18219, 99432,20200421,   33,    0
 18219, 99432,20200422,   36,    0
 18219, 99432,20200423,   43,    0
 18219, 99432,20200424,   65,    0
 18219, 99432,20200425,   42,    0
 18219, 99432,20200426,   41,    0
 18219, 99432,20200427,   59,    0
 18219, 99432,20200428,   51,    0
 18219, 99432,20200429,   37,    0
 18219, 99432,20200430,   41,    0
 18219, 99432,20200501,   25,    0
 18219, 99432,20200502,   41,    0
 18219, 99432,20200503,   47,    0
 18219, 99432,20200504,   37,    0
 18219, 99432,20200505,   31,    0
 18219, 99432,20200506,   61,    0
 18219, 99432,20200507,   57,    0
 18219, 99432,20200508,   62,    0
 18219, 99432,20200509,   51,    0
 18219, 99432,20200510,   24,    0
 18219, 99432,20200511,   21,    0
 18219, 99432,20200512,   24,    0
 18219, 99432,20200513,   20,    0
 18219, 99432,20200514,   22,    0
 18219, 99432,20200515,   32,    0
 18219, 99432,20200516,   28,    0
 18219, 99432,20200517,   50,    0
 18219, 99432,20200518,   53,    0
 18219, 99432,20200519,   45,    0
 18219, 99432,20200520,   63,    0
 18219, 99432,20200521,   88,    0
 18219, 99432,20200522,   80,    0
 18219, 99432,20200523,   89,    0
 18219, 99432,20200524,   86,    0
 18219, 99432,20200525,   97,    0
 18219, 99432,20200526,   79,    0
 18219, 99432,20200527,   93,    0
 18219, 99432,20200528,   91,    0
 18219, 99432,20200529,   92,    0
 18219, 99432,20200530,  128,    0
 18219, 99432,20200531,  135,    0
 18219, 99432,20200601,  131,    0
 18219, 99432,20200602,  128,    0
 18219, 99432,20200603,  132,    0
 18219, 99432,20200604,   97,    0
 18219, 99432,20200605,  119,    0
 18219, 99432,20200606,  125,    0
 18219, 99432,20200607,  109,    0
 18219, 99432,20200608,  106,    0
 18219, 99432,20200609,  122,    0
 18219, 99432,20200610,  136,    0
 18219, 99432,20200611,  150,    0
 18219, 99432,20200612,  162,    0
 18219, 99432,20200613,  166,    0
 18219, 99432,20200614,  175,    0
 18219, 99432,20200615,  176,    0
 18219, 99432,20200616,  186,    0
 18219, 99432,20200617,  195,    0
 18219, 99432,20200618,  184,    0
 18219, 99432,20200619,  193,    0
 18219, 99432,20200620,  187,    0
 18219, 99432,20200621,  135,    0
 18219, 99432,20200622,  142,    0
 18219, 99432,20200623,  137,    0
 18219, 99432,20200624,  172,    0
 18219, 99432,20200625,  180,    0
 18219, 99432,20200626,  189,    0
 18219, 99432,20200627,  191,    0
 18219, 99432,20200628,  137,    0
 18219, 99432,20200629,  137,    0
 18219, 99432,20200630,  133,    0
 18219, 99432,20200701,  124,    0
 18219, 99432,20200702,   92,    0
 18219, 99432,20200703,   78,    0
 18219, 99432,20200704,  106,    0
 18219, 99432,20200705,   98,    0
 18219, 99432,20200706,  108,    0
 18219, 99432,20200707,  107,    0
 18219, 99432,20200708,  102,    0
 18219, 99432,20200709,  110,    0
 18219, 99432,20200710,  114,    0
 18219, 99432,20200711,  110,    0
 18219, 99432,20200712,   97,    0
 18219, 99432,20200713,  101,    0
 18219, 99432,20200714,  123,    0
 18219, 99432,20200715,  151,    0
 18219, 99432,20200716,  166,    0
 18219, 99432,20200717,  119,    0
 18219, 99432,20200718,  120,    0
 18219, 99432,20200719,  125,    0
 18219, 99432,20200720,  116,    0
 18219, 99432,20200721,  107,    0
 18219, 99432,20200722,  105,    0
 18219, 99432,20200723,  104,    0
 18219, 99432,20200724,  114,    0
 18219, 99432,20200725,  120,    0
 18219, 99432,20200726,  122,    0
 18219, 99432,20200727,  128,    0
 18219, 99432,20200728,  127,    0
 18219, 99432,20200729,  127,    0
 18219, 99432,20200730,  143,    0
 18219, 99432,20200731,  155,    0
 18219, 99432,20200801,  174,    0
 18219, 99432,20200802,  139,    0
 18219, 99432,20200803,  113,    0
 18219, 99432,20200804,  102,    0
 18219, 99432,20200805,   97,    0
 18219, 99432,20200806,  122,    0
 18219, 99432,20200807,  148,    0
 18219, 99432,20200808,  140,    0
 18219, 99432,20200809,  117,    0
 18219, 99432,20200810,  139,    0
 18219, 99432,20200811,  157,    0
 18219, 99432,20200812,  170,    0
 18219, 99432,20200813,  139,    0
 18219, 99432,20200814,  138,    0
 18219, 99432,20200815,  143,    0
 18219, 99432,20200816,  155,    0
 18219, 99432,20200817,  159,    0
 18219, 99432,20200818,  158,    0
 18219, 99432,20200819,  163,    0
 18219, 99432,20200820,  164,    0
 18219, 99432,20200821,  157,    0
 18219, 99432,20200822,  138,    0
 18219, 99432,20200823,  111,    0
 18219, 99432,20200824,   86,    0
 18219, 99432,20200825,   93,    0
 18219, 99432,20200826,   87,    0
 18219, 99432,20200827,   91,    0
 18219, 99432,20200828,  108,    0
 18219, 99432,20200829,  110,    0
 18219, 99432,20200830,  104,    0
 18219, 99432,20200831,   72,    0
 18219, 99432,20200901,   84,    0
 18219, 99432,20200902,  112,    0
 18219, 99432,20200903,  106,    0
 18219, 99432,20200904,  103,    0
 18219, 99432,20200905,   88,    0
 18219, 99432,20200906,   78,    0
 18219, 99432,20200907,   76,    0
 18219, 99432,20200908,   95,    0
 18219, 99432,20200909,   91,    0
 18219, 99432,20200910,   73,    0
 18219, 99432,20200911,   67,    0
 18219, 99432,20200912,   68,    0
 18219, 99432,20200913,   83,    0
 18219, 99432,20200914,   87,    0
 18219, 99432,20200915,  100,    0
 18219, 99432,20200916,   87,    0
 18219, 99432,20200917,   60,    0
 18219, 99432,20200918,   85,    0
 18219, 99432,20200919,   65,    0
 18219, 99432,20200920,   63,    0
 18219, 99432,20200921,  117,    0
 18219, 99432,20200922,   98,    0
 18219, 99432,20200923,  103,    0
 18219, 99432,20200924,   75,    0
 18219, 99432,20200925,   83,    0
 18219, 99432,20200926,   98,    0
 18219, 99432,20200927,   86,    0
 18219, 99432,20200928,  110,    0
 18219, 99432,20200929,   95,    0
 18219, 99432,20200930,   98,    0
 18219, 99432,20201001,  101,    0
 18219, 99432,20201002,   85,    0
 18219, 99432,20201003,   99,    0
 18219, 99432,20201004,  103,    0
 18219, 99432,20201005,   93,    0
 18219, 99432,20201006,   67,    0
 18219, 99432,20201007,   86,    0
 18219, 99432,20201008,   74,    0
 18219, 99432,20201009,   59,    0
 18219, 99432,20201010,   68,    0
 18219, 99432,20201011,   64,    0
 18219, 99432,20201012,    8,    0
 18219, 99432,20201013,    9,    0
 18219, 99432,20201014,  -11,    0
 18219, 99432,20201015,   -8,    0
 18219, 99432,20201016,   -6,    0
 18219, 99432,20201017,   10,    0
 18219, 99432,20201018,   13,    0
 18219, 99432,20201019,  -10,    0
 18219, 99432,20201020,   -3,    0
 18219, 99432,20201021,   11,    0
 18219, 99432,20201022,   21,    0
 18219, 99432,20201023,   29,    0
 18219, 99432,20201024,   17,    0
 18219, 99432,20201025,   35,    0
 18219, 99432,20201026,   43,    0
 18219, 99432,20201027,   42,    0
 18219, 99432,20201028,   38,    0
 18219, 99432,20201029,   48,    0
 18219, 99432,20201030,   19,    0
 18219, 99432,20201031,   32,    0
 18219, 99432,20201101,   76,    0
 18219, 99432,20201102,   52,    0
 18219, 99432,20201103,   45,    0
 18219, 99432,20201104,   47,    0
 18219, 99432,20201105,   88,    0
 18219, 99432,20201106,   95,    0
 18219, 99432,20201107,   58,    0
 18219, 99432,20201108,   56,    0
 18219, 99432,20201109,   30,    0
 18219, 99432,20201110,   45,    0
 18219, 99432,20201111,   50,    0
 18219, 99432,20201112,   50,    0
 18219, 99432,20201113,   51,    0
 18219, 99432,20201114,   49,    0
 18219, 99432,20201115,   43,    0
 18219, 99432,20201116,   67,    0
 18219, 99432,20201117,   31,    0
 18219, 99432,20201118,   28,    0
 18219, 99432,20201119,   -4,    0
 18219, 99432,20201120,  -24,    0
 18219, 99432,20201121,    1,    0
 18219, 99432,20201122,   28,    0
 18219, 99432,20201123,   11,    0
 18219, 99432,20201124,    2,    0
 18219, 99432,20201125,   13,    0
 18219, 99432,20201126,-9999,    9
 18219, 99432,20201127,-9999,    9
 18219, 99432,20201128,-9999,    9
 18219, 99432,20201129,-9999,    9
 18219, 99432,20201130,-9999,    9
 18219, 99432,20201201,-9999,    9
 18219, 99432,20201202,-9999,    9
 18219, 99432,20201203,-9999,    9
 18219, 99432,20201204,-9999,    9
 18219, 99432,20201205,-9999,    9
 18219, 99432,20201206,-9999,    9
 18219, 99432,20201207,-9999,    9
 18219, 99432,20201208,-9999,    9
 18219, 99432,20201209,-9999,    9
 18219, 99432,20201210,-9999,    9
 18219, 99432,20201211,-9999,    9
 18219, 99432,20201212,-9999,    9
 18219, 99432,20201213,-9999,    9
 18219, 99432,20201214,-9999,    9
 18219, 99432,20201215,-9999,    9
 18219, 99432,20201216,-9999,    9
 18219, 99432,20201217,-9999,    9
 18219, 99432,20201218,-9999,    9
 18219, 99432,20201219,-9999,    9
 18219, 99432,20201220,-9999,    9
 18219, 99432,20201221,-9999,    9
 18219, 99432,20201222,-9999,    9
 18219, 99432,20201223,-9999,    9
 18219, 99432,20201224,-9999,    9
 18219, 99432,20201225,-9999,    9
 18219, 99432,20201226,-9999,    9
 18219, 99432,20201227,-9999,    9
 18219, 99432,20201228,-9999,    9
 18219, 99432,20201229,-9999,    9
 18219, 99432,20201230,-9999,    9
 18219, 99432,20201231,-9999,    9
 18219, 99432,20210101,-9999,    9
 18219, 99432,20210102,-9999,    9
 18219, 99432,20210103,-9999,    9
 18219, 99432,20210104,-9999,    9
 18219, 99432,20210105,-9999,    9
 18219, 99432,20210106,-9999,    9
 18219, 99432,20210107,-9999,    9
 18219, 99432,20210108,-9999,    9
 18219, 99432,20210109,-9999,    9
 18219, 99432,20210110,-9999,    9
 18219, 99432,20210111,-9999,    9
 18219, 99432,20210112,-9999,    9
 18219, 99432,20210113,-9999,    9
 18219, 99432,20210114,-9999,    9
 18219, 99432,20210115,-9999,    9
 18219, 99432,20210116,-9999,    9
 18219, 99432,20210117,-9999,    9
 18219, 99432,20210118,-9999,    9
 18219, 99432,20210119,-9999,    9
 18219, 99432,20210120,-9999,    9
 18219, 99432,20210121,-9999,    9
 18219, 99432,20210122,-9999,    9
 18219, 99432,20210123,-9999,    9
 18219, 99432,20210124,-9999,    9
 18219, 99432,20210125,-9999,    9
 18219, 99432,20210126,-9999,    9
 18219, 99432,20210127,-9999,    9
 18219, 99432,20210128,-9999,    9
 18219, 99432,20210129,-9999,    9
 18219, 99432,20210130,-9999,    9
 18219, 99432,20210131,-9999,    9
 18219, 99432,20210201,-9999,    9
 18219, 99432,20210202,-9999,    9
 18219, 99432,20210203,-9999,    9
 18219, 99432,20210204,-9999,    9
 18219, 99432,20210205,-9999,    9
 18219, 99432,20210206,-9999,    9
 18219, 99432,20210207,-9999,    9
 18219, 99432,20210208,-9999,    9
 18219, 99432,20210209,-9999,    9
 18219, 99432,20210210,-9999,    9
 18219, 99432,20210211,-9999,    9
 18219, 99432,20210212,-9999,    9
 18219, 99432,20210213,-9999,    9
 18219, 99432,20210214,-9999,    9
 18219, 99432,20210215,-9999,    9
 18219, 99432,20210216,-9999,    9
 18219, 99432,20210217,-9999,    9
 18219, 99432,20210218,-9999,    9
 18219, 99432,20210219,-9999,    9
 18219, 99432,20210220,-9999,    9
 18219, 99432,20210221,-9999,    9
 18219, 99432,20210222,-9999,    9
 18219, 99432,20210223,-9999,    9
 18219, 99432,20210224,-9999,    9
 18219, 99432,20210225,-9999,    9
 18219, 99432,20210226,-9999,    9
 18219, 99432,20210227,-9999,    9
 18219, 99432,20210228,-9999,    9
 18219, 99432,20210301,-9999,    9
 18219, 99432,20210302,-9999,    9
 18219, 99432,20210303,-9999,    9
 18219, 99432,20210304,-9999,    9
 18219, 99432,20210305,-9999,    9
 18219, 99432,20210306,-9999,    9
 18219, 99432,20210307,-9999,    9
 18219, 99432,20210308,-9999,    9
 18219, 99432,20210309,-9999,    9
 18219, 99432,20210310,-9999,    9
 18219, 99432,20210311,-9999,    9
 18219, 99432,20210312,-9999,    9
 18219, 99432,20210313,-9999,    9
 18219, 99432,20210314,-9999,    9
 18219, 99432,20210315,-9999,    9
 18219, 99432,20210316,-9999,    9
 18219, 99432,20210317,-9999,    9
 18219, 99432,20210318,-9999,    9
 18219, 99432,20210319,-9999,    9
 18219, 99432,20210320,-9999,    9
 18219, 99432,20210321,-9999,    9
 18219, 99432,20210322,-9999,    9
 18219, 99432,20210323,-9999,    9
 18219, 99432,20210324,-9999,    9
 18219, 99432,20210325,-9999,    9
 18219, 99432,20210326,-9999,    9
 18219, 99432,20210327,-9999,    9
 18219, 99432,20210328,-9999,    9
 18219, 99432,20210329,-9999,    9
 18219, 99432,20210330,-9999,    9
 18219, 99432,20210331,-9999,    9
 18219, 99432,20210401,-9999,    9
 18219, 99432,20210402,-9999,    9
 18219, 99432,20210403,-9999,    9
 18219, 99432,20210404,-9999,    9
 18219, 99432,20210405,-9999,    9
 18219, 99432,20210406,-9999,    9
 18219, 99432,20210407,-9999,    9
 18219, 99432,20210408,-9999,    9
 18219, 99432,20210409,-9999,    9
 18219, 99432,20210410,-9999,    9
 18219, 99432,20210411,-9999,    9
 18219, 99432,20210412,-9999,    9
 18219, 99432,20210413,-9999,    9
 18219, 99432,20210414,-9999,    9
 18219, 99432,20210415,-9999,    9
 18219, 99432,20210416,-9999,    9
 18219, 99432,20210417,-9999,    9
 18219, 99432,20210418,-9999,    9
 18219, 99432,20210419,-9999,    9
 18219, 99432,20210420,-9999,    9
 18219, 99432,20210421,-9999,    9
 18219, 99432,20210422,-9999,    9
 18219, 99432,20210423,-9999,    9
 18219, 99432,20210424,-9999,    9
 18219, 99432,20210425,-9999,    9
 18219, 99432,20210426,-9999,    9
 18219, 99432,20210427,-9999,    9
 18219, 99432,20210428,-9999,    9
 18219, 99432,20210429,-9999,    9
 18219, 99432,20210430,-9999,    9
 18219, 99432,20210501,-9999,    9
 18219, 99432,20210502,-9999,    9
 18219, 99432,20210503,-9999,    9
 18219, 99432,20210504,-9999,    9
 18219, 99432,20210505,-9999,    9
 18219, 99432,20210506,-9999,    9
 18219, 99432,20210507,-9999,    9
 18219, 99432,20210508,-9999,    9
 18219, 99432,20210509,-9999,    9
 18219, 99432,20210510,-9999,    9
 18219, 99432,20210511,-9999,    9
 18219, 99432,20210512,-9999,    9
 18219, 99432,20210513,-9999,    9
 18219, 99432,20210514,-9999,    9
 18219, 99432,20210515,-9999,    9
 18219, 99432,20210516,-9999,    9
 18219, 99432,20210517,-9999,    9
 18219, 99432,20210518,-9999,    9
 18219, 99432,20210519,-9999,    9
 18219, 99432,20210520,-9999,    9
 18219, 99432,20210521,-9999,    9
 18219, 99432,20210522,-9999,    9
 18219, 99432,20210523,-9999,    9
 18219, 99432,20210524,-9999,    9
 18219, 99432,20210525,-9999,    9
 18219, 99432,20210526,-9999,    9
 18219, 99432,20210527,-9999,    9
 18219, 99432,20210528,-9999,    9
 18219, 99432,20210529,-9999,    9
 18219, 99432,20210530,-9999,    9
 18219, 99432,20210531,-9999,    9
 18219, 99432,20210601,-9999,    9
 18219, 99432,20210602,-9999,    9
 18219, 99432,20210603,-9999,    9
 18219, 99432,20210604,-9999,    9
 18219, 99432,20210605,-9999,    9
 18219, 99432,20210606,-9999,    9
 18219, 99432,20210607,-9999,    9
 18219, 99432,20210608,-9999,    9
 18219, 99432,20210609,-9999,    9
 18219, 99432,20210610,-9999,    9
 18219, 99432,20210611,-9999,    9
 18219, 99432,20210612,-9999,    9
 18219, 99432,20210613,-9999,    9
 18219, 99432,20210614,-9999,    9
 18219, 99432,20210615,-9999,    9
 18219, 99432,20210616,-9999,    9
 18219, 99432,20210617,-9999,    9
 18219, 99432,20210618,-9999,    9
 18219, 99432,20210619,-9999,    9
 18219, 99432,20210620,-9999,    9
 18219, 99432,20210621,-9999,    9
 18219, 99432,20210622,-9999,    9
 18219, 99432,20210623,-9999,    9
 18219, 99432,20210624,-9999,    9
 18219, 99432,20210625,-9999,    9
 18219, 99432,20210626,-9999,    9
 18219, 99432,20210627,-9999,    9
 18219, 99432,20210628,-9999,    9
 18219, 99432,20210629,-9999,    9
 18219, 99432,20210630,-9999,    9
 18219, 99432,20210701,-9999,    9
 18219, 99432,20210702,-9999,    9
 18219, 99432,20210703,-9999,    9
 18219, 99432,20210704,-9999,    9
 18219, 99432,20210705,-9999,    9
 18219, 99432,20210706,-9999,    9
 18219, 99432,20210707,-9999,    9
 18219, 99432,20210708,-9999,    9
 18219, 99432,20210709,-9999,    9
 18219, 99432,20210710,-9999,    9
 18219, 99432,20210711,-9999,    9
 18219, 99432,20210712,-9999,    9
 18219, 99432,20210713,-9999,    9
 18219, 99432,20210714,-9999,    9
 18219, 99432,20210715,-9999,    9
 18219, 99432,20210716,-9999,    9
 18219, 99432,20210717,-9999,    9
 18219, 99432,20210718,-9999,    9
 18219, 99432,20210719,-9999,    9
 18219, 99432,20210720,-9999,    9
 18219, 99432,20210721,-9999,    9
 18219, 99432,20210722,-9999,    9
 18219, 99432,20210723,-9999,    9
 18219, 99432,20210724,-9999,    9
 18219, 99432,20210725,-9999,    9
 18219, 99432,20210726,-9999,    9
 18219, 99432,20210727,-9999,    9
 18219, 99432,20210728,-9999,    9
 18219, 99432,20210729,-9999,    9
 18219, 99432,20210730,-9999,    9
 18219, 99432,20210731,-9999,    9
 18219, 99432,20210801,-9999,    9
 18219, 99432,20210802,-9999,    9
 18219, 99432,20210803,-9999,    9
 18219, 99432,20210804,-9999,    9
 18219, 99432,20210805,-9999,    9
 18219, 99432,20210806,-9999,    9
 18219, 99432,20210807,-9999,    9
 18219, 99432,20210808,-9999,    9
 18219, 99432,20210809,-9999,    9
 18219, 99432,20210810,-9999,    9
 18219, 99432,20210811,-9999,    9
 18219, 99432,20210812,-9999,    9
 18219, 99432,20210813,-9999,    9
 18219, 99432,20210814,-9999,    9
 18219, 99432,20210815,-9999,    9
 18219, 99432,20210816,-9999,    9
 18219, 99432,20210817,-9999,    9
 18219, 99432,20210818,-9999,    9
 18219, 99432,20210819,-9999,    9
 18219, 99432,20210820,-9999,    9
 18219, 99432,20210821,-9999,    9
 18219, 99432,20210822,-9999,    9
 18219, 99432,20210823,-9999,    9
 18219, 99432,20210824,-9999,    9
 18219, 99432,20210825,-9999,    9
 18219, 99432,20210826,-9999,    9
 18219, 99432,20210827,-9999,    9
 18219, 99432,20210828,-9999,    9
 18219, 99432,20210829,-9999,    9
 18219, 99432,20210830,-9999,    9
 18219, 99432,20210831,-9999,    9
 18219, 99432,20210901,-9999,    9
 18219, 99432,20210902,-9999,    9
 18219, 99432,20210903,-9999,    9
 18219, 99432,20210904,-9999,    9
 18219, 99432,20210905,-9999,    9
 18219, 99432,20210906,-9999,    9
 18219, 99432,20210907,-9999,    9
 18219, 99432,20210908,-9999,    9
 18219, 99432,20210909,-9999,    9
 18219, 99432,20210910,-9999,    9
 18219, 99432,20210911,-9999,    9
 18219, 99432,20210912,-9999,    9
 18219, 99432,20210913,-9999,    9
 18219, 99432,20210914,-9999,    9
 18219, 99432,20210915,-9999,    9
 18219, 99432,20210916,-9999,    9
 18219, 99432,20210917,-9999,    9
 18219, 99432,20210918,-9999,    9
 18219, 99432,20210919,-9999,    9
 18219, 99432,20210920,-9999,    9
 18219, 99432,20210921,-9999,    9
 18219, 99432,20210922,-9999,    9
 18219, 99432,20210923,-9999,    9
 18219, 99432,20210924,-9999,    9
 18219, 99432,20210925,-9999,    9
 18219, 99432,20210926,-9999,    9
 18219, 99432,20210927,-9999,    9
 18219, 99432,20210928,-9999,    9
 18219, 99432,20210929,-9999,    9
 18219, 99432,20210930,-9999,    9
 18219, 99432,20211001,-9999,    9
 18219, 99432,20211002,-9999,    9
 18219, 99432,20211003,-9999,    9
 18219, 99432,20211004,-9999,    9
 18219, 99432,20211005,-9999,    9
 18219, 99432,20211006,-9999,    9
 18219, 99432,20211007,-9999,    9
 18219, 99432,20211008,-9999,    9
 18219, 99432,20211009,-9999,    9
 18219, 99432,20211010,-9999,    9
 18219, 99432,20211011,-9999,    9
 18219, 99432,20211012,-9999,    9
 18219, 99432,20211013,-9999,    9
 18219, 99432,20211014,-9999,    9
 18219, 99432,20211015,-9999,    9
 18219, 99432,20211016,-9999,    9
 18219, 99432,20211017,-9999,    9
 18219, 99432,20211018,-9999,    9
 18219, 99432,20211019,-9999,    9
 18219, 99432,20211020,-9999,    9
 18219, 99432,20211021,-9999,    9
 18219, 99432,20211022,-9999,    9
 18219, 99432,20211023,-9999,    9
 18219, 99432,20211024,-9999,    9
 18219, 99432,20211025,-9999,    9
 18219, 99432,20211026,-9999,    9
 18219, 99432,20211027,-9999,    9
 18219, 99432,20211028,-9999,    9
 18219, 99432,20211029,-9999,    9
 18219, 99432,20211030,-9999,    9
 18219, 99432,20211031,-9999,    9
 18219, 99432,20211101,-9999,    9
 18219, 99432,20211102,-9999,    9
 18219, 99432,20211103,-9999,    9
 18219, 99432,20211104,-9999,    9
 18219, 99432,20211105,-9999,    9
 18219, 99432,20211106,-9999,    9
 18219, 99432,20211107,-9999,    9
 18219, 99432,20211108,-9999,    9
 18219, 99432,20211109,-9999,    9
 18219, 99432,20211110,-9999,    9
 18219, 99432,20211111,-9999,    9
 18219, 99432,20211112,-9999,    9
 18219, 99432,20211113,-9999,    9
 18219, 99432,20211114,-9999,    9
 18219, 99432,20211115,-9999,    9
 18219, 99432,20211116,-9999,    9
 18219, 99432,20211117,-9999,    9
 18219, 99432,20211118,-9999,    9
 18219, 99432,20211119,-9999,    9
 18219, 99432,20211120,-9999,    9
 18219, 99432,20211121,-9999,    9
 18219, 99432,20211122,-9999,    9
 18219, 99432,20211123,-9999,    9
 18219, 99432,20211124,-9999,    9
 18219, 99432,20211125,-9999,    9
 18219, 99432,20211126,-9999,    9
 18219, 99432,20211127,-9999,    9
 18219, 99432,20211128,-9999,    9
 18219, 99432,20211129,-9999,    9
 18219, 99432,20211130,-9999,    9
 18219, 99432,20211201,-9999,    9
 18219, 99432,20211202,-9999,    9
 18219, 99432,20211203,-9999,    9
 18219, 99432,20211204,-9999,    9
 18219, 99432,20211205,-9999,    9
 18219, 99432,20211206,-9999,    9
 18219, 99432,20211207,-9999,    9
 18219, 99432,20211208,-9999,    9
 18219, 99432,20211209,-9999,    9
 18219, 99432,20211210,-9999,    9
 18219, 99432,20211211,-9999,    9
 18219, 99432,20211212,-9999,    9
 18219, 99432,20211213,-9999,    9
 18219, 99432,20211214,-9999,    9
 18219, 99432,20211215,-9999,    9
 18219, 99432,20211216,-9999,    9
 18219, 99432,20211217,-9999,    9
 18219, 99432,20211218,-9999,    9
 18219, 99432,20211219,-9999,    9
 18219, 99432,20211220,-9999,    9
 18219, 99432,20211221,-9999,    9
 18219, 99432,20211222,-9999,    9
 18219, 99432,20211223,-9999,    9
 18219, 99432,20211224,-9999,    9
 18219, 99432,20211225,-9999,    9
 18219, 99432,20211226,-9999,    9
 18219, 99432,20211227,-9999,    9
 18219, 99432,20211228,-9999,    9
 18219, 99432,20211229,-9999,    9
 18219, 99432,20211230,-9999,    9
 18219, 99432,20211231,-9999,    9
 18219, 99432,20220101,-9999,    9
 18219, 99432,20220102,-9999,    9
 18219, 99432,20220103,-9999,    9
 18219, 99432,20220104,-9999,    9
 18219, 99432,20220105,-9999,    9
 18219, 99432,20220106,-9999,    9
 18219, 99432,20220107,-9999,    9
 18219, 99432,20220108,-9999,    9
 18219, 99432,20220109,-9999,    9
 18219, 99432,20220110,-9999,    9
 18219, 99432,20220111,-9999,    9
 18219, 99432,20220112,-9999,    9
 18219, 99432,20220113,-9999,    9
 18219, 99432,20220114,-9999,    9
 18219, 99432,20220115,-9999,    9
 18219, 99432,20220116,-9999,    9
 18219, 99432,20220117,-9999,    9
 18219, 99432,20220118,-9999,    9
 18219, 99432,20220119,-9999,    9
 18219, 99432,20220120,-9999,    9
 18219, 99432,20220121,-9999,    9
 18219, 99432,20220122,-9999,    9
 18219, 99432,20220123,-9999,    9
 18219, 99432,20220124,-9999,    9
 18219, 99432,20220125,-9999,    9
 18219, 99432,20220126,-9999,    9
 18219, 99432,20220127,-9999,    9
 18219, 99432,20220128,-9999,    9
 18219, 99432,20220129,-9999,    9
 18219, 99432,20220130,-9999,    9
 18219, 99432,20220131,-9999,    9
 18219, 99432,20220201,-9999,    9
 18219, 99432,20220202,-9999,    9
 18219, 99432,20220203,-9999,    9
 18219, 99432,20220204,-9999,    9
 18219, 99432,20220205,-9999,    9
 18219, 99432,20220206,-9999,    9
 18219, 99432,20220207,-9999,    9
 18219, 99432,20220208,-9999,    9
 18219, 99432,20220209,-9999,    9
 18219, 99432,20220210,-9999,    9
 18219, 99432,20220211,-9999,    9
 18219, 99432,20220212,-9999,    9
 18219, 99432,20220213,-9999,    9
 18219, 99432,20220214,-9999,    9
 18219, 99432,20220215,-9999,    9
 18219, 99432,20220216,-9999,    9
 18219, 99432,20220217,-9999,    9
 18219, 99432,20220218,-9999,    9
 18219, 99432,20220219,-9999,    9
 18219, 99432,20220220,-9999,    9
 18219, 99432,20220221,-9999,    9
 18219, 99432,20220222,-9999,    9
 18219, 99432,20220223,-9999,    9
 18219, 99432,20220224,-9999,    9
 18219, 99432,20220225,-9999,    9
 18219, 99432,20220226,-9999,    9
 18219, 99432,20220227,-9999,    9
 18219, 99432,20220228,-9999,    9
 18219, 99432,20220301,-9999,    9
 18219, 99432,20220302,-9999,    9
 18219, 99432,20220303,-9999,    9
 18219, 99432,20220304,-9999,    9
 18219, 99432,20220305,-9999,    9
 18219, 99432,20220306,-9999,    9
 18219, 99432,20220307,-9999,    9
 18219, 99432,20220308,-9999,    9
 18219, 99432,20220309,-9999,    9
 18219, 99432,20220310,-9999,    9
 18219, 99432,20220311,-9999,    9
 18219, 99432,20220312,-9999,    9
 18219, 99432,20220313,-9999,    9
 18219, 99432,20220314,-9999,    9
 18219, 99432,20220315,-9999,    9
 18219, 99432,20220316,-9999,    9
 18219, 99432,20220317,-9999,    9
 18219, 99432,20220318,-9999,    9
 18219, 99432,20220319,-9999,    9
 18219, 99432,20220320,-9999,    9
 18219, 99432,20220321,-9999,    9
 18219, 99432,20220322,-9999,    9
 18219, 99432,20220323,-9999,    9
 18219, 99432,20220324,-9999,    9
 18219, 99432,20220325,-9999,    9
 18219, 99432,20220326,-9999,    9
 18219, 99432,20220327,-9999,    9
 18219, 99432,20220328,-9999,    9
 18219, 99432,20220329,-9999,    9
 18219, 99432,20220330,-9999,    9
 18219, 99432,20220331,-9999,    9
 18219, 99432,20220401,-9999,    9
 18219, 99432,20220402,-9999,    9
 18219, 99432,20220403,-9999,    9
 18219, 99432,20220404,-9999,    9
 18219, 99432,20220405,-9999,    9
 18219, 99432,20220406,-9999,    9
 18219, 99432,20220407,-9999,    9
 18219, 99432,20220408,-9999,    9
 18219, 99432,20220409,-9999,    9
 18219, 99432,20220410,-9999,    9
 18219, 99432,20220411,-9999,    9
 18219, 99432,20220412,-9999,    9
 18219, 99432,20220413,-9999,    9
 18219, 99432,20220414,-9999,    9
 18219, 99432,20220415,-9999,    9
 18219, 99432,20220416,-9999,    9
 18219, 99432,20220417,-9999,    9
 18219, 99432,20220418,-9999,    9
 18219, 99432,20220419,-9999,    9
 18219, 99432,20220420,-9999,    9
 18219, 99432,20220421,-9999,    9
 18219, 99432,20220422,-9999,    9
 18219, 99432,20220423,-9999,    9
 18219, 99432,20220424,-9999,    9
 18219, 99432,20220425,-9999,    9
 18219, 99432,20220426,-9999,    9
 18219, 99432,20220427,-9999,    9
 18219, 99432,20220428,-9999,    9
 18219, 99432,20220429,-9999,    9
 18219, 99432,20220430,-9999,    9
 18219, 99432,20220501,-9999,    9
 18219, 99432,20220502,-9999,    9
 18219, 99432,20220503,-9999,    9
 18219, 99432,20220504,-9999,    9
 18219, 99432,20220505,-9999,    9
 18219, 99432,20220506,-9999,    9
 18219, 99432,20220507,-9999,    9
 18219, 99432,20220508,-9999,    9
 18219, 99432,20220509,-9999,    9
 18219, 99432,20220510,-9999,    9
 18219, 99432,20220511,-9999,    9
 18219, 99432,20220512,-9999,    9
 18219, 99432,20220513,-9999,    9
 18219, 99432,20220514,-9999,    9
 18219, 99432,20220515,-9999,    9
 18219, 99432,20220516,-9999,    9
 18219, 99432,20220517,-9999,    9
 18219, 99432,20220518,-9999,    9
 18219, 99432,20220519,-9999,    9
 18219, 99432,20220520,-9999,    9
 18219, 99432,20220521,-9999,    9
 18219, 99432,20220522,-9999,    9
 18219, 99432,20220523,-9999,    9
 18219, 99432,20220524,-9999,    9
 18219, 99432,20220525,-9999,    9
 18219, 99432,20220526,-9999,    9
 18219, 99432,20220527,-9999,    9
 18219, 99432,20220528,-9999,    9
 18219, 99432,20220529,-9999,    9
 18219, 99432,20220530,-9999,    9
 18219, 99432,20220531,-9999,    9
 18219, 99432,20220601,-9999,    9
 18219, 99432,20220602,-9999,    9
 18219, 99432,20220603,-9999,    9
 18219, 99432,20220604,-9999,    9
 18219, 99432,20220605,-9999,    9
 18219, 99432,20220606,-9999,    9
 18219, 99432,20220607,-9999,    9
 18219, 99432,20220608,-9999,    9
 18219, 99432,20220609,-9999,    9
 18219, 99432,20220610,-9999,    9
 18219, 99432,20220611,-9999,    9
 18219, 99432,20220612,-9999,    9
 18219, 99432,20220613,-9999,    9
 18219, 99432,20220614,-9999,    9
 18219, 99432,20220615,-9999,    9
 18219, 99432,20220616,-9999,    9
 18219, 99432,20220617,-9999,    9
 18219, 99432,20220618,-9999,    9
 18219, 99432,20220619,-9999,    9
 18219, 99432,20220620,-9999,    9
 18219, 99432,20220621,-9999,    9
 18219, 99432,20220622,-9999,    9
 18219, 99432,20220623,-9999,    9
 18219, 99432,20220624,-9999,    9
 18219, 99432,20220625,-9999,    9
 18219, 99432,20220626,-9999,    9
 18219, 99432,20220627,-9999,    9
 18219, 99432,20220628,-9999,    9
 18219, 99432,20220629,-9999,    9
 18219, 99432,20220630,-9999,    9
 18219, 99432,20220701,-9999,    9
 18219, 99432,20220702,-9999,    9
 18219, 99432,20220703,-9999,    9
 18219, 99432,20220704,-9999,    9
 18219, 99432,20220705,-9999,    9
 18219, 99432,20220706,-9999,    9
 18219, 99432,20220707,-9999,    9
 18219, 99432,20220708,-9999,    9
 18219, 99432,20220709,-9999,    9
 18219, 99432,20220710,-9999,    9
 18219, 99432,20220711,-9999,    9
 18219, 99432,20220712,-9999,    9
 18219, 99432,20220713,-9999,    9
 18219, 99432,20220714,-9999,    9
 18219, 99432,20220715,-9999,    9
 18219, 99432,20220716,-9999,    9
 18219, 99432,20220717,-9999,    9
 18219, 99432,20220718,-9999,    9
 18219, 99432,20220719,-9999,    9
 18219, 99432,20220720,-9999,    9
 18219, 99432,20220721,-9999,    9
 18219, 99432,20220722,-9999,    9
 18219, 99432,20220723,-9999,    9
 18219, 99432,20220724,-9999,    9
 18219, 99432,20220725,-9999,    9
 18219, 99432,20220726,-9999,    9
 18219, 99432,20220727,-9999,    9
 18219, 99432,20220728,-9999,    9
 18219, 99432,20220729,-9999,    9
 18219, 99432,20220730,-9999,    9
 18219, 99432,20220731,-9999,    9
 18219, 99432,20220801,-9999,    9
 18219, 99432,20220802,-9999,    9
 18219, 99432,20220803,-9999,    9
 18219, 99432,20220804,-9999,    9
 18219, 99432,20220805,-9999,    9
 18219, 99432,20220806,-9999,    9
 18219, 99432,20220807,-9999,    9
 18219, 99432,20220808,-9999,    9
 18219, 99432,20220809,-9999,    9
 18219, 99432,20220810,-9999,    9
 18219, 99432,20220811,-9999,    9
 18219, 99432,20220812,-9999,    9
 18219, 99432,20220813,-9999,    9
 18219, 99432,20220814,-9999,    9
 18219, 99432,20220815,-9999,    9
 18219, 99432,20220816,-9999,    9
 18219, 99432,20220817,-9999,    9
 18219, 99432,20220818,-9999,    9
 18219, 99432,20220819,-9999,    9
 18219, 99432,20220820,-9999,    9
 18219, 99432,20220821,-9999,    9
 18219, 99432,20220822,-9999,    9
 18219, 99432,20220823,-9999,    9
 18219, 99432,20220824,-9999,    9
 18219, 99432,20220825,-9999,    9
 18219, 99432,20220826,-9999,    9
 18219, 99432,20220827,-9999,    9
 18219, 99432,20220828,-9999,    9
 18219, 99432,20220829,-9999,    9
 18219, 99432,20220830,-9999,    9
 18219, 99432,20220831,-9999,    9
 18219, 99432,20220901,-9999,    9
 18219, 99432,20220902,-9999,    9
 18219, 99432,20220903,-9999,    9
 18219, 99432,20220904,-9999,    9
 18219, 99432,20220905,-9999,    9
 18219, 99432,20220906,-9999,    9
 18219, 99432,20220907,-9999,    9
 18219, 99432,20220908,-9999,    9
 18219, 99432,20220909,-9999,    9
 18219, 99432,20220910,-9999,    9
 18219, 99432,20220911,-9999,    9
 18219, 99432,20220912,-9999,    9
 18219, 99432,20220913,-9999,    9
 18219, 99432,20220914,-9999,    9
 18219, 99432,20220915,-9999,    9
 18219, 99432,20220916,-9999,    9
 18219, 99432,20220917,-9999,    9
 18219, 99432,20220918,-9999,    9
 18219, 99432,20220919,-9999,    9
 18219, 99432,20220920,-9999,    9
 18219, 99432,20220921,-9999,    9
 18219, 99432,20220922,-9999,    9
 18219, 99432,20220923,-9999,    9
 18219, 99432,20220924,-9999,    9
 18219, 99432,20220925,-9999,    9
 18219, 99432,20220926,-9999,    9
 18219, 99432,20220927,-9999,    9
 18219, 99432,20220928,-9999,    9
 18219, 99432,20220929,-9999,    9
 18219, 99432,20220930,-9999,    9
 18219, 99432,20221001,-9999,    9
 18219, 99432,20221002,-9999,    9
 18219, 99432,20221003,-9999,    9
 18219, 99432,20221004,-9999,    9
 18219, 99432,20221005,-9999,    9
 18219, 99432,20221006,-9999,    9
 18219, 99432,20221007,-9999,    9
 18219, 99432,20221008,-9999,    9
 18219, 99432,20221009,-9999,    9
 18219, 99432,20221010,-9999,    9
 18219, 99432,20221011,-9999,    9
 18219, 99432,20221012,-9999,    9
 18219, 99432,20221013,-9999,    9
 18219, 99432,20221014,-9999,    9
 18219, 99432,20221015,-9999,    9
 18219, 99432,20221016,-9999,    9
 18219, 99432,20221017,-9999,    9
 18219, 99432,20221018,-9999,    9
 18219, 99432,20221019,-9999,    9
 18219, 99432,20221020,-9999,    9
 18219, 99432,20221021,-9999,    9
 18219, 99432,20221022,-9999,    9
 18219, 99432,20221023,-9999,    9
 18219, 99432,20221024,-9999,    9
 18219, 99432,20221025,-9999,    9
 18219, 99432,20221026,-9999,    9
 18219, 99432,20221027,-9999,    9
 18219, 99432,20221028,-9999,    9
 18219, 99432,20221029,-9999,    9
 18219, 99432,20221030,-9999,    9
 18219, 99432,20221031,-9999,    9
