EUROPEAN CLIMATE ASSESSMENT & DATASET (ECA&D), file created on: 16-11-2022
THESE DATA CAN BE USED FOR NON-COMMERCIAL RESEARCH AND EDUCATION PROVIDED THAT THE FOLLOWING SOURCE IS ACKNOWLEDGED: 

Klein Tank, A.M.G. and Coauthors, 2002. Daily dataset of 20th-century surface
air temperature and precipitation series for the European Climate Assessment.
Int. J. of Climatol., 22, 1441-1453.
Data and metadata available at http://www.ecad.eu

FILE FORMAT (MISSING VALUE CODE = -9999):

01-06 STAID: Station identifier
08-13 SOUID: Source identifier
15-22 DATE : Date YYYYMMDD
24-28 TG   : Mean temperature in 0.1 &#176;C
30-34 Q_TG : quality code for TG (0='valid'; 1='suspect'; 9='missing')

This is the blended series of station MASSOTERES, SPAIN (STAID: 11386)
Blended and updated with sources:75685 
See files sources.txt and stations.txt for more info.

STAID, SOUID,    DATE,   TG, Q_TG
 11386, 75685,20170501,-9999,    9
 11386, 75685,20170502,-9999,    9
 11386, 75685,20170503,-9999,    9
 11386, 75685,20170504,-9999,    9
 11386, 75685,20170505,-9999,    9
 11386, 75685,20170506,-9999,    9
 11386, 75685,20170507,-9999,    9
 11386, 75685,20170508,-9999,    9
 11386, 75685,20170509,-9999,    9
 11386, 75685,20170510,-9999,    9
 11386, 75685,20170511,-9999,    9
 11386, 75685,20170512,-9999,    9
 11386, 75685,20170513,-9999,    9
 11386, 75685,20170514,-9999,    9
 11386, 75685,20170515,-9999,    9
 11386, 75685,20170516,-9999,    9
 11386, 75685,20170517,-9999,    9
 11386, 75685,20170518,  148,    0
 11386, 75685,20170519,  116,    0
 11386, 75685,20170520,  137,    0
 11386, 75685,20170521,  178,    0
 11386, 75685,20170522,  198,    0
 11386, 75685,20170523,  203,    0
 11386, 75685,20170524,  212,    0
 11386, 75685,20170525,  227,    0
 11386, 75685,20170526,  232,    0
 11386, 75685,20170527,  207,    0
 11386, 75685,20170528,  215,    0
 11386, 75685,20170529,  194,    0
 11386, 75685,20170530,  172,    0
 11386, 75685,20170531,  192,    0
 11386, 75685,20170601,  208,    0
 11386, 75685,20170602,  216,    0
 11386, 75685,20170603,  182,    0
 11386, 75685,20170604,  140,    0
 11386, 75685,20170605,  152,    0
 11386, 75685,20170606,  184,    0
 11386, 75685,20170607,  168,    0
 11386, 75685,20170608,  212,    0
 11386, 75685,20170609,  227,    0
 11386, 75685,20170610,  247,    0
 11386, 75685,20170611,  264,    0
 11386, 75685,20170612,  257,    0
 11386, 75685,20170613,  265,    0
 11386, 75685,20170614,  271,    0
 11386, 75685,20170615,  289,    0
 11386, 75685,20170616,  265,    0
 11386, 75685,20170617,  266,    0
 11386, 75685,20170618,  263,    0
 11386, 75685,20170619,  252,    0
 11386, 75685,20170620,  244,    0
 11386, 75685,20170621,  242,    0
 11386, 75685,20170622,  268,    0
 11386, 75685,20170623,  281,    0
 11386, 75685,20170624,  263,    0
 11386, 75685,20170625,  237,    0
 11386, 75685,20170626,  230,    0
 11386, 75685,20170627,  235,    0
 11386, 75685,20170628,  198,    0
 11386, 75685,20170629,  168,    0
 11386, 75685,20170630,  166,    0
 11386, 75685,20170701,  169,    0
 11386, 75685,20170702,  183,    0
 11386, 75685,20170703,  219,    0
 11386, 75685,20170704,  246,    0
 11386, 75685,20170705,  237,    0
 11386, 75685,20170706,  261,    0
 11386, 75685,20170707,  281,    0
 11386, 75685,20170708,  250,    0
 11386, 75685,20170709,  216,    0
 11386, 75685,20170710,  246,    0
 11386, 75685,20170711,  247,    0
 11386, 75685,20170712,  270,    0
 11386, 75685,20170713,  265,    0
 11386, 75685,20170714,  240,    0
 11386, 75685,20170715,  244,    0
 11386, 75685,20170716,  259,    0
 11386, 75685,20170717,  253,    0
 11386, 75685,20170718,  252,    0
 11386, 75685,20170719,  259,    0
 11386, 75685,20170720,  242,    0
 11386, 75685,20170721,  217,    0
 11386, 75685,20170722,  246,    0
 11386, 75685,20170723,  226,    0
 11386, 75685,20170724,  221,    0
 11386, 75685,20170725,  206,    0
 11386, 75685,20170726,  203,    0
 11386, 75685,20170727,  250,    0
 11386, 75685,20170728,  260,    0
 11386, 75685,20170729,  265,    0
 11386, 75685,20170730,  281,    0
 11386, 75685,20170731,  287,    0
 11386, 75685,20170801,  242,    0
 11386, 75685,20170802,  278,    0
 11386, 75685,20170803,  295,    0
 11386, 75685,20170804,  285,    0
 11386, 75685,20170805,  293,    0
 11386, 75685,20170806,  241,    0
 11386, 75685,20170807,  244,    0
 11386, 75685,20170808,  225,    0
 11386, 75685,20170809,  161,    0
 11386, 75685,20170810,  167,    0
 11386, 75685,20170811,  175,    0
 11386, 75685,20170812,  202,    0
 11386, 75685,20170813,  226,    0
 11386, 75685,20170814,  239,    0
 11386, 75685,20170815,  238,    0
 11386, 75685,20170816,  249,    0
 11386, 75685,20170817,  254,    0
 11386, 75685,20170818,  276,    0
 11386, 75685,20170819,  221,    0
 11386, 75685,20170820,  214,    0
 11386, 75685,20170821,  234,    0
 11386, 75685,20170822,  258,    0
 11386, 75685,20170823,  254,    0
 11386, 75685,20170824,  251,    0
 11386, 75685,20170825,  256,    0
 11386, 75685,20170826,  263,    0
 11386, 75685,20170827,  254,    0
 11386, 75685,20170828,  253,    0
 11386, 75685,20170829,  215,    0
 11386, 75685,20170830,  212,    0
 11386, 75685,20170831,  196,    0
 11386, 75685,20170901,  178,    0
 11386, 75685,20170902,  170,    0
 11386, 75685,20170903,  184,    0
 11386, 75685,20170904,  207,    0
 11386, 75685,20170905,  223,    0
 11386, 75685,20170906,  217,    0
 11386, 75685,20170907,  171,    0
 11386, 75685,20170908,  176,    0
 11386, 75685,20170909,  153,    0
 11386, 75685,20170910,  154,    0
 11386, 75685,20170911,  190,    0
 11386, 75685,20170912,  172,    0
 11386, 75685,20170913,  187,    0
 11386, 75685,20170914,  197,    0
 11386, 75685,20170915,  103,    0
 11386, 75685,20170916,  115,    0
 11386, 75685,20170917,  130,    0
 11386, 75685,20170918,  150,    0
 11386, 75685,20170919,  142,    0
 11386, 75685,20170920,  144,    0
 11386, 75685,20170921,  172,    0
 11386, 75685,20170922,  157,    0
 11386, 75685,20170923,  170,    0
 11386, 75685,20170924,  189,    0
 11386, 75685,20170925,  187,    0
 11386, 75685,20170926,  167,    0
 11386, 75685,20170927,  176,    0
 11386, 75685,20170928,  180,    0
 11386, 75685,20170929,  186,    0
 11386, 75685,20170930,  158,    0
 11386, 75685,20171001,  159,    0
 11386, 75685,20171002,  177,    0
 11386, 75685,20171003,  190,    0
 11386, 75685,20171004,  194,    0
 11386, 75685,20171005,  191,    0
 11386, 75685,20171006,  169,    0
 11386, 75685,20171007,  134,    0
 11386, 75685,20171008,  133,    0
 11386, 75685,20171009,  156,    0
 11386, 75685,20171010,  160,    0
 11386, 75685,20171011,  169,    0
 11386, 75685,20171012,  176,    0
 11386, 75685,20171013,  178,    0
 11386, 75685,20171014,  175,    0
 11386, 75685,20171015,  174,    0
 11386, 75685,20171016,  171,    0
 11386, 75685,20171017,  165,    0
 11386, 75685,20171018,  154,    0
 11386, 75685,20171019,  120,    0
 11386, 75685,20171020,  139,    0
 11386, 75685,20171021,  144,    0
 11386, 75685,20171022,  116,    0
 11386, 75685,20171023,  100,    0
 11386, 75685,20171024,  120,    0
 11386, 75685,20171025,  147,    0
 11386, 75685,20171026,  144,    0
 11386, 75685,20171027,  133,    0
 11386, 75685,20171028,  124,    0
 11386, 75685,20171029,  102,    0
 11386, 75685,20171030,  108,    0
 11386, 75685,20171031,  104,    0
 11386, 75685,20171101,  105,    0
 11386, 75685,20171102,  115,    0
 11386, 75685,20171103,  127,    0
 11386, 75685,20171104,  123,    0
 11386, 75685,20171105,  104,    0
 11386, 75685,20171106,   68,    0
 11386, 75685,20171107,   37,    0
 11386, 75685,20171108,   39,    0
 11386, 75685,20171109,   48,    0
 11386, 75685,20171110,   53,    0
 11386, 75685,20171111,   75,    0
 11386, 75685,20171112,   91,    0
 11386, 75685,20171113,   82,    0
 11386, 75685,20171114,   28,    0
 11386, 75685,20171115,   24,    0
 11386, 75685,20171116,   41,    0
 11386, 75685,20171117,   38,    0
 11386, 75685,20171118,   44,    0
 11386, 75685,20171119,   33,    0
 11386, 75685,20171120,   41,    0
 11386, 75685,20171121,   46,    0
 11386, 75685,20171122,   57,    0
 11386, 75685,20171123,   71,    0
 11386, 75685,20171124,   95,    0
 11386, 75685,20171125,   83,    0
 11386, 75685,20171126,   38,    0
 11386, 75685,20171127,   13,    0
 11386, 75685,20171128,    6,    0
 11386, 75685,20171129,   12,    0
 11386, 75685,20171130,    3,    0
 11386, 75685,20171201,    2,    0
 11386, 75685,20171202,    5,    0
 11386, 75685,20171203,   -9,    0
 11386, 75685,20171204,  -13,    0
 11386, 75685,20171205,   -3,    0
 11386, 75685,20171206,   -7,    0
 11386, 75685,20171207,   -6,    0
 11386, 75685,20171208,    2,    0
 11386, 75685,20171209,   14,    0
 11386, 75685,20171210,   53,    0
 11386, 75685,20171211,   66,    0
 11386, 75685,20171212,   20,    0
 11386, 75685,20171213,    5,    0
 11386, 75685,20171214,   48,    0
 11386, 75685,20171215,   63,    0
 11386, 75685,20171216,   22,    0
 11386, 75685,20171217,   13,    0
 11386, 75685,20171218,   16,    0
 11386, 75685,20171219,   12,    0
 11386, 75685,20171220,   -3,    0
 11386, 75685,20171221,   19,    0
 11386, 75685,20171222,   18,    0
 11386, 75685,20171223,   29,    0
 11386, 75685,20171224,    5,    0
 11386, 75685,20171225,   18,    0
 11386, 75685,20171226,   13,    0
 11386, 75685,20171227,   33,    0
 11386, 75685,20171228,   24,    0
 11386, 75685,20171229,   43,    0
 11386, 75685,20171230,   74,    0
 11386, 75685,20171231,   42,    0
 11386, 75685,20180101,   54,    0
 11386, 75685,20180102,   75,    0
 11386, 75685,20180103,  105,    0
 11386, 75685,20180104,  118,    0
 11386, 75685,20180105,   77,    0
 11386, 75685,20180106,   77,    0
 11386, 75685,20180107,   68,    0
 11386, 75685,20180108,   30,    0
 11386, 75685,20180109,   28,    0
 11386, 75685,20180110,   16,    0
 11386, 75685,20180111,   38,    0
 11386, 75685,20180112,   13,    0
 11386, 75685,20180113,   25,    0
 11386, 75685,20180114,   37,    0
 11386, 75685,20180115,   25,    0
 11386, 75685,20180116,   60,    0
 11386, 75685,20180117,   79,    0
 11386, 75685,20180118,   29,    0
 11386, 75685,20180119,   24,    0
 11386, 75685,20180120,   57,    0
 11386, 75685,20180121,  105,    0
 11386, 75685,20180122,   92,    0
 11386, 75685,20180123,   65,    0
 11386, 75685,20180124,   62,    0
 11386, 75685,20180125,   71,    0
 11386, 75685,20180126,   44,    0
 11386, 75685,20180127,   27,    0
 11386, 75685,20180128,   55,    0
 11386, 75685,20180129,   35,    0
 11386, 75685,20180130,   33,    0
 11386, 75685,20180131,   30,    0
 11386, 75685,20180201,   14,    0
 11386, 75685,20180202,   27,    0
 11386, 75685,20180203,   18,    0
 11386, 75685,20180204,   32,    0
 11386, 75685,20180205,   34,    0
 11386, 75685,20180206,   36,    0
 11386, 75685,20180207,    6,    0
 11386, 75685,20180208,  -14,    0
 11386, 75685,20180209,  -11,    0
 11386, 75685,20180210,   20,    0
 11386, 75685,20180211,   37,    0
 11386, 75685,20180212,   31,    0
 11386, 75685,20180213,   -9,    0
 11386, 75685,20180214,   30,    0
 11386, 75685,20180215,   74,    0
 11386, 75685,20180216,   95,    0
 11386, 75685,20180217,   80,    0
 11386, 75685,20180218,   47,    0
 11386, 75685,20180219,   68,    0
 11386, 75685,20180220,   77,    0
 11386, 75685,20180221,   52,    0
 11386, 75685,20180222,   16,    0
 11386, 75685,20180223,    4,    0
 11386, 75685,20180224,   14,    0
 11386, 75685,20180225,   34,    0
 11386, 75685,20180226,   23,    0
 11386, 75685,20180227,   -6,    0
 11386, 75685,20180228,    7,    0
 11386, 75685,20180301,   80,    0
 11386, 75685,20180302,   63,    0
 11386, 75685,20180303,   80,    0
 11386, 75685,20180304,   79,    0
 11386, 75685,20180305,   55,    0
 11386, 75685,20180306,   63,    0
 11386, 75685,20180307,   54,    0
 11386, 75685,20180308,   72,    0
 11386, 75685,20180309,  101,    0
 11386, 75685,20180310,  123,    0
 11386, 75685,20180311,   90,    0
 11386, 75685,20180312,   83,    0
 11386, 75685,20180313,   70,    0
 11386, 75685,20180314,   84,    0
 11386, 75685,20180315,   91,    0
 11386, 75685,20180316,   70,    0
 11386, 75685,20180317,   40,    0
 11386, 75685,20180318,   47,    0
 11386, 75685,20180319,   38,    0
 11386, 75685,20180320,   39,    0
 11386, 75685,20180321,   30,    0
 11386, 75685,20180322,   38,    0
 11386, 75685,20180323,   65,    0
 11386, 75685,20180324,   53,    0
 11386, 75685,20180325,   60,    0
 11386, 75685,20180326,   62,    0
 11386, 75685,20180327,   84,    0
 11386, 75685,20180328,  115,    0
 11386, 75685,20180329,  107,    0
 11386, 75685,20180330,   81,    0
 11386, 75685,20180331,   64,    0
 11386, 75685,20180401,   68,    0
 11386, 75685,20180402,  108,    0
 11386, 75685,20180403,  119,    0
 11386, 75685,20180404,  109,    0
 11386, 75685,20180405,  101,    0
 11386, 75685,20180406,  112,    0
 11386, 75685,20180407,  126,    0
 11386, 75685,20180408,   84,    0
 11386, 75685,20180409,   84,    0
 11386, 75685,20180410,   75,    0
 11386, 75685,20180411,   62,    0
 11386, 75685,20180412,   71,    0
 11386, 75685,20180413,   81,    0
 11386, 75685,20180414,   92,    0
 11386, 75685,20180415,  117,    0
 11386, 75685,20180416,  119,    0
 11386, 75685,20180417,  129,    0
 11386, 75685,20180418,  156,    0
 11386, 75685,20180419,  150,    0
 11386, 75685,20180420,  139,    0
 11386, 75685,20180421,  145,    0
 11386, 75685,20180422,  147,    0
 11386, 75685,20180423,  150,    0
 11386, 75685,20180424,  169,    0
 11386, 75685,20180425,  176,    0
 11386, 75685,20180426,  141,    0
 11386, 75685,20180427,  156,    0
 11386, 75685,20180428,  152,    0
 11386, 75685,20180429,  102,    0
 11386, 75685,20180430,   84,    0
 11386, 75685,20180501,   73,    0
 11386, 75685,20180502,   93,    0
 11386, 75685,20180503,  121,    0
 11386, 75685,20180504,  113,    0
 11386, 75685,20180505,  120,    0
 11386, 75685,20180506,  140,    0
 11386, 75685,20180507,  157,    0
 11386, 75685,20180508,  158,    0
 11386, 75685,20180509,  144,    0
 11386, 75685,20180510,  143,    0
 11386, 75685,20180511,  157,    0
 11386, 75685,20180512,  139,    0
 11386, 75685,20180513,   93,    0
 11386, 75685,20180514,   99,    0
 11386, 75685,20180515,  117,    0
 11386, 75685,20180516,  137,    0
 11386, 75685,20180517,  160,    0
 11386, 75685,20180518,  156,    0
 11386, 75685,20180519,  153,    0
 11386, 75685,20180520,  144,    0
 11386, 75685,20180521,  152,    0
 11386, 75685,20180522,  154,    0
 11386, 75685,20180523,  179,    0
 11386, 75685,20180524,  186,    0
 11386, 75685,20180525,  176,    0
 11386, 75685,20180526,  183,    0
 11386, 75685,20180527,  185,    0
 11386, 75685,20180528,  159,    0
 11386, 75685,20180529,  177,    0
 11386, 75685,20180530,  145,    0
 11386, 75685,20180531,  162,    0
 11386, 75685,20180601,  184,    0
 11386, 75685,20180602,  178,    0
 11386, 75685,20180603,  154,    0
 11386, 75685,20180604,  175,    0
 11386, 75685,20180605,  166,    0
 11386, 75685,20180606,  136,    0
 11386, 75685,20180607,  149,    0
 11386, 75685,20180608,  182,    0
 11386, 75685,20180609,  198,    0
 11386, 75685,20180610,  180,    0
 11386, 75685,20180611,  191,    0
 11386, 75685,20180612,  167,    0
 11386, 75685,20180613,  177,    0
 11386, 75685,20180614,  179,    0
 11386, 75685,20180615,  188,    0
 11386, 75685,20180616,  204,    0
 11386, 75685,20180617,  195,    0
 11386, 75685,20180618,  203,    0
 11386, 75685,20180619,  213,    0
 11386, 75685,20180620,  234,    0
 11386, 75685,20180621,  245,    0
 11386, 75685,20180622,  245,    0
 11386, 75685,20180623,  228,    0
 11386, 75685,20180624,  224,    0
 11386, 75685,20180625,  234,    0
 11386, 75685,20180626,  237,    0
 11386, 75685,20180627,  249,    0
 11386, 75685,20180628,  227,    0
 11386, 75685,20180629,  222,    0
 11386, 75685,20180630,  235,    0
 11386, 75685,20180701,  239,    0
 11386, 75685,20180702,  244,    0
 11386, 75685,20180703,  255,    0
 11386, 75685,20180704,  249,    0
 11386, 75685,20180705,  220,    0
 11386, 75685,20180706,  217,    0
 11386, 75685,20180707,  242,    0
 11386, 75685,20180708,  252,    0
 11386, 75685,20180709,  246,    0
 11386, 75685,20180710,  245,    0
 11386, 75685,20180711,  238,    0
 11386, 75685,20180712,  236,    0
 11386, 75685,20180713,  241,    0
 11386, 75685,20180714,  255,    0
 11386, 75685,20180715,  266,    0
 11386, 75685,20180716,  216,    0
 11386, 75685,20180717,  223,    0
 11386, 75685,20180718,  247,    0
 11386, 75685,20180719,  245,    0
 11386, 75685,20180720,  241,    0
 11386, 75685,20180721,  201,    0
 11386, 75685,20180722,  206,    0
 11386, 75685,20180723,  235,    0
 11386, 75685,20180724,  244,    0
 11386, 75685,20180725,  255,    0
 11386, 75685,20180726,  265,    0
 11386, 75685,20180727,  274,    0
 11386, 75685,20180728,  256,    0
 11386, 75685,20180729,  266,    0
 11386, 75685,20180730,  270,    0
 11386, 75685,20180731,  278,    0
 11386, 75685,20180801,  274,    0
 11386, 75685,20180802,  281,    0
 11386, 75685,20180803,  290,    0
 11386, 75685,20180804,  284,    0
 11386, 75685,20180805,  272,    0
 11386, 75685,20180806,  272,    0
 11386, 75685,20180807,  259,    0
 11386, 75685,20180808,  244,    0
 11386, 75685,20180809,  215,    0
 11386, 75685,20180810,  218,    0
 11386, 75685,20180811,  235,    0
 11386, 75685,20180812,  238,    0
 11386, 75685,20180813,  245,    0
 11386, 75685,20180814,  221,    0
 11386, 75685,20180815,  219,    0
 11386, 75685,20180816,  234,    0
 11386, 75685,20180817,  189,    0
 11386, 75685,20180818,  188,    0
 11386, 75685,20180819,  220,    0
 11386, 75685,20180820,  229,    0
 11386, 75685,20180821,  242,    0
 11386, 75685,20180822,  234,    0
 11386, 75685,20180823,  222,    0
 11386, 75685,20180824,  216,    0
 11386, 75685,20180825,  191,    0
 11386, 75685,20180826,  189,    0
 11386, 75685,20180827,  233,    0
 11386, 75685,20180828,  241,    0
 11386, 75685,20180829,  238,    0
 11386, 75685,20180830,  222,    0
 11386, 75685,20180831,  223,    0
 11386, 75685,20180901,  218,    0
 11386, 75685,20180902,  228,    0
 11386, 75685,20180903,  233,    0
 11386, 75685,20180904,  230,    0
 11386, 75685,20180905,  216,    0
 11386, 75685,20180906,  199,    0
 11386, 75685,20180907,  196,    0
 11386, 75685,20180908,  210,    0
 11386, 75685,20180909,  210,    0
 11386, 75685,20180910,  199,    0
 11386, 75685,20180911,  215,    0
 11386, 75685,20180912,  214,    0
 11386, 75685,20180913,  205,    0
 11386, 75685,20180914,  205,    0
 11386, 75685,20180915,  207,    0
 11386, 75685,20180916,  211,    0
 11386, 75685,20180917,  206,    0
 11386, 75685,20180918,  197,    0
 11386, 75685,20180919,  215,    0
 11386, 75685,20180920,  224,    0
 11386, 75685,20180921,  229,    0
 11386, 75685,20180922,  218,    0
 11386, 75685,20180923,  229,    0
 11386, 75685,20180924,  208,    0
 11386, 75685,20180925,  167,    0
 11386, 75685,20180926,  187,    0
 11386, 75685,20180927,  177,    0
 11386, 75685,20180928,  181,    0
 11386, 75685,20180929,  191,    0
 11386, 75685,20180930,  197,    0
 11386, 75685,20181001,  148,    0
 11386, 75685,20181002,  126,    0
 11386, 75685,20181003,  151,    0
 11386, 75685,20181004,  169,    0
 11386, 75685,20181005,  172,    0
 11386, 75685,20181006,  177,    0
 11386, 75685,20181007,  145,    0
 11386, 75685,20181008,  125,    0
 11386, 75685,20181009,  148,    0
 11386, 75685,20181010,  166,    0
 11386, 75685,20181011,  168,    0
 11386, 75685,20181012,  183,    0
 11386, 75685,20181013,  186,    0
 11386, 75685,20181014,  171,    0
 11386, 75685,20181015,  122,    0
 11386, 75685,20181016,  145,    0
 11386, 75685,20181017,  155,    0
 11386, 75685,20181018,  154,    0
 11386, 75685,20181019,  183,    0
 11386, 75685,20181020,  170,    0
 11386, 75685,20181021,  137,    0
 11386, 75685,20181022,  135,    0
 11386, 75685,20181023,  109,    0
 11386, 75685,20181024,  101,    0
 11386, 75685,20181025,  110,    0
 11386, 75685,20181026,  120,    0
 11386, 75685,20181027,   94,    0
 11386, 75685,20181028,   49,    0
 11386, 75685,20181029,   41,    0
 11386, 75685,20181030,   63,    0
 11386, 75685,20181031,   92,    0
 11386, 75685,20181101,   79,    0
 11386, 75685,20181102,   77,    0
 11386, 75685,20181103,   67,    0
 11386, 75685,20181104,   78,    0
 11386, 75685,20181105,  109,    0
 11386, 75685,20181106,   76,    0
 11386, 75685,20181107,   87,    0
 11386, 75685,20181108,   96,    0
 11386, 75685,20181109,   93,    0
 11386, 75685,20181110,   95,    0
 11386, 75685,20181111,  126,    0
 11386, 75685,20181112,  143,    0
 11386, 75685,20181113,  130,    0
 11386, 75685,20181114,  125,    0
 11386, 75685,20181115,  113,    0
 11386, 75685,20181116,  116,    0
 11386, 75685,20181117,  101,    0
 11386, 75685,20181118,   91,    0
 11386, 75685,20181119,   92,    0
 11386, 75685,20181120,   73,    0
 11386, 75685,20181121,   78,    0
 11386, 75685,20181122,   64,    0
 11386, 75685,20181123,   67,    0
 11386, 75685,20181124,   55,    0
 11386, 75685,20181125,   56,    0
 11386, 75685,20181126,   61,    0
 11386, 75685,20181127,   57,    0
 11386, 75685,20181128,   46,    0
 11386, 75685,20181129,   51,    0
 11386, 75685,20181130,   53,    0
 11386, 75685,20181201,   41,    0
 11386, 75685,20181202,   65,    0
 11386, 75685,20181203,   64,    0
 11386, 75685,20181204,   63,    0
 11386, 75685,20181205,   60,    0
 11386, 75685,20181206,   59,    0
 11386, 75685,20181207,   48,    0
 11386, 75685,20181208,   54,    0
 11386, 75685,20181209,   68,    0
 11386, 75685,20181210,   46,    0
 11386, 75685,20181211,   30,    0
 11386, 75685,20181212,   27,    0
 11386, 75685,20181213,   47,    0
 11386, 75685,20181214,   58,    0
 11386, 75685,20181215,   57,    0
 11386, 75685,20181216,   60,    0
 11386, 75685,20181217,   41,    0
 11386, 75685,20181218,   25,    0
 11386, 75685,20181219,   55,    0
 11386, 75685,20181220,   39,    0
 11386, 75685,20181221,   40,    0
 11386, 75685,20181222,   42,    0
 11386, 75685,20181223,   44,    0
 11386, 75685,20181224,   42,    0
 11386, 75685,20181225,   53,    0
 11386, 75685,20181226,   46,    0
 11386, 75685,20181227,   42,    0
 11386, 75685,20181228,   34,    0
 11386, 75685,20181229,   21,    0
 11386, 75685,20181230,   11,    0
 11386, 75685,20181231,   -1,    0
 11386, 75685,20190101,   -5,    0
 11386, 75685,20190102,   70,    0
 11386, 75685,20190103,   74,    0
 11386, 75685,20190104,  105,    0
 11386, 75685,20190105,  151,    0
 11386, 75685,20190106,  201,    0
 11386, 75685,20190107,-9999,    9
 11386, 75685,20190108,-9999,    9
 11386, 75685,20190109,-9999,    9
 11386, 75685,20190110,-9999,    9
 11386, 75685,20190111,-9999,    9
 11386, 75685,20190112,-9999,    9
 11386, 75685,20190113,-9999,    9
 11386, 75685,20190114,-9999,    9
 11386, 75685,20190115,-9999,    9
 11386, 75685,20190116,-9999,    9
 11386, 75685,20190117,-9999,    9
 11386, 75685,20190118,-9999,    9
 11386, 75685,20190119,-9999,    9
 11386, 75685,20190120,-9999,    9
 11386, 75685,20190121,-9999,    9
 11386, 75685,20190122,-9999,    9
 11386, 75685,20190123,-9999,    9
 11386, 75685,20190124,-9999,    9
 11386, 75685,20190125,-9999,    9
 11386, 75685,20190126,-9999,    9
 11386, 75685,20190127,-9999,    9
 11386, 75685,20190128,-9999,    9
 11386, 75685,20190129,-9999,    9
 11386, 75685,20190130,-9999,    9
 11386, 75685,20190131,-9999,    9
 11386, 75685,20190201,   -2,    0
 11386, 75685,20190202,   31,    0
 11386, 75685,20190203,   83,    0
 11386, 75685,20190204,  111,    0
 11386, 75685,20190205,  137,    0
 11386, 75685,20190206,  207,    0
 11386, 75685,20190207,-9999,    9
 11386, 75685,20190208,-9999,    9
 11386, 75685,20190209,-9999,    9
 11386, 75685,20190210,-9999,    9
 11386, 75685,20190211,-9999,    9
 11386, 75685,20190212,-9999,    9
 11386, 75685,20190213,-9999,    9
 11386, 75685,20190214,-9999,    9
 11386, 75685,20190215,-9999,    9
 11386, 75685,20190216,-9999,    9
 11386, 75685,20190217,-9999,    9
 11386, 75685,20190218,-9999,    9
 11386, 75685,20190219,-9999,    9
 11386, 75685,20190220,-9999,    9
 11386, 75685,20190221,-9999,    9
 11386, 75685,20190222,-9999,    9
 11386, 75685,20190223,-9999,    9
 11386, 75685,20190224,-9999,    9
 11386, 75685,20190225,-9999,    9
 11386, 75685,20190226,-9999,    9
 11386, 75685,20190227,-9999,    9
 11386, 75685,20190228,-9999,    9
 11386, 75685,20190301,   -5,    0
 11386, 75685,20190302,   26,    0
 11386, 75685,20190303,   84,    0
 11386, 75685,20190304,   79,    0
 11386, 75685,20190305,   86,    0
 11386, 75685,20190306,  205,    0
 11386, 75685,20190307,-9999,    9
 11386, 75685,20190308,-9999,    9
 11386, 75685,20190309,-9999,    9
 11386, 75685,20190310,-9999,    9
 11386, 75685,20190311,-9999,    9
 11386, 75685,20190312,-9999,    9
 11386, 75685,20190313,-9999,    9
 11386, 75685,20190314,-9999,    9
 11386, 75685,20190315,-9999,    9
 11386, 75685,20190316,-9999,    9
 11386, 75685,20190317,-9999,    9
 11386, 75685,20190318,-9999,    9
 11386, 75685,20190319,-9999,    9
 11386, 75685,20190320,-9999,    9
 11386, 75685,20190321,-9999,    9
 11386, 75685,20190322,-9999,    9
 11386, 75685,20190323,-9999,    9
 11386, 75685,20190324,-9999,    9
 11386, 75685,20190325,-9999,    9
 11386, 75685,20190326,-9999,    9
 11386, 75685,20190327,-9999,    9
 11386, 75685,20190328,-9999,    9
 11386, 75685,20190329,-9999,    9
 11386, 75685,20190330,-9999,    9
 11386, 75685,20190331,-9999,    9
 11386, 75685,20190401,  -22,    0
 11386, 75685,20190402,   13,    0
 11386, 75685,20190403,  108,    0
 11386, 75685,20190404,   49,    0
 11386, 75685,20190405,  104,    0
 11386, 75685,20190406,  211,    0
 11386, 75685,20190407,-9999,    9
 11386, 75685,20190408,-9999,    9
 11386, 75685,20190409,-9999,    9
 11386, 75685,20190410,-9999,    9
 11386, 75685,20190411,-9999,    9
 11386, 75685,20190412,-9999,    9
 11386, 75685,20190413,-9999,    9
 11386, 75685,20190414,-9999,    9
 11386, 75685,20190415,-9999,    9
 11386, 75685,20190416,-9999,    9
 11386, 75685,20190417,-9999,    9
 11386, 75685,20190418,-9999,    9
 11386, 75685,20190419,-9999,    9
 11386, 75685,20190420,-9999,    9
 11386, 75685,20190421,-9999,    9
 11386, 75685,20190422,-9999,    9
 11386, 75685,20190423,-9999,    9
 11386, 75685,20190424,-9999,    9
 11386, 75685,20190425,-9999,    9
 11386, 75685,20190426,-9999,    9
 11386, 75685,20190427,-9999,    9
 11386, 75685,20190428,-9999,    9
 11386, 75685,20190429,-9999,    9
 11386, 75685,20190430,-9999,    9
 11386, 75685,20190501,  -25,    0
 11386, 75685,20190502,   47,    0
 11386, 75685,20190503,  101,    0
 11386, 75685,20190504,   53,    0
 11386, 75685,20190505,   98,    0
 11386, 75685,20190506,  164,    0
 11386, 75685,20190507,-9999,    9
 11386, 75685,20190508,-9999,    9
 11386, 75685,20190509,-9999,    9
 11386, 75685,20190510,-9999,    9
 11386, 75685,20190511,-9999,    9
 11386, 75685,20190512,-9999,    9
 11386, 75685,20190513,-9999,    9
 11386, 75685,20190514,-9999,    9
 11386, 75685,20190515,-9999,    9
 11386, 75685,20190516,-9999,    9
 11386, 75685,20190517,-9999,    9
 11386, 75685,20190518,-9999,    9
 11386, 75685,20190519,-9999,    9
 11386, 75685,20190520,-9999,    9
 11386, 75685,20190521,-9999,    9
 11386, 75685,20190522,-9999,    9
 11386, 75685,20190523,-9999,    9
 11386, 75685,20190524,-9999,    9
 11386, 75685,20190525,-9999,    9
 11386, 75685,20190526,-9999,    9
 11386, 75685,20190527,-9999,    9
 11386, 75685,20190528,-9999,    9
 11386, 75685,20190529,-9999,    9
 11386, 75685,20190530,-9999,    9
 11386, 75685,20190531,-9999,    9
 11386, 75685,20190601,   -4,    0
 11386, 75685,20190602,   48,    0
 11386, 75685,20190603,   84,    0
 11386, 75685,20190604,   68,    0
 11386, 75685,20190605,  100,    0
 11386, 75685,20190606,  151,    0
 11386, 75685,20190607,-9999,    9
 11386, 75685,20190608,-9999,    9
 11386, 75685,20190609,-9999,    9
 11386, 75685,20190610,-9999,    9
 11386, 75685,20190611,-9999,    9
 11386, 75685,20190612,-9999,    9
 11386, 75685,20190613,-9999,    9
 11386, 75685,20190614,-9999,    9
 11386, 75685,20190615,-9999,    9
 11386, 75685,20190616,-9999,    9
 11386, 75685,20190617,-9999,    9
 11386, 75685,20190618,-9999,    9
 11386, 75685,20190619,-9999,    9
 11386, 75685,20190620,-9999,    9
 11386, 75685,20190621,-9999,    9
 11386, 75685,20190622,-9999,    9
 11386, 75685,20190623,-9999,    9
 11386, 75685,20190624,-9999,    9
 11386, 75685,20190625,-9999,    9
 11386, 75685,20190626,-9999,    9
 11386, 75685,20190627,-9999,    9
 11386, 75685,20190628,-9999,    9
 11386, 75685,20190629,-9999,    9
 11386, 75685,20190630,-9999,    9
 11386, 75685,20190701,  275,    0
 11386, 75685,20190702,  251,    0
 11386, 75685,20190703,  249,    0
 11386, 75685,20190704,  256,    0
 11386, 75685,20190705,  269,    0
 11386, 75685,20190706,  283,    0
 11386, 75685,20190707,  267,    0
 11386, 75685,20190708,  228,    0
 11386, 75685,20190709,  200,    0
 11386, 75685,20190710,  215,    0
 11386, 75685,20190711,  252,    0
 11386, 75685,20190712,  269,    0
 11386, 75685,20190713,  258,    0
 11386, 75685,20190714,  233,    0
 11386, 75685,20190715,  226,    0
 11386, 75685,20190716,  224,    0
 11386, 75685,20190717,  220,    0
 11386, 75685,20190718,  226,    0
 11386, 75685,20190719,  242,    0
 11386, 75685,20190720,  257,    0
 11386, 75685,20190721,  272,    0
 11386, 75685,20190722,  280,    0
 11386, 75685,20190723,  280,    0
 11386, 75685,20190724,  276,    0
 11386, 75685,20190725,  276,    0
 11386, 75685,20190726,  252,    0
 11386, 75685,20190727,  205,    0
 11386, 75685,20190728,  199,    0
 11386, 75685,20190729,  237,    0
 11386, 75685,20190730,  229,    0
 11386, 75685,20190731,  219,    0
 11386, 75685,20190801,  249,    0
 11386, 75685,20190802,  240,    0
 11386, 75685,20190803,  257,    0
 11386, 75685,20190804,  268,    0
 11386, 75685,20190805,  274,    0
 11386, 75685,20190806,  277,    0
 11386, 75685,20190807,  258,    0
 11386, 75685,20190808,  265,    0
 11386, 75685,20190809,  289,    0
 11386, 75685,20190810,  264,    0
 11386, 75685,20190811,  250,    0
 11386, 75685,20190812,  214,    0
 11386, 75685,20190813,  184,    0
 11386, 75685,20190814,  207,    0
 11386, 75685,20190815,  233,    0
 11386, 75685,20190816,  241,    0
 11386, 75685,20190817,  253,    0
 11386, 75685,20190818,  264,    0
 11386, 75685,20190819,  238,    0
 11386, 75685,20190820,  187,    0
 11386, 75685,20190821,  205,    0
 11386, 75685,20190822,  219,    0
 11386, 75685,20190823,  232,    0
 11386, 75685,20190824,  239,    0
 11386, 75685,20190825,  243,    0
 11386, 75685,20190826,  228,    0
 11386, 75685,20190827,  217,    0
 11386, 75685,20190828,  225,    0
 11386, 75685,20190829,  245,    0
 11386, 75685,20190830,  243,    0
 11386, 75685,20190831,  229,    0
 11386, 75685,20190901,  234,    0
 11386, 75685,20190902,  203,    0
 11386, 75685,20190903,  197,    0
 11386, 75685,20190904,  214,    0
 11386, 75685,20190905,  190,    0
 11386, 75685,20190906,  165,    0
 11386, 75685,20190907,  163,    0
 11386, 75685,20190908,  170,    0
 11386, 75685,20190909,  192,    0
 11386, 75685,20190910,  146,    0
 11386, 75685,20190911,  169,    0
 11386, 75685,20190912,  199,    0
 11386, 75685,20190913,  200,    0
 11386, 75685,20190914,  209,    0
 11386, 75685,20190915,  228,    0
 11386, 75685,20190916,  225,    0
 11386, 75685,20190917,  215,    0
 11386, 75685,20190918,  214,    0
 11386, 75685,20190919,  211,    0
 11386, 75685,20190920,  206,    0
 11386, 75685,20190921,  183,    0
 11386, 75685,20190922,  194,    0
 11386, 75685,20190923,  172,    0
 11386, 75685,20190924,  195,    0
 11386, 75685,20190925,  191,    0
 11386, 75685,20190926,  183,    0
 11386, 75685,20190927,  200,    0
 11386, 75685,20190928,  197,    0
 11386, 75685,20190929,  193,    0
 11386, 75685,20190930,  201,    0
 11386, 75685,20191001,  196,    0
 11386, 75685,20191002,  175,    0
 11386, 75685,20191003,  143,    0
 11386, 75685,20191004,  157,    0
 11386, 75685,20191005,  168,    0
 11386, 75685,20191006,  160,    0
 11386, 75685,20191007,  148,    0
 11386, 75685,20191008,  177,    0
 11386, 75685,20191009,  179,    0
 11386, 75685,20191010,  141,    0
 11386, 75685,20191011,  169,    0
 11386, 75685,20191012,  194,    0
 11386, 75685,20191013,  193,    0
 11386, 75685,20191014,  165,    0
 11386, 75685,20191015,  116,    0
 11386, 75685,20191016,  121,    0
 11386, 75685,20191017,  128,    0
 11386, 75685,20191018,  139,    0
 11386, 75685,20191019,  164,    0
 11386, 75685,20191020,  144,    0
 11386, 75685,20191021,  107,    0
 11386, 75685,20191022,  114,    0
 11386, 75685,20191023,  130,    0
 11386, 75685,20191024,  100,    0
 11386, 75685,20191025,  106,    0
 11386, 75685,20191026,  128,    0
 11386, 75685,20191027,  131,    0
 11386, 75685,20191028,  122,    0
 11386, 75685,20191029,  103,    0
 11386, 75685,20191030,  101,    0
 11386, 75685,20191031,  130,    0
 11386, 75685,20191101,  127,    0
 11386, 75685,20191102,  148,    0
 11386, 75685,20191103,  123,    0
 11386, 75685,20191104,  126,    0
 11386, 75685,20191105,   96,    0
 11386, 75685,20191106,   82,    0
 11386, 75685,20191107,   71,    0
 11386, 75685,20191108,   48,    0
 11386, 75685,20191109,   65,    0
 11386, 75685,20191110,   57,    0
 11386, 75685,20191111,   42,    0
 11386, 75685,20191112,   60,    0
 11386, 75685,20191113,   59,    0
 11386, 75685,20191114,   44,    0
 11386, 75685,20191115,   22,    0
 11386, 75685,20191116,   22,    0
 11386, 75685,20191117,   43,    0
 11386, 75685,20191118,   48,    0
 11386, 75685,20191119,   11,    0
 11386, 75685,20191120,   21,    0
 11386, 75685,20191121,   37,    0
 11386, 75685,20191122,   78,    0
 11386, 75685,20191123,   74,    0
 11386, 75685,20191124,   63,    0
 11386, 75685,20191125,   58,    0
 11386, 75685,20191126,   73,    0
 11386, 75685,20191127,   93,    0
 11386, 75685,20191128,   96,    0
 11386, 75685,20191129,   98,    0
 11386, 75685,20191130,   78,    0
 11386, 75685,20191201,   74,    0
 11386, 75685,20191202,   39,    0
 11386, 75685,20191203,   34,    0
 11386, 75685,20191204,   94,    0
 11386, 75685,20191205,   82,    0
 11386, 75685,20191206,   70,    0
 11386, 75685,20191207,   62,    0
 11386, 75685,20191208,   48,    0
 11386, 75685,20191209,   68,    0
 11386, 75685,20191210,   43,    0
 11386, 75685,20191211,   34,    0
 11386, 75685,20191212,   51,    0
 11386, 75685,20191213,  102,    0
 11386, 75685,20191214,   91,    0
 11386, 75685,20191215,   64,    0
 11386, 75685,20191216,   77,    0
 11386, 75685,20191217,  116,    0
 11386, 75685,20191218,   88,    0
 11386, 75685,20191219,   80,    0
 11386, 75685,20191220,  110,    0
 11386, 75685,20191221,   97,    0
 11386, 75685,20191222,   88,    0
 11386, 75685,20191223,   70,    0
 11386, 75685,20191224,   60,    0
 11386, 75685,20191225,   53,    0
 11386, 75685,20191226,   56,    0
 11386, 75685,20191227,   40,    0
 11386, 75685,20191228,   23,    0
 11386, 75685,20191229,   22,    0
 11386, 75685,20191230,   40,    0
 11386, 75685,20191231,   31,    0
 11386, 75685,20200101,   20,    0
 11386, 75685,20200102,   10,    0
 11386, 75685,20200103,    4,    0
 11386, 75685,20200104,   -2,    0
 11386, 75685,20200105,    6,    0
 11386, 75685,20200106,    7,    0
 11386, 75685,20200107,    0,    0
 11386, 75685,20200108,   31,    0
 11386, 75685,20200109,   34,    0
 11386, 75685,20200110,   37,    0
 11386, 75685,20200111,   18,    0
 11386, 75685,20200112,   -3,    0
 11386, 75685,20200113,  -14,    0
 11386, 75685,20200114,   -7,    0
 11386, 75685,20200115,    4,    0
 11386, 75685,20200116,   32,    0
 11386, 75685,20200117,   48,    0
 11386, 75685,20200118,   43,    0
 11386, 75685,20200119,   54,    0
 11386, 75685,20200120,   53,    0
 11386, 75685,20200121,   65,    0
 11386, 75685,20200122,   74,    0
 11386, 75685,20200123,   50,    0
 11386, 75685,20200124,   50,    0
 11386, 75685,20200125,   70,    0
 11386, 75685,20200126,   57,    0
 11386, 75685,20200127,   43,    0
 11386, 75685,20200128,   67,    0
 11386, 75685,20200129,   67,    0
 11386, 75685,20200130,   83,    0
 11386, 75685,20200131,   82,    0
 11386, 75685,20200201,   87,    0
 11386, 75685,20200202,   97,    0
 11386, 75685,20200203,  102,    0
 11386, 75685,20200204,   95,    0
 11386, 75685,20200205,   41,    0
 11386, 75685,20200206,   50,    0
 11386, 75685,20200207,   55,    0
 11386, 75685,20200208,   59,    0
 11386, 75685,20200209,   67,    0
 11386, 75685,20200210,  102,    0
 11386, 75685,20200211,  100,    0
 11386, 75685,20200212,   89,    0
 11386, 75685,20200213,   92,    0
 11386, 75685,20200214,   71,    0
 11386, 75685,20200215,   77,    0
 11386, 75685,20200216,   64,    0
 11386, 75685,20200217,   89,    0
 11386, 75685,20200218,   56,    0
 11386, 75685,20200219,   34,    0
 11386, 75685,20200220,   51,    0
 11386, 75685,20200221,   55,    0
 11386, 75685,20200222,   65,    0
 11386, 75685,20200223,   72,    0
 11386, 75685,20200224,   74,    0
 11386, 75685,20200225,   74,    0
 11386, 75685,20200226,   78,    0
 11386, 75685,20200227,   71,    0
 11386, 75685,20200228,   93,    0
 11386, 75685,20200229,   93,    0
 11386, 75685,20200301,  106,    0
 11386, 75685,20200302,   80,    0
 11386, 75685,20200303,   54,    0
 11386, 75685,20200304,   97,    0
 11386, 75685,20200305,   95,    0
 11386, 75685,20200306,   54,    0
 11386, 75685,20200307,   62,    0
 11386, 75685,20200308,   81,    0
 11386, 75685,20200309,   84,    0
 11386, 75685,20200310,   65,    0
 11386, 75685,20200311,   99,    0
 11386, 75685,20200312,  143,    0
 11386, 75685,20200313,  109,    0
 11386, 75685,20200314,   89,    0
 11386, 75685,20200315,  103,    0
 11386, 75685,20200316,   93,    0
 11386, 75685,20200317,  113,    0
 11386, 75685,20200318,   93,    0
 11386, 75685,20200319,   92,    0
 11386, 75685,20200320,   86,    0
 11386, 75685,20200321,   77,    0
 11386, 75685,20200322,   95,    0
 11386, 75685,20200323,  100,    0
 11386, 75685,20200324,   86,    0
 11386, 75685,20200325,   46,    0
 11386, 75685,20200326,   36,    0
 11386, 75685,20200327,   42,    0
 11386, 75685,20200328,   86,    0
 11386, 75685,20200329,   91,    0
 11386, 75685,20200330,   44,    0
 11386, 75685,20200331,   76,    0
 11386, 75685,20200401,   83,    0
 11386, 75685,20200402,   90,    0
 11386, 75685,20200403,   79,    0
 11386, 75685,20200404,   94,    0
 11386, 75685,20200405,   86,    0
 11386, 75685,20200406,  109,    0
 11386, 75685,20200407,   98,    0
 11386, 75685,20200408,  106,    0
 11386, 75685,20200409,  114,    0
 11386, 75685,20200410,  115,    0
 11386, 75685,20200411,  107,    0
 11386, 75685,20200412,  114,    0
 11386, 75685,20200413,  101,    0
 11386, 75685,20200414,  133,    0
 11386, 75685,20200415,  131,    0
 11386, 75685,20200416,  142,    0
 11386, 75685,20200417,  150,    0
 11386, 75685,20200418,  152,    0
 11386, 75685,20200419,  141,    0
 11386, 75685,20200420,  133,    0
 11386, 75685,20200421,  124,    0
 11386, 75685,20200422,  123,    0
 11386, 75685,20200423,  131,    0
 11386, 75685,20200424,  144,    0
 11386, 75685,20200425,  138,    0
 11386, 75685,20200426,  142,    0
 11386, 75685,20200427,  124,    0
 11386, 75685,20200428,  121,    0
 11386, 75685,20200429,  123,    0
 11386, 75685,20200430,  136,    0
 11386, 75685,20200501,  158,    0
 11386, 75685,20200502,  175,    0
 11386, 75685,20200503,  171,    0
 11386, 75685,20200504,  187,    0
 11386, 75685,20200505,  173,    0
 11386, 75685,20200506,  176,    0
 11386, 75685,20200507,  184,    0
 11386, 75685,20200508,  174,    0
 11386, 75685,20200509,  150,    0
 11386, 75685,20200510,  136,    0
 11386, 75685,20200511,  144,    0
 11386, 75685,20200512,  142,    0
 11386, 75685,20200513,  145,    0
 11386, 75685,20200514,  122,    0
 11386, 75685,20200515,  139,    0
 11386, 75685,20200516,  124,    0
 11386, 75685,20200517,  139,    0
 11386, 75685,20200518,  152,    0
 11386, 75685,20200519,  169,    0
 11386, 75685,20200520,  187,    0
 11386, 75685,20200521,  196,    0
 11386, 75685,20200522,  215,    0
 11386, 75685,20200523,  207,    0
 11386, 75685,20200524,  180,    0
 11386, 75685,20200525,  193,    0
 11386, 75685,20200526,  204,    0
 11386, 75685,20200527,  208,    0
 11386, 75685,20200528,  202,    0
 11386, 75685,20200529,  186,    0
 11386, 75685,20200530,  182,    0
 11386, 75685,20200531,  186,    0
 11386, 75685,20200601,  174,    0
 11386, 75685,20200602,  182,    0
 11386, 75685,20200603,  186,    0
 11386, 75685,20200604,  154,    0
 11386, 75685,20200605,  163,    0
 11386, 75685,20200606,  188,    0
 11386, 75685,20200607,  158,    0
 11386, 75685,20200608,  127,    0
 11386, 75685,20200609,  135,    0
 11386, 75685,20200610,  152,    0
 11386, 75685,20200611,  154,    0
 11386, 75685,20200612,  169,    0
 11386, 75685,20200613,  168,    0
 11386, 75685,20200614,  190,    0
 11386, 75685,20200615,  206,    0
 11386, 75685,20200616,  152,    0
 11386, 75685,20200617,  164,    0
 11386, 75685,20200618,  171,    0
 11386, 75685,20200619,  187,    0
 11386, 75685,20200620,  208,    0
 11386, 75685,20200621,  228,    0
 11386, 75685,20200622,  220,    0
 11386, 75685,20200623,  233,    0
 11386, 75685,20200624,  231,    0
 11386, 75685,20200625,  244,    0
 11386, 75685,20200626,  239,    0
 11386, 75685,20200627,  244,    0
 11386, 75685,20200628,  246,    0
 11386, 75685,20200629,  240,    0
 11386, 75685,20200630,  242,    0
 11386, 75685,20200701,  264,    0
 11386, 75685,20200702,  243,    0
 11386, 75685,20200703,  200,    0
 11386, 75685,20200704,  194,    0
 11386, 75685,20200705,  233,    0
 11386, 75685,20200706,  238,    0
 11386, 75685,20200707,  208,    0
 11386, 75685,20200708,  244,    0
 11386, 75685,20200709,  259,    0
 11386, 75685,20200710,  238,    0
 11386, 75685,20200711,  225,    0
 11386, 75685,20200712,  233,    0
 11386, 75685,20200713,  223,    0
 11386, 75685,20200714,  204,    0
 11386, 75685,20200715,  200,    0
 11386, 75685,20200716,  207,    0
 11386, 75685,20200717,  212,    0
 11386, 75685,20200718,  222,    0
 11386, 75685,20200719,  246,    0
 11386, 75685,20200720,  239,    0
 11386, 75685,20200721,  254,    0
 11386, 75685,20200722,  256,    0
 11386, 75685,20200723,  267,    0
 11386, 75685,20200724,  242,    0
 11386, 75685,20200725,  243,    0
 11386, 75685,20200726,  257,    0
 11386, 75685,20200727,  279,    0
 11386, 75685,20200728,  283,    0
 11386, 75685,20200729,  271,    0
 11386, 75685,20200730,  281,    0
 11386, 75685,20200731,  299,    0
 11386, 75685,20200801,  299,    0
 11386, 75685,20200802,  234,    0
 11386, 75685,20200803,  211,    0
 11386, 75685,20200804,  210,    0
 11386, 75685,20200805,  230,    0
 11386, 75685,20200806,  260,    0
 11386, 75685,20200807,  272,    0
 11386, 75685,20200808,  286,    0
 11386, 75685,20200809,  272,    0
 11386, 75685,20200810,  248,    0
 11386, 75685,20200811,  267,    0
 11386, 75685,20200812,  231,    0
 11386, 75685,20200813,  244,    0
 11386, 75685,20200814,  240,    0
 11386, 75685,20200815,  242,    0
 11386, 75685,20200816,  214,    0
 11386, 75685,20200817,  225,    0
 11386, 75685,20200818,  223,    0
 11386, 75685,20200819,  242,    0
 11386, 75685,20200820,  264,    0
 11386, 75685,20200821,  270,    0
 11386, 75685,20200822,  248,    0
 11386, 75685,20200823,  219,    0
 11386, 75685,20200824,  211,    0
 11386, 75685,20200825,  244,    0
 11386, 75685,20200826,  264,    0
 11386, 75685,20200827,  257,    0
 11386, 75685,20200828,  236,    0
 11386, 75685,20200829,  173,    0
 11386, 75685,20200830,  159,    0
 11386, 75685,20200831,  162,    0
 11386, 75685,20200901,  183,    0
 11386, 75685,20200902,  188,    0
 11386, 75685,20200903,  202,    0
 11386, 75685,20200904,  225,    0
 11386, 75685,20200905,  225,    0
 11386, 75685,20200906,  201,    0
 11386, 75685,20200907,  169,    0
 11386, 75685,20200908,  165,    0
 11386, 75685,20200909,  168,    0
 11386, 75685,20200910,  180,    0
 11386, 75685,20200911,  202,    0
 11386, 75685,20200912,  215,    0
 11386, 75685,20200913,  229,    0
 11386, 75685,20200914,  221,    0
 11386, 75685,20200915,  218,    0
 11386, 75685,20200916,  223,    0
 11386, 75685,20200917,  222,    0
 11386, 75685,20200918,  196,    0
 11386, 75685,20200919,  200,    0
 11386, 75685,20200920,  187,    0
 11386, 75685,20200921,  185,    0
 11386, 75685,20200922,  176,    0
 11386, 75685,20200923,  185,    0
 11386, 75685,20200924,  177,    0
 11386, 75685,20200925,  134,    0
 11386, 75685,20200926,  128,    0
 11386, 75685,20200927,  123,    0
 11386, 75685,20200928,  135,    0
 11386, 75685,20200929,  138,    0
 11386, 75685,20200930,  143,    0
 11386, 75685,20201001,  158,    0
 11386, 75685,20201002,  113,    0
 11386, 75685,20201003,   94,    0
 11386, 75685,20201004,  105,    0
 11386, 75685,20201005,  113,    0
 11386, 75685,20201006,  140,    0
 11386, 75685,20201007,  168,    0
 11386, 75685,20201008,  157,    0
 11386, 75685,20201009,  170,    0
 11386, 75685,20201010,  155,    0
 11386, 75685,20201011,  115,    0
 11386, 75685,20201012,  109,    0
 11386, 75685,20201013,  118,    0
 11386, 75685,20201014,   95,    0
 11386, 75685,20201015,   85,    0
 11386, 75685,20201016,   68,    0
 11386, 75685,20201017,   70,    0
 11386, 75685,20201018,   90,    0
 11386, 75685,20201019,  111,    0
 11386, 75685,20201020,  149,    0
 11386, 75685,20201021,  180,    0
 11386, 75685,20201022,  147,    0
 11386, 75685,20201023,  138,    0
 11386, 75685,20201024,  107,    0
 11386, 75685,20201025,  113,    0
 11386, 75685,20201026,   97,    0
 11386, 75685,20201027,   86,    0
 11386, 75685,20201028,  107,    0
 11386, 75685,20201029,  103,    0
 11386, 75685,20201030,  107,    0
 11386, 75685,20201031,  104,    0
 11386, 75685,20201101,  114,    0
 11386, 75685,20201102,  137,    0
 11386, 75685,20201103,  126,    0
 11386, 75685,20201104,   79,    0
 11386, 75685,20201105,  110,    0
 11386, 75685,20201106,  146,    0
 11386, 75685,20201107,  139,    0
 11386, 75685,20201108,  103,    0
 11386, 75685,20201109,   91,    0
 11386, 75685,20201110,   87,    0
 11386, 75685,20201111,   75,    0
 11386, 75685,20201112,   84,    0
 11386, 75685,20201113,   88,    0
 11386, 75685,20201114,  100,    0
 11386, 75685,20201115,  117,    0
 11386, 75685,20201116,  114,    0
 11386, 75685,20201117,   91,    0
 11386, 75685,20201118,   86,    0
 11386, 75685,20201119,   74,    0
 11386, 75685,20201120,   66,    0
 11386, 75685,20201121,   32,    0
 11386, 75685,20201122,   35,    0
 11386, 75685,20201123,   35,    0
 11386, 75685,20201124,   54,    0
 11386, 75685,20201125,   91,    0
 11386, 75685,20201126,  104,    0
 11386, 75685,20201127,  112,    0
 11386, 75685,20201128,   99,    0
 11386, 75685,20201129,   73,    0
 11386, 75685,20201130,   54,    0
 11386, 75685,20201201,   51,    0
 11386, 75685,20201202,   37,    0
 11386, 75685,20201203,   23,    0
 11386, 75685,20201204,   34,    0
 11386, 75685,20201205,   13,    0
 11386, 75685,20201206,   33,    0
 11386, 75685,20201207,   30,    0
 11386, 75685,20201208,   36,    0
 11386, 75685,20201209,   32,    0
 11386, 75685,20201210,   46,    0
 11386, 75685,20201211,   50,    0
 11386, 75685,20201212,   73,    0
 11386, 75685,20201213,   46,    0
 11386, 75685,20201214,   72,    0
 11386, 75685,20201215,   89,    0
 11386, 75685,20201216,   52,    0
 11386, 75685,20201217,   51,    0
 11386, 75685,20201218,   52,    0
 11386, 75685,20201219,   75,    0
 11386, 75685,20201220,   67,    0
 11386, 75685,20201221,   48,    0
 11386, 75685,20201222,   48,    0
 11386, 75685,20201223,   58,    0
 11386, 75685,20201224,   51,    0
 11386, 75685,20201225,   33,    0
 11386, 75685,20201226,    4,    0
 11386, 75685,20201227,   -8,    0
 11386, 75685,20201228,   31,    0
 11386, 75685,20201229,   31,    0
 11386, 75685,20201230,   22,    0
 11386, 75685,20201231,   20,    0
 11386, 75685,20210101,   22,    0
 11386, 75685,20210102,   -2,    0
 11386, 75685,20210103,    0,    0
 11386, 75685,20210104,   -2,    0
 11386, 75685,20210105,  -21,    0
 11386, 75685,20210106,  -37,    0
 11386, 75685,20210107,  -29,    0
 11386, 75685,20210108,  -20,    0
 11386, 75685,20210109,    9,    0
 11386, 75685,20210110,   -6,    0
 11386, 75685,20210111,  -19,    0
 11386, 75685,20210112,  -37,    0
 11386, 75685,20210113,   -3,    0
 11386, 75685,20210114,    2,    0
 11386, 75685,20210115,   10,    0
 11386, 75685,20210116,   17,    0
 11386, 75685,20210117,   40,    0
 11386, 75685,20210118,   37,    0
 11386, 75685,20210119,   22,    0
 11386, 75685,20210120,   42,    0
 11386, 75685,20210121,   59,    0
 11386, 75685,20210122,   61,    0
 11386, 75685,20210123,   47,    0
 11386, 75685,20210124,   64,    0
 11386, 75685,20210125,   57,    0
 11386, 75685,20210126,   46,    0
 11386, 75685,20210127,   65,    0
 11386, 75685,20210128,  109,    0
 11386, 75685,20210129,  114,    0
 11386, 75685,20210130,   81,    0
 11386, 75685,20210131,   80,    0
 11386, 75685,20210201,  100,    0
 11386, 75685,20210202,   99,    0
 11386, 75685,20210203,   92,    0
 11386, 75685,20210204,  107,    0
 11386, 75685,20210205,  118,    0
 11386, 75685,20210206,  115,    0
 11386, 75685,20210207,   56,    0
 11386, 75685,20210208,   49,    0
 11386, 75685,20210209,   53,    0
 11386, 75685,20210210,   62,    0
 11386, 75685,20210211,   63,    0
 11386, 75685,20210212,   73,    0
 11386, 75685,20210213,   72,    0
 11386, 75685,20210214,   58,    0
 11386, 75685,20210215,   65,    0
 11386, 75685,20210216,   85,    0
 11386, 75685,20210217,   86,    0
 11386, 75685,20210218,   85,    0
 11386, 75685,20210219,   85,    0
 11386, 75685,20210220,   89,    0
 11386, 75685,20210221,  101,    0
 11386, 75685,20210222,   98,    0
 11386, 75685,20210223,   99,    0
 11386, 75685,20210224,  101,    0
 11386, 75685,20210225,   95,    0
 11386, 75685,20210226,   61,    0
 11386, 75685,20210227,   71,    0
 11386, 75685,20210228,   87,    0
 11386, 75685,20210301,   74,    0
 11386, 75685,20210302,   86,    0
 11386, 75685,20210303,   88,    0
 11386, 75685,20210304,   94,    0
 11386, 75685,20210305,   84,    0
 11386, 75685,20210306,   87,    0
 11386, 75685,20210307,   94,    0
 11386, 75685,20210308,   80,    0
 11386, 75685,20210309,   62,    0
 11386, 75685,20210310,   45,    0
 11386, 75685,20210311,   79,    0
 11386, 75685,20210312,   89,    0
 11386, 75685,20210313,   61,    0
 11386, 75685,20210314,   75,    0
 11386, 75685,20210315,   66,    0
 11386, 75685,20210316,   78,    0
 11386, 75685,20210317,   95,    0
 11386, 75685,20210318,   79,    0
 11386, 75685,20210319,   39,    0
 11386, 75685,20210320,   33,    0
 11386, 75685,20210321,   59,    0
 11386, 75685,20210322,   64,    0
 11386, 75685,20210323,   73,    0
 11386, 75685,20210324,   90,    0
 11386, 75685,20210325,   87,    0
 11386, 75685,20210326,  118,    0
 11386, 75685,20210327,  107,    0
 11386, 75685,20210328,  107,    0
 11386, 75685,20210329,  125,    0
 11386, 75685,20210330,  125,    0
 11386, 75685,20210331,  121,    0
 11386, 75685,20210401,  127,    0
 11386, 75685,20210402,  148,    0
 11386, 75685,20210403,  129,    0
 11386, 75685,20210404,  109,    0
 11386, 75685,20210405,  106,    0
 11386, 75685,20210406,   93,    0
 11386, 75685,20210407,   64,    0
 11386, 75685,20210408,   79,    0
 11386, 75685,20210409,   79,    0
 11386, 75685,20210410,   92,    0
 11386, 75685,20210411,   97,    0
 11386, 75685,20210412,   75,    0
 11386, 75685,20210413,   93,    0
 11386, 75685,20210414,  115,    0
 11386, 75685,20210415,  106,    0
 11386, 75685,20210416,   67,    0
 11386, 75685,20210417,   64,    0
 11386, 75685,20210418,   75,    0
 11386, 75685,20210419,  110,    0
 11386, 75685,20210420,  107,    0
 11386, 75685,20210421,  100,    0
 11386, 75685,20210422,   99,    0
 11386, 75685,20210423,  116,    0
 11386, 75685,20210424,  127,    0
 11386, 75685,20210425,  130,    0
 11386, 75685,20210426,  103,    0
 11386, 75685,20210427,  117,    0
 11386, 75685,20210428,  128,    0
 11386, 75685,20210429,  136,    0
 11386, 75685,20210430,  126,    0
 11386, 75685,20210501,   97,    0
 11386, 75685,20210502,   93,    0
 11386, 75685,20210503,  111,    0
 11386, 75685,20210504,  127,    0
 11386, 75685,20210505,  147,    0
 11386, 75685,20210506,  160,    0
 11386, 75685,20210507,  169,    0
 11386, 75685,20210508,  179,    0
 11386, 75685,20210509,  161,    0
 11386, 75685,20210510,  144,    0
 11386, 75685,20210511,  115,    0
 11386, 75685,20210512,  123,    0
 11386, 75685,20210513,  123,    0
 11386, 75685,20210514,  137,    0
 11386, 75685,20210515,  159,    0
 11386, 75685,20210516,  191,    0
 11386, 75685,20210517,  145,    0
 11386, 75685,20210518,  167,    0
 11386, 75685,20210519,  146,    0
 11386, 75685,20210520,  155,    0
 11386, 75685,20210521,  178,    0
 11386, 75685,20210522,  160,    0
 11386, 75685,20210523,  120,    0
 11386, 75685,20210524,  153,    0
 11386, 75685,20210525,  146,    0
 11386, 75685,20210526,  158,    0
 11386, 75685,20210527,  181,    0
 11386, 75685,20210528,  203,    0
 11386, 75685,20210529,  204,    0
 11386, 75685,20210530,  195,    0
 11386, 75685,20210531,  191,    0
 11386, 75685,20210601,  178,    0
 11386, 75685,20210602,  183,    0
 11386, 75685,20210603,  200,    0
 11386, 75685,20210604,  195,    0
 11386, 75685,20210605,  197,    0
 11386, 75685,20210606,  187,    0
 11386, 75685,20210607,  195,    0
 11386, 75685,20210608,  216,    0
 11386, 75685,20210609,  224,    0
 11386, 75685,20210610,  224,    0
 11386, 75685,20210611,  215,    0
 11386, 75685,20210612,  231,    0
 11386, 75685,20210613,  255,    0
 11386, 75685,20210614,  264,    0
 11386, 75685,20210615,  253,    0
 11386, 75685,20210616,  250,    0
 11386, 75685,20210617,  191,    0
 11386, 75685,20210618,  216,    0
 11386, 75685,20210619,  206,    0
 11386, 75685,20210620,  198,    0
 11386, 75685,20210621,  205,    0
 11386, 75685,20210622,  195,    0
 11386, 75685,20210623,  162,    0
 11386, 75685,20210624,  179,    0
 11386, 75685,20210625,  213,    0
 11386, 75685,20210626,  221,    0
 11386, 75685,20210627,  238,    0
 11386, 75685,20210628,  214,    0
 11386, 75685,20210629,  207,    0
 11386, 75685,20210630,  212,    0
 11386, 75685,20210701,  237,    0
 11386, 75685,20210702,  255,    0
 11386, 75685,20210703,  248,    0
 11386, 75685,20210704,  241,    0
 11386, 75685,20210705,  252,    0
 11386, 75685,20210706,  237,    0
 11386, 75685,20210707,  216,    0
 11386, 75685,20210708,  202,    0
 11386, 75685,20210709,  223,    0
 11386, 75685,20210710,  251,    0
 11386, 75685,20210711,  250,    0
 11386, 75685,20210712,  214,    0
 11386, 75685,20210713,  179,    0
 11386, 75685,20210714,  189,    0
 11386, 75685,20210715,  200,    0
 11386, 75685,20210716,  217,    0
 11386, 75685,20210717,  232,    0
 11386, 75685,20210718,  241,    0
 11386, 75685,20210719,  250,    0
 11386, 75685,20210720,  269,    0
 11386, 75685,20210721,  270,    0
 11386, 75685,20210722,  283,    0
 11386, 75685,20210723,  277,    0
 11386, 75685,20210724,  252,    0
 11386, 75685,20210725,  229,    0
 11386, 75685,20210726,  199,    0
 11386, 75685,20210727,  229,    0
 11386, 75685,20210728,  237,    0
 11386, 75685,20210729,  248,    0
 11386, 75685,20210730,  257,    0
 11386, 75685,20210731,  205,    0
 11386, 75685,20210801,  170,    0
 11386, 75685,20210802,  207,    0
 11386, 75685,20210803,  223,    0
 11386, 75685,20210804,  224,    0
 11386, 75685,20210805,  227,    0
 11386, 75685,20210806,  241,    0
 11386, 75685,20210807,  240,    0
 11386, 75685,20210808,  212,    0
 11386, 75685,20210809,  229,    0
 11386, 75685,20210810,  254,    0
 11386, 75685,20210811,  279,    0
 11386, 75685,20210812,  305,    0
 11386, 75685,20210813,  295,    0
 11386, 75685,20210814,  316,    0
 11386, 75685,20210815,  300,    0
 11386, 75685,20210816,  225,    0
 11386, 75685,20210817,  201,    0
 11386, 75685,20210818,  196,    0
 11386, 75685,20210819,  194,    0
 11386, 75685,20210820,  229,    0
 11386, 75685,20210821,  258,    0
 11386, 75685,20210822,  253,    0
 11386, 75685,20210823,  230,    0
 11386, 75685,20210824,  219,    0
 11386, 75685,20210825,  209,    0
 11386, 75685,20210826,  226,    0
 11386, 75685,20210827,  241,    0
 11386, 75685,20210828,  220,    0
 11386, 75685,20210829,  201,    0
 11386, 75685,20210830,  202,    0
 11386, 75685,20210831,  216,    0
 11386, 75685,20210901,  204,    0
 11386, 75685,20210902,  202,    0
 11386, 75685,20210903,  212,    0
 11386, 75685,20210904,  216,    0
 11386, 75685,20210905,  237,    0
 11386, 75685,20210906,  242,    0
 11386, 75685,20210907,  233,    0
 11386, 75685,20210908,  231,    0
 11386, 75685,20210909,  210,    0
 11386, 75685,20210910,  201,    0
 11386, 75685,20210911,  204,    0
 11386, 75685,20210912,  227,    0
 11386, 75685,20210913,  230,    0
 11386, 75685,20210914,  217,    0
 11386, 75685,20210915,  220,    0
 11386, 75685,20210916,  195,    0
 11386, 75685,20210917,  187,    0
 11386, 75685,20210918,  197,    0
 11386, 75685,20210919,  163,    0
 11386, 75685,20210920,  162,    0
 11386, 75685,20210921,  150,    0
 11386, 75685,20210922,  162,    0
 11386, 75685,20210923,  158,    0
 11386, 75685,20210924,  182,    0
 11386, 75685,20210925,  200,    0
 11386, 75685,20210926,  185,    0
 11386, 75685,20210927,  188,    0
 11386, 75685,20210928,  188,    0
 11386, 75685,20210929,  175,    0
 11386, 75685,20210930,  151,    0
 11386, 75685,20211001,  164,    0
 11386, 75685,20211002,  187,    0
 11386, 75685,20211003,  188,    0
 11386, 75685,20211004,  121,    0
 11386, 75685,20211005,  137,    0
 11386, 75685,20211006,  142,    0
 11386, 75685,20211007,  128,    0
 11386, 75685,20211008,  140,    0
 11386, 75685,20211009,  138,    0
 11386, 75685,20211010,  136,    0
 11386, 75685,20211011,  118,    0
 11386, 75685,20211012,  119,    0
 11386, 75685,20211013,  120,    0
 11386, 75685,20211014,  124,    0
 11386, 75685,20211015,  122,    0
 11386, 75685,20211016,  135,    0
 11386, 75685,20211017,  142,    0
 11386, 75685,20211018,  151,    0
 11386, 75685,20211019,  156,    0
 11386, 75685,20211020,  150,    0
 11386, 75685,20211021,  136,    0
 11386, 75685,20211022,  109,    0
 11386, 75685,20211023,   94,    0
 11386, 75685,20211024,  101,    0
 11386, 75685,20211025,  103,    0
 11386, 75685,20211026,  101,    0
 11386, 75685,20211027,  105,    0
 11386, 75685,20211028,  110,    0
 11386, 75685,20211029,  139,    0
 11386, 75685,20211030,  148,    0
 11386, 75685,20211031,  150,    0
 11386, 75685,20211101,  134,    0
 11386, 75685,20211102,   93,    0
 11386, 75685,20211103,   85,    0
 11386, 75685,20211104,   50,    0
 11386, 75685,20211105,   50,    0
 11386, 75685,20211106,   44,    0
 11386, 75685,20211107,   53,    0
 11386, 75685,20211108,   79,    0
 11386, 75685,20211109,   71,    0
 11386, 75685,20211110,   60,    0
 11386, 75685,20211111,   75,    0
 11386, 75685,20211112,   77,    0
 11386, 75685,20211113,   68,    0
 11386, 75685,20211114,   79,    0
 11386, 75685,20211115,   77,    0
 11386, 75685,20211116,   48,    0
 11386, 75685,20211117,   46,    0
 11386, 75685,20211118,   36,    0
 11386, 75685,20211119,   55,    0
 11386, 75685,20211120,   60,    0
 11386, 75685,20211121,   63,    0
 11386, 75685,20211122,   77,    0
 11386, 75685,20211123,   84,    0
 11386, 75685,20211124,   62,    0
 11386, 75685,20211125,   58,    0
 11386, 75685,20211126,   34,    0
 11386, 75685,20211127,   32,    0
 11386, 75685,20211128,   18,    0
 11386, 75685,20211129,   38,    0
 11386, 75685,20211130,   39,    0
 11386, 75685,20211201,   45,    0
 11386, 75685,20211202,   47,    0
 11386, 75685,20211203,   45,    0
 11386, 75685,20211204,   66,    0
 11386, 75685,20211205,   39,    0
 11386, 75685,20211206,   43,    0
 11386, 75685,20211207,   60,    0
 11386, 75685,20211208,   54,    0
 11386, 75685,20211209,   29,    0
 11386, 75685,20211210,   80,    0
 11386, 75685,20211211,   65,    0
 11386, 75685,20211212,   52,    0
 11386, 75685,20211213,   33,    0
 11386, 75685,20211214,   13,    0
 11386, 75685,20211215,   -3,    0
 11386, 75685,20211216,  -16,    0
 11386, 75685,20211217,   -8,    0
 11386, 75685,20211218,    7,    0
 11386, 75685,20211219,  -13,    0
 11386, 75685,20211220,   -8,    0
 11386, 75685,20211221,    6,    0
 11386, 75685,20211222,   49,    0
 11386, 75685,20211223,   68,    0
 11386, 75685,20211224,   72,    0
 11386, 75685,20211225,   75,    0
 11386, 75685,20211226,   57,    0
 11386, 75685,20211227,   84,    0
 11386, 75685,20211228,  102,    0
 11386, 75685,20211229,   87,    0
 11386, 75685,20211230,   68,    0
 11386, 75685,20211231,   55,    0
 11386, 75685,20220101,-9999,    9
 11386, 75685,20220102,-9999,    9
 11386, 75685,20220103,-9999,    9
 11386, 75685,20220104,-9999,    9
 11386, 75685,20220105,-9999,    9
 11386, 75685,20220106,-9999,    9
 11386, 75685,20220107,-9999,    9
 11386, 75685,20220108,-9999,    9
 11386, 75685,20220109,-9999,    9
 11386, 75685,20220110,-9999,    9
 11386, 75685,20220111,-9999,    9
 11386, 75685,20220112,-9999,    9
 11386, 75685,20220113,-9999,    9
 11386, 75685,20220114,-9999,    9
 11386, 75685,20220115,-9999,    9
 11386, 75685,20220116,-9999,    9
 11386, 75685,20220117,-9999,    9
 11386, 75685,20220118,-9999,    9
 11386, 75685,20220119,-9999,    9
 11386, 75685,20220120,-9999,    9
 11386, 75685,20220121,-9999,    9
 11386, 75685,20220122,-9999,    9
 11386, 75685,20220123,-9999,    9
 11386, 75685,20220124,-9999,    9
 11386, 75685,20220125,-9999,    9
 11386, 75685,20220126,-9999,    9
 11386, 75685,20220127,-9999,    9
 11386, 75685,20220128,-9999,    9
 11386, 75685,20220129,-9999,    9
 11386, 75685,20220130,-9999,    9
 11386, 75685,20220131,-9999,    9
 11386, 75685,20220201,-9999,    9
 11386, 75685,20220202,-9999,    9
 11386, 75685,20220203,-9999,    9
 11386, 75685,20220204,-9999,    9
 11386, 75685,20220205,-9999,    9
 11386, 75685,20220206,-9999,    9
 11386, 75685,20220207,-9999,    9
 11386, 75685,20220208,-9999,    9
 11386, 75685,20220209,-9999,    9
 11386, 75685,20220210,-9999,    9
 11386, 75685,20220211,-9999,    9
 11386, 75685,20220212,-9999,    9
 11386, 75685,20220213,-9999,    9
 11386, 75685,20220214,-9999,    9
 11386, 75685,20220215,-9999,    9
 11386, 75685,20220216,-9999,    9
 11386, 75685,20220217,-9999,    9
 11386, 75685,20220218,-9999,    9
 11386, 75685,20220219,-9999,    9
 11386, 75685,20220220,-9999,    9
 11386, 75685,20220221,-9999,    9
 11386, 75685,20220222,-9999,    9
 11386, 75685,20220223,-9999,    9
 11386, 75685,20220224,-9999,    9
 11386, 75685,20220225,-9999,    9
 11386, 75685,20220226,-9999,    9
 11386, 75685,20220227,-9999,    9
 11386, 75685,20220228,-9999,    9
 11386, 75685,20220301,-9999,    9
 11386, 75685,20220302,-9999,    9
 11386, 75685,20220303,-9999,    9
 11386, 75685,20220304,-9999,    9
 11386, 75685,20220305,-9999,    9
 11386, 75685,20220306,-9999,    9
 11386, 75685,20220307,-9999,    9
 11386, 75685,20220308,-9999,    9
 11386, 75685,20220309,-9999,    9
 11386, 75685,20220310,-9999,    9
 11386, 75685,20220311,-9999,    9
 11386, 75685,20220312,-9999,    9
 11386, 75685,20220313,-9999,    9
 11386, 75685,20220314,-9999,    9
 11386, 75685,20220315,-9999,    9
 11386, 75685,20220316,-9999,    9
 11386, 75685,20220317,-9999,    9
 11386, 75685,20220318,-9999,    9
 11386, 75685,20220319,-9999,    9
 11386, 75685,20220320,-9999,    9
 11386, 75685,20220321,-9999,    9
 11386, 75685,20220322,-9999,    9
 11386, 75685,20220323,-9999,    9
 11386, 75685,20220324,-9999,    9
 11386, 75685,20220325,-9999,    9
 11386, 75685,20220326,-9999,    9
 11386, 75685,20220327,-9999,    9
 11386, 75685,20220328,-9999,    9
 11386, 75685,20220329,-9999,    9
 11386, 75685,20220330,-9999,    9
 11386, 75685,20220331,-9999,    9
 11386, 75685,20220401,-9999,    9
 11386, 75685,20220402,-9999,    9
 11386, 75685,20220403,-9999,    9
 11386, 75685,20220404,-9999,    9
 11386, 75685,20220405,-9999,    9
 11386, 75685,20220406,-9999,    9
 11386, 75685,20220407,-9999,    9
 11386, 75685,20220408,-9999,    9
 11386, 75685,20220409,-9999,    9
 11386, 75685,20220410,-9999,    9
 11386, 75685,20220411,-9999,    9
 11386, 75685,20220412,-9999,    9
 11386, 75685,20220413,-9999,    9
 11386, 75685,20220414,-9999,    9
 11386, 75685,20220415,-9999,    9
 11386, 75685,20220416,-9999,    9
 11386, 75685,20220417,-9999,    9
 11386, 75685,20220418,-9999,    9
 11386, 75685,20220419,-9999,    9
 11386, 75685,20220420,-9999,    9
 11386, 75685,20220421,-9999,    9
 11386, 75685,20220422,-9999,    9
 11386, 75685,20220423,-9999,    9
 11386, 75685,20220424,-9999,    9
 11386, 75685,20220425,-9999,    9
 11386, 75685,20220426,-9999,    9
 11386, 75685,20220427,-9999,    9
 11386, 75685,20220428,-9999,    9
 11386, 75685,20220429,-9999,    9
 11386, 75685,20220430,-9999,    9
 11386, 75685,20220501,-9999,    9
 11386, 75685,20220502,-9999,    9
 11386, 75685,20220503,-9999,    9
 11386, 75685,20220504,-9999,    9
 11386, 75685,20220505,-9999,    9
 11386, 75685,20220506,-9999,    9
 11386, 75685,20220507,-9999,    9
 11386, 75685,20220508,-9999,    9
 11386, 75685,20220509,-9999,    9
 11386, 75685,20220510,-9999,    9
 11386, 75685,20220511,-9999,    9
 11386, 75685,20220512,-9999,    9
 11386, 75685,20220513,-9999,    9
 11386, 75685,20220514,-9999,    9
 11386, 75685,20220515,-9999,    9
 11386, 75685,20220516,-9999,    9
 11386, 75685,20220517,-9999,    9
 11386, 75685,20220518,-9999,    9
 11386, 75685,20220519,-9999,    9
 11386, 75685,20220520,-9999,    9
 11386, 75685,20220521,-9999,    9
 11386, 75685,20220522,-9999,    9
 11386, 75685,20220523,-9999,    9
 11386, 75685,20220524,-9999,    9
 11386, 75685,20220525,-9999,    9
 11386, 75685,20220526,-9999,    9
 11386, 75685,20220527,-9999,    9
 11386, 75685,20220528,-9999,    9
 11386, 75685,20220529,-9999,    9
 11386, 75685,20220530,-9999,    9
 11386, 75685,20220531,-9999,    9
 11386, 75685,20220601,-9999,    9
 11386, 75685,20220602,-9999,    9
 11386, 75685,20220603,-9999,    9
 11386, 75685,20220604,-9999,    9
 11386, 75685,20220605,-9999,    9
 11386, 75685,20220606,-9999,    9
 11386, 75685,20220607,-9999,    9
 11386, 75685,20220608,-9999,    9
 11386, 75685,20220609,-9999,    9
 11386, 75685,20220610,-9999,    9
 11386, 75685,20220611,-9999,    9
 11386, 75685,20220612,-9999,    9
 11386, 75685,20220613,-9999,    9
 11386, 75685,20220614,-9999,    9
 11386, 75685,20220615,-9999,    9
 11386, 75685,20220616,-9999,    9
 11386, 75685,20220617,-9999,    9
 11386, 75685,20220618,-9999,    9
 11386, 75685,20220619,-9999,    9
 11386, 75685,20220620,-9999,    9
 11386, 75685,20220621,-9999,    9
 11386, 75685,20220622,-9999,    9
 11386, 75685,20220623,-9999,    9
 11386, 75685,20220624,-9999,    9
 11386, 75685,20220625,-9999,    9
 11386, 75685,20220626,-9999,    9
 11386, 75685,20220627,-9999,    9
 11386, 75685,20220628,-9999,    9
 11386, 75685,20220629,-9999,    9
 11386, 75685,20220630,-9999,    9
 11386, 75685,20220701,-9999,    9
 11386, 75685,20220702,-9999,    9
 11386, 75685,20220703,-9999,    9
 11386, 75685,20220704,-9999,    9
 11386, 75685,20220705,-9999,    9
 11386, 75685,20220706,-9999,    9
 11386, 75685,20220707,-9999,    9
 11386, 75685,20220708,-9999,    9
 11386, 75685,20220709,-9999,    9
 11386, 75685,20220710,-9999,    9
 11386, 75685,20220711,-9999,    9
 11386, 75685,20220712,-9999,    9
 11386, 75685,20220713,-9999,    9
 11386, 75685,20220714,-9999,    9
 11386, 75685,20220715,-9999,    9
 11386, 75685,20220716,-9999,    9
 11386, 75685,20220717,-9999,    9
 11386, 75685,20220718,-9999,    9
 11386, 75685,20220719,-9999,    9
 11386, 75685,20220720,-9999,    9
 11386, 75685,20220721,-9999,    9
 11386, 75685,20220722,-9999,    9
 11386, 75685,20220723,-9999,    9
 11386, 75685,20220724,-9999,    9
 11386, 75685,20220725,-9999,    9
 11386, 75685,20220726,-9999,    9
 11386, 75685,20220727,-9999,    9
 11386, 75685,20220728,-9999,    9
 11386, 75685,20220729,-9999,    9
 11386, 75685,20220730,-9999,    9
 11386, 75685,20220731,-9999,    9
 11386, 75685,20220801,-9999,    9
 11386, 75685,20220802,-9999,    9
 11386, 75685,20220803,-9999,    9
 11386, 75685,20220804,-9999,    9
 11386, 75685,20220805,-9999,    9
 11386, 75685,20220806,-9999,    9
 11386, 75685,20220807,-9999,    9
 11386, 75685,20220808,-9999,    9
 11386, 75685,20220809,-9999,    9
 11386, 75685,20220810,-9999,    9
 11386, 75685,20220811,-9999,    9
 11386, 75685,20220812,-9999,    9
 11386, 75685,20220813,-9999,    9
 11386, 75685,20220814,-9999,    9
 11386, 75685,20220815,-9999,    9
 11386, 75685,20220816,-9999,    9
 11386, 75685,20220817,-9999,    9
 11386, 75685,20220818,-9999,    9
 11386, 75685,20220819,-9999,    9
 11386, 75685,20220820,-9999,    9
 11386, 75685,20220821,-9999,    9
 11386, 75685,20220822,-9999,    9
 11386, 75685,20220823,-9999,    9
 11386, 75685,20220824,-9999,    9
 11386, 75685,20220825,-9999,    9
 11386, 75685,20220826,-9999,    9
 11386, 75685,20220827,-9999,    9
 11386, 75685,20220828,-9999,    9
 11386, 75685,20220829,-9999,    9
 11386, 75685,20220830,-9999,    9
 11386, 75685,20220831,-9999,    9
 11386, 75685,20220901,-9999,    9
 11386, 75685,20220902,-9999,    9
 11386, 75685,20220903,-9999,    9
 11386, 75685,20220904,-9999,    9
 11386, 75685,20220905,-9999,    9
 11386, 75685,20220906,-9999,    9
 11386, 75685,20220907,-9999,    9
 11386, 75685,20220908,-9999,    9
 11386, 75685,20220909,-9999,    9
 11386, 75685,20220910,-9999,    9
 11386, 75685,20220911,-9999,    9
 11386, 75685,20220912,-9999,    9
 11386, 75685,20220913,-9999,    9
 11386, 75685,20220914,-9999,    9
 11386, 75685,20220915,-9999,    9
 11386, 75685,20220916,-9999,    9
 11386, 75685,20220917,-9999,    9
 11386, 75685,20220918,-9999,    9
 11386, 75685,20220919,-9999,    9
 11386, 75685,20220920,-9999,    9
 11386, 75685,20220921,-9999,    9
 11386, 75685,20220922,-9999,    9
 11386, 75685,20220923,-9999,    9
 11386, 75685,20220924,-9999,    9
 11386, 75685,20220925,-9999,    9
 11386, 75685,20220926,-9999,    9
 11386, 75685,20220927,-9999,    9
 11386, 75685,20220928,-9999,    9
 11386, 75685,20220929,-9999,    9
 11386, 75685,20220930,-9999,    9
 11386, 75685,20221001,-9999,    9
 11386, 75685,20221002,-9999,    9
 11386, 75685,20221003,-9999,    9
 11386, 75685,20221004,-9999,    9
 11386, 75685,20221005,-9999,    9
 11386, 75685,20221006,-9999,    9
 11386, 75685,20221007,-9999,    9
 11386, 75685,20221008,-9999,    9
 11386, 75685,20221009,-9999,    9
 11386, 75685,20221010,-9999,    9
 11386, 75685,20221011,-9999,    9
 11386, 75685,20221012,-9999,    9
 11386, 75685,20221013,-9999,    9
 11386, 75685,20221014,-9999,    9
 11386, 75685,20221015,-9999,    9
 11386, 75685,20221016,-9999,    9
 11386, 75685,20221017,-9999,    9
 11386, 75685,20221018,-9999,    9
 11386, 75685,20221019,-9999,    9
 11386, 75685,20221020,-9999,    9
 11386, 75685,20221021,-9999,    9
 11386, 75685,20221022,-9999,    9
 11386, 75685,20221023,-9999,    9
 11386, 75685,20221024,-9999,    9
 11386, 75685,20221025,-9999,    9
 11386, 75685,20221026,-9999,    9
 11386, 75685,20221027,-9999,    9
 11386, 75685,20221028,-9999,    9
 11386, 75685,20221029,-9999,    9
 11386, 75685,20221030,-9999,    9
 11386, 75685,20221031,-9999,    9
