EUROPEAN CLIMATE ASSESSMENT & DATASET (ECA&D), file created on: 16-11-2022
THESE DATA CAN BE USED FOR NON-COMMERCIAL RESEARCH AND EDUCATION PROVIDED THAT THE FOLLOWING SOURCE IS ACKNOWLEDGED: 

Klein Tank, A.M.G. and Coauthors, 2002. Daily dataset of 20th-century surface
air temperature and precipitation series for the European Climate Assessment.
Int. J. of Climatol., 22, 1441-1453.
Data and metadata available at http://www.ecad.eu

FILE FORMAT (MISSING VALUE CODE = -9999):

01-06 STAID: Station identifier
08-13 SOUID: Source identifier
15-22 DATE : Date YYYYMMDD
24-28 TG   : Mean temperature in 0.1 &#176;C
30-34 Q_TG : quality code for TG (0='valid'; 1='suspect'; 9='missing')

This is the blended series of station GAMANJUNNI, NORWAY (STAID: 18024)
Blended and updated with sources:99149 
See files sources.txt and stations.txt for more info.

STAID, SOUID,    DATE,   TG, Q_TG
 18024, 99149,20161001,-9999,    9
 18024, 99149,20161002,-9999,    9
 18024, 99149,20161003,-9999,    9
 18024, 99149,20161004,-9999,    9
 18024, 99149,20161005,-9999,    9
 18024, 99149,20161006,-9999,    9
 18024, 99149,20161007,-9999,    9
 18024, 99149,20161008,-9999,    9
 18024, 99149,20161009,-9999,    9
 18024, 99149,20161010,-9999,    9
 18024, 99149,20161011,-9999,    9
 18024, 99149,20161012,    7,    0
 18024, 99149,20161013,    4,    0
 18024, 99149,20161014,   -7,    0
 18024, 99149,20161015,    2,    0
 18024, 99149,20161016,  -12,    0
 18024, 99149,20161017,   55,    0
 18024, 99149,20161018,   22,    0
 18024, 99149,20161019,    0,    0
 18024, 99149,20161020,   32,    0
 18024, 99149,20161021,    3,    0
 18024, 99149,20161022,  -18,    0
 18024, 99149,20161023,  -10,    0
 18024, 99149,20161024,  -50,    0
 18024, 99149,20161025,  -30,    0
 18024, 99149,20161026,  -14,    0
 18024, 99149,20161027,  -19,    0
 18024, 99149,20161028,  -20,    0
 18024, 99149,20161029,  -27,    0
 18024, 99149,20161030,  -32,    0
 18024, 99149,20161031,  -36,    0
 18024, 99149,20161101,  -59,    0
 18024, 99149,20161102,  -70,    0
 18024, 99149,20161103,  -84,    0
 18024, 99149,20161104, -116,    0
 18024, 99149,20161105,  -95,    0
 18024, 99149,20161106,  -82,    0
 18024, 99149,20161107,  -86,    0
 18024, 99149,20161108,  -74,    0
 18024, 99149,20161109,  -55,    0
 18024, 99149,20161110,  -83,    0
 18024, 99149,20161111,  -68,    0
 18024, 99149,20161112,  -52,    0
 18024, 99149,20161113,  -15,    0
 18024, 99149,20161114,  -19,    0
 18024, 99149,20161115,  -26,    0
 18024, 99149,20161116,  -30,    0
 18024, 99149,20161117,  -56,    0
 18024, 99149,20161118,  -59,    0
 18024, 99149,20161119,  -58,    0
 18024, 99149,20161120,  -39,    0
 18024, 99149,20161121,  -33,    0
 18024, 99149,20161122,  -47,    0
 18024, 99149,20161123,  -52,    0
 18024, 99149,20161124,  -60,    0
 18024, 99149,20161125,  -72,    0
 18024, 99149,20161126, -108,    0
 18024, 99149,20161127,  -83,    0
 18024, 99149,20161128,  -76,    0
 18024, 99149,20161129,  -30,    0
 18024, 99149,20161130,-9999,    9
 18024, 99149,20161201,-9999,    9
 18024, 99149,20161202,-9999,    9
 18024, 99149,20161203,-9999,    9
 18024, 99149,20161204,-9999,    9
 18024, 99149,20161205,-9999,    9
 18024, 99149,20161206,-9999,    9
 18024, 99149,20161207,-9999,    9
 18024, 99149,20161208,-9999,    9
 18024, 99149,20161209,-9999,    9
 18024, 99149,20161210,-9999,    9
 18024, 99149,20161211,-9999,    9
 18024, 99149,20161212,-9999,    9
 18024, 99149,20161213,  -57,    0
 18024, 99149,20161214,  -39,    0
 18024, 99149,20161215,  -23,    0
 18024, 99149,20161216,  -19,    0
 18024, 99149,20161217,  -23,    0
 18024, 99149,20161218,  -28,    0
 18024, 99149,20161219,   12,    0
 18024, 99149,20161220,  -38,    0
 18024, 99149,20161221,  -17,    0
 18024, 99149,20161222,  -57,    0
 18024, 99149,20161223,  -79,    0
 18024, 99149,20161224,  -74,    0
 18024, 99149,20161225,  -81,    0
 18024, 99149,20161226,  -75,    0
 18024, 99149,20161227,  -76,    0
 18024, 99149,20161228,  -51,    0
 18024, 99149,20161229,  -51,    0
 18024, 99149,20161230,  -49,    0
 18024, 99149,20161231,  -76,    0
 18024, 99149,20170101,  -93,    0
 18024, 99149,20170102, -123,    0
 18024, 99149,20170103, -158,    0
 18024, 99149,20170104, -168,    0
 18024, 99149,20170105, -108,    0
 18024, 99149,20170106,  -58,    0
 18024, 99149,20170107,  -63,    0
 18024, 99149,20170108,  -46,    0
 18024, 99149,20170109,  -64,    0
 18024, 99149,20170110,  -89,    0
 18024, 99149,20170111,  -49,    0
 18024, 99149,20170112,  -83,    0
 18024, 99149,20170113,  -94,    0
 18024, 99149,20170114,  -83,    0
 18024, 99149,20170115,  -79,    0
 18024, 99149,20170116,  -64,    0
 18024, 99149,20170117,  -54,    0
 18024, 99149,20170118,  -61,    0
 18024, 99149,20170119,  -96,    0
 18024, 99149,20170120, -104,    0
 18024, 99149,20170121,  -87,    0
 18024, 99149,20170122,  -87,    0
 18024, 99149,20170123, -110,    0
 18024, 99149,20170124,  -83,    0
 18024, 99149,20170125,  -31,    0
 18024, 99149,20170126,  -24,    0
 18024, 99149,20170127,   10,    0
 18024, 99149,20170128,  -19,    0
 18024, 99149,20170129,  -19,    0
 18024, 99149,20170130,  -80,    0
 18024, 99149,20170131, -100,    0
 18024, 99149,20170201, -116,    0
 18024, 99149,20170202,  -39,    0
 18024, 99149,20170203,  -26,    0
 18024, 99149,20170204,  -16,    0
 18024, 99149,20170205,  -15,    0
 18024, 99149,20170206,  -38,    0
 18024, 99149,20170207,  -33,    0
 18024, 99149,20170208,  -40,    0
 18024, 99149,20170209,   -5,    0
 18024, 99149,20170210,  -30,    0
 18024, 99149,20170211,  -58,    0
 18024, 99149,20170212,  -40,    0
 18024, 99149,20170213,  -30,    0
 18024, 99149,20170214,  -63,    0
 18024, 99149,20170215,  -36,    0
 18024, 99149,20170216,  -33,    0
 18024, 99149,20170217,  -65,    0
 18024, 99149,20170218, -103,    0
 18024, 99149,20170219, -121,    0
 18024, 99149,20170220, -120,    0
 18024, 99149,20170221, -136,    0
 18024, 99149,20170222, -144,    0
 18024, 99149,20170223, -130,    0
 18024, 99149,20170224, -107,    0
 18024, 99149,20170225,  -84,    0
 18024, 99149,20170226,  -76,    0
 18024, 99149,20170227, -102,    0
 18024, 99149,20170228, -103,    0
 18024, 99149,20170301, -102,    0
 18024, 99149,20170302, -104,    0
 18024, 99149,20170303,  -93,    0
 18024, 99149,20170304,  -96,    0
 18024, 99149,20170305,  -88,    0
 18024, 99149,20170306,  -74,    0
 18024, 99149,20170307,  -33,    0
 18024, 99149,20170308,  -85,    0
 18024, 99149,20170309, -103,    0
 18024, 99149,20170310,  -68,    0
 18024, 99149,20170311,  -90,    0
 18024, 99149,20170312,  -89,    0
 18024, 99149,20170313,  -47,    0
 18024, 99149,20170314,  -36,    0
 18024, 99149,20170315,  -46,    0
 18024, 99149,20170316,  -66,    0
 18024, 99149,20170317,  -61,    0
 18024, 99149,20170318, -101,    0
 18024, 99149,20170319, -114,    0
 18024, 99149,20170320,  -92,    0
 18024, 99149,20170321,  -71,    0
 18024, 99149,20170322,  -63,    0
 18024, 99149,20170323,  -81,    0
 18024, 99149,20170324,  -79,    0
 18024, 99149,20170325,  -46,    0
 18024, 99149,20170326,  -62,    0
 18024, 99149,20170327,  -90,    0
 18024, 99149,20170328, -106,    0
 18024, 99149,20170329, -113,    0
 18024, 99149,20170330, -113,    0
 18024, 99149,20170331,  -97,    0
 18024, 99149,20170401,  -92,    0
 18024, 99149,20170402, -113,    0
 18024, 99149,20170403,  -37,    0
 18024, 99149,20170404,  -14,    0
 18024, 99149,20170405,  -51,    0
 18024, 99149,20170406,  -73,    0
 18024, 99149,20170407,  -91,    0
 18024, 99149,20170408,  -98,    0
 18024, 99149,20170409,  -99,    0
 18024, 99149,20170410,  -64,    0
 18024, 99149,20170411,  -96,    0
 18024, 99149,20170412, -102,    0
 18024, 99149,20170413, -127,    0
 18024, 99149,20170414, -110,    0
 18024, 99149,20170415, -101,    0
 18024, 99149,20170416, -101,    0
 18024, 99149,20170417,  -99,    0
 18024, 99149,20170418,  -92,    0
 18024, 99149,20170419,  -68,    0
 18024, 99149,20170420,  -54,    0
 18024, 99149,20170421,  -64,    0
 18024, 99149,20170422,  -74,    0
 18024, 99149,20170423,  -99,    0
 18024, 99149,20170424,  -93,    0
 18024, 99149,20170425,  -85,    0
 18024, 99149,20170426,  -83,    0
 18024, 99149,20170427,  -74,    0
 18024, 99149,20170428,  -59,    0
 18024, 99149,20170429,  -42,    0
 18024, 99149,20170430,  -62,    0
 18024, 99149,20170501,  -51,    0
 18024, 99149,20170502,  -43,    0
 18024, 99149,20170503,  -46,    0
 18024, 99149,20170504,  -19,    0
 18024, 99149,20170505,  -20,    0
 18024, 99149,20170506,  -72,    0
 18024, 99149,20170507,  -94,    0
 18024, 99149,20170508,  -85,    0
 18024, 99149,20170509,  -72,    0
 18024, 99149,20170510,  -85,    0
 18024, 99149,20170511, -100,    0
 18024, 99149,20170512,  -93,    0
 18024, 99149,20170513,  -82,    0
 18024, 99149,20170514,  -72,    0
 18024, 99149,20170515,  -36,    0
 18024, 99149,20170516,  -11,    0
 18024, 99149,20170517,   16,    0
 18024, 99149,20170518,   14,    0
 18024, 99149,20170519,    1,    0
 18024, 99149,20170520,  -31,    0
 18024, 99149,20170521,  -11,    0
 18024, 99149,20170522,  -14,    0
 18024, 99149,20170523,  -51,    0
 18024, 99149,20170524,  -39,    0
 18024, 99149,20170525,  -29,    0
 18024, 99149,20170526,  -56,    0
 18024, 99149,20170527,  -54,    0
 18024, 99149,20170528,  -41,    0
 18024, 99149,20170529,  -65,    0
 18024, 99149,20170530,  -59,    0
 18024, 99149,20170531,  -56,    0
 18024, 99149,20170601,  -53,    0
 18024, 99149,20170602,  -53,    0
 18024, 99149,20170603,  -42,    0
 18024, 99149,20170604,  -28,    0
 18024, 99149,20170605,  -18,    0
 18024, 99149,20170606,   16,    0
 18024, 99149,20170607,   72,    0
 18024, 99149,20170608,  102,    0
 18024, 99149,20170609,  120,    0
 18024, 99149,20170610,  107,    0
 18024, 99149,20170611,   67,    0
 18024, 99149,20170612,   48,    0
 18024, 99149,20170613,   37,    0
 18024, 99149,20170614,   46,    0
 18024, 99149,20170615,   32,    0
 18024, 99149,20170616,   26,    0
 18024, 99149,20170617,   23,    0
 18024, 99149,20170618,   35,    0
 18024, 99149,20170619,   20,    0
 18024, 99149,20170620,   20,    0
 18024, 99149,20170621,  -15,    0
 18024, 99149,20170622,   -9,    0
 18024, 99149,20170623,   14,    0
 18024, 99149,20170624,   34,    0
 18024, 99149,20170625,   28,    0
 18024, 99149,20170626,   29,    0
 18024, 99149,20170627,   22,    0
 18024, 99149,20170628,    5,    0
 18024, 99149,20170629,   20,    0
 18024, 99149,20170630,   56,    0
 18024, 99149,20170701,   99,    0
 18024, 99149,20170702,   96,    0
 18024, 99149,20170703,   46,    0
 18024, 99149,20170704,    1,    0
 18024, 99149,20170705,  -15,    0
 18024, 99149,20170706,   -6,    0
 18024, 99149,20170707,   12,    0
 18024, 99149,20170708,   48,    0
 18024, 99149,20170709,   92,    0
 18024, 99149,20170710,   76,    0
 18024, 99149,20170711,   66,    0
 18024, 99149,20170712,   68,    0
 18024, 99149,20170713,   24,    0
 18024, 99149,20170714,   38,    0
 18024, 99149,20170715,   48,    0
 18024, 99149,20170716,   66,    0
 18024, 99149,20170717,   52,    0
 18024, 99149,20170718,   23,    0
 18024, 99149,20170719,   22,    0
 18024, 99149,20170720,   12,    0
 18024, 99149,20170721,   46,    0
 18024, 99149,20170722,   66,    0
 18024, 99149,20170723,   93,    0
 18024, 99149,20170724,  118,    0
 18024, 99149,20170725,  123,    0
 18024, 99149,20170726,  124,    0
 18024, 99149,20170727,  131,    0
 18024, 99149,20170728,  138,    0
 18024, 99149,20170729,  125,    0
 18024, 99149,20170730,   77,    0
 18024, 99149,20170731,   34,    0
 18024, 99149,20170801,   78,    0
 18024, 99149,20170802,   74,    0
 18024, 99149,20170803,   65,    0
 18024, 99149,20170804,   71,    0
 18024, 99149,20170805,   66,    0
 18024, 99149,20170806,   59,    0
 18024, 99149,20170807,   59,    0
 18024, 99149,20170808,   71,    0
 18024, 99149,20170809,   65,    0
 18024, 99149,20170810,   67,    0
 18024, 99149,20170811,   57,    0
 18024, 99149,20170812,   72,    0
 18024, 99149,20170813,   44,    0
 18024, 99149,20170814,   20,    0
 18024, 99149,20170815,    9,    0
 18024, 99149,20170816,   61,    0
 18024, 99149,20170817,   44,    0
 18024, 99149,20170818,   73,    0
 18024, 99149,20170819,   87,    0
 18024, 99149,20170820,   61,    0
 18024, 99149,20170821,   10,    0
 18024, 99149,20170822,   -3,    0
 18024, 99149,20170823,    8,    0
 18024, 99149,20170824,   -1,    0
 18024, 99149,20170825,   -6,    0
 18024, 99149,20170826,    0,    0
 18024, 99149,20170827,   12,    0
 18024, 99149,20170828,   42,    0
 18024, 99149,20170829,   54,    0
 18024, 99149,20170830,   44,    0
 18024, 99149,20170831,   20,    0
 18024, 99149,20170901,   -5,    0
 18024, 99149,20170902,   12,    0
 18024, 99149,20170903,   46,    0
 18024, 99149,20170904,   74,    0
 18024, 99149,20170905,   68,    0
 18024, 99149,20170906,   78,    0
 18024, 99149,20170907,   86,    0
 18024, 99149,20170908,   35,    0
 18024, 99149,20170909,    2,    0
 18024, 99149,20170910,    8,    0
 18024, 99149,20170911,   41,    0
 18024, 99149,20170912,   48,    0
 18024, 99149,20170913,   29,    0
 18024, 99149,20170914,    9,    0
 18024, 99149,20170915,  -12,    0
 18024, 99149,20170916,    3,    0
 18024, 99149,20170917,   17,    0
 18024, 99149,20170918,   12,    0
 18024, 99149,20170919,   -4,    0
 18024, 99149,20170920,   27,    0
 18024, 99149,20170921,  -16,    0
 18024, 99149,20170922,   36,    0
 18024, 99149,20170923,   55,    0
 18024, 99149,20170924,   75,    0
 18024, 99149,20170925,   79,    0
 18024, 99149,20170926,  108,    0
 18024, 99149,20170927,  100,    0
 18024, 99149,20170928,  124,    0
 18024, 99149,20170929,  123,    0
 18024, 99149,20170930,  129,    0
 18024, 99149,20171001,   83,    0
 18024, 99149,20171002,    3,    0
 18024, 99149,20171003,  -10,    0
 18024, 99149,20171004,   -1,    0
 18024, 99149,20171005,   -1,    0
 18024, 99149,20171006,  -10,    0
 18024, 99149,20171007,  -19,    0
 18024, 99149,20171008,  -20,    0
 18024, 99149,20171009,  -25,    0
 18024, 99149,20171010,  -36,    0
 18024, 99149,20171011,  -30,    0
 18024, 99149,20171012,  -34,    0
 18024, 99149,20171013,  -38,    0
 18024, 99149,20171014,  -36,    0
 18024, 99149,20171015,  -17,    0
 18024, 99149,20171016,  -27,    0
 18024, 99149,20171017,  -24,    0
 18024, 99149,20171018,  -37,    0
 18024, 99149,20171019,  -47,    0
 18024, 99149,20171020,  -62,    0
 18024, 99149,20171021,  -39,    0
 18024, 99149,20171022,  -55,    0
 18024, 99149,20171023,   13,    0
 18024, 99149,20171024,    7,    0
 18024, 99149,20171025,  -59,    0
 18024, 99149,20171026,  -61,    1
 18024, 99149,20171027,  -35,    0
 18024, 99149,20171028,  -67,    0
 18024, 99149,20171029,  -81,    0
 18024, 99149,20171030,  -93,    0
 18024, 99149,20171031,  -96,    0
 18024, 99149,20171101,  -44,    0
 18024, 99149,20171102,  -61,    0
 18024, 99149,20171103,  -37,    0
 18024, 99149,20171104,  -43,    0
 18024, 99149,20171105,  -44,    0
 18024, 99149,20171106,  -49,    0
 18024, 99149,20171107,  -53,    0
 18024, 99149,20171108,  -12,    0
 18024, 99149,20171109,  -46,    0
 18024, 99149,20171110,  -52,    0
 18024, 99149,20171111,  -50,    0
 18024, 99149,20171112,  -56,    0
 18024, 99149,20171113,  -65,    0
 18024, 99149,20171114,  -55,    0
 18024, 99149,20171115,  -66,    0
 18024, 99149,20171116,  -80,    0
 18024, 99149,20171117,  -92,    0
 18024, 99149,20171118, -104,    0
 18024, 99149,20171119, -115,    0
 18024, 99149,20171120, -124,    0
 18024, 99149,20171121, -122,    0
 18024, 99149,20171122, -140,    0
 18024, 99149,20171123, -145,    0
 18024, 99149,20171124, -118,    0
 18024, 99149,20171125,  -70,    0
 18024, 99149,20171126,  -57,    0
 18024, 99149,20171127,  -64,    0
 18024, 99149,20171128,  -90,    0
 18024, 99149,20171129,  -86,    0
 18024, 99149,20171130,  -90,    0
 18024, 99149,20171201,  -75,    0
 18024, 99149,20171202,  -70,    0
 18024, 99149,20171203,  -74,    0
 18024, 99149,20171204, -101,    0
 18024, 99149,20171205,  -93,    0
 18024, 99149,20171206,  -96,    0
 18024, 99149,20171207, -114,    0
 18024, 99149,20171208, -137,    0
 18024, 99149,20171209, -101,    0
 18024, 99149,20171210,  -79,    0
 18024, 99149,20171211,  -90,    0
 18024, 99149,20171212,  -89,    0
 18024, 99149,20171213,  -93,    0
 18024, 99149,20171214,  -75,    0
 18024, 99149,20171215,  -90,    0
 18024, 99149,20171216, -102,    0
 18024, 99149,20171217,  -89,    0
 18024, 99149,20171218,  -87,    0
 18024, 99149,20171219,  -32,    0
 18024, 99149,20171220,  -48,    0
 18024, 99149,20171221,  -65,    0
 18024, 99149,20171222,  -88,    0
 18024, 99149,20171223, -105,    0
 18024, 99149,20171224,  -97,    0
 18024, 99149,20171225, -109,    0
 18024, 99149,20171226, -104,    0
 18024, 99149,20171227, -120,    0
 18024, 99149,20171228, -129,    0
 18024, 99149,20171229, -100,    0
 18024, 99149,20171230, -100,    0
 18024, 99149,20171231,  -72,    0
 18024, 99149,20180101,  -78,    0
 18024, 99149,20180102, -107,    0
 18024, 99149,20180103, -108,    0
 18024, 99149,20180104, -108,    0
 18024, 99149,20180105, -126,    0
 18024, 99149,20180106, -134,    0
 18024, 99149,20180107, -138,    0
 18024, 99149,20180108,  -96,    0
 18024, 99149,20180109,  -55,    0
 18024, 99149,20180110,  -52,    0
 18024, 99149,20180111,  -19,    0
 18024, 99149,20180112,  -35,    0
 18024, 99149,20180113,   -7,    0
 18024, 99149,20180114,   -5,    0
 18024, 99149,20180115, -112,    0
 18024, 99149,20180116, -125,    0
 18024, 99149,20180117, -120,    0
 18024, 99149,20180118, -178,    0
 18024, 99149,20180119, -146,    0
 18024, 99149,20180120, -145,    0
 18024, 99149,20180121, -145,    0
 18024, 99149,20180122, -117,    0
 18024, 99149,20180123, -109,    0
 18024, 99149,20180124, -149,    0
 18024, 99149,20180125, -134,    0
 18024, 99149,20180126, -101,    0
 18024, 99149,20180127, -120,    0
 18024, 99149,20180128, -134,    0
 18024, 99149,20180129, -107,    0
 18024, 99149,20180130, -118,    0
 18024, 99149,20180131, -129,    0
 18024, 99149,20180201, -152,    0
 18024, 99149,20180202, -138,    0
 18024, 99149,20180203, -121,    0
 18024, 99149,20180204, -112,    0
 18024, 99149,20180205,  -28,    0
 18024, 99149,20180206,  -44,    0
 18024, 99149,20180207, -109,    0
 18024, 99149,20180208,  -78,    0
 18024, 99149,20180209,  -66,    0
 18024, 99149,20180210,  -66,    0
 18024, 99149,20180211, -108,    0
 18024, 99149,20180212, -106,    0
 18024, 99149,20180213, -120,    0
 18024, 99149,20180214,  -94,    0
 18024, 99149,20180215,  -67,    0
 18024, 99149,20180216,  -74,    0
 18024, 99149,20180217,  -73,    0
 18024, 99149,20180218,  -99,    0
 18024, 99149,20180219, -149,    0
 18024, 99149,20180220, -146,    0
 18024, 99149,20180221, -108,    0
 18024, 99149,20180222, -128,    0
 18024, 99149,20180223, -159,    0
 18024, 99149,20180224, -161,    0
 18024, 99149,20180225, -121,    0
 18024, 99149,20180226, -128,    0
 18024, 99149,20180227, -119,    0
 18024, 99149,20180228,  -83,    0
 18024, 99149,20180301,  -80,    0
 18024, 99149,20180302,  -96,    0
 18024, 99149,20180303, -150,    0
 18024, 99149,20180304, -159,    0
 18024, 99149,20180305, -154,    0
 18024, 99149,20180306, -170,    0
 18024, 99149,20180307, -188,    0
 18024, 99149,20180308, -178,    0
 18024, 99149,20180309, -134,    0
 18024, 99149,20180310, -111,    0
 18024, 99149,20180311, -120,    0
 18024, 99149,20180312, -112,    0
 18024, 99149,20180313, -138,    0
 18024, 99149,20180314, -153,    0
 18024, 99149,20180315, -141,    0
 18024, 99149,20180316, -112,    0
 18024, 99149,20180317,  -87,    0
 18024, 99149,20180318, -113,    0
 18024, 99149,20180319, -123,    0
 18024, 99149,20180320, -132,    0
 18024, 99149,20180321,  -95,    0
 18024, 99149,20180322, -124,    0
 18024, 99149,20180323, -130,    0
 18024, 99149,20180324, -139,    0
 18024, 99149,20180325, -150,    0
 18024, 99149,20180326, -139,    0
 18024, 99149,20180327, -106,    0
 18024, 99149,20180328,  -89,    0
 18024, 99149,20180329, -109,    0
 18024, 99149,20180330, -106,    0
 18024, 99149,20180331, -110,    0
 18024, 99149,20180401, -112,    0
 18024, 99149,20180402, -112,    0
 18024, 99149,20180403, -109,    0
 18024, 99149,20180404, -100,    0
 18024, 99149,20180405,  -88,    0
 18024, 99149,20180406,  -88,    0
 18024, 99149,20180407,  -88,    0
 18024, 99149,20180408,  -95,    0
 18024, 99149,20180409,  -97,    0
 18024, 99149,20180410,  -76,    0
 18024, 99149,20180411,  -63,    0
 18024, 99149,20180412,  -47,    0
 18024, 99149,20180413,   20,    0
 18024, 99149,20180414,  -31,    0
 18024, 99149,20180415,   -4,    0
 18024, 99149,20180416,    0,    0
 18024, 99149,20180417,   13,    0
 18024, 99149,20180418,    5,    0
 18024, 99149,20180419,  -27,    0
 18024, 99149,20180420,  -18,    0
 18024, 99149,20180421,  -28,    0
 18024, 99149,20180422,  -57,    0
 18024, 99149,20180423,  -45,    0
 18024, 99149,20180424,  -33,    0
 18024, 99149,20180425,  -40,    0
 18024, 99149,20180426,  -44,    0
 18024, 99149,20180427,  -42,    0
 18024, 99149,20180428,  -51,    0
 18024, 99149,20180429,  -73,    0
 18024, 99149,20180430,  -53,    0
 18024, 99149,20180501,  -61,    0
 18024, 99149,20180502,  -42,    0
 18024, 99149,20180503,  -42,    0
 18024, 99149,20180504,  -22,    0
 18024, 99149,20180505,    6,    0
 18024, 99149,20180506,  -12,    0
 18024, 99149,20180507,  -46,    0
 18024, 99149,20180508,  -26,    0
 18024, 99149,20180509,   71,    0
 18024, 99149,20180510,   97,    0
 18024, 99149,20180511,   62,    0
 18024, 99149,20180512,   30,    0
 18024, 99149,20180513,   67,    0
 18024, 99149,20180514,   87,    0
 18024, 99149,20180515,   58,    0
 18024, 99149,20180516,   59,    0
 18024, 99149,20180517,  -15,    0
 18024, 99149,20180518,  -20,    0
 18024, 99149,20180519,  -12,    0
 18024, 99149,20180520,    0,    0
 18024, 99149,20180521,   -3,    0
 18024, 99149,20180522,  -15,    0
 18024, 99149,20180523,  -42,    0
 18024, 99149,20180524,  -15,    0
 18024, 99149,20180525,   31,    0
 18024, 99149,20180526,  -30,    0
 18024, 99149,20180527,  -19,    0
 18024, 99149,20180528,   68,    0
 18024, 99149,20180529,   13,    0
 18024, 99149,20180530,  -25,    0
 18024, 99149,20180531,   51,    0
 18024, 99149,20180601,   16,    0
 18024, 99149,20180602,   -9,    0
 18024, 99149,20180603,  -21,    0
 18024, 99149,20180604,  -44,    0
 18024, 99149,20180605,  -49,    0
 18024, 99149,20180606,  -53,    0
 18024, 99149,20180607,  -50,    0
 18024, 99149,20180608,  -43,    0
 18024, 99149,20180609,  -13,    0
 18024, 99149,20180610,    3,    0
 18024, 99149,20180611,  -20,    0
 18024, 99149,20180612,  -45,    0
 18024, 99149,20180613,  -39,    0
 18024, 99149,20180614,   16,    0
 18024, 99149,20180615,   43,    0
 18024, 99149,20180616,   31,    0
 18024, 99149,20180617,   39,    0
 18024, 99149,20180618,   65,    0
 18024, 99149,20180619,   52,    0
 18024, 99149,20180620,   25,    0
 18024, 99149,20180621,    9,    0
 18024, 99149,20180622,   13,    0
 18024, 99149,20180623,   -9,    0
 18024, 99149,20180624,  -11,    0
 18024, 99149,20180625,   30,    0
 18024, 99149,20180626,   16,    0
 18024, 99149,20180627,   -5,    0
 18024, 99149,20180628,  -12,    0
 18024, 99149,20180629,  -17,    0
 18024, 99149,20180630,   -7,    0
 18024, 99149,20180701,   56,    0
 18024, 99149,20180702,  126,    0
 18024, 99149,20180703,   90,    0
 18024, 99149,20180704,   55,    0
 18024, 99149,20180705,   92,    0
 18024, 99149,20180706,   83,    0
 18024, 99149,20180707,   37,    0
 18024, 99149,20180708,   61,    0
 18024, 99149,20180709,   77,    0
 18024, 99149,20180710,   90,    0
 18024, 99149,20180711,  114,    0
 18024, 99149,20180712,  131,    0
 18024, 99149,20180713,  104,    0
 18024, 99149,20180714,  101,    0
 18024, 99149,20180715,   80,    0
 18024, 99149,20180716,  104,    0
 18024, 99149,20180717,  176,    0
 18024, 99149,20180718,  191,    0
 18024, 99149,20180719,  148,    0
 18024, 99149,20180720,  138,    0
 18024, 99149,20180721,  153,    0
 18024, 99149,20180722,  124,    0
 18024, 99149,20180723,   88,    0
 18024, 99149,20180724,  105,    0
 18024, 99149,20180725,   98,    0
 18024, 99149,20180726,   60,    0
 18024, 99149,20180727,  115,    0
 18024, 99149,20180728,  164,    0
 18024, 99149,20180729,  162,    0
 18024, 99149,20180730,  163,    0
 18024, 99149,20180731,  183,    0
 18024, 99149,20180801,  170,    0
 18024, 99149,20180802,   91,    0
 18024, 99149,20180803,   82,    0
 18024, 99149,20180804,   64,    0
 18024, 99149,20180805,   47,    0
 18024, 99149,20180806,   23,    0
 18024, 99149,20180807,   17,    0
 18024, 99149,20180808,   63,    0
 18024, 99149,20180809,   89,    0
 18024, 99149,20180810,   64,    0
 18024, 99149,20180811,   75,    0
 18024, 99149,20180812,   47,    0
 18024, 99149,20180813,    7,    0
 18024, 99149,20180814,   13,    0
 18024, 99149,20180815,   36,    0
 18024, 99149,20180816,   62,    0
 18024, 99149,20180817,   81,    0
 18024, 99149,20180818,   62,    0
 18024, 99149,20180819,   41,    0
 18024, 99149,20180820,   16,    0
 18024, 99149,20180821,    1,    0
 18024, 99149,20180822,   20,    0
 18024, 99149,20180823,   35,    0
 18024, 99149,20180824,   45,    0
 18024, 99149,20180825,   42,    0
 18024, 99149,20180826,   34,    0
 18024, 99149,20180827,   10,    0
 18024, 99149,20180828,   25,    0
 18024, 99149,20180829,   56,    0
 18024, 99149,20180830,   53,    0
 18024, 99149,20180831,    8,    0
 18024, 99149,20180901,   48,    0
 18024, 99149,20180902,   61,    0
 18024, 99149,20180903,   69,    0
 18024, 99149,20180904,   20,    0
 18024, 99149,20180905,   26,    0
 18024, 99149,20180906,   46,    0
 18024, 99149,20180907,   55,    0
 18024, 99149,20180908,   71,    0
 18024, 99149,20180909,   94,    0
 18024, 99149,20180910,   80,    0
 18024, 99149,20180911,   47,    0
 18024, 99149,20180912,   30,    0
 18024, 99149,20180913,   18,    0
 18024, 99149,20180914,   17,    0
 18024, 99149,20180915,   14,    0
 18024, 99149,20180916,    2,    0
 18024, 99149,20180917,   -9,    0
 18024, 99149,20180918,   -5,    0
 18024, 99149,20180919,    5,    0
 18024, 99149,20180920,   36,    0
 18024, 99149,20180921,   18,    0
 18024, 99149,20180922,   20,    0
 18024, 99149,20180923,   -3,    0
 18024, 99149,20180924,  -45,    0
 18024, 99149,20180925,  -45,    0
 18024, 99149,20180926,  -36,    0
 18024, 99149,20180927,  -57,    0
 18024, 99149,20180928,  -74,    0
 18024, 99149,20180929,  -57,    0
 18024, 99149,20180930,  -29,    0
 18024, 99149,20181001,  -34,    0
 18024, 99149,20181002,  -50,    0
 18024, 99149,20181003,  -58,    0
 18024, 99149,20181004,  -69,    0
 18024, 99149,20181005,  -74,    0
 18024, 99149,20181006,  -72,    0
 18024, 99149,20181007,  -58,    0
 18024, 99149,20181008,  -46,    0
 18024, 99149,20181009,  -31,    0
 18024, 99149,20181010,  -43,    0
 18024, 99149,20181011,  -12,    0
 18024, 99149,20181012,   24,    0
 18024, 99149,20181013,   53,    0
 18024, 99149,20181014,   51,    0
 18024, 99149,20181015,  -10,    0
 18024, 99149,20181016,  -16,    0
 18024, 99149,20181017,    4,    0
 18024, 99149,20181018,  -13,    0
 18024, 99149,20181019,  -18,    0
 18024, 99149,20181020,  -14,    0
 18024, 99149,20181021,  -22,    0
 18024, 99149,20181022,  -45,    0
 18024, 99149,20181023,  -60,    0
 18024, 99149,20181024,  -56,    0
 18024, 99149,20181025,  -68,    0
 18024, 99149,20181026,  -76,    0
 18024, 99149,20181027,  -85,    0
 18024, 99149,20181028,  -93,    0
 18024, 99149,20181029,  -51,    0
 18024, 99149,20181030,  -75,    0
 18024, 99149,20181031,  -51,    0
 18024, 99149,20181101,  -21,    0
 18024, 99149,20181102,   -9,    0
 18024, 99149,20181103,  -30,    0
 18024, 99149,20181104,    5,    0
 18024, 99149,20181105,    9,    0
 18024, 99149,20181106,    0,    0
 18024, 99149,20181107,  -20,    0
 18024, 99149,20181108,   39,    0
 18024, 99149,20181109,   -8,    0
 18024, 99149,20181110,  -24,    0
 18024, 99149,20181111,  -13,    0
 18024, 99149,20181112,  -10,    0
 18024, 99149,20181113,  -14,    0
 18024, 99149,20181114,  -12,    0
 18024, 99149,20181115,   -6,    0
 18024, 99149,20181116,    9,    0
 18024, 99149,20181117,  -31,    0
 18024, 99149,20181118,  -11,    0
 18024, 99149,20181119,   20,    0
 18024, 99149,20181120,  -58,    0
 18024, 99149,20181121,  -51,    0
 18024, 99149,20181122,  -41,    0
 18024, 99149,20181123,  -69,    0
 18024, 99149,20181124,  -71,    0
 18024, 99149,20181125,  -91,    0
 18024, 99149,20181126, -107,    0
 18024, 99149,20181127,  -97,    0
 18024, 99149,20181128,  -71,    0
 18024, 99149,20181129,  -71,    0
 18024, 99149,20181130,  -22,    0
 18024, 99149,20181201,  -35,    0
 18024, 99149,20181202,  -56,    0
 18024, 99149,20181203,  -57,    0
 18024, 99149,20181204,  -70,    0
 18024, 99149,20181205,  -65,    0
 18024, 99149,20181206,  -74,    0
 18024, 99149,20181207, -106,    0
 18024, 99149,20181208, -114,    0
 18024, 99149,20181209, -100,    0
 18024, 99149,20181210,  -88,    0
 18024, 99149,20181211,  -99,    0
 18024, 99149,20181212,  -66,    0
 18024, 99149,20181213,  -43,    0
 18024, 99149,20181214,  -45,    0
 18024, 99149,20181215,  -58,    0
 18024, 99149,20181216,  -80,    0
 18024, 99149,20181217, -104,    0
 18024, 99149,20181218,  -89,    0
 18024, 99149,20181219,  -96,    0
 18024, 99149,20181220,  -91,    0
 18024, 99149,20181221,  -87,    0
 18024, 99149,20181222,  -69,    0
 18024, 99149,20181223,  -74,    0
 18024, 99149,20181224,  -87,    0
 18024, 99149,20181225,  -76,    0
 18024, 99149,20181226,  -95,    0
 18024, 99149,20181227,  -90,    0
 18024, 99149,20181228,  -56,    0
 18024, 99149,20181229,  -66,    0
 18024, 99149,20181230, -115,    0
 18024, 99149,20181231, -101,    0
 18024, 99149,20190101, -127,    0
 18024, 99149,20190102, -127,    0
 18024, 99149,20190103,  -74,    0
 18024, 99149,20190104,  -76,    0
 18024, 99149,20190105,  -57,    0
 18024, 99149,20190106,  -26,    0
 18024, 99149,20190107,  -79,    0
 18024, 99149,20190108,  -88,    0
 18024, 99149,20190109,  -86,    0
 18024, 99149,20190110,  -67,    0
 18024, 99149,20190111,  -81,    0
 18024, 99149,20190112,  -99,    0
 18024, 99149,20190113, -128,    0
 18024, 99149,20190114, -129,    0
 18024, 99149,20190115, -118,    0
 18024, 99149,20190116, -130,    0
 18024, 99149,20190117, -147,    0
 18024, 99149,20190118, -145,    0
 18024, 99149,20190119, -150,    0
 18024, 99149,20190120, -145,    0
 18024, 99149,20190121, -135,    0
 18024, 99149,20190122, -129,    0
 18024, 99149,20190123, -159,    0
 18024, 99149,20190124, -143,    0
 18024, 99149,20190125, -158,    0
 18024, 99149,20190126, -187,    0
 18024, 99149,20190127, -218,    0
 18024, 99149,20190128, -161,    0
 18024, 99149,20190129, -167,    0
 18024, 99149,20190130, -126,    0
 18024, 99149,20190131,  -95,    0
 18024, 99149,20190201,  -70,    0
 18024, 99149,20190202, -107,    0
 18024, 99149,20190203, -150,    0
 18024, 99149,20190204, -161,    0
 18024, 99149,20190205, -172,    0
 18024, 99149,20190206, -121,    0
 18024, 99149,20190207, -118,    0
 18024, 99149,20190208, -110,    0
 18024, 99149,20190209, -112,    0
 18024, 99149,20190210, -109,    0
 18024, 99149,20190211,  -98,    0
 18024, 99149,20190212,  -88,    0
 18024, 99149,20190213, -105,    0
 18024, 99149,20190214,  -60,    0
 18024, 99149,20190215,  -83,    0
 18024, 99149,20190216,  -73,    0
 18024, 99149,20190217, -130,    0
 18024, 99149,20190218, -121,    0
 18024, 99149,20190219, -165,    0
 18024, 99149,20190220, -170,    0
 18024, 99149,20190221, -135,    0
 18024, 99149,20190222,  -43,    0
 18024, 99149,20190223,  -11,    0
 18024, 99149,20190224,  -27,    0
 18024, 99149,20190225,  -56,    0
 18024, 99149,20190226,  -76,    0
 18024, 99149,20190227,  -64,    0
 18024, 99149,20190228, -140,    0
 18024, 99149,20190301, -129,    0
 18024, 99149,20190302, -166,    0
 18024, 99149,20190303, -143,    0
 18024, 99149,20190304, -172,    0
 18024, 99149,20190305, -162,    0
 18024, 99149,20190306, -144,    0
 18024, 99149,20190307, -148,    0
 18024, 99149,20190308, -171,    0
 18024, 99149,20190309, -152,    0
 18024, 99149,20190310, -146,    0
 18024, 99149,20190311, -138,    0
 18024, 99149,20190312, -114,    0
 18024, 99149,20190313, -128,    0
 18024, 99149,20190314, -115,    0
 18024, 99149,20190315,  -97,    0
 18024, 99149,20190316, -113,    0
 18024, 99149,20190317, -123,    0
 18024, 99149,20190318, -124,    0
 18024, 99149,20190319,  -89,    0
 18024, 99149,20190320,  -58,    0
 18024, 99149,20190321,  -75,    0
 18024, 99149,20190322,  -81,    0
 18024, 99149,20190323,  -54,    0
 18024, 99149,20190324,  -77,    0
 18024, 99149,20190325, -112,    0
 18024, 99149,20190326, -110,    0
 18024, 99149,20190327,  -75,    0
 18024, 99149,20190328,  -54,    0
 18024, 99149,20190329,  -90,    0
 18024, 99149,20190330,  -89,    0
 18024, 99149,20190331,  -94,    0
 18024, 99149,20190401,  -86,    0
 18024, 99149,20190402,  -51,    0
 18024, 99149,20190403,  -51,    0
 18024, 99149,20190404,  -94,    0
 18024, 99149,20190405,  -91,    0
 18024, 99149,20190406,  -85,    0
 18024, 99149,20190407, -102,    0
 18024, 99149,20190408, -107,    0
 18024, 99149,20190409, -123,    0
 18024, 99149,20190410,  -95,    0
 18024, 99149,20190411,  -82,    0
 18024, 99149,20190412,  -61,    0
 18024, 99149,20190413,  -55,    0
 18024, 99149,20190414,  -43,    0
 18024, 99149,20190415,  -44,    0
 18024, 99149,20190416,  -51,    0
 18024, 99149,20190417,  -33,    0
 18024, 99149,20190418,  -14,    0
 18024, 99149,20190419,  -19,    0
 18024, 99149,20190420,   22,    0
 18024, 99149,20190421,  -28,    0
 18024, 99149,20190422,  -23,    0
 18024, 99149,20190423,   18,    0
 18024, 99149,20190424,   15,    0
 18024, 99149,20190425,   49,    0
 18024, 99149,20190426,   34,    0
 18024, 99149,20190427,  -15,    0
 18024, 99149,20190428,   14,    0
 18024, 99149,20190429,  -31,    0
 18024, 99149,20190430,  -54,    0
 18024, 99149,20190501,  -89,    0
 18024, 99149,20190502, -106,    0
 18024, 99149,20190503, -103,    0
 18024, 99149,20190504,  -91,    0
 18024, 99149,20190505,  -87,    0
 18024, 99149,20190506,  -75,    0
 18024, 99149,20190507,  -39,    0
 18024, 99149,20190508,  -62,    0
 18024, 99149,20190509,  -48,    0
 18024, 99149,20190510,   -3,    0
 18024, 99149,20190511,   13,    0
 18024, 99149,20190512,  -10,    0
 18024, 99149,20190513,  -45,    0
 18024, 99149,20190514,  -47,    0
 18024, 99149,20190515,  -45,    0
 18024, 99149,20190516,  -23,    0
 18024, 99149,20190517,   15,    0
 18024, 99149,20190518,   67,    0
 18024, 99149,20190519,   62,    0
 18024, 99149,20190520,   69,    0
 18024, 99149,20190521,   15,    0
 18024, 99149,20190522,  -37,    0
 18024, 99149,20190523,  -45,    0
 18024, 99149,20190524,  -17,    0
 18024, 99149,20190525,  -36,    0
 18024, 99149,20190526,  -42,    0
 18024, 99149,20190527,  -16,    0
 18024, 99149,20190528,   10,    0
 18024, 99149,20190529,    6,    0
 18024, 99149,20190530,  -20,    0
 18024, 99149,20190531,  -13,    0
 18024, 99149,20190601,  -29,    0
 18024, 99149,20190602,  -31,    0
 18024, 99149,20190603,  -10,    0
 18024, 99149,20190604,   11,    0
 18024, 99149,20190605,   32,    0
 18024, 99149,20190606,   53,    0
 18024, 99149,20190607,  103,    0
 18024, 99149,20190608,   83,    0
 18024, 99149,20190609,   29,    0
 18024, 99149,20190610,  -38,    0
 18024, 99149,20190611,  -42,    0
 18024, 99149,20190612,    4,    0
 18024, 99149,20190613,   58,    0
 18024, 99149,20190614,   50,    0
 18024, 99149,20190615,   64,    0
 18024, 99149,20190616,   41,    0
 18024, 99149,20190617,   60,    0
 18024, 99149,20190618,   36,    0
 18024, 99149,20190619,   14,    0
 18024, 99149,20190620,   38,    0
 18024, 99149,20190621,   41,    0
 18024, 99149,20190622,   29,    0
 18024, 99149,20190623,   11,    0
 18024, 99149,20190624,   17,    0
 18024, 99149,20190625,    8,    0
 18024, 99149,20190626,   10,    0
 18024, 99149,20190627,  -21,    0
 18024, 99149,20190628,  -16,    0
 18024, 99149,20190629,  -27,    0
 18024, 99149,20190630,   -7,    0
 18024, 99149,20190701,   11,    0
 18024, 99149,20190702,   -2,    0
 18024, 99149,20190703,    9,    0
 18024, 99149,20190704,   17,    0
 18024, 99149,20190705,   17,    0
 18024, 99149,20190706,   33,    0
 18024, 99149,20190707,   74,    0
 18024, 99149,20190708,   78,    0
 18024, 99149,20190709,   82,    0
 18024, 99149,20190710,   78,    0
 18024, 99149,20190711,   70,    0
 18024, 99149,20190712,   75,    0
 18024, 99149,20190713,   68,    0
 18024, 99149,20190714,   21,    0
 18024, 99149,20190715,   12,    0
 18024, 99149,20190716,   26,    0
 18024, 99149,20190717,   34,    0
 18024, 99149,20190718,   62,    0
 18024, 99149,20190719,   97,    0
 18024, 99149,20190720,  119,    0
 18024, 99149,20190721,  132,    0
 18024, 99149,20190722,  131,    0
 18024, 99149,20190723,  139,    0
 18024, 99149,20190724,  104,    0
 18024, 99149,20190725,  122,    0
 18024, 99149,20190726,  124,    0
 18024, 99149,20190727,  113,    0
 18024, 99149,20190728,   74,    0
 18024, 99149,20190729,   20,    0
 18024, 99149,20190730,   23,    0
 18024, 99149,20190731,   59,    0
 18024, 99149,20190801,   51,    0
 18024, 99149,20190802,   52,    0
 18024, 99149,20190803,   61,    0
 18024, 99149,20190804,   52,    0
 18024, 99149,20190805,   46,    0
 18024, 99149,20190806,   34,    0
 18024, 99149,20190807,   26,    0
 18024, 99149,20190808,   29,    0
 18024, 99149,20190809,   39,    0
 18024, 99149,20190810,   54,    0
 18024, 99149,20190811,   77,    0
 18024, 99149,20190812,   90,    0
 18024, 99149,20190813,   80,    0
 18024, 99149,20190814,   88,    0
 18024, 99149,20190815,   60,    0
 18024, 99149,20190816,   60,    0
 18024, 99149,20190817,   71,    0
 18024, 99149,20190818,   75,    0
 18024, 99149,20190819,   73,    0
 18024, 99149,20190820,   58,    0
 18024, 99149,20190821,   64,    0
 18024, 99149,20190822,   37,    0
 18024, 99149,20190823,   46,    0
 18024, 99149,20190824,   16,    0
 18024, 99149,20190825,   46,    0
 18024, 99149,20190826,   49,    0
 18024, 99149,20190827,   92,    0
 18024, 99149,20190828,  115,    0
 18024, 99149,20190829,  120,    0
 18024, 99149,20190830,   82,    0
 18024, 99149,20190831,   73,    0
 18024, 99149,20190901,   94,    0
 18024, 99149,20190902,   60,    0
 18024, 99149,20190903,   31,    0
 18024, 99149,20190904,   24,    0
 18024, 99149,20190905,   11,    0
 18024, 99149,20190906,    3,    0
 18024, 99149,20190907,   -1,    0
 18024, 99149,20190908,   22,    0
 18024, 99149,20190909,   73,    0
 18024, 99149,20190910,   78,    0
 18024, 99149,20190911,   76,    0
 18024, 99149,20190912,   45,    0
 18024, 99149,20190913,   -6,    0
 18024, 99149,20190914,  -19,    0
 18024, 99149,20190915,  -15,    0
 18024, 99149,20190916,  -15,    0
 18024, 99149,20190917,  -21,    0
 18024, 99149,20190918,  -41,    0
 18024, 99149,20190919,  -49,    0
 18024, 99149,20190920,  -37,    0
 18024, 99149,20190921,  -41,    0
 18024, 99149,20190922,  -43,    0
 18024, 99149,20190923,  -51,    0
 18024, 99149,20190924,  -29,    0
 18024, 99149,20190925,   11,    0
 18024, 99149,20190926,   19,    0
 18024, 99149,20190927,   60,    0
 18024, 99149,20190928,   36,    0
 18024, 99149,20190929,  -44,    0
 18024, 99149,20190930,  -47,    0
 18024, 99149,20191001,  -42,    0
 18024, 99149,20191002,  -71,    0
 18024, 99149,20191003,  -64,    0
 18024, 99149,20191004,  -63,    0
 18024, 99149,20191005,  -38,    0
 18024, 99149,20191006,  -30,    0
 18024, 99149,20191007,  -41,    0
 18024, 99149,20191008,  -63,    0
 18024, 99149,20191009,  -56,    0
 18024, 99149,20191010,  -57,    0
 18024, 99149,20191011,  -77,    0
 18024, 99149,20191012,  -86,    0
 18024, 99149,20191013,  -77,    0
 18024, 99149,20191014,  -94,    0
 18024, 99149,20191015,  -73,    0
 18024, 99149,20191016,  -66,    0
 18024, 99149,20191017,  -43,    0
 18024, 99149,20191018,  -60,    0
 18024, 99149,20191019,  -92,    0
 18024, 99149,20191020,  -88,    0
 18024, 99149,20191021,  -69,    0
 18024, 99149,20191022,  -59,    0
 18024, 99149,20191023,  -63,    0
 18024, 99149,20191024,  -79,    0
 18024, 99149,20191025,  -68,    0
 18024, 99149,20191026, -108,    0
 18024, 99149,20191027, -114,    0
 18024, 99149,20191028,  -99,    0
 18024, 99149,20191029, -105,    0
 18024, 99149,20191030,  -97,    0
 18024, 99149,20191031,  -76,    0
 18024, 99149,20191101,  -95,    0
 18024, 99149,20191102, -103,    0
 18024, 99149,20191103,  -90,    0
 18024, 99149,20191104,  -99,    0
 18024, 99149,20191105,  -92,    0
 18024, 99149,20191106, -121,    0
 18024, 99149,20191107, -147,    0
 18024, 99149,20191108, -136,    0
 18024, 99149,20191109, -114,    0
 18024, 99149,20191110, -102,    0
 18024, 99149,20191111, -111,    0
 18024, 99149,20191112, -109,    0
 18024, 99149,20191113,  -86,    0
 18024, 99149,20191114,  -72,    0
 18024, 99149,20191115,  -61,    0
 18024, 99149,20191116,  -59,    0
 18024, 99149,20191117,  -77,    0
 18024, 99149,20191118,  -90,    0
 18024, 99149,20191119,  -65,    0
 18024, 99149,20191120,  -27,    0
 18024, 99149,20191121,  -26,    0
 18024, 99149,20191122,  -10,    0
 18024, 99149,20191123,  -28,    0
 18024, 99149,20191124,  -41,    0
 18024, 99149,20191125,  -47,    0
 18024, 99149,20191126,  -87,    0
 18024, 99149,20191127, -112,    0
 18024, 99149,20191128, -125,    0
 18024, 99149,20191129, -119,    0
 18024, 99149,20191130, -128,    0
 18024, 99149,20191201,  -95,    0
 18024, 99149,20191202,  -86,    0
 18024, 99149,20191203,  -70,    0
 18024, 99149,20191204,  -16,    0
 18024, 99149,20191205,  -54,    0
 18024, 99149,20191206,  -75,    0
 18024, 99149,20191207, -103,    0
 18024, 99149,20191208, -115,    0
 18024, 99149,20191209, -140,    0
 18024, 99149,20191210, -134,    0
 18024, 99149,20191211,  -94,    0
 18024, 99149,20191212,  -70,    0
 18024, 99149,20191213,  -68,    0
 18024, 99149,20191214,  -67,    0
 18024, 99149,20191215,  -73,    0
 18024, 99149,20191216,  -83,    0
 18024, 99149,20191217,  -90,    0
 18024, 99149,20191218,  -82,    0
 18024, 99149,20191219, -112,    0
 18024, 99149,20191220, -102,    0
 18024, 99149,20191221, -106,    0
 18024, 99149,20191222,  -71,    0
 18024, 99149,20191223,  -57,    0
 18024, 99149,20191224,  -50,    0
 18024, 99149,20191225,  -75,    0
 18024, 99149,20191226, -116,    0
 18024, 99149,20191227,  -99,    0
 18024, 99149,20191228,  -44,    0
 18024, 99149,20191229,  -38,    0
 18024, 99149,20191230,  -85,    0
 18024, 99149,20191231, -110,    0
 18024, 99149,20200101,  -74,    0
 18024, 99149,20200102,  -38,    0
 18024, 99149,20200103,  -73,    0
 18024, 99149,20200104, -112,    0
 18024, 99149,20200105, -115,    0
 18024, 99149,20200106,  -49,    0
 18024, 99149,20200107,  -29,    0
 18024, 99149,20200108,  -53,    0
 18024, 99149,20200109,  -72,    0
 18024, 99149,20200110,  -71,    0
 18024, 99149,20200111,  -72,    0
 18024, 99149,20200112,  -61,    0
 18024, 99149,20200113,  -78,    0
 18024, 99149,20200114,  -84,    0
 18024, 99149,20200115, -104,    0
 18024, 99149,20200116, -100,    0
 18024, 99149,20200117, -130,    0
 18024, 99149,20200118, -102,    0
 18024, 99149,20200119,  -67,    0
 18024, 99149,20200120,  -47,    0
 18024, 99149,20200121,  -84,    0
 18024, 99149,20200122, -107,    0
 18024, 99149,20200123,  -85,    0
 18024, 99149,20200124,  -93,    0
 18024, 99149,20200125, -121,    0
 18024, 99149,20200126, -165,    0
 18024, 99149,20200127, -173,    0
 18024, 99149,20200128, -147,    0
 18024, 99149,20200129, -130,    0
 18024, 99149,20200130, -103,    0
 18024, 99149,20200131, -141,    0
 18024, 99149,20200201, -132,    0
 18024, 99149,20200202,  -89,    0
 18024, 99149,20200203, -120,    0
 18024, 99149,20200204, -138,    0
 18024, 99149,20200205, -150,    0
 18024, 99149,20200206, -128,    0
 18024, 99149,20200207,  -67,    0
 18024, 99149,20200208,  -32,    0
 18024, 99149,20200209,  -51,    0
 18024, 99149,20200210,  -74,    0
 18024, 99149,20200211,  -62,    0
 18024, 99149,20200212,  -81,    0
 18024, 99149,20200213, -101,    0
 18024, 99149,20200214, -106,    0
 18024, 99149,20200215, -119,    0
 18024, 99149,20200216,  -91,    0
 18024, 99149,20200217,  -65,    0
 18024, 99149,20200218,  -94,    0
 18024, 99149,20200219, -134,    0
 18024, 99149,20200220, -121,    0
 18024, 99149,20200221,  -75,    0
 18024, 99149,20200222,  -67,    0
 18024, 99149,20200223,  -68,    0
 18024, 99149,20200224, -102,    0
 18024, 99149,20200225, -129,    0
 18024, 99149,20200226, -104,    0
 18024, 99149,20200227, -101,    0
 18024, 99149,20200228,  -98,    0
 18024, 99149,20200229, -107,    0
 18024, 99149,20200301, -138,    0
 18024, 99149,20200302, -124,    0
 18024, 99149,20200303, -119,    0
 18024, 99149,20200304, -128,    0
 18024, 99149,20200305, -109,    0
 18024, 99149,20200306,  -78,    0
 18024, 99149,20200307,  -69,    0
 18024, 99149,20200308,  -76,    0
 18024, 99149,20200309,  -37,    0
 18024, 99149,20200310, -116,    0
 18024, 99149,20200311, -110,    0
 18024, 99149,20200312, -112,    0
 18024, 99149,20200313, -157,    0
 18024, 99149,20200314, -144,    0
 18024, 99149,20200315, -102,    0
 18024, 99149,20200316, -119,    0
 18024, 99149,20200317,  -81,    0
 18024, 99149,20200318,  -67,    0
 18024, 99149,20200319, -136,    0
 18024, 99149,20200320, -129,    0
 18024, 99149,20200321, -104,    0
 18024, 99149,20200322,  -65,    0
 18024, 99149,20200323,  -53,    0
 18024, 99149,20200324,  -46,    0
 18024, 99149,20200325,  -63,    0
 18024, 99149,20200326,  -64,    0
 18024, 99149,20200327,  -72,    0
 18024, 99149,20200328, -122,    0
 18024, 99149,20200329, -134,    0
 18024, 99149,20200330, -123,    0
 18024, 99149,20200331,  -84,    0
 18024, 99149,20200401, -109,    0
 18024, 99149,20200402, -146,    0
 18024, 99149,20200403, -125,    0
 18024, 99149,20200404, -130,    0
 18024, 99149,20200405, -129,    0
 18024, 99149,20200406,  -80,    0
 18024, 99149,20200407,  -34,    0
 18024, 99149,20200408,  -58,    0
 18024, 99149,20200409, -110,    0
 18024, 99149,20200410, -107,    0
 18024, 99149,20200411,  -96,    0
 18024, 99149,20200412, -109,    0
 18024, 99149,20200413,  -83,    0
 18024, 99149,20200414,  -83,    0
 18024, 99149,20200415,  -68,    0
 18024, 99149,20200416,  -70,    0
 18024, 99149,20200417,  -68,    0
 18024, 99149,20200418,  -50,    0
 18024, 99149,20200419,  -24,    0
 18024, 99149,20200420,  -51,    0
 18024, 99149,20200421,  -62,    0
 18024, 99149,20200422,  -72,    0
 18024, 99149,20200423,  -56,    0
 18024, 99149,20200424,  -91,    0
 18024, 99149,20200425,  -79,    0
 18024, 99149,20200426,  -73,    0
 18024, 99149,20200427,  -86,    0
 18024, 99149,20200428, -101,    0
 18024, 99149,20200429, -115,    0
 18024, 99149,20200430,  -96,    0
 18024, 99149,20200501,  -67,    0
 18024, 99149,20200502,  -58,    0
 18024, 99149,20200503,  -31,    0
 18024, 99149,20200504,  -46,    0
 18024, 99149,20200505,  -57,    0
 18024, 99149,20200506,  -53,    0
 18024, 99149,20200507,  -61,    0
 18024, 99149,20200508,  -68,    0
 18024, 99149,20200509,  -87,    0
 18024, 99149,20200510,  -87,    0
 18024, 99149,20200511,  -78,    0
 18024, 99149,20200512,  -88,    0
 18024, 99149,20200513,  -89,    0
 18024, 99149,20200514,  -79,    0
 18024, 99149,20200515,  -78,    0
 18024, 99149,20200516,  -65,    0
 18024, 99149,20200517,  -53,    0
 18024, 99149,20200518,  -49,    0
 18024, 99149,20200519,  -42,    0
 18024, 99149,20200520,  -43,    0
 18024, 99149,20200521,  -39,    0
 18024, 99149,20200522,  -30,    0
 18024, 99149,20200523,   20,    0
 18024, 99149,20200524,   11,    0
 18024, 99149,20200525,   26,    0
 18024, 99149,20200526,   31,    0
 18024, 99149,20200527,    5,    0
 18024, 99149,20200528,  -26,    0
 18024, 99149,20200529,  -16,    0
 18024, 99149,20200530,    0,    0
 18024, 99149,20200531,   67,    0
 18024, 99149,20200601,   85,    0
 18024, 99149,20200602,   31,    0
 18024, 99149,20200603,   -8,    0
 18024, 99149,20200604,   26,    0
 18024, 99149,20200605,   56,    0
 18024, 99149,20200606,   32,    0
 18024, 99149,20200607,   31,    0
 18024, 99149,20200608,    3,    0
 18024, 99149,20200609,  -19,    0
 18024, 99149,20200610,   -1,    0
 18024, 99149,20200611,  -12,    0
 18024, 99149,20200612,   29,    0
 18024, 99149,20200613,  105,    0
 18024, 99149,20200614,   74,    0
 18024, 99149,20200615,   -6,    0
 18024, 99149,20200616,   -1,    0
 18024, 99149,20200617,   73,    0
 18024, 99149,20200618,   61,    0
 18024, 99149,20200619,   -2,    0
 18024, 99149,20200620,   85,    0
 18024, 99149,20200621,  119,    0
 18024, 99149,20200622,  119,    0
 18024, 99149,20200623,  116,    0
 18024, 99149,20200624,   62,    0
 18024, 99149,20200625,   68,    0
 18024, 99149,20200626,   19,    0
 18024, 99149,20200627,   28,    0
 18024, 99149,20200628,   81,    0
 18024, 99149,20200629,   69,    0
 18024, 99149,20200630,  -15,    0
 18024, 99149,20200701,  -11,    0
 18024, 99149,20200702,  -13,    0
 18024, 99149,20200703,   10,    0
 18024, 99149,20200704,    0,    0
 18024, 99149,20200705,   -3,    0
 18024, 99149,20200706,   20,    0
 18024, 99149,20200707,   21,    0
 18024, 99149,20200708,   31,    0
 18024, 99149,20200709,   47,    0
 18024, 99149,20200710,   20,    0
 18024, 99149,20200711,   46,    0
 18024, 99149,20200712,   42,    0
 18024, 99149,20200713,   51,    0
 18024, 99149,20200714,   69,    0
 18024, 99149,20200715,   70,    0
 18024, 99149,20200716,   83,    0
 18024, 99149,20200717,  101,    0
 18024, 99149,20200718,   71,    0
 18024, 99149,20200719,   78,    0
 18024, 99149,20200720,   83,    0
 18024, 99149,20200721,   64,    0
 18024, 99149,20200722,   28,    0
 18024, 99149,20200723,   34,    0
 18024, 99149,20200724,   85,    0
 18024, 99149,20200725,   65,    0
 18024, 99149,20200726,   78,    0
 18024, 99149,20200727,   96,    0
 18024, 99149,20200728,  107,    0
 18024, 99149,20200729,  114,    0
 18024, 99149,20200730,  111,    0
 18024, 99149,20200731,  112,    0
 18024, 99149,20200801,   74,    0
 18024, 99149,20200802,   72,    0
 18024, 99149,20200803,   92,    0
 18024, 99149,20200804,   87,    0
 18024, 99149,20200805,   59,    0
 18024, 99149,20200806,   87,    0
 18024, 99149,20200807,   71,    0
 18024, 99149,20200808,  125,    0
 18024, 99149,20200809,   53,    0
 18024, 99149,20200810,   29,    0
 18024, 99149,20200811,   62,    0
 18024, 99149,20200812,   71,    0
 18024, 99149,20200813,   63,    0
 18024, 99149,20200814,   53,    0
 18024, 99149,20200815,   34,    0
 18024, 99149,20200816,   -6,    0
 18024, 99149,20200817,    1,    0
 18024, 99149,20200818,   23,    0
 18024, 99149,20200819,   59,    0
 18024, 99149,20200820,   33,    0
 18024, 99149,20200821,   72,    0
 18024, 99149,20200822,  101,    0
 18024, 99149,20200823,   77,    0
 18024, 99149,20200824,   26,    0
 18024, 99149,20200825,   19,    0
 18024, 99149,20200826,    3,    0
 18024, 99149,20200827,  -11,    0
 18024, 99149,20200828,   -8,    0
 18024, 99149,20200829,    9,    0
 18024, 99149,20200830,   -3,    0
 18024, 99149,20200831,   -6,    0
 18024, 99149,20200901,   27,    0
 18024, 99149,20200902,   69,    0
 18024, 99149,20200903,   72,    0
 18024, 99149,20200904,   67,    0
 18024, 99149,20200905,   51,    0
 18024, 99149,20200906,   25,    0
 18024, 99149,20200907,   32,    0
 18024, 99149,20200908,   29,    0
 18024, 99149,20200909,   20,    0
 18024, 99149,20200910,    7,    0
 18024, 99149,20200911,    0,    0
 18024, 99149,20200912,   22,    0
 18024, 99149,20200913,   25,    0
 18024, 99149,20200914,    4,    0
 18024, 99149,20200915,    1,    0
 18024, 99149,20200916,  -12,    0
 18024, 99149,20200917,  -18,    0
 18024, 99149,20200918,  -11,    0
 18024, 99149,20200919,  -30,    0
 18024, 99149,20200920,  -17,    0
 18024, 99149,20200921,  -11,    0
 18024, 99149,20200922,  -30,    0
 18024, 99149,20200923,  -17,    0
 18024, 99149,20200924,  -34,    0
 18024, 99149,20200925,   -6,    0
 18024, 99149,20200926,  -39,    0
 18024, 99149,20200927,  -27,    0
 18024, 99149,20200928,   70,    0
 18024, 99149,20200929,   94,    0
 18024, 99149,20200930,   60,    0
 18024, 99149,20201001,   45,    0
 18024, 99149,20201002,   34,    0
 18024, 99149,20201003,   42,    0
 18024, 99149,20201004,   61,    0
 18024, 99149,20201005,   47,    0
 18024, 99149,20201006,   27,    0
 18024, 99149,20201007,   24,    0
 18024, 99149,20201008,   37,    0
 18024, 99149,20201009,   24,    0
 18024, 99149,20201010,   14,    0
 18024, 99149,20201011,   -9,    0
 18024, 99149,20201012,  -26,    0
 18024, 99149,20201013,  -53,    0
 18024, 99149,20201014,  -36,    0
 18024, 99149,20201015,  -43,    0
 18024, 99149,20201016,  -39,    0
 18024, 99149,20201017,  -76,    0
 18024, 99149,20201018,  -81,    0
 18024, 99149,20201019,  -86,    0
 18024, 99149,20201020,  -72,    0
 18024, 99149,20201021,  -93,    0
 18024, 99149,20201022,  -97,    0
 18024, 99149,20201023,  -74,    0
 18024, 99149,20201024,  -47,    0
 18024, 99149,20201025,  -58,    0
 18024, 99149,20201026,  -35,    0
 18024, 99149,20201027,  -27,    0
 18024, 99149,20201028,  -39,    0
 18024, 99149,20201029,  -62,    0
 18024, 99149,20201030,  -86,    0
 18024, 99149,20201031,  -50,    0
 18024, 99149,20201101,  -14,    0
 18024, 99149,20201102,  -19,    0
 18024, 99149,20201103,  -24,    0
 18024, 99149,20201104,  -29,    0
 18024, 99149,20201105,  -42,    0
 18024, 99149,20201106,  -39,    0
 18024, 99149,20201107,  -58,    0
 18024, 99149,20201108,  -67,    0
 18024, 99149,20201109,  -60,    0
 18024, 99149,20201110,  -64,    0
 18024, 99149,20201111,   -6,    0
 18024, 99149,20201112,   34,    0
 18024, 99149,20201113,   27,    0
 18024, 99149,20201114,  -21,    0
 18024, 99149,20201115,  -18,    0
 18024, 99149,20201116,   -7,    0
 18024, 99149,20201117,  -18,    0
 18024, 99149,20201118,  -43,    0
 18024, 99149,20201119,  -96,    0
 18024, 99149,20201120,  -87,    0
 18024, 99149,20201121,  -88,    0
 18024, 99149,20201122,  -52,    0
 18024, 99149,20201123,  -62,    0
 18024, 99149,20201124,  -92,    0
 18024, 99149,20201125,  -54,    0
 18024, 99149,20201126,  -64,    0
 18024, 99149,20201127,  -39,    0
 18024, 99149,20201128,  -32,    0
 18024, 99149,20201129,  -26,    0
 18024, 99149,20201130,  -42,    0
 18024, 99149,20201201,  -75,    0
 18024, 99149,20201202,  -51,    0
 18024, 99149,20201203,  -51,    0
 18024, 99149,20201204,  -70,    0
 18024, 99149,20201205,  -71,    0
 18024, 99149,20201206,  -99,    0
 18024, 99149,20201207,  -86,    0
 18024, 99149,20201208,  -44,    0
 18024, 99149,20201209,  -34,    0
 18024, 99149,20201210,  -36,    0
 18024, 99149,20201211,  -40,    0
 18024, 99149,20201212,  -47,    0
 18024, 99149,20201213,  -62,    0
 18024, 99149,20201214,  -67,    0
 18024, 99149,20201215,  -78,    0
 18024, 99149,20201216,  -99,    0
 18024, 99149,20201217, -143,    0
 18024, 99149,20201218, -103,    0
 18024, 99149,20201219,  -30,    0
 18024, 99149,20201220,  -12,    0
 18024, 99149,20201221,  -21,    0
 18024, 99149,20201222,  -27,    0
 18024, 99149,20201223,  -55,    0
 18024, 99149,20201224,  -77,    0
 18024, 99149,20201225, -107,    0
 18024, 99149,20201226, -159,    0
 18024, 99149,20201227, -173,    0
 18024, 99149,20201228,  -85,    0
 18024, 99149,20201229,  -38,    0
 18024, 99149,20201230,  -35,    0
 18024, 99149,20201231,  -69,    0
 18024, 99149,20210101,  -73,    0
 18024, 99149,20210102,  -88,    0
 18024, 99149,20210103,  -64,    0
 18024, 99149,20210104,  -39,    0
 18024, 99149,20210105,  -23,    0
 18024, 99149,20210106,  -31,    0
 18024, 99149,20210107,  -52,    0
 18024, 99149,20210108,  -95,    0
 18024, 99149,20210109, -114,    0
 18024, 99149,20210110, -136,    0
 18024, 99149,20210111, -125,    0
 18024, 99149,20210112, -126,    0
 18024, 99149,20210113, -111,    0
 18024, 99149,20210114,  -81,    0
 18024, 99149,20210115,  -64,    0
 18024, 99149,20210116,  -59,    0
 18024, 99149,20210117,  -70,    0
 18024, 99149,20210118,  -81,    0
 18024, 99149,20210119, -122,    0
 18024, 99149,20210120, -160,    0
 18024, 99149,20210121, -189,    0
 18024, 99149,20210122, -202,    0
 18024, 99149,20210123, -185,    0
 18024, 99149,20210124, -152,    0
 18024, 99149,20210125, -154,    0
 18024, 99149,20210126, -120,    0
 18024, 99149,20210127, -146,    0
 18024, 99149,20210128, -172,    0
 18024, 99149,20210129, -178,    0
 18024, 99149,20210130, -133,    0
 18024, 99149,20210131, -128,    0
 18024, 99149,20210201, -117,    0
 18024, 99149,20210202, -133,    0
 18024, 99149,20210203, -136,    0
 18024, 99149,20210204, -106,    0
 18024, 99149,20210205, -100,    0
 18024, 99149,20210206, -114,    0
 18024, 99149,20210207, -116,    0
 18024, 99149,20210208, -130,    0
 18024, 99149,20210209, -152,    0
 18024, 99149,20210210, -135,    0
 18024, 99149,20210211, -114,    0
 18024, 99149,20210212, -111,    0
 18024, 99149,20210213, -137,    0
 18024, 99149,20210214, -120,    0
 18024, 99149,20210215,  -79,    0
 18024, 99149,20210216, -101,    0
 18024, 99149,20210217,  -57,    0
 18024, 99149,20210218,  -88,    0
 18024, 99149,20210219, -140,    0
 18024, 99149,20210220, -142,    0
 18024, 99149,20210221, -159,    0
 18024, 99149,20210222,  -52,    0
 18024, 99149,20210223,  -63,    0
 18024, 99149,20210224,  -40,    0
 18024, 99149,20210225,  -30,    0
 18024, 99149,20210226,  -60,    0
 18024, 99149,20210227,  -54,    0
 18024, 99149,20210228,  -31,    0
 18024, 99149,20210301,  -75,    0
 18024, 99149,20210302,  -84,    0
 18024, 99149,20210303, -107,    0
 18024, 99149,20210304, -133,    0
 18024, 99149,20210305, -116,    0
 18024, 99149,20210306, -120,    0
 18024, 99149,20210307, -124,    0
 18024, 99149,20210308, -134,    0
 18024, 99149,20210309, -149,    0
 18024, 99149,20210310, -102,    0
 18024, 99149,20210311,  -70,    0
 18024, 99149,20210312, -119,    0
 18024, 99149,20210313,  -72,    0
 18024, 99149,20210314,  -55,    0
 18024, 99149,20210315,  -83,    0
 18024, 99149,20210316, -115,    0
 18024, 99149,20210317, -146,    0
 18024, 99149,20210318, -137,    0
 18024, 99149,20210319,  -70,    0
 18024, 99149,20210320,  -82,    0
 18024, 99149,20210321, -124,    0
 18024, 99149,20210322,  -85,    0
 18024, 99149,20210323,  -60,    0
 18024, 99149,20210324,  -52,    0
 18024, 99149,20210325,  -73,    0
 18024, 99149,20210326,  -73,    0
 18024, 99149,20210327,  -38,    0
 18024, 99149,20210328,  -65,    0
 18024, 99149,20210329,  -57,    0
 18024, 99149,20210330,  -57,    0
 18024, 99149,20210331,  -60,    0
 18024, 99149,20210401,  -67,    0
 18024, 99149,20210402,  -62,    0
 18024, 99149,20210403,  -69,    0
 18024, 99149,20210404,  -83,    0
 18024, 99149,20210405,  -80,    0
 18024, 99149,20210406,  -57,    0
 18024, 99149,20210407,  -82,    0
 18024, 99149,20210408,  -86,    0
 18024, 99149,20210409, -119,    0
 18024, 99149,20210410, -102,    0
 18024, 99149,20210411,  -73,    0
 18024, 99149,20210412,  -88,    0
 18024, 99149,20210413,  -99,    0
 18024, 99149,20210414,  -87,    0
 18024, 99149,20210415,  -42,    0
 18024, 99149,20210416,  -32,    0
 18024, 99149,20210417,  -32,    0
 18024, 99149,20210418,  -42,    0
 18024, 99149,20210419,    9,    0
 18024, 99149,20210420,   26,    0
 18024, 99149,20210421,  -36,    0
 18024, 99149,20210422,  -88,    0
 18024, 99149,20210423,  -84,    0
 18024, 99149,20210424,  -99,    0
 18024, 99149,20210425,  -86,    0
 18024, 99149,20210426,  -82,    0
 18024, 99149,20210427,  -87,    0
 18024, 99149,20210428, -100,    0
 18024, 99149,20210429,  -92,    0
 18024, 99149,20210430, -118,    0
 18024, 99149,20210501, -101,    0
 18024, 99149,20210502,  -95,    0
 18024, 99149,20210503,  -93,    0
 18024, 99149,20210504,  -85,    0
 18024, 99149,20210505,  -69,    0
 18024, 99149,20210506,  -80,    0
 18024, 99149,20210507,  -83,    0
 18024, 99149,20210508,  -71,    0
 18024, 99149,20210509,  -57,    0
 18024, 99149,20210510,  -47,    0
 18024, 99149,20210511,  -39,    0
 18024, 99149,20210512,    4,    0
 18024, 99149,20210513,  -18,    0
 18024, 99149,20210514,  -60,    0
 18024, 99149,20210515,  -39,    0
 18024, 99149,20210516,   13,    0
 18024, 99149,20210517,   33,    0
 18024, 99149,20210518,   27,    0
 18024, 99149,20210519,   29,    0
 18024, 99149,20210520,   -4,    0
 18024, 99149,20210521,  -21,    0
 18024, 99149,20210522,  -78,    0
 18024, 99149,20210523,  -80,    0
 18024, 99149,20210524,  -57,    0
 18024, 99149,20210525,  -35,    0
 18024, 99149,20210526,  -23,    0
 18024, 99149,20210527,  -26,    0
 18024, 99149,20210528,  -50,    0
 18024, 99149,20210529,  -32,    0
 18024, 99149,20210530,  -19,    0
 18024, 99149,20210531,   -1,    0
 18024, 99149,20210601,   54,    0
 18024, 99149,20210602,  106,    0
 18024, 99149,20210603,  107,    0
 18024, 99149,20210604,   83,    0
 18024, 99149,20210605,   28,    0
 18024, 99149,20210606,   54,    0
 18024, 99149,20210607,   61,    0
 18024, 99149,20210608,   58,    0
 18024, 99149,20210609,   63,    0
 18024, 99149,20210610,   74,    0
 18024, 99149,20210611,   96,    0
 18024, 99149,20210612,   38,    0
 18024, 99149,20210613,   -2,    0
 18024, 99149,20210614,   -8,    0
 18024, 99149,20210615,   -7,    0
 18024, 99149,20210616,  -30,    0
 18024, 99149,20210617,    2,    0
 18024, 99149,20210618,   33,    0
 18024, 99149,20210619,   11,    0
 18024, 99149,20210620,   26,    0
 18024, 99149,20210621,   37,    0
 18024, 99149,20210622,   22,    0
 18024, 99149,20210623,   39,    0
 18024, 99149,20210624,   55,    0
 18024, 99149,20210625,   15,    0
 18024, 99149,20210626,   14,    0
 18024, 99149,20210627,   37,    0
 18024, 99149,20210628,   17,    0
 18024, 99149,20210629,    4,    0
 18024, 99149,20210630,    6,    0
 18024, 99149,20210701,   70,    0
 18024, 99149,20210702,   60,    0
 18024, 99149,20210703,   96,    0
 18024, 99149,20210704,  140,    0
 18024, 99149,20210705,  179,    0
 18024, 99149,20210706,  177,    0
 18024, 99149,20210707,  159,    0
 18024, 99149,20210708,   82,    0
 18024, 99149,20210709,   73,    0
 18024, 99149,20210710,   95,    0
 18024, 99149,20210711,  125,    0
 18024, 99149,20210712,   93,    0
 18024, 99149,20210713,   76,    0
 18024, 99149,20210714,   69,    0
 18024, 99149,20210715,   90,    0
 18024, 99149,20210716,   38,    0
 18024, 99149,20210717,   40,    0
 18024, 99149,20210718,   30,    0
 18024, 99149,20210719,    4,    0
 18024, 99149,20210720,  -18,    0
 18024, 99149,20210721,    3,    0
 18024, 99149,20210722,    0,    0
 18024, 99149,20210723,   -2,    0
 18024, 99149,20210724,   34,    0
 18024, 99149,20210725,   57,    0
 18024, 99149,20210726,  100,    0
 18024, 99149,20210727,  136,    0
 18024, 99149,20210728,  122,    0
 18024, 99149,20210729,   77,    0
 18024, 99149,20210730,   49,    0
 18024, 99149,20210731,   28,    0
 18024, 99149,20210801,    1,    0
 18024, 99149,20210802,    1,    0
 18024, 99149,20210803,   21,    0
 18024, 99149,20210804,   21,    0
 18024, 99149,20210805,   46,    0
 18024, 99149,20210806,   90,    0
 18024, 99149,20210807,  117,    0
 18024, 99149,20210808,  105,    0
 18024, 99149,20210809,   84,    0
 18024, 99149,20210810,   90,    0
 18024, 99149,20210811,   85,    0
 18024, 99149,20210812,   63,    0
 18024, 99149,20210813,   50,    0
 18024, 99149,20210814,   39,    0
 18024, 99149,20210815,   48,    0
 18024, 99149,20210816,   31,    0
 18024, 99149,20210817,   47,    0
 18024, 99149,20210818,   45,    0
 18024, 99149,20210819,   51,    0
 18024, 99149,20210820,   28,    0
 18024, 99149,20210821,    1,    0
 18024, 99149,20210822,  -11,    0
 18024, 99149,20210823,   -1,    0
 18024, 99149,20210824,   15,    0
 18024, 99149,20210825,   16,    0
 18024, 99149,20210826,   42,    0
 18024, 99149,20210827,   53,    0
 18024, 99149,20210828,   40,    0
 18024, 99149,20210829,   49,    0
 18024, 99149,20210830,   29,    0
 18024, 99149,20210831,    6,    0
 18024, 99149,20210901,  -12,    0
 18024, 99149,20210902,  -14,    0
 18024, 99149,20210903,  -25,    0
 18024, 99149,20210904,  -24,    0
 18024, 99149,20210905,    3,    0
 18024, 99149,20210906,   23,    0
 18024, 99149,20210907,   28,    0
 18024, 99149,20210908,    4,    0
 18024, 99149,20210909,   -7,    0
 18024, 99149,20210910,  -15,    0
 18024, 99149,20210911,  -10,    0
 18024, 99149,20210912,   20,    0
 18024, 99149,20210913,  -28,    0
 18024, 99149,20210914,  -18,    0
 18024, 99149,20210915,  -19,    0
 18024, 99149,20210916,    6,    0
 18024, 99149,20210917,   12,    0
 18024, 99149,20210918,    9,    0
 18024, 99149,20210919,   46,    0
 18024, 99149,20210920,   -1,    0
 18024, 99149,20210921,  -30,    0
 18024, 99149,20210922,    6,    0
 18024, 99149,20210923,    1,    0
 18024, 99149,20210924,  -17,    0
 18024, 99149,20210925,   -7,    0
 18024, 99149,20210926,    9,    0
 18024, 99149,20210927,   90,    0
 18024, 99149,20210928,  100,    0
 18024, 99149,20210929,   48,    0
 18024, 99149,20210930,   26,    0
 18024, 99149,20211001,   -5,    0
 18024, 99149,20211002,   31,    0
 18024, 99149,20211003,   12,    0
 18024, 99149,20211004,   39,    0
 18024, 99149,20211005,   29,    0
 18024, 99149,20211006,    2,    0
 18024, 99149,20211007,  -51,    0
 18024, 99149,20211008,  -55,    0
 18024, 99149,20211009,    4,    0
 18024, 99149,20211010,   18,    0
 18024, 99149,20211011,   -7,    0
 18024, 99149,20211012,  -34,    0
 18024, 99149,20211013,  -59,    0
 18024, 99149,20211014,  -70,    0
 18024, 99149,20211015,  -62,    0
 18024, 99149,20211016,  -57,    0
 18024, 99149,20211017,  -52,    0
 18024, 99149,20211018,  -82,    0
 18024, 99149,20211019, -105,    0
 18024, 99149,20211020, -122,    0
 18024, 99149,20211021,  -99,    0
 18024, 99149,20211022, -100,    0
 18024, 99149,20211023, -103,    0
 18024, 99149,20211024,  -92,    0
 18024, 99149,20211025,  -78,    0
 18024, 99149,20211026,  -88,    0
 18024, 99149,20211027,  -98,    0
 18024, 99149,20211028,  -55,    0
 18024, 99149,20211029,  -30,    0
 18024, 99149,20211030,  -40,    0
 18024, 99149,20211031,  -24,    0
 18024, 99149,20211101,  -14,    0
 18024, 99149,20211102,   -4,    0
 18024, 99149,20211103,   -7,    0
 18024, 99149,20211104,  -37,    0
 18024, 99149,20211105,  -44,    0
 18024, 99149,20211106,  -62,    0
 18024, 99149,20211107,  -96,    0
 18024, 99149,20211108,  -95,    0
 18024, 99149,20211109,  -94,    0
 18024, 99149,20211110,  -41,    0
 18024, 99149,20211111,  -41,    0
 18024, 99149,20211112,  -72,    0
 18024, 99149,20211113,  -73,    0
 18024, 99149,20211114,  -85,    0
 18024, 99149,20211115,  -33,    0
 18024, 99149,20211116,  -24,    0
 18024, 99149,20211117,  -15,    0
 18024, 99149,20211118,  -53,    0
 18024, 99149,20211119,  -65,    0
 18024, 99149,20211120,  -79,    0
 18024, 99149,20211121, -122,    0
 18024, 99149,20211122, -121,    0
 18024, 99149,20211123,  -91,    0
 18024, 99149,20211124, -126,    0
 18024, 99149,20211125, -150,    0
 18024, 99149,20211126, -156,    0
 18024, 99149,20211127, -157,    0
 18024, 99149,20211128, -135,    0
 18024, 99149,20211129, -121,    0
 18024, 99149,20211130, -143,    0
 18024, 99149,20211201, -134,    0
 18024, 99149,20211202, -115,    0
 18024, 99149,20211203, -147,    0
 18024, 99149,20211204, -163,    0
 18024, 99149,20211205, -140,    0
 18024, 99149,20211206, -105,    0
 18024, 99149,20211207, -151,    0
 18024, 99149,20211208, -162,    0
 18024, 99149,20211209, -129,    0
 18024, 99149,20211210,  -88,    0
 18024, 99149,20211211,  -71,    0
 18024, 99149,20211212,  -52,    0
 18024, 99149,20211213,  -67,    0
 18024, 99149,20211214,  -56,    0
 18024, 99149,20211215,  -49,    0
 18024, 99149,20211216,  -47,    0
 18024, 99149,20211217,  -40,    0
 18024, 99149,20211218,  -55,    0
 18024, 99149,20211219,  -83,    0
 18024, 99149,20211220, -125,    0
 18024, 99149,20211221, -124,    0
 18024, 99149,20211222, -112,    0
 18024, 99149,20211223, -161,    0
 18024, 99149,20211224, -123,    0
 18024, 99149,20211225, -138,    0
 18024, 99149,20211226, -129,    0
 18024, 99149,20211227, -114,    0
 18024, 99149,20211228, -121,    0
 18024, 99149,20211229,  -90,    0
 18024, 99149,20211230, -111,    0
 18024, 99149,20211231, -136,    0
 18024, 99149,20220101, -118,    0
 18024, 99149,20220102, -135,    0
 18024, 99149,20220103, -137,    0
 18024, 99149,20220104, -141,    0
 18024, 99149,20220105, -138,    0
 18024, 99149,20220106, -137,    0
 18024, 99149,20220107, -136,    0
 18024, 99149,20220108, -107,    0
 18024, 99149,20220109, -136,    0
 18024, 99149,20220110, -114,    0
 18024, 99149,20220111,  -49,    0
 18024, 99149,20220112,  -57,    0
 18024, 99149,20220113,  -84,    0
 18024, 99149,20220114,  -77,    0
 18024, 99149,20220115, -108,    0
 18024, 99149,20220116,  -98,    0
 18024, 99149,20220117, -126,    0
 18024, 99149,20220118,  -65,    0
 18024, 99149,20220119,  -73,    0
 18024, 99149,20220120,  -98,    0
 18024, 99149,20220121, -115,    0
 18024, 99149,20220122,  -56,    0
 18024, 99149,20220123,  -39,    0
 18024, 99149,20220124,  -89,    0
 18024, 99149,20220125, -113,    0
 18024, 99149,20220126, -105,    0
 18024, 99149,20220127,  -86,    0
 18024, 99149,20220128, -119,    0
 18024, 99149,20220129, -146,    0
 18024, 99149,20220130, -124,    0
 18024, 99149,20220131, -108,    0
 18024, 99149,20220201, -111,    0
 18024, 99149,20220202, -146,    0
 18024, 99149,20220203, -159,    0
 18024, 99149,20220204, -170,    0
 18024, 99149,20220205, -113,    0
 18024, 99149,20220206, -107,    0
 18024, 99149,20220207,  -92,    0
 18024, 99149,20220208, -101,    0
 18024, 99149,20220209,  -96,    0
 18024, 99149,20220210,  -94,    0
 18024, 99149,20220211, -114,    0
 18024, 99149,20220212, -136,    0
 18024, 99149,20220213, -131,    0
 18024, 99149,20220214, -112,    0
 18024, 99149,20220215, -121,    0
 18024, 99149,20220216, -129,    0
 18024, 99149,20220217, -137,    0
 18024, 99149,20220218, -123,    0
 18024, 99149,20220219, -135,    0
 18024, 99149,20220220, -149,    0
 18024, 99149,20220221, -160,    0
 18024, 99149,20220222, -147,    0
 18024, 99149,20220223, -145,    0
 18024, 99149,20220224, -100,    0
 18024, 99149,20220225, -114,    0
 18024, 99149,20220226, -115,    0
 18024, 99149,20220227,  -29,    0
 18024, 99149,20220228,  -65,    0
 18024, 99149,20220301,  -48,    0
 18024, 99149,20220302,  -65,    0
 18024, 99149,20220303, -105,    0
 18024, 99149,20220304, -103,    0
 18024, 99149,20220305,  -66,    0
 18024, 99149,20220306,  -75,    0
 18024, 99149,20220307,  -83,    0
 18024, 99149,20220308,  -83,    0
 18024, 99149,20220309,  -42,    0
 18024, 99149,20220310,  -26,    0
 18024, 99149,20220311,  -36,    0
 18024, 99149,20220312,    8,    0
 18024, 99149,20220313,    6,    0
 18024, 99149,20220314,   -9,    0
 18024, 99149,20220315,    3,    0
 18024, 99149,20220316,  -13,    0
 18024, 99149,20220317,  -12,    0
 18024, 99149,20220318,  -52,    0
 18024, 99149,20220319,  -43,    0
 18024, 99149,20220320,  -12,    0
 18024, 99149,20220321,  -40,    0
 18024, 99149,20220322,  -49,    0
 18024, 99149,20220323,  -42,    0
 18024, 99149,20220324,  -95,    0
 18024, 99149,20220325, -120,    0
 18024, 99149,20220326, -138,    0
 18024, 99149,20220327, -150,    0
 18024, 99149,20220328, -146,    0
 18024, 99149,20220329, -116,    0
 18024, 99149,20220330, -113,    0
 18024, 99149,20220331, -113,    0
 18024, 99149,20220401, -113,    0
 18024, 99149,20220402,  -91,    0
 18024, 99149,20220403, -123,    0
 18024, 99149,20220404, -124,    0
 18024, 99149,20220405, -129,    0
 18024, 99149,20220406,  -90,    0
 18024, 99149,20220407,  -96,    0
 18024, 99149,20220408, -101,    0
 18024, 99149,20220409,  -64,    0
 18024, 99149,20220410,  -77,    0
 18024, 99149,20220411,  -65,    0
 18024, 99149,20220412,  -75,    0
 18024, 99149,20220413,  -54,    0
 18024, 99149,20220414,  -68,    0
 18024, 99149,20220415,  -64,    0
 18024, 99149,20220416,  -34,    0
 18024, 99149,20220417,   -6,    0
 18024, 99149,20220418,   -4,    0
 18024, 99149,20220419,   -5,    0
 18024, 99149,20220420,    9,    0
 18024, 99149,20220421,  -26,    0
 18024, 99149,20220422,  -45,    0
 18024, 99149,20220423,  -37,    0
 18024, 99149,20220424,  -35,    0
 18024, 99149,20220425,  -73,    0
 18024, 99149,20220426, -133,    0
 18024, 99149,20220427, -122,    0
 18024, 99149,20220428, -122,    0
 18024, 99149,20220429, -102,    0
 18024, 99149,20220430,  -92,    0
 18024, 99149,20220501,  -79,    0
 18024, 99149,20220502,  -76,    0
 18024, 99149,20220503, -106,    0
 18024, 99149,20220504, -100,    0
 18024, 99149,20220505,  -65,    0
 18024, 99149,20220506,  -20,    0
 18024, 99149,20220507,  -54,    0
 18024, 99149,20220508,  -77,    0
 18024, 99149,20220509,  -47,    0
 18024, 99149,20220510,  -14,    0
 18024, 99149,20220511,  -17,    0
 18024, 99149,20220512,  -35,    0
 18024, 99149,20220513,  -40,    0
 18024, 99149,20220514,  -13,    0
 18024, 99149,20220515,  -27,    0
 18024, 99149,20220516,  -65,    0
 18024, 99149,20220517,  -63,    0
 18024, 99149,20220518,  -50,    0
 18024, 99149,20220519,  -41,    0
 18024, 99149,20220520,   -3,    0
 18024, 99149,20220521,    8,    0
 18024, 99149,20220522,   16,    0
 18024, 99149,20220523,   25,    0
 18024, 99149,20220524,   47,    0
 18024, 99149,20220525,   54,    0
 18024, 99149,20220526,   61,    0
 18024, 99149,20220527,   15,    0
 18024, 99149,20220528,  -10,    0
 18024, 99149,20220529,   35,    0
 18024, 99149,20220530,   55,    0
 18024, 99149,20220531,   64,    0
 18024, 99149,20220601,   58,    0
 18024, 99149,20220602,   55,    0
 18024, 99149,20220603,   42,    0
 18024, 99149,20220604,   23,    0
 18024, 99149,20220605,  -14,    0
 18024, 99149,20220606,   -4,    0
 18024, 99149,20220607,  -32,    0
 18024, 99149,20220608,  -29,    0
 18024, 99149,20220609,  -26,    0
 18024, 99149,20220610,  -11,    0
 18024, 99149,20220611,   58,    0
 18024, 99149,20220612,   10,    0
 18024, 99149,20220613,   34,    0
 18024, 99149,20220614,   31,    0
 18024, 99149,20220615,   17,    0
 18024, 99149,20220616,    9,    0
 18024, 99149,20220617,   19,    0
 18024, 99149,20220618,   29,    0
 18024, 99149,20220619,   34,    0
 18024, 99149,20220620,   32,    0
 18024, 99149,20220621,   33,    0
 18024, 99149,20220622,    1,    0
 18024, 99149,20220623,   30,    0
 18024, 99149,20220624,   29,    0
 18024, 99149,20220625,   95,    0
 18024, 99149,20220626,  131,    0
 18024, 99149,20220627,  161,    0
 18024, 99149,20220628,  171,    0
 18024, 99149,20220629,  152,    0
 18024, 99149,20220630,   88,    0
 18024, 99149,20220701,  155,    0
 18024, 99149,20220702,  167,    0
 18024, 99149,20220703,  105,    0
 18024, 99149,20220704,  106,    0
 18024, 99149,20220705,   91,    0
 18024, 99149,20220706,   34,    0
 18024, 99149,20220707,   39,    0
 18024, 99149,20220708,   19,    0
 18024, 99149,20220709,   49,    0
 18024, 99149,20220710,   69,    0
 18024, 99149,20220711,   82,    0
 18024, 99149,20220712,  122,    0
 18024, 99149,20220713,  110,    0
 18024, 99149,20220714,  101,    0
 18024, 99149,20220715,   45,    0
 18024, 99149,20220716,   31,    0
 18024, 99149,20220717,   20,    0
 18024, 99149,20220718,   32,    0
 18024, 99149,20220719,   42,    0
 18024, 99149,20220720,   80,    0
 18024, 99149,20220721,   84,    0
 18024, 99149,20220722,   43,    0
 18024, 99149,20220723,   31,    0
 18024, 99149,20220724,   37,    0
 18024, 99149,20220725,   53,    0
 18024, 99149,20220726,   84,    0
 18024, 99149,20220727,   52,    0
 18024, 99149,20220728,   21,    0
 18024, 99149,20220729,   58,    0
 18024, 99149,20220730,   84,    0
 18024, 99149,20220731,   90,    0
 18024, 99149,20220801,  110,    0
 18024, 99149,20220802,   86,    0
 18024, 99149,20220803,   75,    0
 18024, 99149,20220804,   80,    0
 18024, 99149,20220805,   57,    0
 18024, 99149,20220806,   58,    0
 18024, 99149,20220807,   24,    0
 18024, 99149,20220808,   23,    0
 18024, 99149,20220809,   52,    0
 18024, 99149,20220810,   61,    0
 18024, 99149,20220811,   36,    0
 18024, 99149,20220812,   11,    0
 18024, 99149,20220813,   24,    0
 18024, 99149,20220814,   23,    0
 18024, 99149,20220815,   93,    0
 18024, 99149,20220816,  128,    0
 18024, 99149,20220817,   80,    0
 18024, 99149,20220818,   34,    0
 18024, 99149,20220819,   78,    0
 18024, 99149,20220820,  115,    0
 18024, 99149,20220821,  116,    0
 18024, 99149,20220822,   72,    0
 18024, 99149,20220823,   26,    0
 18024, 99149,20220824,   54,    0
 18024, 99149,20220825,  106,    0
 18024, 99149,20220826,  129,    0
 18024, 99149,20220827,   65,    0
 18024, 99149,20220828,   23,    0
 18024, 99149,20220829,    7,    0
 18024, 99149,20220830,   -7,    0
 18024, 99149,20220831,  -11,    0
 18024, 99149,20220901,  -19,    0
 18024, 99149,20220902,  -15,    0
 18024, 99149,20220903,  -12,    0
 18024, 99149,20220904,   11,    0
 18024, 99149,20220905,    0,    0
 18024, 99149,20220906,   -2,    0
 18024, 99149,20220907,   -7,    0
 18024, 99149,20220908,   31,    0
 18024, 99149,20220909,   14,    0
 18024, 99149,20220910,   15,    0
 18024, 99149,20220911,   11,    0
 18024, 99149,20220912,   -6,    0
 18024, 99149,20220913,   16,    0
 18024, 99149,20220914,  -19,    0
 18024, 99149,20220915,   -5,    0
 18024, 99149,20220916,    6,    0
 18024, 99149,20220917,   -1,    0
 18024, 99149,20220918,   -3,    0
 18024, 99149,20220919,  -21,    0
 18024, 99149,20220920,  -38,    0
 18024, 99149,20220921,    6,    0
 18024, 99149,20220922,   49,    0
 18024, 99149,20220923,   25,    0
 18024, 99149,20220924,   22,    0
 18024, 99149,20220925,   20,    0
 18024, 99149,20220926,  -11,    0
 18024, 99149,20220927,    0,    0
 18024, 99149,20220928,    1,    0
 18024, 99149,20220929,   -7,    0
 18024, 99149,20220930,  -15,    0
 18024, 99149,20221001,  -31,    0
 18024, 99149,20221002,   -9,    0
 18024, 99149,20221003,    4,    0
 18024, 99149,20221004,    2,    0
 18024, 99149,20221005,  -10,    0
 18024, 99149,20221006,  -11,    0
 18024, 99149,20221007,  -13,    0
 18024, 99149,20221008,  -16,    0
 18024, 99149,20221009,  -30,    0
 18024, 99149,20221010,    1,    0
 18024, 99149,20221011,   -5,    0
 18024, 99149,20221012,  -34,    0
 18024, 99149,20221013,   -9,    0
 18024, 99149,20221014,  -29,    0
 18024, 99149,20221015,  -17,    0
 18024, 99149,20221016,  -13,    0
 18024, 99149,20221017,  -34,    0
 18024, 99149,20221018,  -55,    0
 18024, 99149,20221019,  -34,    0
 18024, 99149,20221020,  -56,    0
 18024, 99149,20221021,  -40,    0
 18024, 99149,20221022,  -43,    0
 18024, 99149,20221023,  -65,    0
 18024, 99149,20221024,  -73,    0
 18024, 99149,20221025,  -63,    0
 18024, 99149,20221026,  -50,    0
 18024, 99149,20221027,  -46,    0
 18024, 99149,20221028,   -8,    0
 18024, 99149,20221029,  -55,    0
 18024, 99149,20221030,  -57,    0
 18024, 99149,20221031,  -27,    0
