EUROPEAN CLIMATE ASSESSMENT & DATASET (ECA&D), file created on: 16-11-2022
THESE DATA CAN BE USED FOR NON-COMMERCIAL RESEARCH AND EDUCATION PROVIDED THAT THE FOLLOWING SOURCE IS ACKNOWLEDGED: 

Klein Tank, A.M.G. and Coauthors, 2002. Daily dataset of 20th-century surface
air temperature and precipitation series for the European Climate Assessment.
Int. J. of Climatol., 22, 1441-1453.
Data and metadata available at http://www.ecad.eu

FILE FORMAT (MISSING VALUE CODE = -9999):

01-06 STAID: Station identifier
08-13 SOUID: Source identifier
15-22 DATE : Date YYYYMMDD
24-28 TG   : Mean temperature in 0.1 &#176;C
30-34 Q_TG : quality code for TG (0='valid'; 1='suspect'; 9='missing')

This is the blended series of station TROLLHEIMEN - STORHORNET, NORWAY (STAID: 18133)
Blended and updated with sources:99199 
See files sources.txt and stations.txt for more info.

STAID, SOUID,    DATE,   TG, Q_TG
 18133, 99199,20151001,-9999,    9
 18133, 99199,20151002,-9999,    9
 18133, 99199,20151003,-9999,    9
 18133, 99199,20151004,-9999,    9
 18133, 99199,20151005,-9999,    9
 18133, 99199,20151006,   -4,    0
 18133, 99199,20151007,  -10,    0
 18133, 99199,20151008,   -2,    0
 18133, 99199,20151009,    5,    0
 18133, 99199,20151010,   13,    0
 18133, 99199,20151011,-9999,    9
 18133, 99199,20151012,   -4,    0
 18133, 99199,20151013,   -8,    0
 18133, 99199,20151014,    6,    0
 18133, 99199,20151015,    8,    0
 18133, 99199,20151016,   10,    0
 18133, 99199,20151017,    8,    0
 18133, 99199,20151018,   55,    0
 18133, 99199,20151019,   28,    0
 18133, 99199,20151020,   -8,    0
 18133, 99199,20151021,  -11,    0
 18133, 99199,20151022,   16,    0
 18133, 99199,20151023,   -9,    0
 18133, 99199,20151024,   12,    0
 18133, 99199,20151025,  -41,    0
 18133, 99199,20151026,  -21,    0
 18133, 99199,20151027,  -12,    0
 18133, 99199,20151028,   -2,    0
 18133, 99199,20151029,   47,    0
 18133, 99199,20151030,   23,    0
 18133, 99199,20151031,   37,    0
 18133, 99199,20151101,   15,    0
 18133, 99199,20151102,   35,    0
 18133, 99199,20151103,   36,    0
 18133, 99199,20151104,   -7,    0
 18133, 99199,20151105,   20,    0
 18133, 99199,20151106,   19,    0
 18133, 99199,20151107,    0,    0
 18133, 99199,20151108,  -27,    0
 18133, 99199,20151109,  -28,    0
 18133, 99199,20151110,  -30,    0
 18133, 99199,20151111,  -42,    0
 18133, 99199,20151112,  -42,    0
 18133, 99199,20151113,  -40,    0
 18133, 99199,20151114,  -50,    0
 18133, 99199,20151115,  -44,    0
 18133, 99199,20151116,  -49,    0
 18133, 99199,20151117,  -51,    0
 18133, 99199,20151118,  -60,    0
 18133, 99199,20151119,  -81,    0
 18133, 99199,20151120, -100,    0
 18133, 99199,20151121, -120,    0
 18133, 99199,20151122, -104,    0
 18133, 99199,20151123,  -66,    0
 18133, 99199,20151124,  -48,    0
 18133, 99199,20151125,  -64,    0
 18133, 99199,20151126,  -48,    0
 18133, 99199,20151127,   -4,    0
 18133, 99199,20151128,  -77,    0
 18133, 99199,20151129,  -75,    0
 18133, 99199,20151130,  -86,    0
 18133, 99199,20151201,  -81,    0
 18133, 99199,20151202,  -50,    0
 18133, 99199,20151203,  -80,    0
 18133, 99199,20151204,  -73,    0
 18133, 99199,20151205,  -44,    0
 18133, 99199,20151206,  -60,    0
 18133, 99199,20151207,  -77,    0
 18133, 99199,20151208,  -23,    0
 18133, 99199,20151209,  -50,    0
 18133, 99199,20151210,  -56,    0
 18133, 99199,20151211,  -76,    0
 18133, 99199,20151212,  -74,    0
 18133, 99199,20151213,  -96,    0
 18133, 99199,20151214,  -91,    0
 18133, 99199,20151215,  -65,    0
 18133, 99199,20151216,  -63,    0
 18133, 99199,20151217,   -3,    0
 18133, 99199,20151218,   -8,    0
 18133, 99199,20151219,   -2,    0
 18133, 99199,20151220,   -1,    0
 18133, 99199,20151221,  -33,    0
 18133, 99199,20151222,  -46,    0
 18133, 99199,20151223,  -50,    0
 18133, 99199,20151224,  -30,    0
 18133, 99199,20151225,  -68,    0
 18133, 99199,20151226, -133,    0
 18133, 99199,20151227, -122,    0
 18133, 99199,20151228,  -57,    0
 18133, 99199,20151229,  -56,    0
 18133, 99199,20151230,  -55,    0
 18133, 99199,20151231,  -57,    0
 18133, 99199,20160101,  -60,    0
 18133, 99199,20160102, -100,    0
 18133, 99199,20160103,  -98,    0
 18133, 99199,20160104,  -99,    0
 18133, 99199,20160105, -108,    0
 18133, 99199,20160106, -104,    0
 18133, 99199,20160107, -115,    0
 18133, 99199,20160108, -139,    0
 18133, 99199,20160109, -178,    0
 18133, 99199,20160110, -145,    0
 18133, 99199,20160111, -103,    0
 18133, 99199,20160112, -121,    0
 18133, 99199,20160113, -116,    0
 18133, 99199,20160114, -100,    0
 18133, 99199,20160115, -148,    0
 18133, 99199,20160116, -139,    0
 18133, 99199,20160117, -117,    0
 18133, 99199,20160118, -116,    0
 18133, 99199,20160119, -118,    0
 18133, 99199,20160120, -119,    0
 18133, 99199,20160121, -115,    0
 18133, 99199,20160122,  -76,    0
 18133, 99199,20160123,  -48,    0
 18133, 99199,20160124,  -36,    0
 18133, 99199,20160125,   14,    0
 18133, 99199,20160126,  -52,    0
 18133, 99199,20160127,  -48,    0
 18133, 99199,20160128,  -80,    0
 18133, 99199,20160129,  -56,    0
 18133, 99199,20160130,  -91,    0
 18133, 99199,20160131, -103,    0
 18133, 99199,20160201,  -95,    0
 18133, 99199,20160202,  -77,    0
 18133, 99199,20160203,  -93,    0
 18133, 99199,20160204,  -96,    0
 18133, 99199,20160205,  -80,    0
 18133, 99199,20160206,  -57,    0
 18133, 99199,20160207,  -49,    0
 18133, 99199,20160208,  -64,    0
 18133, 99199,20160209,  -68,    0
 18133, 99199,20160210,  -86,    0
 18133, 99199,20160211, -117,    0
 18133, 99199,20160212, -132,    0
 18133, 99199,20160213, -129,    0
 18133, 99199,20160214, -126,    0
 18133, 99199,20160215, -110,    0
 18133, 99199,20160216, -106,    0
 18133, 99199,20160217,  -69,    0
 18133, 99199,20160218, -102,    0
 18133, 99199,20160219, -101,    0
 18133, 99199,20160220,  -86,    0
 18133, 99199,20160221,  -95,    0
 18133, 99199,20160222,  -94,    0
 18133, 99199,20160223,  -90,    0
 18133, 99199,20160224,  -88,    0
 18133, 99199,20160225,  -83,    0
 18133, 99199,20160226,  -78,    0
 18133, 99199,20160227,  -82,    0
 18133, 99199,20160228,  -83,    0
 18133, 99199,20160229, -103,    0
 18133, 99199,20160301, -100,    0
 18133, 99199,20160302, -100,    0
 18133, 99199,20160303,  -93,    0
 18133, 99199,20160304,  -88,    0
 18133, 99199,20160305,  -86,    0
 18133, 99199,20160306,  -97,    0
 18133, 99199,20160307, -104,    0
 18133, 99199,20160308, -109,    0
 18133, 99199,20160309,  -74,    0
 18133, 99199,20160310,  -57,    0
 18133, 99199,20160311,  -60,    0
 18133, 99199,20160312,  -41,    0
 18133, 99199,20160313,   -3,    0
 18133, 99199,20160314,   -1,    0
 18133, 99199,20160315,   23,    0
 18133, 99199,20160316,    4,    0
 18133, 99199,20160317,  -50,    0
 18133, 99199,20160318,  -68,    0
 18133, 99199,20160319,  -57,    0
 18133, 99199,20160320,  -59,    0
 18133, 99199,20160321,  -67,    0
 18133, 99199,20160322,  -65,    0
 18133, 99199,20160323,  -69,    0
 18133, 99199,20160324,  -72,    0
 18133, 99199,20160325,  -61,    0
 18133, 99199,20160326,  -41,    0
 18133, 99199,20160327,  -31,    0
 18133, 99199,20160328,  -42,    0
 18133, 99199,20160329,  -47,    0
 18133, 99199,20160330,  -83,    0
 18133, 99199,20160331,  -93,    0
 18133, 99199,20160401,  -79,    0
 18133, 99199,20160402,  -46,    0
 18133, 99199,20160403,  -33,    0
 18133, 99199,20160404,  -20,    0
 18133, 99199,20160405,  -14,    0
 18133, 99199,20160406,  -23,    0
 18133, 99199,20160407,  -54,    0
 18133, 99199,20160408,  -73,    0
 18133, 99199,20160409,  -77,    0
 18133, 99199,20160410,  -54,    0
 18133, 99199,20160411,  -58,    0
 18133, 99199,20160412,  -47,    0
 18133, 99199,20160413,  -78,    0
 18133, 99199,20160414,  -60,    0
 18133, 99199,20160415,  -63,    0
 18133, 99199,20160416,  -75,    0
 18133, 99199,20160417,  -62,    0
 18133, 99199,20160418,  -46,    0
 18133, 99199,20160419,  -52,    0
 18133, 99199,20160420,  -56,    0
 18133, 99199,20160421,  -56,    0
 18133, 99199,20160422,  -92,    0
 18133, 99199,20160423,  -93,    0
 18133, 99199,20160424,  -82,    0
 18133, 99199,20160425,  -92,    0
 18133, 99199,20160426,  -83,    0
 18133, 99199,20160427,  -78,    0
 18133, 99199,20160428,  -63,    0
 18133, 99199,20160429,  -54,    0
 18133, 99199,20160430,  -44,    0
 18133, 99199,20160501,  -49,    0
 18133, 99199,20160502,  -18,    0
 18133, 99199,20160503,  -19,    0
 18133, 99199,20160504,  -22,    0
 18133, 99199,20160505,   -5,    0
 18133, 99199,20160506,    5,    0
 18133, 99199,20160507,   29,    0
 18133, 99199,20160508,   63,    0
 18133, 99199,20160509,   67,    0
 18133, 99199,20160510,    3,    0
 18133, 99199,20160511,   45,    0
 18133, 99199,20160512,  -21,    0
 18133, 99199,20160513,  -65,    0
 18133, 99199,20160514,  -54,    0
 18133, 99199,20160515,  -45,    0
 18133, 99199,20160516,  -28,    0
 18133, 99199,20160517,  -40,    0
 18133, 99199,20160518,  -44,    0
 18133, 99199,20160519,  -39,    0
 18133, 99199,20160520,    8,    0
 18133, 99199,20160521,   14,    0
 18133, 99199,20160522,   28,    0
 18133, 99199,20160523,    7,    0
 18133, 99199,20160524,  -15,    0
 18133, 99199,20160525,  -17,    0
 18133, 99199,20160526,   17,    0
 18133, 99199,20160527,   65,    0
 18133, 99199,20160528,   30,    0
 18133, 99199,20160529,   36,    0
 18133, 99199,20160530,   75,    0
 18133, 99199,20160531,   96,    0
 18133, 99199,20160601,  107,    0
 18133, 99199,20160602,   97,    0
 18133, 99199,20160603,   48,    0
 18133, 99199,20160604,   23,    0
 18133, 99199,20160605,   46,    0
 18133, 99199,20160606,   86,    0
 18133, 99199,20160607,   58,    0
 18133, 99199,20160608,  -37,    0
 18133, 99199,20160609,  -38,    0
 18133, 99199,20160610,  -21,    0
 18133, 99199,20160611,   30,    0
 18133, 99199,20160612,   37,    0
 18133, 99199,20160613,   34,    0
 18133, 99199,20160614,   42,    0
 18133, 99199,20160615,   71,    0
 18133, 99199,20160616,   67,    0
 18133, 99199,20160617,   47,    0
 18133, 99199,20160618,   -6,    0
 18133, 99199,20160619,  -15,    0
 18133, 99199,20160620,   33,    0
 18133, 99199,20160621,   47,    0
 18133, 99199,20160622,   58,    0
 18133, 99199,20160623,   75,    0
 18133, 99199,20160624,   90,    0
 18133, 99199,20160625,   68,    0
 18133, 99199,20160626,   93,    0
 18133, 99199,20160627,   76,    0
 18133, 99199,20160628,   32,    0
 18133, 99199,20160629,   51,    0
 18133, 99199,20160630,   44,    0
 18133, 99199,20160701,   44,    0
 18133, 99199,20160702,   41,    0
 18133, 99199,20160703,   27,    0
 18133, 99199,20160704,   34,    0
 18133, 99199,20160705,   22,    0
 18133, 99199,20160706,    7,    0
 18133, 99199,20160707,   20,    0
 18133, 99199,20160708,   53,    0
 18133, 99199,20160709,   43,    0
 18133, 99199,20160710,   63,    0
 18133, 99199,20160711,   64,    0
 18133, 99199,20160712,   57,    0
 18133, 99199,20160713,   49,    0
 18133, 99199,20160714,   41,    0
 18133, 99199,20160715,   41,    0
 18133, 99199,20160716,   46,    0
 18133, 99199,20160717,   30,    0
 18133, 99199,20160718,   34,    0
 18133, 99199,20160719,   61,    0
 18133, 99199,20160720,  104,    0
 18133, 99199,20160721,  134,    0
 18133, 99199,20160722,  124,    0
 18133, 99199,20160723,  104,    0
 18133, 99199,20160724,  106,    0
 18133, 99199,20160725,  108,    0
 18133, 99199,20160726,   67,    0
 18133, 99199,20160727,   67,    0
 18133, 99199,20160728,   69,    0
 18133, 99199,20160729,   72,    0
 18133, 99199,20160730,   44,    0
 18133, 99199,20160731,   38,    0
 18133, 99199,20160801,   31,    0
 18133, 99199,20160802,   31,    0
 18133, 99199,20160803,   52,    0
 18133, 99199,20160804,   62,    0
 18133, 99199,20160805,   55,    0
 18133, 99199,20160806,   39,    0
 18133, 99199,20160807,   57,    0
 18133, 99199,20160808,   45,    0
 18133, 99199,20160809,   17,    0
 18133, 99199,20160810,  -19,    0
 18133, 99199,20160811,  -20,    0
 18133, 99199,20160812,    5,    0
 18133, 99199,20160813,   27,    0
 18133, 99199,20160814,   19,    0
 18133, 99199,20160815,   33,    0
 18133, 99199,20160816,   68,    0
 18133, 99199,20160817,  105,    0
 18133, 99199,20160818,  102,    0
 18133, 99199,20160819,   76,    0
 18133, 99199,20160820,   81,    0
 18133, 99199,20160821,   75,    0
 18133, 99199,20160822,   83,    0
 18133, 99199,20160823,   73,    0
 18133, 99199,20160824,   83,    0
 18133, 99199,20160825,   60,    0
 18133, 99199,20160826,   66,    0
 18133, 99199,20160827,   18,    0
 18133, 99199,20160828,   40,    0
 18133, 99199,20160829,   27,    0
 18133, 99199,20160830,   39,    0
 18133, 99199,20160831,   74,    0
 18133, 99199,20160901,   39,    0
 18133, 99199,20160902,   31,    0
 18133, 99199,20160903,   32,    0
 18133, 99199,20160904,   14,    0
 18133, 99199,20160905,   50,    0
 18133, 99199,20160906,   76,    0
 18133, 99199,20160907,   39,    0
 18133, 99199,20160908,   79,    0
 18133, 99199,20160909,   78,    0
 18133, 99199,20160910,   72,    0
 18133, 99199,20160911,   33,    0
 18133, 99199,20160912,   73,    0
 18133, 99199,20160913,  133,    0
 18133, 99199,20160914,  114,    0
 18133, 99199,20160915,  108,    0
 18133, 99199,20160916,  126,    0
 18133, 99199,20160917,   97,    0
 18133, 99199,20160918,   98,    0
 18133, 99199,20160919,   80,    0
 18133, 99199,20160920,   85,    0
 18133, 99199,20160921,   79,    0
 18133, 99199,20160922,   64,    0
 18133, 99199,20160923,   38,    0
 18133, 99199,20160924,   25,    0
 18133, 99199,20160925,   66,    0
 18133, 99199,20160926,   49,    0
 18133, 99199,20160927,   25,    0
 18133, 99199,20160928,    6,    0
 18133, 99199,20160929,    3,    0
 18133, 99199,20160930,  -23,    0
 18133, 99199,20161001,  -29,    0
 18133, 99199,20161002,  -28,    0
 18133, 99199,20161003,   -9,    0
 18133, 99199,20161004,   28,    0
 18133, 99199,20161005,   29,    0
 18133, 99199,20161006,   53,    0
 18133, 99199,20161007,   22,    0
 18133, 99199,20161008,   22,    0
 18133, 99199,20161009,    9,    0
 18133, 99199,20161010,   16,    0
 18133, 99199,20161011,   27,    0
 18133, 99199,20161012,   57,    0
 18133, 99199,20161013,   48,    0
 18133, 99199,20161014,   40,    0
 18133, 99199,20161015,   35,    0
 18133, 99199,20161016,   10,    0
 18133, 99199,20161017,    3,    0
 18133, 99199,20161018,   -2,    0
 18133, 99199,20161019,   10,    0
 18133, 99199,20161020,   -7,    0
 18133, 99199,20161021,  -47,    0
 18133, 99199,20161022,  -38,    0
 18133, 99199,20161023,  -61,    0
 18133, 99199,20161024,  -43,    0
 18133, 99199,20161025,  -44,    0
 18133, 99199,20161026,  -22,    0
 18133, 99199,20161027,   -9,    0
 18133, 99199,20161028,  -51,    0
 18133, 99199,20161029,  -42,    0
 18133, 99199,20161030,  -29,    0
 18133, 99199,20161031,    0,    0
 18133, 99199,20161101,  -49,    0
 18133, 99199,20161102,  -84,    0
 18133, 99199,20161103,  -77,    0
 18133, 99199,20161104,  -87,    0
 18133, 99199,20161105, -112,    0
 18133, 99199,20161106, -146,    0
 18133, 99199,20161107, -153,    0
 18133, 99199,20161108, -124,    0
 18133, 99199,20161109, -148,    0
 18133, 99199,20161110, -117,    0
 18133, 99199,20161111,  -67,    0
 18133, 99199,20161112,  -51,    0
 18133, 99199,20161113,  -34,    0
 18133, 99199,20161114,   -5,    0
 18133, 99199,20161115,  -17,    0
 18133, 99199,20161116,  -40,    0
 18133, 99199,20161117,  -74,    0
 18133, 99199,20161118,  -80,    0
 18133, 99199,20161119,  -75,    0
 18133, 99199,20161120,  -81,    0
 18133, 99199,20161121,  -72,    0
 18133, 99199,20161122,  -44,    0
 18133, 99199,20161123,  -55,    0
 18133, 99199,20161124,  -62,    0
 18133, 99199,20161125,    0,    0
 18133, 99199,20161126,  -60,    0
 18133, 99199,20161127,  -93,    0
 18133, 99199,20161128,  -76,    0
 18133, 99199,20161129,  -64,    0
 18133, 99199,20161130,  -84,    0
 18133, 99199,20161201,  -85,    0
 18133, 99199,20161202,  -81,    0
 18133, 99199,20161203,  -60,    0
 18133, 99199,20161204,  -29,    0
 18133, 99199,20161205,  -59,    0
 18133, 99199,20161206,  -71,    0
 18133, 99199,20161207,  -16,    0
 18133, 99199,20161208,   -2,    0
 18133, 99199,20161209,  -21,    0
 18133, 99199,20161210,  -28,    0
 18133, 99199,20161211,  -79,    0
 18133, 99199,20161212,  -72,    0
 18133, 99199,20161213,  -54,    0
 18133, 99199,20161214,  -30,    0
 18133, 99199,20161215,   -6,    0
 18133, 99199,20161216,   -3,    0
 18133, 99199,20161217,  -30,    0
 18133, 99199,20161218,   -3,    0
 18133, 99199,20161219,   36,    0
 18133, 99199,20161220,  -11,    0
 18133, 99199,20161221,  -49,    0
 18133, 99199,20161222,  -75,    0
 18133, 99199,20161223,  -81,    0
 18133, 99199,20161224,  -76,    0
 18133, 99199,20161225,  -44,    0
 18133, 99199,20161226,  -79,    0
 18133, 99199,20161227,  -84,    0
 18133, 99199,20161228,  -29,    0
 18133, 99199,20161229,  -15,    0
 18133, 99199,20161230,  -20,    0
 18133, 99199,20161231,  -63,    0
 18133, 99199,20170101,  -91,    0
 18133, 99199,20170102, -112,    0
 18133, 99199,20170103,  -91,    0
 18133, 99199,20170104, -152,    0
 18133, 99199,20170105, -146,    0
 18133, 99199,20170106,  -75,    0
 18133, 99199,20170107,  -82,    0
 18133, 99199,20170108,  -50,    0
 18133, 99199,20170109,  -34,    0
 18133, 99199,20170110,  -58,    0
 18133, 99199,20170111,  -64,    0
 18133, 99199,20170112,  -95,    0
 18133, 99199,20170113,  -94,    0
 18133, 99199,20170114, -121,    0
 18133, 99199,20170115, -118,    0
 18133, 99199,20170116,  -95,    0
 18133, 99199,20170117,  -24,    0
 18133, 99199,20170118,  -21,    0
 18133, 99199,20170119,  -48,    0
 18133, 99199,20170120,  -24,    0
 18133, 99199,20170121,  -27,    0
 18133, 99199,20170122,  -45,    0
 18133, 99199,20170123,  -59,    0
 18133, 99199,20170124,  -61,    0
 18133, 99199,20170125,  -13,    0
 18133, 99199,20170126,   -2,    0
 18133, 99199,20170127,   12,    0
 18133, 99199,20170128,  -35,    0
 18133, 99199,20170129,  -42,    0
 18133, 99199,20170130,  -76,    0
 18133, 99199,20170131,  -52,    0
 18133, 99199,20170201,  -27,    0
 18133, 99199,20170202,  -14,    0
 18133, 99199,20170203,    0,    0
 18133, 99199,20170204,  -14,    0
 18133, 99199,20170205,  -55,    0
 18133, 99199,20170206,  -95,    0
 18133, 99199,20170207, -131,    0
 18133, 99199,20170208, -126,    0
 18133, 99199,20170209, -111,    0
 18133, 99199,20170210, -107,    0
 18133, 99199,20170211,  -76,    0
 18133, 99199,20170212,  -61,    0
 18133, 99199,20170213,  -17,    0
 18133, 99199,20170214,   15,    0
 18133, 99199,20170215,   -7,    0
 18133, 99199,20170216,  -21,    0
 18133, 99199,20170217,  -54,    0
 18133, 99199,20170218,  -33,    0
 18133, 99199,20170219,  -34,    0
 18133, 99199,20170220,  -54,    0
 18133, 99199,20170221,  -75,    0
 18133, 99199,20170222,  -79,    0
 18133, 99199,20170223, -130,    0
 18133, 99199,20170224, -129,    0
 18133, 99199,20170225, -107,    0
 18133, 99199,20170226,  -71,    0
 18133, 99199,20170227,  -69,    0
 18133, 99199,20170228,  -67,    0
 18133, 99199,20170301,  -84,    0
 18133, 99199,20170302,  -85,    0
 18133, 99199,20170303,  -92,    0
 18133, 99199,20170304, -110,    0
 18133, 99199,20170305, -109,    0
 18133, 99199,20170306, -127,    0
 18133, 99199,20170307, -131,    0
 18133, 99199,20170308, -103,    0
 18133, 99199,20170309,  -82,    0
 18133, 99199,20170310,  -81,    0
 18133, 99199,20170311,  -67,    0
 18133, 99199,20170312,  -21,    0
 18133, 99199,20170313,  -38,    0
 18133, 99199,20170314,  -43,    0
 18133, 99199,20170315,  -74,    0
 18133, 99199,20170316,  -55,    0
 18133, 99199,20170317,  -81,    0
 18133, 99199,20170318, -107,    0
 18133, 99199,20170319, -107,    0
 18133, 99199,20170320,  -71,    0
 18133, 99199,20170321,  -72,    0
 18133, 99199,20170322,  -94,    0
 18133, 99199,20170323, -106,    0
 18133, 99199,20170324,  -72,    0
 18133, 99199,20170325,  -37,    0
 18133, 99199,20170326,   -2,    0
 18133, 99199,20170327,  -23,    0
 18133, 99199,20170328,  -88,    0
 18133, 99199,20170329, -100,    0
 18133, 99199,20170330,  -56,    0
 18133, 99199,20170331,  -23,    0
 18133, 99199,20170401,   -5,    0
 18133, 99199,20170402,  -21,    0
 18133, 99199,20170403,    1,    0
 18133, 99199,20170404,  -24,    0
 18133, 99199,20170405,  -67,    0
 18133, 99199,20170406,  -42,    0
 18133, 99199,20170407,  -31,    0
 18133, 99199,20170408,  -20,    0
 18133, 99199,20170409,  -23,    0
 18133, 99199,20170410,  -61,    0
 18133, 99199,20170411,  -98,    0
 18133, 99199,20170412,  -62,    0
 18133, 99199,20170413,  -79,    0
 18133, 99199,20170414,  -90,    0
 18133, 99199,20170415,  -90,    0
 18133, 99199,20170416,  -79,    0
 18133, 99199,20170417,  -90,    0
 18133, 99199,20170418,  -84,    0
 18133, 99199,20170419,  -76,    0
 18133, 99199,20170420,  -43,    0
 18133, 99199,20170421,  -80,    0
 18133, 99199,20170422,  -86,    0
 18133, 99199,20170423,  -94,    0
 18133, 99199,20170424, -102,    0
 18133, 99199,20170425,  -82,    0
 18133, 99199,20170426,  -87,    0
 18133, 99199,20170427,  -78,    0
 18133, 99199,20170428,  -83,    0
 18133, 99199,20170429,  -59,    0
 18133, 99199,20170430,  -55,    0
 18133, 99199,20170501,  -38,    0
 18133, 99199,20170502,  -33,    0
 18133, 99199,20170503,  -42,    0
 18133, 99199,20170504,  -14,    0
 18133, 99199,20170505,   20,    0
 18133, 99199,20170506,    8,    0
 18133, 99199,20170507,  -64,    0
 18133, 99199,20170508,  -80,    0
 18133, 99199,20170509,  -85,    0
 18133, 99199,20170510,  -84,    0
 18133, 99199,20170511,  -67,    0
 18133, 99199,20170512,  -37,    0
 18133, 99199,20170513,    3,    0
 18133, 99199,20170514,   36,    0
 18133, 99199,20170515,   17,    0
 18133, 99199,20170516,   15,    0
 18133, 99199,20170517,   45,    0
 18133, 99199,20170518,   34,    0
 18133, 99199,20170519,   13,    0
 18133, 99199,20170520,   63,    0
 18133, 99199,20170521,   18,    0
 18133, 99199,20170522,  -15,    0
 18133, 99199,20170523,   20,    0
 18133, 99199,20170524,    8,    0
 18133, 99199,20170525,    2,    0
 18133, 99199,20170526,   26,    0
 18133, 99199,20170527,   64,    0
 18133, 99199,20170528,   58,    0
 18133, 99199,20170529,   30,    0
 18133, 99199,20170530,   31,    0
 18133, 99199,20170531,  -38,    0
 18133, 99199,20170601,  -43,    0
 18133, 99199,20170602,   -3,    0
 18133, 99199,20170603,   29,    0
 18133, 99199,20170604,   27,    0
 18133, 99199,20170605,    6,    0
 18133, 99199,20170606,   33,    0
 18133, 99199,20170607,   45,    0
 18133, 99199,20170608,   28,    0
 18133, 99199,20170609,   42,    0
 18133, 99199,20170610,   48,    0
 18133, 99199,20170611,   55,    0
 18133, 99199,20170612,   24,    0
 18133, 99199,20170613,   26,    0
 18133, 99199,20170614,   34,    0
 18133, 99199,20170615,   59,    0
 18133, 99199,20170616,   52,    0
 18133, 99199,20170617,   44,    0
 18133, 99199,20170618,   37,    0
 18133, 99199,20170619,   14,    0
 18133, 99199,20170620,  -13,    0
 18133, 99199,20170621,  -12,    0
 18133, 99199,20170622,   34,    0
 18133, 99199,20170623,   51,    0
 18133, 99199,20170624,   19,    0
 18133, 99199,20170625,   13,    0
 18133, 99199,20170626,  -16,    0
 18133, 99199,20170627,  -17,    0
 18133, 99199,20170628,   30,    0
 18133, 99199,20170629,   80,    0
 18133, 99199,20170630,   97,    0
 18133, 99199,20170701,   92,    0
 18133, 99199,20170702,   38,    0
 18133, 99199,20170703,    8,    0
 18133, 99199,20170704,   -5,    0
 18133, 99199,20170705,   -4,    0
 18133, 99199,20170706,   25,    0
 18133, 99199,20170707,   60,    0
 18133, 99199,20170708,   35,    0
 18133, 99199,20170709,   40,    0
 18133, 99199,20170710,   46,    0
 18133, 99199,20170711,   28,    0
 18133, 99199,20170712,   -3,    0
 18133, 99199,20170713,   -4,    0
 18133, 99199,20170714,    7,    0
 18133, 99199,20170715,   56,    0
 18133, 99199,20170716,   36,    0
 18133, 99199,20170717,   12,    0
 18133, 99199,20170718,    9,    0
 18133, 99199,20170719,   46,    0
 18133, 99199,20170720,  107,    0
 18133, 99199,20170721,  115,    0
 18133, 99199,20170722,  101,    0
 18133, 99199,20170723,   88,    0
 18133, 99199,20170724,   76,    0
 18133, 99199,20170725,   79,    0
 18133, 99199,20170726,   87,    0
 18133, 99199,20170727,   82,    0
 18133, 99199,20170728,   70,    0
 18133, 99199,20170729,   66,    0
 18133, 99199,20170730,   70,    0
 18133, 99199,20170731,   63,    0
 18133, 99199,20170801,   57,    0
 18133, 99199,20170802,   51,    0
 18133, 99199,20170803,   56,    0
 18133, 99199,20170804,   45,    0
 18133, 99199,20170805,   54,    0
 18133, 99199,20170806,   61,    0
 18133, 99199,20170807,   50,    0
 18133, 99199,20170808,   46,    0
 18133, 99199,20170809,   53,    0
 18133, 99199,20170810,   53,    0
 18133, 99199,20170811,   61,    0
 18133, 99199,20170812,   32,    0
 18133, 99199,20170813,    4,    0
 18133, 99199,20170814,   27,    0
 18133, 99199,20170815,   47,    0
 18133, 99199,20170816,   47,    0
 18133, 99199,20170817,   58,    0
 18133, 99199,20170818,   58,    0
 18133, 99199,20170819,   49,    0
 18133, 99199,20170820,   36,    0
 18133, 99199,20170821,   22,    0
 18133, 99199,20170822,    9,    0
 18133, 99199,20170823,   36,    0
 18133, 99199,20170824,   22,    0
 18133, 99199,20170825,    6,    0
 18133, 99199,20170826,   19,    0
 18133, 99199,20170827,   67,    0
 18133, 99199,20170828,   72,    0
 18133, 99199,20170829,   56,    0
 18133, 99199,20170830,   31,    0
 18133, 99199,20170831,   31,    0
 18133, 99199,20170901,   11,    0
 18133, 99199,20170902,   38,    0
 18133, 99199,20170903,   53,    0
 18133, 99199,20170904,   25,    0
 18133, 99199,20170905,   37,    0
 18133, 99199,20170906,   46,    0
 18133, 99199,20170907,   35,    0
 18133, 99199,20170908,   25,    0
 18133, 99199,20170909,   16,    0
 18133, 99199,20170910,   35,    0
 18133, 99199,20170911,   33,    0
 18133, 99199,20170912,   27,    0
 18133, 99199,20170913,   22,    0
 18133, 99199,20170914,   20,    0
 18133, 99199,20170915,   11,    0
 18133, 99199,20170916,    3,    0
 18133, 99199,20170917,    7,    0
 18133, 99199,20170918,   21,    0
 18133, 99199,20170919,   16,    0
 18133, 99199,20170920,  -19,    0
 18133, 99199,20170921,    7,    0
 18133, 99199,20170922,   34,    0
 18133, 99199,20170923,   43,    0
 18133, 99199,20170924,   50,    0
 18133, 99199,20170925,   77,    0
 18133, 99199,20170926,   60,    0
 18133, 99199,20170927,   42,    0
 18133, 99199,20170928,   31,    0
 18133, 99199,20170929,   25,    0
 18133, 99199,20170930,   13,    0
 18133, 99199,20171001,   10,    0
 18133, 99199,20171002,   10,    0
 18133, 99199,20171003,   10,    0
 18133, 99199,20171004,  -16,    0
 18133, 99199,20171005,  -13,    0
 18133, 99199,20171006,  -21,    0
 18133, 99199,20171007,  -45,    0
 18133, 99199,20171008,  -25,    0
 18133, 99199,20171009,  -28,    0
 18133, 99199,20171010,  -22,    1
 18133, 99199,20171011,  -16,    0
 18133, 99199,20171012,  -20,    0
 18133, 99199,20171013,    2,    0
 18133, 99199,20171014,  -11,    0
 18133, 99199,20171015,    6,    0
 18133, 99199,20171016,  -15,    0
 18133, 99199,20171017,  -24,    0
 18133, 99199,20171018,  -32,    0
 18133, 99199,20171019,  -47,    0
 18133, 99199,20171020,  -11,    0
 18133, 99199,20171021,   -4,    0
 18133, 99199,20171022,   -9,    0
 18133, 99199,20171023,  -47,    0
 18133, 99199,20171024,  -44,    0
 18133, 99199,20171025,  -21,    0
 18133, 99199,20171026,  -22,    0
 18133, 99199,20171027,  -27,    0
 18133, 99199,20171028,  -45,    0
 18133, 99199,20171029,  -70,    0
 18133, 99199,20171030,  -76,    0
 18133, 99199,20171031,  -20,    0
 18133, 99199,20171101,    2,    0
 18133, 99199,20171102,  -31,    0
 18133, 99199,20171103,   -9,    0
 18133, 99199,20171104,   -6,    0
 18133, 99199,20171105,  -33,    0
 18133, 99199,20171106,  -63,    0
 18133, 99199,20171107,   12,    0
 18133, 99199,20171108,   -9,    0
 18133, 99199,20171109,  -35,    0
 18133, 99199,20171110,  -69,    0
 18133, 99199,20171111,  -59,    0
 18133, 99199,20171112,  -57,    0
 18133, 99199,20171113,  -82,    0
 18133, 99199,20171114,  -57,    0
 18133, 99199,20171115,  -57,    0
 18133, 99199,20171116,  -39,    0
 18133, 99199,20171117,  -66,    0
 18133, 99199,20171118,  -70,    0
 18133, 99199,20171119,  -74,    0
 18133, 99199,20171120,  -93,    0
 18133, 99199,20171121, -115,    0
 18133, 99199,20171122,  -96,    0
 18133, 99199,20171123,  -10,    0
 18133, 99199,20171124,  -62,    0
 18133, 99199,20171125,  -70,    0
 18133, 99199,20171126,  -62,    0
 18133, 99199,20171127,  -70,    0
 18133, 99199,20171128,  -84,    0
 18133, 99199,20171129, -102,    0
 18133, 99199,20171130, -104,    0
 18133, 99199,20171201,  -75,    0
 18133, 99199,20171202,  -22,    0
 18133, 99199,20171203,  -70,    0
 18133, 99199,20171204,  -83,    0
 18133, 99199,20171205,  -67,    0
 18133, 99199,20171206,  -55,    0
 18133, 99199,20171207,  -12,    0
 18133, 99199,20171208,  -56,    0
 18133, 99199,20171209,  -71,    0
 18133, 99199,20171210,  -91,    0
 18133, 99199,20171211, -110,    0
 18133, 99199,20171212, -104,    0
 18133, 99199,20171213,  -79,    0
 18133, 99199,20171214,  -78,    0
 18133, 99199,20171215, -105,    0
 18133, 99199,20171216,  -94,    0
 18133, 99199,20171217,  -75,    0
 18133, 99199,20171218,  -53,    0
 18133, 99199,20171219,   32,    0
 18133, 99199,20171220,  -13,    0
 18133, 99199,20171221,  -61,    0
 18133, 99199,20171222,  -57,    0
 18133, 99199,20171223,  -46,    0
 18133, 99199,20171224,  -71,    0
 18133, 99199,20171225,  -71,    0
 18133, 99199,20171226, -100,    0
 18133, 99199,20171227,  -93,    0
 18133, 99199,20171228,  -89,    0
 18133, 99199,20171229,  -93,    0
 18133, 99199,20171230,  -90,    0
 18133, 99199,20171231,  -75,    0
 18133, 99199,20180101,  -64,    0
 18133, 99199,20180102,  -78,    0
 18133, 99199,20180103,  -83,    0
 18133, 99199,20180104,  -87,    0
 18133, 99199,20180105, -113,    0
 18133, 99199,20180106, -124,    0
 18133, 99199,20180107, -110,    0
 18133, 99199,20180108,  -42,    0
 18133, 99199,20180109,  -14,    0
 18133, 99199,20180110,   -1,    0
 18133, 99199,20180111,  -27,    0
 18133, 99199,20180112,  -24,    0
 18133, 99199,20180113,  -27,    0
 18133, 99199,20180114,  -57,    0
 18133, 99199,20180115,  -63,    0
 18133, 99199,20180116,  -85,    0
 18133, 99199,20180117,  -91,    0
 18133, 99199,20180118, -123,    0
 18133, 99199,20180119, -114,    0
 18133, 99199,20180120, -111,    0
 18133, 99199,20180121, -109,    0
 18133, 99199,20180122, -103,    0
 18133, 99199,20180123,  -77,    0
 18133, 99199,20180124,  -57,    0
 18133, 99199,20180125,  -63,    0
 18133, 99199,20180126,  -93,    0
 18133, 99199,20180127, -107,    0
 18133, 99199,20180128,  -79,    0
 18133, 99199,20180129,  -79,    0
 18133, 99199,20180130,  -91,    0
 18133, 99199,20180131,  -79,    0
 18133, 99199,20180201, -103,    0
 18133, 99199,20180202, -140,    0
 18133, 99199,20180203, -138,    0
 18133, 99199,20180204,  -92,    0
 18133, 99199,20180205,  -83,    0
 18133, 99199,20180206, -116,    0
 18133, 99199,20180207, -111,    0
 18133, 99199,20180208,  -84,    0
 18133, 99199,20180209,  -75,    0
 18133, 99199,20180210, -100,    0
 18133, 99199,20180211, -107,    0
 18133, 99199,20180212, -123,    0
 18133, 99199,20180213, -104,    0
 18133, 99199,20180214,  -95,    0
 18133, 99199,20180215, -108,    0
 18133, 99199,20180216,  -94,    0
 18133, 99199,20180217,  -83,    0
 18133, 99199,20180218,  -78,    0
 18133, 99199,20180219,  -83,    0
 18133, 99199,20180220, -103,    0
 18133, 99199,20180221,  -83,    0
 18133, 99199,20180222,  -82,    0
 18133, 99199,20180223,  -91,    0
 18133, 99199,20180224,  -87,    0
 18133, 99199,20180225,  -81,    0
 18133, 99199,20180226, -129,    0
 18133, 99199,20180227, -196,    0
 18133, 99199,20180228, -179,    0
 18133, 99199,20180301, -137,    0
 18133, 99199,20180302, -117,    0
 18133, 99199,20180303, -113,    0
 18133, 99199,20180304, -129,    0
 18133, 99199,20180305, -139,    0
 18133, 99199,20180306, -139,    0
 18133, 99199,20180307, -101,    0
 18133, 99199,20180308,  -75,    0
 18133, 99199,20180309,  -90,    0
 18133, 99199,20180310,  -86,    0
 18133, 99199,20180311,  -99,    0
 18133, 99199,20180312,  -97,    0
 18133, 99199,20180313, -124,    0
 18133, 99199,20180314, -143,    0
 18133, 99199,20180315, -155,    0
 18133, 99199,20180316, -166,    0
 18133, 99199,20180317, -145,    0
 18133, 99199,20180318, -110,    0
 18133, 99199,20180319,  -95,    0
 18133, 99199,20180320,  -95,    0
 18133, 99199,20180321,  -65,    0
 18133, 99199,20180322,  -70,    0
 18133, 99199,20180323,  -31,    0
 18133, 99199,20180324,  -63,    0
 18133, 99199,20180325,  -87,    0
 18133, 99199,20180326, -150,    0
 18133, 99199,20180327, -136,    0
 18133, 99199,20180328, -103,    0
 18133, 99199,20180329, -108,    0
 18133, 99199,20180330, -111,    0
 18133, 99199,20180331, -130,    0
 18133, 99199,20180401, -125,    0
 18133, 99199,20180402, -123,    0
 18133, 99199,20180403, -116,    0
 18133, 99199,20180404,  -68,    0
 18133, 99199,20180405,  -78,    0
 18133, 99199,20180406,  -98,    0
 18133, 99199,20180407,  -58,    0
 18133, 99199,20180408,  -32,    0
 18133, 99199,20180409,  -83,    0
 18133, 99199,20180410,  -50,    0
 18133, 99199,20180411,  -15,    0
 18133, 99199,20180412,    0,    0
 18133, 99199,20180413,    9,    0
 18133, 99199,20180414,   50,    0
 18133, 99199,20180415,   46,    0
 18133, 99199,20180416,   12,    0
 18133, 99199,20180417,    8,    0
 18133, 99199,20180418,    0,    0
 18133, 99199,20180419,   34,    0
 18133, 99199,20180420,   -6,    0
 18133, 99199,20180421,  -52,    0
 18133, 99199,20180422,  -22,    0
 18133, 99199,20180423,  -10,    0
 18133, 99199,20180424,  -41,    0
 18133, 99199,20180425,  -72,    0
 18133, 99199,20180426,  -56,    0
 18133, 99199,20180427,  -49,    0
 18133, 99199,20180428,  -56,    0
 18133, 99199,20180429,  -68,    0
 18133, 99199,20180430,  -52,    0
 18133, 99199,20180501,  -43,    0
 18133, 99199,20180502,  -22,    0
 18133, 99199,20180503,  -33,    0
 18133, 99199,20180504,  -15,    0
 18133, 99199,20180505,   25,    0
 18133, 99199,20180506,    6,    0
 18133, 99199,20180507,    3,    0
 18133, 99199,20180508,   44,    0
 18133, 99199,20180509,   46,    0
 18133, 99199,20180510,   48,    0
 18133, 99199,20180511,  -14,    0
 18133, 99199,20180512,   39,    0
 18133, 99199,20180513,   49,    0
 18133, 99199,20180514,   66,    0
 18133, 99199,20180515,   76,    0
 18133, 99199,20180516,   -5,    0
 18133, 99199,20180517,  -24,    0
 18133, 99199,20180518,    5,    0
 18133, 99199,20180519,   31,    0
 18133, 99199,20180520,   57,    0
 18133, 99199,20180521,   74,    0
 18133, 99199,20180522,   29,    0
 18133, 99199,20180523,   49,    0
 18133, 99199,20180524,   94,    0
 18133, 99199,20180525,   76,    0
 18133, 99199,20180526,   62,    0
 18133, 99199,20180527,  109,    0
 18133, 99199,20180528,  107,    0
 18133, 99199,20180529,   87,    0
 18133, 99199,20180530,  124,    0
 18133, 99199,20180531,  131,    0
 18133, 99199,20180601,   94,    0
 18133, 99199,20180602,   87,    0
 18133, 99199,20180603,   58,    0
 18133, 99199,20180604,  -20,    0
 18133, 99199,20180605,  -37,    0
 18133, 99199,20180606,    9,    0
 18133, 99199,20180607,   16,    0
 18133, 99199,20180608,   41,    0
 18133, 99199,20180609,   93,    0
 18133, 99199,20180610,   81,    0
 18133, 99199,20180611,   27,    0
 18133, 99199,20180612,    0,    0
 18133, 99199,20180613,   26,    0
 18133, 99199,20180614,   52,    0
 18133, 99199,20180615,   19,    0
 18133, 99199,20180616,   30,    0
 18133, 99199,20180617,   50,    0
 18133, 99199,20180618,   49,    0
 18133, 99199,20180619,    8,    0
 18133, 99199,20180620,   -3,    0
 18133, 99199,20180621,  -14,    0
 18133, 99199,20180622,  -30,    0
 18133, 99199,20180623,   -8,    0
 18133, 99199,20180624,   33,    0
 18133, 99199,20180625,   45,    0
 18133, 99199,20180626,   71,    0
 18133, 99199,20180627,   89,    0
 18133, 99199,20180628,   42,    0
 18133, 99199,20180629,   -2,    0
 18133, 99199,20180630,   71,    0
 18133, 99199,20180701,  118,    0
 18133, 99199,20180702,  103,    0
 18133, 99199,20180703,   67,    0
 18133, 99199,20180704,   89,    0
 18133, 99199,20180705,  107,    0
 18133, 99199,20180706,   38,    0
 18133, 99199,20180707,   41,    0
 18133, 99199,20180708,   83,    0
 18133, 99199,20180709,   43,    0
 18133, 99199,20180710,  113,    0
 18133, 99199,20180711,  128,    0
 18133, 99199,20180712,  102,    0
 18133, 99199,20180713,   92,    0
 18133, 99199,20180714,   98,    0
 18133, 99199,20180715,  116,    0
 18133, 99199,20180716,  152,    0
 18133, 99199,20180717,  145,    0
 18133, 99199,20180718,  111,    0
 18133, 99199,20180719,   74,    0
 18133, 99199,20180720,  114,    0
 18133, 99199,20180721,   88,    0
 18133, 99199,20180722,  104,    0
 18133, 99199,20180723,   98,    0
 18133, 99199,20180724,  124,    0
 18133, 99199,20180725,   87,    0
 18133, 99199,20180726,  110,    0
 18133, 99199,20180727,  170,    0
 18133, 99199,20180728,  147,    0
 18133, 99199,20180729,  128,    0
 18133, 99199,20180730,  120,    0
 18133, 99199,20180731,  139,    0
 18133, 99199,20180801,  107,    0
 18133, 99199,20180802,   93,    0
 18133, 99199,20180803,   84,    0
 18133, 99199,20180804,   61,    0
 18133, 99199,20180805,   27,    0
 18133, 99199,20180806,   39,    0
 18133, 99199,20180807,   95,    0
 18133, 99199,20180808,  103,    0
 18133, 99199,20180809,   73,    0
 18133, 99199,20180810,   52,    0
 18133, 99199,20180811,   22,    0
 18133, 99199,20180812,   10,    0
 18133, 99199,20180813,   30,    0
 18133, 99199,20180814,   67,    0
 18133, 99199,20180815,   69,    0
 18133, 99199,20180816,   68,    0
 18133, 99199,20180817,   45,    0
 18133, 99199,20180818,   36,    0
 18133, 99199,20180819,   16,    0
 18133, 99199,20180820,    3,    0
 18133, 99199,20180821,   18,    0
 18133, 99199,20180822,   44,    0
 18133, 99199,20180823,   39,    0
 18133, 99199,20180824,   29,    0
 18133, 99199,20180825,    7,    0
 18133, 99199,20180826,   -4,    0
 18133, 99199,20180827,   20,    0
 18133, 99199,20180828,   60,    0
 18133, 99199,20180829,   64,    0
 18133, 99199,20180830,   18,    0
 18133, 99199,20180831,   39,    0
 18133, 99199,20180901,   60,    0
 18133, 99199,20180902,   91,    0
 18133, 99199,20180903,   85,    0
 18133, 99199,20180904,   50,    0
 18133, 99199,20180905,   70,    0
 18133, 99199,20180906,   70,    0
 18133, 99199,20180907,   71,    0
 18133, 99199,20180908,   54,    0
 18133, 99199,20180909,   34,    0
 18133, 99199,20180910,   43,    0
 18133, 99199,20180911,   20,    0
 18133, 99199,20180912,   -2,    0
 18133, 99199,20180913,   -1,    0
 18133, 99199,20180914,    3,    0
 18133, 99199,20180915,  -17,    0
 18133, 99199,20180916,    4,    0
 18133, 99199,20180917,   10,    0
 18133, 99199,20180918,   60,    0
 18133, 99199,20180919,   59,    0
 18133, 99199,20180920,    6,    0
 18133, 99199,20180921,    8,    0
 18133, 99199,20180922,  -18,    0
 18133, 99199,20180923,  -47,    0
 18133, 99199,20180924,  -61,    0
 18133, 99199,20180925,  -20,    0
 18133, 99199,20180926,  -21,    0
 18133, 99199,20180927,  -36,    0
 18133, 99199,20180928,-9999,    9
 18133, 99199,20180929,-9999,    9
 18133, 99199,20180930,-9999,    9
 18133, 99199,20181001,-9999,    9
 18133, 99199,20181002,  -58,    0
 18133, 99199,20181003,  -51,    0
 18133, 99199,20181004,  -16,    0
 18133, 99199,20181005,  -40,    0
 18133, 99199,20181006,  -53,    0
 18133, 99199,20181007,  -52,    0
 18133, 99199,20181008,  -23,    0
 18133, 99199,20181009,   -4,    0
 18133, 99199,20181010,   26,    0
 18133, 99199,20181011,-9999,    9
 18133, 99199,20181012,-9999,    9
 18133, 99199,20181013,   67,    0
 18133, 99199,20181014,   59,    0
 18133, 99199,20181015,  -19,    0
 18133, 99199,20181016,   10,    0
 18133, 99199,20181017,    6,    0
 18133, 99199,20181018,  -38,    0
 18133, 99199,20181019,  -16,    0
 18133, 99199,20181020,   -2,    0
 18133, 99199,20181021,   -5,    0
 18133, 99199,20181022,  -54,    0
 18133, 99199,20181023,  -64,    0
 18133, 99199,20181024,  -68,    0
 18133, 99199,20181025,  -62,    0
 18133, 99199,20181026,  -80,    0
 18133, 99199,20181027, -111,    0
 18133, 99199,20181028, -106,    0
 18133, 99199,20181029, -117,    0
 18133, 99199,20181030,  -87,    0
 18133, 99199,20181031,  -12,    0
 18133, 99199,20181101,  -27,    0
 18133, 99199,20181102,  -27,    0
 18133, 99199,20181103,  -20,    0
 18133, 99199,20181104,    8,    0
 18133, 99199,20181105,   22,    0
 18133, 99199,20181106,   36,    0
 18133, 99199,20181107,   58,    0
 18133, 99199,20181108,   17,    0
 18133, 99199,20181109,   -1,    0
 18133, 99199,20181110,  -21,    0
 18133, 99199,20181111,   -5,    0
 18133, 99199,20181112,  -12,    0
 18133, 99199,20181113,  -17,    0
 18133, 99199,20181114,   -2,    0
 18133, 99199,20181115,   44,    0
 18133, 99199,20181116,   19,    0
 18133, 99199,20181117,   12,    0
 18133, 99199,20181118,   35,    0
 18133, 99199,20181119,   29,    0
 18133, 99199,20181120,    6,    0
 18133, 99199,20181121,    6,    0
 18133, 99199,20181122,  -15,    0
 18133, 99199,20181123,  -34,    0
 18133, 99199,20181124,  -84,    0
 18133, 99199,20181125,  -78,    0
 18133, 99199,20181126,  -78,    0
 18133, 99199,20181127,  -72,    0
 18133, 99199,20181128,  -59,    0
 18133, 99199,20181129,  -50,    0
 18133, 99199,20181130,  -28,    0
 18133, 99199,20181201,  -45,    0
 18133, 99199,20181202,  -49,    0
 18133, 99199,20181203,  -42,    0
 18133, 99199,20181204,  -91,    0
 18133, 99199,20181205,  -99,    0
 18133, 99199,20181206, -102,    0
 18133, 99199,20181207,  -50,    0
 18133, 99199,20181208,  -55,    0
 18133, 99199,20181209,  -76,    0
 18133, 99199,20181210,  -70,    0
 18133, 99199,20181211,  -81,    0
 18133, 99199,20181212,  -87,    0
 18133, 99199,20181213,  -86,    0
 18133, 99199,20181214,  -81,    0
 18133, 99199,20181215, -121,    0
 18133, 99199,20181216, -104,    0
 18133, 99199,20181217,  -97,    0
 18133, 99199,20181218,  -74,    0
 18133, 99199,20181219,  -69,    0
 18133, 99199,20181220,  -79,    0
 18133, 99199,20181221,  -95,    0
 18133, 99199,20181222,  -81,    0
 18133, 99199,20181223,  -95,    0
 18133, 99199,20181224,  -65,    0
 18133, 99199,20181225,  -42,    0
 18133, 99199,20181226,  -28,    0
 18133, 99199,20181227,  -39,    0
 18133, 99199,20181228,  -42,    0
 18133, 99199,20181229,  -62,    0
 18133, 99199,20181230,  -79,    0
 18133, 99199,20181231,  -28,    0
 18133, 99199,20190101,  -77,    0
 18133, 99199,20190102,  -93,    0
 18133, 99199,20190103,  -43,    0
 18133, 99199,20190104,  -19,    0
 18133, 99199,20190105,  -21,    0
 18133, 99199,20190106,  -30,    0
 18133, 99199,20190107,  -75,    0
 18133, 99199,20190108,  -84,    0
 18133, 99199,20190109,  -96,    0
 18133, 99199,20190110,  -35,    0
 18133, 99199,20190111,  -87,    0
 18133, 99199,20190112,  -84,    0
 18133, 99199,20190113,  -98,    0
 18133, 99199,20190114, -118,    0
 18133, 99199,20190115, -134,    0
 18133, 99199,20190116, -126,    0
 18133, 99199,20190117, -135,    0
 18133, 99199,20190118, -122,    0
 18133, 99199,20190119, -116,    0
 18133, 99199,20190120, -128,    0
 18133, 99199,20190121, -104,    0
 18133, 99199,20190122, -118,    0
 18133, 99199,20190123, -106,    0
 18133, 99199,20190124, -117,    0
 18133, 99199,20190125, -121,    0
 18133, 99199,20190126, -143,    0
 18133, 99199,20190127, -152,    0
 18133, 99199,20190128, -137,    0
 18133, 99199,20190129, -128,    0
 18133, 99199,20190130, -113,    0
 18133, 99199,20190131, -120,    0
 18133, 99199,20190201, -126,    0
 18133, 99199,20190202, -132,    0
 18133, 99199,20190203, -120,    0
 18133, 99199,20190204, -107,    0
 18133, 99199,20190205, -111,    0
 18133, 99199,20190206,  -99,    0
 18133, 99199,20190207,  -77,    0
 18133, 99199,20190208,  -85,    0
 18133, 99199,20190209,  -65,    0
 18133, 99199,20190210,  -82,    0
 18133, 99199,20190211, -108,    0
 18133, 99199,20190212,  -77,    0
 18133, 99199,20190213,  -45,    0
 18133, 99199,20190214,  -22,    0
 18133, 99199,20190215,    1,    0
 18133, 99199,20190216,  -60,    0
 18133, 99199,20190217,  -56,    0
 18133, 99199,20190218,  -34,    0
 18133, 99199,20190219,  -57,    0
 18133, 99199,20190220,  -89,    0
 18133, 99199,20190221,  -27,    0
 18133, 99199,20190222,    9,    0
 18133, 99199,20190223,   25,    0
 18133, 99199,20190224,  -41,    0
 18133, 99199,20190225,  -37,    0
 18133, 99199,20190226,  -13,    0
 18133, 99199,20190227,  -43,    0
 18133, 99199,20190228,  -83,    0
 18133, 99199,20190301,  -98,    0
 18133, 99199,20190302,  -68,    0
 18133, 99199,20190303,  -60,    0
 18133, 99199,20190304,  -83,    0
 18133, 99199,20190305, -139,    0
 18133, 99199,20190306,  -93,    0
 18133, 99199,20190307,  -81,    0
 18133, 99199,20190308, -119,    0
 18133, 99199,20190309, -134,    0
 18133, 99199,20190310, -132,    0
 18133, 99199,20190311, -131,    0
 18133, 99199,20190312, -122,    0
 18133, 99199,20190313,  -98,    0
 18133, 99199,20190314,  -87,    0
 18133, 99199,20190315, -101,    0
 18133, 99199,20190316, -111,    0
 18133, 99199,20190317, -102,    0
 18133, 99199,20190318,  -99,    0
 18133, 99199,20190319,  -83,    0
 18133, 99199,20190320,  -57,    0
 18133, 99199,20190321,  -60,    0
 18133, 99199,20190322,  -47,    0
 18133, 99199,20190323,  -80,    0
 18133, 99199,20190324,  -71,    0
 18133, 99199,20190325, -100,    0
 18133, 99199,20190326,  -75,    0
 18133, 99199,20190327,  -36,    0
 18133, 99199,20190328,  -15,    0
 18133, 99199,20190329,  -36,    0
 18133, 99199,20190330,  -76,    0
 18133, 99199,20190331, -115,    0
 18133, 99199,20190401,  -82,    0
 18133, 99199,20190402,  -82,    0
 18133, 99199,20190403,  -55,    0
 18133, 99199,20190404,  -40,    0
 18133, 99199,20190405,  -15,    0
 18133, 99199,20190406,  -45,    0
 18133, 99199,20190407,  -86,    0
 18133, 99199,20190408, -106,    0
 18133, 99199,20190409, -113,    0
 18133, 99199,20190410, -116,    0
 18133, 99199,20190411,  -87,    0
 18133, 99199,20190412,  -63,    0
 18133, 99199,20190413,  -34,    0
 18133, 99199,20190414,  -20,    0
 18133, 99199,20190415,   -5,    0
 18133, 99199,20190416,    1,    0
 18133, 99199,20190417,  -26,    0
 18133, 99199,20190418,    4,    0
 18133, 99199,20190419,   32,    0
 18133, 99199,20190420,   27,    0
 18133, 99199,20190421,   14,    0
 18133, 99199,20190422,   50,    0
 18133, 99199,20190423,   48,    0
 18133, 99199,20190424,   27,    0
 18133, 99199,20190425,   29,    0
 18133, 99199,20190426,   41,    0
 18133, 99199,20190427,   42,    0
 18133, 99199,20190428,   65,    0
 18133, 99199,20190429,   45,    0
 18133, 99199,20190430,   21,    0
 18133, 99199,20190501,  -30,    0
 18133, 99199,20190502,  -92,    0
 18133, 99199,20190503,  -98,    0
 18133, 99199,20190504,  -78,    0
 18133, 99199,20190505,  -71,    0
 18133, 99199,20190506,  -85,    0
 18133, 99199,20190507,  -82,    0
 18133, 99199,20190508,  -79,    0
 18133, 99199,20190509,  -48,    0
 18133, 99199,20190510,  -24,    0
 18133, 99199,20190511,  -57,    0
 18133, 99199,20190512,  -73,    0
 18133, 99199,20190513,  -61,    0
 18133, 99199,20190514,  -14,    0
 18133, 99199,20190515,   32,    0
 18133, 99199,20190516,   46,    0
 18133, 99199,20190517,   75,    0
 18133, 99199,20190518,   47,    0
 18133, 99199,20190519,   42,    0
 18133, 99199,20190520,   71,    0
 18133, 99199,20190521,   84,    0
 18133, 99199,20190522,   80,    0
 18133, 99199,20190523,   50,    0
 18133, 99199,20190524,   17,    0
 18133, 99199,20190525,  -12,    0
 18133, 99199,20190526,  -33,    0
 18133, 99199,20190527,  -30,    0
 18133, 99199,20190528,  -52,    0
 18133, 99199,20190529,  -53,    0
 18133, 99199,20190530,  -42,    0
 18133, 99199,20190531,  -41,    0
 18133, 99199,20190601,  -15,    0
 18133, 99199,20190602,   13,    0
 18133, 99199,20190603,   53,    0
 18133, 99199,20190604,   36,    0
 18133, 99199,20190605,   34,    0
 18133, 99199,20190606,   99,    0
 18133, 99199,20190607,   64,    0
 18133, 99199,20190608,   70,    0
 18133, 99199,20190609,   43,    0
 18133, 99199,20190610,   26,    0
 18133, 99199,20190611,   37,    0
 18133, 99199,20190612,   30,    0
 18133, 99199,20190613,   40,    0
 18133, 99199,20190614,   78,    0
 18133, 99199,20190615,   90,    0
 18133, 99199,20190616,   91,    0
 18133, 99199,20190617,   54,    0
 18133, 99199,20190618,   46,    0
 18133, 99199,20190619,   49,    0
 18133, 99199,20190620,   62,    0
 18133, 99199,20190621,   25,    0
 18133, 99199,20190622,   11,    0
 18133, 99199,20190623,   19,    0
 18133, 99199,20190624,   55,    0
 18133, 99199,20190625,   53,    0
 18133, 99199,20190626,   30,    0
 18133, 99199,20190627,    9,    0
 18133, 99199,20190628,   40,    0
 18133, 99199,20190629,   52,    0
 18133, 99199,20190630,   63,    0
 18133, 99199,20190701,   19,    0
 18133, 99199,20190702,  -27,    0
 18133, 99199,20190703,  -25,    0
 18133, 99199,20190704,  -23,    0
 18133, 99199,20190705,  -10,    0
 18133, 99199,20190706,   11,    0
 18133, 99199,20190707,   11,    0
 18133, 99199,20190708,   13,    0
 18133, 99199,20190709,   45,    0
 18133, 99199,20190710,   79,    0
 18133, 99199,20190711,  107,    0
 18133, 99199,20190712,   95,    0
 18133, 99199,20190713,   73,    0
 18133, 99199,20190714,   48,    0
 18133, 99199,20190715,   18,    0
 18133, 99199,20190716,   27,    0
 18133, 99199,20190717,   77,    0
 18133, 99199,20190718,  105,    0
 18133, 99199,20190719,   77,    0
 18133, 99199,20190720,   83,    0
 18133, 99199,20190721,   71,    0
 18133, 99199,20190722,   78,    0
 18133, 99199,20190723,  111,    0
 18133, 99199,20190724,  159,    0
 18133, 99199,20190725,  165,    0
 18133, 99199,20190726,  175,    0
 18133, 99199,20190727,  181,    0
 18133, 99199,20190728,  176,    0
 18133, 99199,20190729,  155,    0
 18133, 99199,20190730,   95,    0
 18133, 99199,20190731,   85,    0
 18133, 99199,20190801,   89,    0
 18133, 99199,20190802,   84,    0
 18133, 99199,20190803,   86,    0
 18133, 99199,20190804,  100,    0
 18133, 99199,20190805,   95,    0
 18133, 99199,20190806,   94,    0
 18133, 99199,20190807,   77,    0
 18133, 99199,20190808,   67,    0
 18133, 99199,20190809,   75,    0
 18133, 99199,20190810,   70,    0
 18133, 99199,20190811,   90,    0
 18133, 99199,20190812,   59,    0
 18133, 99199,20190813,   16,    0
 18133, 99199,20190814,   18,    0
 18133, 99199,20190815,   47,    0
 18133, 99199,20190816,   67,    0
 18133, 99199,20190817,   61,    0
 18133, 99199,20190818,   63,    0
 18133, 99199,20190819,   55,    0
 18133, 99199,20190820,   50,    0
 18133, 99199,20190821,   27,    0
 18133, 99199,20190822,   37,    0
 18133, 99199,20190823,   40,    0
 18133, 99199,20190824,   72,    0
 18133, 99199,20190825,   91,    0
 18133, 99199,20190826,  126,    0
 18133, 99199,20190827,  146,    0
 18133, 99199,20190828,  122,    0
 18133, 99199,20190829,   80,    0
 18133, 99199,20190830,   60,    0
 18133, 99199,20190831,   85,    0
 18133, 99199,20190901,   54,    0
 18133, 99199,20190902,    9,    0
 18133, 99199,20190903,    4,    0
 18133, 99199,20190904,    9,    0
 18133, 99199,20190905,  -12,    0
 18133, 99199,20190906,  -10,    0
 18133, 99199,20190907,  -12,    0
 18133, 99199,20190908,   20,    0
 18133, 99199,20190909,   39,    0
 18133, 99199,20190910,   63,    0
 18133, 99199,20190911,   54,    0
 18133, 99199,20190912,   17,    0
 18133, 99199,20190913,  -18,    0
 18133, 99199,20190914,  -12,    0
 18133, 99199,20190915,  -11,    0
 18133, 99199,20190916,  -28,    0
 18133, 99199,20190917,  -33,    0
 18133, 99199,20190918,  -32,    0
 18133, 99199,20190919,  -33,    0
 18133, 99199,20190920,   13,    0
 18133, 99199,20190921,   37,    0
 18133, 99199,20190922,   72,    0
 18133, 99199,20190923,   82,    0
 18133, 99199,20190924,   72,    0
 18133, 99199,20190925,   80,    0
 18133, 99199,20190926,   62,    0
 18133, 99199,20190927,   11,    0
 18133, 99199,20190928,   22,    0
 18133, 99199,20190929,    3,    0
 18133, 99199,20190930,  -59,    0
 18133, 99199,20191001,  -42,    0
 18133, 99199,20191002,  -15,    0
 18133, 99199,20191003,  -43,    0
 18133, 99199,20191004,  -72,    0
 18133, 99199,20191005,  -64,    0
 18133, 99199,20191006,  -26,    0
 18133, 99199,20191007,    7,    0
 18133, 99199,20191008,  -28,    0
 18133, 99199,20191009,  -23,    0
 18133, 99199,20191010,   -6,    0
 18133, 99199,20191011,  -19,    0
 18133, 99199,20191012,  -37,    0
 18133, 99199,20191013,  -48,    0
 18133, 99199,20191014,  -38,    0
 18133, 99199,20191015,  -20,    0
 18133, 99199,20191016,   -3,    0
 18133, 99199,20191017,    4,    0
 18133, 99199,20191018,   -5,    0
 18133, 99199,20191019,  -33,    0
 18133, 99199,20191020,  -41,    0
 18133, 99199,20191021,  -40,    0
 18133, 99199,20191022,  -20,    0
 18133, 99199,20191023,    4,    0
 18133, 99199,20191024,    5,    0
 18133, 99199,20191025,  -38,    0
 18133, 99199,20191026,  -62,    0
 18133, 99199,20191027,  -66,    0
 18133, 99199,20191028,  -66,    0
 18133, 99199,20191029,  -61,    0
 18133, 99199,20191030,  -54,    0
 18133, 99199,20191031,  -44,    0
 18133, 99199,20191101,  -65,    0
 18133, 99199,20191102,  -65,    0
 18133, 99199,20191103, -109,    0
 18133, 99199,20191104,  -69,    0
 18133, 99199,20191105,  -77,    0
 18133, 99199,20191106,  -92,    0
 18133, 99199,20191107, -106,    0
 18133, 99199,20191108, -124,    0
 18133, 99199,20191109, -111,    0
 18133, 99199,20191110, -130,    0
 18133, 99199,20191111, -128,    0
 18133, 99199,20191112,  -78,    0
 18133, 99199,20191113,  -66,    0
 18133, 99199,20191114,  -61,    0
 18133, 99199,20191115,  -64,    0
 18133, 99199,20191116,  -53,    0
 18133, 99199,20191117,  -48,    0
 18133, 99199,20191118,  -48,    0
 18133, 99199,20191119,  -62,    0
 18133, 99199,20191120,  -44,    0
 18133, 99199,20191121,  -28,    0
 18133, 99199,20191122,  -32,    0
 18133, 99199,20191123,  -26,    0
 18133, 99199,20191124,   -8,    0
 18133, 99199,20191125,   -7,    0
 18133, 99199,20191126,  -45,    0
 18133, 99199,20191127,  -62,    0
 18133, 99199,20191128,  -94,    0
 18133, 99199,20191129, -103,    0
 18133, 99199,20191130, -108,    0
 18133, 99199,20191201,  -96,    0
 18133, 99199,20191202, -101,    0
 18133, 99199,20191203,  -24,    0
 18133, 99199,20191204,  -13,    0
 18133, 99199,20191205,  -62,    0
 18133, 99199,20191206,  -73,    0
 18133, 99199,20191207,  -86,    0
 18133, 99199,20191208,  -90,    0
 18133, 99199,20191209, -104,    0
 18133, 99199,20191210, -112,    0
 18133, 99199,20191211,  -65,    0
 18133, 99199,20191212,  -74,    0
 18133, 99199,20191213,  -93,    0
 18133, 99199,20191214,  -78,    0
 18133, 99199,20191215,  -81,    0
 18133, 99199,20191216,  -80,    0
 18133, 99199,20191217,  -72,    0
 18133, 99199,20191218,  -79,    0
 18133, 99199,20191219,  -68,    0
 18133, 99199,20191220,  -10,    0
 18133, 99199,20191221,  -23,    0
 18133, 99199,20191222,  -40,    0
 18133, 99199,20191223,  -46,    0
 18133, 99199,20191224,  -53,    0
 18133, 99199,20191225,  -65,    0
 18133, 99199,20191226,  -70,    0
 18133, 99199,20191227,  -77,    0
 18133, 99199,20191228,  -31,    0
 18133, 99199,20191229,   -1,    0
 18133, 99199,20191230,  -42,    0
 18133, 99199,20191231,  -68,    0
 18133, 99199,20200101,  -31,    0
 18133, 99199,20200102,   -7,    0
 18133, 99199,20200103,  -93,    0
 18133, 99199,20200104,  -99,    0
 18133, 99199,20200105,  -55,    0
 18133, 99199,20200106,  -17,    0
 18133, 99199,20200107,  -38,    0
 18133, 99199,20200108,  -61,    0
 18133, 99199,20200109,  -94,    0
 18133, 99199,20200110,  -81,    0
 18133, 99199,20200111,  -45,    0
 18133, 99199,20200112,  -79,    0
 18133, 99199,20200113,  -78,    0
 18133, 99199,20200114,  -71,    0
 18133, 99199,20200115,  -69,    0
 18133, 99199,20200116,  -50,    0
 18133, 99199,20200117,  -42,    0
 18133, 99199,20200118,  -58,    0
 18133, 99199,20200119,  -73,    0
 18133, 99199,20200120,    2,    0
 18133, 99199,20200121,  -71,    0
 18133, 99199,20200122,  -88,    0
 18133, 99199,20200123,  -33,    0
 18133, 99199,20200124,  -80,    0
 18133, 99199,20200125,  -58,    0
 18133, 99199,20200126,  -35,    0
 18133, 99199,20200127,  -54,    0
 18133, 99199,20200128,  -89,    0
 18133, 99199,20200129,  -79,    0
 18133, 99199,20200130,  -85,    0
 18133, 99199,20200131,  -70,    0
 18133, 99199,20200201,  -63,    0
 18133, 99199,20200202,  -80,    0
 18133, 99199,20200203, -104,    0
 18133, 99199,20200204, -105,    0
 18133, 99199,20200205,  -55,    0
 18133, 99199,20200206,  -25,    0
 18133, 99199,20200207,   -3,    0
 18133, 99199,20200208,  -33,    0
 18133, 99199,20200209,  -60,    0
 18133, 99199,20200210,  -69,    0
 18133, 99199,20200211,  -88,    0
 18133, 99199,20200212,  -93,    0
 18133, 99199,20200213,  -95,    0
 18133, 99199,20200214, -102,    0
 18133, 99199,20200215,  -69,    0
 18133, 99199,20200216,  -52,    0
 18133, 99199,20200217,  -56,    0
 18133, 99199,20200218,  -61,    0
 18133, 99199,20200219,  -74,    0
 18133, 99199,20200220,  -70,    0
 18133, 99199,20200221,  -66,    0
 18133, 99199,20200222,  -74,    0
 18133, 99199,20200223,  -88,    0
 18133, 99199,20200224, -101,    0
 18133, 99199,20200225, -125,    0
 18133, 99199,20200226, -142,    0
 18133, 99199,20200227, -132,    0
 18133, 99199,20200228, -106,    0
 18133, 99199,20200229, -122,    0
 18133, 99199,20200301, -116,    0
 18133, 99199,20200302,  -72,    0
 18133, 99199,20200303,  -82,    0
 18133, 99199,20200304,  -83,    0
 18133, 99199,20200305,  -81,    0
 18133, 99199,20200306,  -85,    0
 18133, 99199,20200307,  -88,    0
 18133, 99199,20200308,  -40,    0
 18133, 99199,20200309,  -56,    0
 18133, 99199,20200310,  -71,    0
 18133, 99199,20200311,  -62,    0
 18133, 99199,20200312,  -86,    0
 18133, 99199,20200313, -141,    0
 18133, 99199,20200314, -122,    0
 18133, 99199,20200315,  -68,    0
 18133, 99199,20200316,  -95,    0
 18133, 99199,20200317,  -63,    0
 18133, 99199,20200318,  -81,    0
 18133, 99199,20200319,  -80,    0
 18133, 99199,20200320, -101,    0
 18133, 99199,20200321, -107,    0
 18133, 99199,20200322,  -94,    0
 18133, 99199,20200323,  -65,    0
 18133, 99199,20200324,  -17,    0
 18133, 99199,20200325,  -29,    0
 18133, 99199,20200326,  -51,    0
 18133, 99199,20200327,  -64,    0
 18133, 99199,20200328, -122,    0
 18133, 99199,20200329, -108,    0
 18133, 99199,20200330, -100,    0
 18133, 99199,20200331,  -57,    0
 18133, 99199,20200401,  -57,    0
 18133, 99199,20200402,  -92,    0
 18133, 99199,20200403, -116,    0
 18133, 99199,20200404, -112,    0
 18133, 99199,20200405,  -54,    0
 18133, 99199,20200406,  -26,    0
 18133, 99199,20200407,  -41,    0
 18133, 99199,20200408,  -54,    0
 18133, 99199,20200409,  -84,    0
 18133, 99199,20200410,  -71,    0
 18133, 99199,20200411,  -39,    0
 18133, 99199,20200412,  -55,    0
 18133, 99199,20200413, -112,    0
 18133, 99199,20200414,  -52,    0
 18133, 99199,20200415,  -41,    0
 18133, 99199,20200416,  -77,    0
 18133, 99199,20200417,  -77,    0
 18133, 99199,20200418,  -56,    0
 18133, 99199,20200419,  -35,    0
 18133, 99199,20200420,   -6,    0
 18133, 99199,20200421,   42,    0
 18133, 99199,20200422,   22,    0
 18133, 99199,20200423,  -24,    0
 18133, 99199,20200424,  -47,    0
 18133, 99199,20200425,  -47,    0
 18133, 99199,20200426,  -60,    0
 18133, 99199,20200427,  -55,    0
 18133, 99199,20200428,  -45,    0
 18133, 99199,20200429,  -47,    0
 18133, 99199,20200430,  -57,    0
 18133, 99199,20200501,  -51,    0
 18133, 99199,20200502,  -46,    0
 18133, 99199,20200503,  -60,    0
 18133, 99199,20200504,  -71,    0
 18133, 99199,20200505,  -61,    0
 18133, 99199,20200506,  -46,    0
 18133, 99199,20200507,  -58,    0
 18133, 99199,20200508,  -47,    0
 18133, 99199,20200509,  -60,    0
 18133, 99199,20200510,  -97,    0
 18133, 99199,20200511,  -91,    0
 18133, 99199,20200512,  -94,    0
 18133, 99199,20200513,  -94,    0
 18133, 99199,20200514,  -92,    0
 18133, 99199,20200515,  -81,    0
 18133, 99199,20200516,  -75,    0
 18133, 99199,20200517,  -56,    0
 18133, 99199,20200518,  -56,    0
 18133, 99199,20200519,  -62,    0
 18133, 99199,20200520,  -47,    0
 18133, 99199,20200521,    2,    0
 18133, 99199,20200522,   22,    0
 18133, 99199,20200523,    7,    0
 18133, 99199,20200524,    6,    0
 18133, 99199,20200525,   26,    0
 18133, 99199,20200526,   22,    0
 18133, 99199,20200527,  -21,    0
 18133, 99199,20200528,  -27,    0
 18133, 99199,20200529,   18,    0
 18133, 99199,20200530,   71,    0
 18133, 99199,20200531,  100,    0
 18133, 99199,20200601,   89,    0
 18133, 99199,20200602,   52,    0
 18133, 99199,20200603,   31,    0
 18133, 99199,20200604,   36,    0
 18133, 99199,20200605,   34,    0
 18133, 99199,20200606,   19,    0
 18133, 99199,20200607,   -8,    0
 18133, 99199,20200608,  -17,    0
 18133, 99199,20200609,   26,    0
 18133, 99199,20200610,   58,    0
 18133, 99199,20200611,   76,    0
 18133, 99199,20200612,  108,    0
 18133, 99199,20200613,   99,    0
 18133, 99199,20200614,  110,    0
 18133, 99199,20200615,   98,    0
 18133, 99199,20200616,  137,    0
 18133, 99199,20200617,  127,    0
 18133, 99199,20200618,  116,    0
 18133, 99199,20200619,  137,    0
 18133, 99199,20200620,  136,    0
 18133, 99199,20200621,  112,    0
 18133, 99199,20200622,   73,    0
 18133, 99199,20200623,   96,    0
 18133, 99199,20200624,  127,    0
 18133, 99199,20200625,  139,    0
 18133, 99199,20200626,  146,    0
 18133, 99199,20200627,  148,    0
 18133, 99199,20200628,   97,    0
 18133, 99199,20200629,   62,    0
 18133, 99199,20200630,   30,    0
 18133, 99199,20200701,  -16,    0
 18133, 99199,20200702,  -10,    0
 18133, 99199,20200703,  -16,    0
 18133, 99199,20200704,    8,    0
 18133, 99199,20200705,   25,    0
 18133, 99199,20200706,    2,    0
 18133, 99199,20200707,   -8,    0
 18133, 99199,20200708,   -6,    0
 18133, 99199,20200709,    8,    0
 18133, 99199,20200710,   23,    0
 18133, 99199,20200711,    7,    0
 18133, 99199,20200712,    0,    0
 18133, 99199,20200713,   27,    0
 18133, 99199,20200714,   49,    0
 18133, 99199,20200715,   72,    0
 18133, 99199,20200716,   91,    0
 18133, 99199,20200717,   77,    0
 18133, 99199,20200718,   72,    0
 18133, 99199,20200719,   61,    0
 18133, 99199,20200720,   18,    0
 18133, 99199,20200721,    1,    0
 18133, 99199,20200722,   -9,    0
 18133, 99199,20200723,   -6,    0
 18133, 99199,20200724,    0,    0
 18133, 99199,20200725,   36,    0
 18133, 99199,20200726,   68,    0
 18133, 99199,20200727,   67,    0
 18133, 99199,20200728,   56,    0
 18133, 99199,20200729,   60,    0
 18133, 99199,20200730,   54,    0
 18133, 99199,20200731,   91,    0
 18133, 99199,20200801,  139,    0
 18133, 99199,20200802,  103,    0
 18133, 99199,20200803,   17,    0
 18133, 99199,20200804,   34,    0
 18133, 99199,20200805,   55,    0
 18133, 99199,20200806,  101,    0
 18133, 99199,20200807,  122,    0
 18133, 99199,20200808,   91,    0
 18133, 99199,20200809,   53,    0
 18133, 99199,20200810,  108,    0
 18133, 99199,20200811,  113,    0
 18133, 99199,20200812,  111,    0
 18133, 99199,20200813,  104,    0
 18133, 99199,20200814,  100,    0
 18133, 99199,20200815,   97,    0
 18133, 99199,20200816,  102,    0
 18133, 99199,20200817,  132,    0
 18133, 99199,20200818,  121,    0
 18133, 99199,20200819,  114,    0
 18133, 99199,20200820,  100,    0
 18133, 99199,20200821,  100,    0
 18133, 99199,20200822,   83,    0
 18133, 99199,20200823,   15,    0
 18133, 99199,20200824,  -12,    0
 18133, 99199,20200825,   -3,    0
 18133, 99199,20200826,   14,    0
 18133, 99199,20200827,   17,    0
 18133, 99199,20200828,   34,    0
 18133, 99199,20200829,   27,    0
 18133, 99199,20200830,   -9,    0
 18133, 99199,20200831,   12,    0
 18133, 99199,20200901,   76,    0
 18133, 99199,20200902,   62,    0
 18133, 99199,20200903,   43,    0
 18133, 99199,20200904,   43,    0
 18133, 99199,20200905,   23,    0
 18133, 99199,20200906,    7,    0
 18133, 99199,20200907,   16,    0
 18133, 99199,20200908,   25,    0
 18133, 99199,20200909,    2,    0
 18133, 99199,20200910,  -31,    0
 18133, 99199,20200911,    1,    0
 18133, 99199,20200912,    4,    0
 18133, 99199,20200913,    3,    0
 18133, 99199,20200914,   19,    0
 18133, 99199,20200915,   47,    0
 18133, 99199,20200916,  -25,    0
 18133, 99199,20200917,   17,    0
 18133, 99199,20200918,   20,    0
 18133, 99199,20200919,    9,    0
 18133, 99199,20200920,   26,    0
 18133, 99199,20200921,   33,    0
 18133, 99199,20200922,   23,    0
 18133, 99199,20200923,    9,    0
 18133, 99199,20200924,    4,    0
 18133, 99199,20200925,  -28,    0
 18133, 99199,20200926,  -30,    0
 18133, 99199,20200927,   52,    0
 18133, 99199,20200928,   82,    0
 18133, 99199,20200929,   59,    0
 18133, 99199,20200930,   35,    0
 18133, 99199,20201001,   32,    0
 18133, 99199,20201002,   24,    0
 18133, 99199,20201003,   22,    0
 18133, 99199,20201004,   28,    0
 18133, 99199,20201005,   40,    0
 18133, 99199,20201006,   15,    0
 18133, 99199,20201007,   24,    0
 18133, 99199,20201008,   11,    0
 18133, 99199,20201009,  -16,    0
 18133, 99199,20201010,  -19,    0
 18133, 99199,20201011,  -22,    0
 18133, 99199,20201012,  -34,    0
 18133, 99199,20201013,  -36,    0
 18133, 99199,20201014,  -36,    0
 18133, 99199,20201015,   -9,    0
 18133, 99199,20201016,  -16,    0
 18133, 99199,20201017,  -48,    0
 18133, 99199,20201018,  -67,    0
 18133, 99199,20201019,  -73,    0
 18133, 99199,20201020,  -54,    0
 18133, 99199,20201021,  -25,    0
 18133, 99199,20201022,  -57,    0
 18133, 99199,20201023,  -71,    0
 18133, 99199,20201024,  -31,    0
 18133, 99199,20201025,   -9,    0
 18133, 99199,20201026,  -30,    0
 18133, 99199,20201027,  -26,    0
 18133, 99199,20201028,  -30,    0
 18133, 99199,20201029,  -31,    0
 18133, 99199,20201030,  -23,    0
 18133, 99199,20201031,  -17,    0
 18133, 99199,20201101,    1,    0
 18133, 99199,20201102,  -11,    0
 18133, 99199,20201103,  -36,    0
 18133, 99199,20201104,  -48,    0
 18133, 99199,20201105,    0,    0
 18133, 99199,20201106,    7,    0
 18133, 99199,20201107,   -3,    0
 18133, 99199,20201108,  -27,    0
 18133, 99199,20201109,   11,    0
 18133, 99199,20201110,   30,    0
 18133, 99199,20201111,   12,    0
 18133, 99199,20201112,  -15,    0
 18133, 99199,20201113,  -28,    0
 18133, 99199,20201114,  -28,    0
 18133, 99199,20201115,   -5,    0
 18133, 99199,20201116,   -8,    0
 18133, 99199,20201117,  -25,    0
 18133, 99199,20201118,  -42,    0
 18133, 99199,20201119, -110,    0
 18133, 99199,20201120,  -90,    0
 18133, 99199,20201121,  -53,    0
 18133, 99199,20201122,  -56,    0
 18133, 99199,20201123,  -72,    0
 18133, 99199,20201124,  -36,    0
 18133, 99199,20201125,  -34,    0
 18133, 99199,20201126,  -63,    0
 18133, 99199,20201127,  -53,    0
 18133, 99199,20201128,  -53,    0
 18133, 99199,20201129,  -50,    0
 18133, 99199,20201130,  -44,    0
 18133, 99199,20201201,  -66,    0
 18133, 99199,20201202,  -43,    0
 18133, 99199,20201203,  -78,    0
 18133, 99199,20201204,  -90,    0
 18133, 99199,20201205,  -74,    0
 18133, 99199,20201206,  -68,    0
 18133, 99199,20201207,  -49,    0
 18133, 99199,20201208,  -42,    0
 18133, 99199,20201209,  -68,    0
 18133, 99199,20201210,  -70,    0
 18133, 99199,20201211,  -89,    0
 18133, 99199,20201212,  -84,    0
 18133, 99199,20201213,  -70,    0
 18133, 99199,20201214,  -70,    0
 18133, 99199,20201215,  -46,    0
 18133, 99199,20201216,  -48,    0
 18133, 99199,20201217,  -45,    0
 18133, 99199,20201218,  -33,    0
 18133, 99199,20201219,   -3,    0
 18133, 99199,20201220,  -34,    0
 18133, 99199,20201221,  -55,    0
 18133, 99199,20201222,  -57,    0
 18133, 99199,20201223,  -73,    0
 18133, 99199,20201224,  -95,    0
 18133, 99199,20201225,  -95,    0
 18133, 99199,20201226,  -71,    0
 18133, 99199,20201227,  -60,    0
 18133, 99199,20201228,  -80,    0
 18133, 99199,20201229,  -74,    0
 18133, 99199,20201230,  -63,    0
 18133, 99199,20201231,  -84,    0
 18133, 99199,20210101, -110,    0
 18133, 99199,20210102, -105,    0
 18133, 99199,20210103,  -94,    0
 18133, 99199,20210104,  -93,    0
 18133, 99199,20210105,  -89,    0
 18133, 99199,20210106,  -90,    0
 18133, 99199,20210107, -112,    0
 18133, 99199,20210108, -109,    0
 18133, 99199,20210109, -104,    0
 18133, 99199,20210110, -126,    0
 18133, 99199,20210111, -143,    0
 18133, 99199,20210112, -147,    0
 18133, 99199,20210113, -148,    0
 18133, 99199,20210114, -117,    0
 18133, 99199,20210115, -113,    0
 18133, 99199,20210116,  -90,    0
 18133, 99199,20210117,  -82,    0
 18133, 99199,20210118,  -86,    0
 18133, 99199,20210119, -110,    0
 18133, 99199,20210120, -110,    0
 18133, 99199,20210121,  -72,    0
 18133, 99199,20210122,  -74,    0
 18133, 99199,20210123,  -81,    0
 18133, 99199,20210124,  -98,    0
 18133, 99199,20210125, -113,    0
 18133, 99199,20210126, -128,    0
 18133, 99199,20210127, -137,    0
 18133, 99199,20210128, -137,    0
 18133, 99199,20210129, -123,    0
 18133, 99199,20210130, -116,    0
 18133, 99199,20210131, -126,    0
 18133, 99199,20210201, -139,    0
 18133, 99199,20210202, -148,    0
 18133, 99199,20210203, -164,    0
 18133, 99199,20210204, -182,    0
 18133, 99199,20210205, -163,    0
 18133, 99199,20210206, -154,    0
 18133, 99199,20210207, -159,    0
 18133, 99199,20210208, -157,    0
 18133, 99199,20210209, -143,    0
 18133, 99199,20210210, -169,    0
 18133, 99199,20210211, -147,    0
 18133, 99199,20210212, -137,    0
 18133, 99199,20210213, -132,    0
 18133, 99199,20210214,  -93,    0
 18133, 99199,20210215,  -72,    0
 18133, 99199,20210216,  -75,    0
 18133, 99199,20210217,  -97,    0
 18133, 99199,20210218,  -65,    0
 18133, 99199,20210219,  -47,    0
 18133, 99199,20210220,  -15,    0
 18133, 99199,20210221,   -9,    0
 18133, 99199,20210222,  -15,    0
 18133, 99199,20210223,  -35,    0
 18133, 99199,20210224,  -12,    0
 18133, 99199,20210225,  -26,    0
 18133, 99199,20210226,  -52,    0
 18133, 99199,20210227,  -30,    0
 18133, 99199,20210228,  -44,    0
 18133, 99199,20210301,  -37,    0
 18133, 99199,20210302,  -34,    0
 18133, 99199,20210303,  -69,    0
 18133, 99199,20210304, -113,    0
 18133, 99199,20210305,  -91,    0
 18133, 99199,20210306,  -84,    0
 18133, 99199,20210307, -119,    0
 18133, 99199,20210308, -106,    0
 18133, 99199,20210309,  -72,    0
 18133, 99199,20210310, -110,    0
 18133, 99199,20210311,  -89,    0
 18133, 99199,20210312,  -64,    0
 18133, 99199,20210313,  -73,    0
 18133, 99199,20210314,  -75,    0
 18133, 99199,20210315,  -74,    0
 18133, 99199,20210316, -106,    0
 18133, 99199,20210317,  -96,    0
 18133, 99199,20210318,  -64,    0
 18133, 99199,20210319,  -48,    0
 18133, 99199,20210320,  -48,    0
 18133, 99199,20210321,  -91,    0
 18133, 99199,20210322,  -36,    0
 18133, 99199,20210323,  -21,    0
 18133, 99199,20210324,  -54,    0
 18133, 99199,20210325,  -64,    0
 18133, 99199,20210326,  -48,    0
 18133, 99199,20210327,  -58,    0
 18133, 99199,20210328,  -63,    0
 18133, 99199,20210329,  -37,    0
 18133, 99199,20210330,  -47,    0
 18133, 99199,20210331,  -67,    0
 18133, 99199,20210401,  -69,    0
 18133, 99199,20210402,  -81,    0
 18133, 99199,20210403,  -61,    0
 18133, 99199,20210404,  -65,    0
 18133, 99199,20210405, -108,    0
 18133, 99199,20210406,  -84,    0
 18133, 99199,20210407,  -99,    0
 18133, 99199,20210408, -105,    0
 18133, 99199,20210409,  -93,    0
 18133, 99199,20210410,  -97,    0
 18133, 99199,20210411,  -89,    0
 18133, 99199,20210412,  -94,    0
 18133, 99199,20210413,  -96,    0
 18133, 99199,20210414,  -78,    0
 18133, 99199,20210415,  -52,    0
 18133, 99199,20210416,  -49,    0
 18133, 99199,20210417,  -34,    0
 18133, 99199,20210418,   -4,    0
 18133, 99199,20210419,   22,    0
 18133, 99199,20210420,   -2,    0
 18133, 99199,20210421,  -73,    0
 18133, 99199,20210422,  -92,    0
 18133, 99199,20210423,  -96,    0
 18133, 99199,20210424,  -95,    0
 18133, 99199,20210425,  -92,    0
 18133, 99199,20210426,  -93,    0
 18133, 99199,20210427,  -84,    0
 18133, 99199,20210428,  -87,    0
 18133, 99199,20210429,  -89,    0
 18133, 99199,20210430,  -86,    0
 18133, 99199,20210501,  -83,    0
 18133, 99199,20210502,  -76,    0
 18133, 99199,20210503,  -63,    0
 18133, 99199,20210504,  -60,    0
 18133, 99199,20210505,  -74,    0
 18133, 99199,20210506,  -91,    0
 18133, 99199,20210507,  -79,    0
 18133, 99199,20210508,  -74,    0
 18133, 99199,20210509,  -46,    0
 18133, 99199,20210510,    7,    0
 18133, 99199,20210511,   22,    0
 18133, 99199,20210512,    9,    0
 18133, 99199,20210513,   22,    0
 18133, 99199,20210514,   61,    0
 18133, 99199,20210515,   38,    0
 18133, 99199,20210516,    7,    0
 18133, 99199,20210517,   -1,    0
 18133, 99199,20210518,   -8,    0
 18133, 99199,20210519,   -3,    0
 18133, 99199,20210520,  -21,    0
 18133, 99199,20210521,   -3,    0
 18133, 99199,20210522,   22,    0
 18133, 99199,20210523,   22,    0
 18133, 99199,20210524,   28,    0
 18133, 99199,20210525,   26,    0
 18133, 99199,20210526,   11,    0
 18133, 99199,20210527,   15,    0
 18133, 99199,20210528,   21,    0
 18133, 99199,20210529,   75,    0
 18133, 99199,20210530,   97,    0
 18133, 99199,20210531,   83,    0
 18133, 99199,20210601,  114,    0
 18133, 99199,20210602,  107,    0
 18133, 99199,20210603,   91,    0
 18133, 99199,20210604,   85,    0
 18133, 99199,20210605,   83,    0
 18133, 99199,20210606,   72,    0
 18133, 99199,20210607,   63,    0
 18133, 99199,20210608,   67,    0
 18133, 99199,20210609,   84,    0
 18133, 99199,20210610,   89,    0
 18133, 99199,20210611,   68,    0
 18133, 99199,20210612,    5,    0
 18133, 99199,20210613,    9,    0
 18133, 99199,20210614,   21,    0
 18133, 99199,20210615,  -12,    0
 18133, 99199,20210616,   16,    0
 18133, 99199,20210617,   73,    0
 18133, 99199,20210618,   35,    0
 18133, 99199,20210619,   29,    0
 18133, 99199,20210620,   38,    0
 18133, 99199,20210621,   32,    0
 18133, 99199,20210622,   31,    0
 18133, 99199,20210623,   79,    0
 18133, 99199,20210624,   72,    0
 18133, 99199,20210625,   53,    0
 18133, 99199,20210626,   76,    0
 18133, 99199,20210627,   83,    0
 18133, 99199,20210628,   93,    0
 18133, 99199,20210629,   42,    0
 18133, 99199,20210630,   52,    0
 18133, 99199,20210701,  120,    0
 18133, 99199,20210702,  140,    0
 18133, 99199,20210703,  152,    0
 18133, 99199,20210704,  127,    0
 18133, 99199,20210705,  112,    0
 18133, 99199,20210706,  100,    0
 18133, 99199,20210707,   90,    0
 18133, 99199,20210708,   87,    0
 18133, 99199,20210709,  104,    0
 18133, 99199,20210710,   85,    0
 18133, 99199,20210711,   85,    0
 18133, 99199,20210712,  100,    0
 18133, 99199,20210713,  121,    0
 18133, 99199,20210714,  126,    0
 18133, 99199,20210715,   74,    0
 18133, 99199,20210716,   88,    0
 18133, 99199,20210717,   75,    0
 18133, 99199,20210718,   11,    0
 18133, 99199,20210719,   30,    0
 18133, 99199,20210720,   21,    0
 18133, 99199,20210721,   56,    0
 18133, 99199,20210722,   48,    0
 18133, 99199,20210723,   89,    0
 18133, 99199,20210724,  134,    0
 18133, 99199,20210725,  139,    0
 18133, 99199,20210726,  136,    0
 18133, 99199,20210727,  111,    0
 18133, 99199,20210728,   99,    0
 18133, 99199,20210729,   93,    0
 18133, 99199,20210730,   56,    0
 18133, 99199,20210731,   23,    0
 18133, 99199,20210801,   11,    0
 18133, 99199,20210802,    3,    0
 18133, 99199,20210803,   19,    0
 18133, 99199,20210804,   59,    0
 18133, 99199,20210805,   75,    0
 18133, 99199,20210806,   73,    0
 18133, 99199,20210807,   68,    0
 18133, 99199,20210808,   67,    0
 18133, 99199,20210809,   97,    0
 18133, 99199,20210810,   82,    0
 18133, 99199,20210811,   72,    0
 18133, 99199,20210812,   91,    0
 18133, 99199,20210813,   78,    0
 18133, 99199,20210814,   32,    0
 18133, 99199,20210815,   30,    0
 18133, 99199,20210816,   37,    0
 18133, 99199,20210817,   37,    0
 18133, 99199,20210818,   20,    0
 18133, 99199,20210819,    7,    0
 18133, 99199,20210820,    9,    0
 18133, 99199,20210821,   15,    0
 18133, 99199,20210822,   40,    0
 18133, 99199,20210823,   61,    0
 18133, 99199,20210824,   63,    0
 18133, 99199,20210825,   23,    0
 18133, 99199,20210826,   12,    0
 18133, 99199,20210827,   53,    0
 18133, 99199,20210828,   81,    0
 18133, 99199,20210829,   82,    0
 18133, 99199,20210830,   78,    0
 18133, 99199,20210831,   34,    0
 18133, 99199,20210901,   34,    0
 18133, 99199,20210902,   27,    0
 18133, 99199,20210903,   -8,    0
 18133, 99199,20210904,   21,    0
 18133, 99199,20210905,   43,    0
 18133, 99199,20210906,   49,    0
 18133, 99199,20210907,   72,    0
 18133, 99199,20210908,   73,    0
 18133, 99199,20210909,   68,    0
 18133, 99199,20210910,   76,    0
 18133, 99199,20210911,   77,    0
 18133, 99199,20210912,   22,    0
 18133, 99199,20210913,   -4,    0
 18133, 99199,20210914,   15,    0
 18133, 99199,20210915,   51,    0
 18133, 99199,20210916,   40,    0
 18133, 99199,20210917,   34,    0
 18133, 99199,20210918,   31,    0
 18133, 99199,20210919,   43,    0
 18133, 99199,20210920,   33,    0
 18133, 99199,20210921,   17,    0
 18133, 99199,20210922,   47,    0
 18133, 99199,20210923,   -8,    0
 18133, 99199,20210924,  -10,    0
 18133, 99199,20210925,    0,    0
 18133, 99199,20210926,   68,    0
 18133, 99199,20210927,   52,    0
 18133, 99199,20210928,   33,    0
 18133, 99199,20210929,   21,    0
 18133, 99199,20210930,   12,    0
 18133, 99199,20211001,   17,    0
 18133, 99199,20211002,   25,    0
 18133, 99199,20211003,   22,    0
 18133, 99199,20211004,   23,    0
 18133, 99199,20211005,   22,    0
 18133, 99199,20211006,   23,    0
 18133, 99199,20211007,   10,    0
 18133, 99199,20211008,   67,    0
 18133, 99199,20211009,   76,    0
 18133, 99199,20211010,   21,    0
 18133, 99199,20211011,  -35,    0
 18133, 99199,20211012,  -42,    0
 18133, 99199,20211013,  -45,    0
 18133, 99199,20211014,    4,    0
 18133, 99199,20211015,  -56,    0
 18133, 99199,20211016,  -59,    0
 18133, 99199,20211017,  -65,    0
 18133, 99199,20211018,  -65,    0
 18133, 99199,20211019,  -10,    0
 18133, 99199,20211020,    5,    0
 18133, 99199,20211021,  -61,    0
 18133, 99199,20211022,  -56,    0
 18133, 99199,20211023,  -57,    0
 18133, 99199,20211024,   -9,    0
 18133, 99199,20211025,   -6,    0
 18133, 99199,20211026,  -29,    0
 18133, 99199,20211027,   -7,    0
 18133, 99199,20211028,   17,    0
 18133, 99199,20211029,   21,    0
 18133, 99199,20211030,   12,    0
 18133, 99199,20211031,   -2,    0
 18133, 99199,20211101,   -8,    0
 18133, 99199,20211102,   -5,    0
 18133, 99199,20211103,  -21,    0
 18133, 99199,20211104,  -36,    0
 18133, 99199,20211105,  -51,    0
 18133, 99199,20211106,  -70,    0
 18133, 99199,20211107,  -60,    0
 18133, 99199,20211108,  -76,    0
 18133, 99199,20211109,  -24,    0
 18133, 99199,20211110,  -46,    0
 18133, 99199,20211111,  -43,    0
 18133, 99199,20211112,  -59,    0
 18133, 99199,20211113,  -27,    0
 18133, 99199,20211114,   -9,    0
 18133, 99199,20211115,  -13,    0
 18133, 99199,20211116,   -5,    0
 18133, 99199,20211117,  -43,    0
 18133, 99199,20211118,  -60,    0
 18133, 99199,20211119,  -32,    0
 18133, 99199,20211120,  -59,    0
 18133, 99199,20211121,  -86,    0
 18133, 99199,20211122,  -68,    0
 18133, 99199,20211123,  -36,    0
 18133, 99199,20211124,  -40,    0
 18133, 99199,20211125,  -99,    0
 18133, 99199,20211126, -122,    0
 18133, 99199,20211127, -139,    0
 18133, 99199,20211128, -148,    0
 18133, 99199,20211129, -138,    0
 18133, 99199,20211130, -120,    0
 18133, 99199,20211201, -124,    0
 18133, 99199,20211202, -137,    0
 18133, 99199,20211203, -178,    0
 18133, 99199,20211204, -130,    0
 18133, 99199,20211205, -109,    0
 18133, 99199,20211206,  -96,    0
 18133, 99199,20211207, -105,    0
 18133, 99199,20211208, -124,    0
 18133, 99199,20211209, -103,    0
 18133, 99199,20211210,  -90,    0
 18133, 99199,20211211,  -79,    0
 18133, 99199,20211212,  -64,    0
 18133, 99199,20211213,  -50,    0
 18133, 99199,20211214,  -59,    0
 18133, 99199,20211215,  -40,    0
 18133, 99199,20211216,  -46,    0
 18133, 99199,20211217,   -7,    0
 18133, 99199,20211218,  -20,    0
 18133, 99199,20211219,  -80,    0
 18133, 99199,20211220,  -78,    0
 18133, 99199,20211221,  -82,    0
 18133, 99199,20211222,  -80,    0
 18133, 99199,20211223, -108,    0
 18133, 99199,20211224, -161,    0
 18133, 99199,20211225, -108,    0
 18133, 99199,20211226,  -91,    0
 18133, 99199,20211227, -107,    0
 18133, 99199,20211228,  -95,    0
 18133, 99199,20211229,  -65,    0
 18133, 99199,20211230,  -68,    0
 18133, 99199,20211231,  -65,    0
 18133, 99199,20220101,  -77,    0
 18133, 99199,20220102,  -43,    0
 18133, 99199,20220103,  -62,    0
 18133, 99199,20220104, -108,    0
 18133, 99199,20220105, -117,    0
 18133, 99199,20220106, -134,    0
 18133, 99199,20220107, -107,    0
 18133, 99199,20220108, -106,    0
 18133, 99199,20220109, -117,    0
 18133, 99199,20220110,  -97,    0
 18133, 99199,20220111,  -63,    0
 18133, 99199,20220112,  -29,    0
 18133, 99199,20220113,  -32,    0
 18133, 99199,20220114,  -92,    0
 18133, 99199,20220115,  -72,    0
 18133, 99199,20220116,  -82,    0
 18133, 99199,20220117,  -97,    0
 18133, 99199,20220118,  -28,    0
 18133, 99199,20220119,  -80,    0
 18133, 99199,20220120, -128,    0
 18133, 99199,20220121,  -65,    0
 18133, 99199,20220122,  -22,    0
 18133, 99199,20220123,  -23,    0
 18133, 99199,20220124,  -58,    0
 18133, 99199,20220125,  -83,    0
 18133, 99199,20220126,  -61,    0
 18133, 99199,20220127,  -68,    0
 18133, 99199,20220128,  -93,    0
 18133, 99199,20220129,  -51,    0
 18133, 99199,20220130, -100,    0
 18133, 99199,20220131, -127,    0
 18133, 99199,20220201, -125,    0
 18133, 99199,20220202, -111,    0
 18133, 99199,20220203, -100,    0
 18133, 99199,20220204,  -86,    0
 18133, 99199,20220205, -101,    0
 18133, 99199,20220206, -101,    0
 18133, 99199,20220207,  -80,    0
 18133, 99199,20220208,  -76,    0
 18133, 99199,20220209,  -85,    0
 18133, 99199,20220210, -101,    0
 18133, 99199,20220211, -117,    0
 18133, 99199,20220212,  -72,    0
 18133, 99199,20220213,  -49,    0
 18133, 99199,20220214, -100,    0
 18133, 99199,20220215, -113,    0
 18133, 99199,20220216,  -89,    0
 18133, 99199,20220217,  -96,    0
 18133, 99199,20220218,  -94,    0
 18133, 99199,20220219, -119,    0
 18133, 99199,20220220, -105,    0
 18133, 99199,20220221, -100,    0
 18133, 99199,20220222, -114,    0
 18133, 99199,20220223,  -81,    0
 18133, 99199,20220224,  -96,    0
 18133, 99199,20220225, -101,    0
 18133, 99199,20220226,  -72,    0
 18133, 99199,20220227,  -56,    0
 18133, 99199,20220228,  -63,    0
 18133, 99199,20220301,  -66,    0
 18133, 99199,20220302,  -76,    0
 18133, 99199,20220303,  -72,    0
 18133, 99199,20220304,  -69,    0
 18133, 99199,20220305,  -81,    0
 18133, 99199,20220306,  -77,    0
 18133, 99199,20220307,  -63,    0
 18133, 99199,20220308,  -63,    0
 18133, 99199,20220309,  -28,    0
 18133, 99199,20220310,  -24,    0
 18133, 99199,20220311,   -4,    0
 18133, 99199,20220312,   -7,    0
 18133, 99199,20220313,  -21,    0
 18133, 99199,20220314,  -15,    0
 18133, 99199,20220315,  -23,    0
 18133, 99199,20220316,  -42,    0
 18133, 99199,20220317,  -52,    0
 18133, 99199,20220318,  -66,    0
 18133, 99199,20220319,    5,    0
 18133, 99199,20220320,   23,    0
 18133, 99199,20220321,  -17,    0
 18133, 99199,20220322,  -58,    0
 18133, 99199,20220323,  -18,    0
 18133, 99199,20220324,   -9,    0
 18133, 99199,20220325,  -40,    0
 18133, 99199,20220326,  -81,    0
 18133, 99199,20220327,  -29,    0
 18133, 99199,20220328,  -88,    0
 18133, 99199,20220329, -123,    0
 18133, 99199,20220330, -123,    0
 18133, 99199,20220331, -104,    0
 18133, 99199,20220401, -102,    0
 18133, 99199,20220402,  -98,    0
 18133, 99199,20220403,  -88,    0
 18133, 99199,20220404, -114,    0
 18133, 99199,20220405, -122,    0
 18133, 99199,20220406, -107,    0
 18133, 99199,20220407, -119,    0
 18133, 99199,20220408, -122,    0
 18133, 99199,20220409,  -84,    0
 18133, 99199,20220410,  -72,    0
 18133, 99199,20220411,  -84,    0
 18133, 99199,20220412,  -69,    0
 18133, 99199,20220413,  -56,    0
 18133, 99199,20220414,  -62,    0
 18133, 99199,20220415,  -46,    0
 18133, 99199,20220416,  -24,    0
 18133, 99199,20220417,    9,    0
 18133, 99199,20220418,   40,    0
 18133, 99199,20220419,   36,    0
 18133, 99199,20220420,   41,    0
 18133, 99199,20220421,   39,    0
 18133, 99199,20220422,    4,    0
 18133, 99199,20220423,    3,    0
 18133, 99199,20220424,    5,    0
 18133, 99199,20220425,  -44,    0
 18133, 99199,20220426,  -86,    0
 18133, 99199,20220427,  -82,    0
 18133, 99199,20220428,  -71,    0
 18133, 99199,20220429,  -66,    0
 18133, 99199,20220430,  -62,    0
 18133, 99199,20220501,  -45,    0
 18133, 99199,20220502,  -58,    0
 18133, 99199,20220503,  -85,    0
 18133, 99199,20220504,  -55,    0
 18133, 99199,20220505,  -20,    0
 18133, 99199,20220506,   -5,    0
 18133, 99199,20220507,  -74,    0
 18133, 99199,20220508,  -62,    0
 18133, 99199,20220509,   -6,    0
 18133, 99199,20220510,    0,    0
 18133, 99199,20220511,   -7,    0
 18133, 99199,20220512,  -26,    0
 18133, 99199,20220513,  -19,    0
 18133, 99199,20220514,  -41,    0
 18133, 99199,20220515,  -43,    0
 18133, 99199,20220516,  -41,    0
 18133, 99199,20220517,   28,    0
 18133, 99199,20220518,   36,    0
 18133, 99199,20220519,   32,    0
 18133, 99199,20220520,   28,    0
 18133, 99199,20220521,   16,    0
 18133, 99199,20220522,   22,    0
 18133, 99199,20220523,   21,    0
 18133, 99199,20220524,   20,    0
 18133, 99199,20220525,   22,    0
 18133, 99199,20220526,   -2,    0
 18133, 99199,20220527,  -24,    0
 18133, 99199,20220528,  -29,    0
 18133, 99199,20220529,  -25,    0
 18133, 99199,20220530,   11,    0
 18133, 99199,20220531,   37,    0
 18133, 99199,20220601,   20,    0
 18133, 99199,20220602,   13,    0
 18133, 99199,20220603,    9,    0
 18133, 99199,20220604,    3,    0
 18133, 99199,20220605,   -3,    0
 18133, 99199,20220606,   47,    0
 18133, 99199,20220607,   64,    0
 18133, 99199,20220608,   46,    0
 18133, 99199,20220609,   60,    0
 18133, 99199,20220610,   74,    0
 18133, 99199,20220611,   45,    0
 18133, 99199,20220612,   30,    0
 18133, 99199,20220613,   13,    0
 18133, 99199,20220614,   17,    0
 18133, 99199,20220615,   26,    0
 18133, 99199,20220616,   36,    0
 18133, 99199,20220617,   53,    0
 18133, 99199,20220618,   22,    0
 18133, 99199,20220619,   28,    0
 18133, 99199,20220620,   58,    0
 18133, 99199,20220621,   23,    0
 18133, 99199,20220622,   32,    0
 18133, 99199,20220623,   67,    0
 18133, 99199,20220624,  123,    0
 18133, 99199,20220625,  115,    0
 18133, 99199,20220626,  109,    0
 18133, 99199,20220627,  104,    0
 18133, 99199,20220628,   66,    0
 18133, 99199,20220629,   83,    0
 18133, 99199,20220630,  132,    0
 18133, 99199,20220701,  127,    0
 18133, 99199,20220702,   76,    0
 18133, 99199,20220703,   58,    0
 18133, 99199,20220704,   47,    0
 18133, 99199,20220705,   19,    0
 18133, 99199,20220706,    9,    0
 18133, 99199,20220707,    7,    0
 18133, 99199,20220708,   32,    0
 18133, 99199,20220709,    5,    0
 18133, 99199,20220710,   17,    0
 18133, 99199,20220711,   71,    0
 18133, 99199,20220712,   91,    0
 18133, 99199,20220713,   45,    0
 18133, 99199,20220714,    0,    0
 18133, 99199,20220715,   -5,    0
 18133, 99199,20220716,    0,    0
 18133, 99199,20220717,   32,    0
 18133, 99199,20220718,   38,    0
 18133, 99199,20220719,   75,    0
 18133, 99199,20220720,  129,    0
 18133, 99199,20220721,   80,    0
 18133, 99199,20220722,   36,    0
 18133, 99199,20220723,   77,    0
 18133, 99199,20220724,   74,    0
 18133, 99199,20220725,   84,    0
 18133, 99199,20220726,   43,    0
 18133, 99199,20220727,    4,    0
 18133, 99199,20220728,   34,    0
 18133, 99199,20220729,   92,    0
 18133, 99199,20220730,   97,    0
 18133, 99199,20220731,   68,    0
 18133, 99199,20220801,   11,    0
 18133, 99199,20220802,   35,    0
 18133, 99199,20220803,   80,    0
 18133, 99199,20220804,   53,    0
 18133, 99199,20220805,   34,    0
 18133, 99199,20220806,    9,    0
 18133, 99199,20220807,   45,    0
 18133, 99199,20220808,   78,    0
 18133, 99199,20220809,   74,    0
 18133, 99199,20220810,   95,    0
 18133, 99199,20220811,   67,    0
 18133, 99199,20220812,   77,    0
 18133, 99199,20220813,   80,    0
 18133, 99199,20220814,  119,    0
 18133, 99199,20220815,  115,    0
 18133, 99199,20220816,  110,    0
 18133, 99199,20220817,   32,    0
 18133, 99199,20220818,   65,    0
 18133, 99199,20220819,   88,    0
 18133, 99199,20220820,   82,    0
 18133, 99199,20220821,   55,    0
 18133, 99199,20220822,   37,    0
 18133, 99199,20220823,   71,    0
 18133, 99199,20220824,  105,    0
 18133, 99199,20220825,  119,    0
 18133, 99199,20220826,   88,    0
 18133, 99199,20220827,   41,    0
 18133, 99199,20220828,   21,    0
 18133, 99199,20220829,   25,    0
 18133, 99199,20220830,   10,    0
 18133, 99199,20220831,   43,    0
 18133, 99199,20220901,   57,    0
 18133, 99199,20220902,   54,    0
 18133, 99199,20220903,   44,    0
 18133, 99199,20220904,   50,    0
 18133, 99199,20220905,   59,    0
 18133, 99199,20220906,   57,    0
 18133, 99199,20220907,   75,    0
 18133, 99199,20220908,   53,    0
 18133, 99199,20220909,   37,    0
 18133, 99199,20220910,   44,    0
 18133, 99199,20220911,   38,    0
 18133, 99199,20220912,   47,    0
 18133, 99199,20220913,   36,    0
 18133, 99199,20220914,    6,    0
 18133, 99199,20220915,    4,    0
 18133, 99199,20220916,    4,    0
 18133, 99199,20220917,   -5,    0
 18133, 99199,20220918,  -10,    0
 18133, 99199,20220919,  -21,    0
 18133, 99199,20220920,  -25,    0
 18133, 99199,20220921,   25,    0
 18133, 99199,20220922,   35,    0
 18133, 99199,20220923,   17,    0
 18133, 99199,20220924,   -3,    0
 18133, 99199,20220925,    0,    0
 18133, 99199,20220926,   -3,    0
 18133, 99199,20220927,    8,    0
 18133, 99199,20220928,   12,    0
 18133, 99199,20220929,   11,    0
 18133, 99199,20220930,    6,    0
 18133, 99199,20221001,   10,    0
 18133, 99199,20221002,   10,    0
 18133, 99199,20221003,   -1,    0
 18133, 99199,20221004,   24,    0
 18133, 99199,20221005,    1,    0
 18133, 99199,20221006,   -9,    0
 18133, 99199,20221007,   -7,    0
 18133, 99199,20221008,  -36,    0
 18133, 99199,20221009,  -10,    0
 18133, 99199,20221010,   -4,    0
 18133, 99199,20221011,  -44,    0
 18133, 99199,20221012,  -13,    0
 18133, 99199,20221013,   -8,    0
 18133, 99199,20221014,  -12,    0
 18133, 99199,20221015,  -26,    0
 18133, 99199,20221016,  -19,    0
 18133, 99199,20221017,  -17,    0
 18133, 99199,20221018,  -40,    0
 18133, 99199,20221019,  -47,    0
 18133, 99199,20221020,  -19,    0
 18133, 99199,20221021,   30,    0
 18133, 99199,20221022,   -8,    0
 18133, 99199,20221023,  -13,    0
 18133, 99199,20221024,   13,    0
 18133, 99199,20221025,   14,    0
 18133, 99199,20221026,   11,    0
 18133, 99199,20221027,   17,    0
 18133, 99199,20221028,   30,    0
 18133, 99199,20221029,   -3,    0
 18133, 99199,20221030,   22,    0
 18133, 99199,20221031,   20,    0
