EUROPEAN CLIMATE ASSESSMENT & DATASET (ECA&D), file created on: 16-11-2022
THESE DATA CAN BE USED FOR NON-COMMERCIAL RESEARCH AND EDUCATION PROVIDED THAT THE FOLLOWING SOURCE IS ACKNOWLEDGED: 

Klein Tank, A.M.G. and Coauthors, 2002. Daily dataset of 20th-century surface
air temperature and precipitation series for the European Climate Assessment.
Int. J. of Climatol., 22, 1441-1453.
Data and metadata available at http://www.ecad.eu

FILE FORMAT (MISSING VALUE CODE = -9999):

01-06 STAID: Station identifier
08-13 SOUID: Source identifier
15-22 DATE : Date YYYYMMDD
24-28 TG   : Mean temperature in 0.1 &#176;C
30-34 Q_TG : quality code for TG (0='valid'; 1='suspect'; 9='missing')

This is the blended series of station GJEMNES - REINSFJELLET, NORWAY (STAID: 18252)
Blended and updated with sources:99538 
See files sources.txt and stations.txt for more info.

STAID, SOUID,    DATE,   TG, Q_TG
 18252, 99538,20150902,   61,    0
 18252, 99538,20150903,   85,    0
 18252, 99538,20150904,   53,    0
 18252, 99538,20150905,   32,    0
 18252, 99538,20150906,   24,    0
 18252, 99538,20150907,   52,    0
 18252, 99538,20150908,   64,    0
 18252, 99538,20150909,  140,    0
 18252, 99538,20150910,  155,    0
 18252, 99538,20150911,  129,    0
 18252, 99538,20150912,   97,    0
 18252, 99538,20150913,   98,    0
 18252, 99538,20150914,  101,    0
 18252, 99538,20150915,   92,    0
 18252, 99538,20150916,   72,    0
 18252, 99538,20150917,   68,    0
 18252, 99538,20150918,   60,    0
 18252, 99538,20150919,   36,    0
 18252, 99538,20150920,   30,    0
 18252, 99538,20150921,   47,    0
 18252, 99538,20150922,   63,    0
 18252, 99538,20150923,   67,    0
 18252, 99538,20150924,   84,    0
 18252, 99538,20150925,   35,    0
 18252, 99538,20150926,   23,    0
 18252, 99538,20150927,   36,    0
 18252, 99538,20150928,   68,    0
 18252, 99538,20150929,   96,    0
 18252, 99538,20150930,   63,    0
 18252, 99538,20151001,   58,    0
 18252, 99538,20151002,   36,    0
 18252, 99538,20151003,   29,    0
 18252, 99538,20151004,   32,    0
 18252, 99538,20151005,   56,    0
 18252, 99538,20151006,   60,    0
 18252, 99538,20151007,   53,    0
 18252, 99538,20151008,   51,    0
 18252, 99538,20151009,   47,    0
 18252, 99538,20151010,   53,    0
 18252, 99538,20151011,   50,    0
 18252, 99538,20151012,   40,    0
 18252, 99538,20151013,   29,    0
 18252, 99538,20151014,   36,    0
 18252, 99538,20151015,   39,    0
 18252, 99538,20151016,   35,    0
 18252, 99538,20151017,   38,    0
 18252, 99538,20151018,   27,    0
 18252, 99538,20151019,   14,    0
 18252, 99538,20151020,   17,    0
 18252, 99538,20151021,   26,    0
 18252, 99538,20151022,   48,    0
 18252, 99538,20151023,   32,    0
 18252, 99538,20151024,   49,    0
 18252, 99538,20151025,   -7,    0
 18252, 99538,20151026,   18,    0
 18252, 99538,20151027,   32,    0
 18252, 99538,20151028,   48,    0
 18252, 99538,20151029,   70,    0
 18252, 99538,20151030,   52,    0
 18252, 99538,20151031,   80,    0
 18252, 99538,20151101,   42,    0
 18252, 99538,20151102,   61,    0
 18252, 99538,20151103,   55,    0
 18252, 99538,20151104,   21,    0
 18252, 99538,20151105,   65,    0
 18252, 99538,20151106,   67,    0
 18252, 99538,20151107,   39,    0
 18252, 99538,20151108,   16,    0
 18252, 99538,20151109,   16,    0
 18252, 99538,20151110,    0,    0
 18252, 99538,20151111,   -5,    0
 18252, 99538,20151112,   -1,    0
 18252, 99538,20151113,    9,    0
 18252, 99538,20151114,  -10,    0
 18252, 99538,20151115,   -6,    0
 18252, 99538,20151116,   -6,    0
 18252, 99538,20151117,   -5,    0
 18252, 99538,20151118,  -19,    0
 18252, 99538,20151119,  -40,    0
 18252, 99538,20151120,  -58,    0
 18252, 99538,20151121,  -72,    0
 18252, 99538,20151122,  -55,    0
 18252, 99538,20151123,  -23,    0
 18252, 99538,20151124,   -1,    0
 18252, 99538,20151125,  -27,    0
 18252, 99538,20151126,  -14,    0
 18252, 99538,20151127,   16,    0
 18252, 99538,20151128,  -37,    0
 18252, 99538,20151129,  -26,    0
 18252, 99538,20151130,  -39,    0
 18252, 99538,20151201,  -36,    0
 18252, 99538,20151202,  -16,    0
 18252, 99538,20151203,  -32,    0
 18252, 99538,20151204,  -24,    0
 18252, 99538,20151205,  -13,    0
 18252, 99538,20151206,  -24,    0
 18252, 99538,20151207,  -36,    0
 18252, 99538,20151208,   19,    0
 18252, 99538,20151209,   -7,    0
 18252, 99538,20151210,  -18,    0
 18252, 99538,20151211,  -33,    0
 18252, 99538,20151212,  -32,    0
 18252, 99538,20151213,  -51,    0
 18252, 99538,20151214,  -46,    0
 18252, 99538,20151215,  -26,    0
 18252, 99538,20151216,  -42,    0
 18252, 99538,20151217,   32,    0
 18252, 99538,20151218,   20,    0
 18252, 99538,20151219,   30,    0
 18252, 99538,20151220,   32,    0
 18252, 99538,20151221,    3,    0
 18252, 99538,20151222,   -6,    0
 18252, 99538,20151223,  -12,    0
 18252, 99538,20151224,   14,    0
 18252, 99538,20151225,  -31,    0
 18252, 99538,20151226,  -86,    0
 18252, 99538,20151227,  -85,    0
 18252, 99538,20151228,  -13,    0
 18252, 99538,20151229,   10,    0
 18252, 99538,20151230,   19,    0
 18252, 99538,20151231,   13,    0
 18252, 99538,20160101,   -9,    0
 18252, 99538,20160102,  -34,    0
 18252, 99538,20160103,  -73,    0
 18252, 99538,20160104,  -79,    0
 18252, 99538,20160105,  -73,    0
 18252, 99538,20160106,  -55,    0
 18252, 99538,20160107,  -71,    0
 18252, 99538,20160108, -113,    0
 18252, 99538,20160109, -135,    0
 18252, 99538,20160110,  -90,    0
 18252, 99538,20160111,  -48,    0
 18252, 99538,20160112,  -73,    0
 18252, 99538,20160113,  -70,    0
 18252, 99538,20160114,  -57,    0
 18252, 99538,20160115, -109,    0
 18252, 99538,20160116,  -79,    0
 18252, 99538,20160117,  -65,    0
 18252, 99538,20160118,  -68,    0
 18252, 99538,20160119,  -73,    0
 18252, 99538,20160120,  -71,    0
 18252, 99538,20160121,  -69,    0
 18252, 99538,20160122,  -44,    0
 18252, 99538,20160123,   -5,    0
 18252, 99538,20160124,    4,    0
 18252, 99538,20160125,   48,    0
 18252, 99538,20160126,  -16,    0
 18252, 99538,20160127,  -19,    0
 18252, 99538,20160128,  -39,    0
 18252, 99538,20160129,  -16,    0
 18252, 99538,20160130,  -48,    0
 18252, 99538,20160131,  -57,    0
 18252, 99538,20160201,  -52,    0
 18252, 99538,20160202,  -39,    0
 18252, 99538,20160203,  -46,    0
 18252, 99538,20160204,  -52,    0
 18252, 99538,20160205,  -46,    0
 18252, 99538,20160206,  -24,    0
 18252, 99538,20160207,  -15,    0
 18252, 99538,20160208,  -19,    0
 18252, 99538,20160209,  -24,    0
 18252, 99538,20160210,  -43,    0
 18252, 99538,20160211,  -74,    0
 18252, 99538,20160212,  -80,    0
 18252, 99538,20160213,  -98,    0
 18252, 99538,20160214,  -83,    0
 18252, 99538,20160215,  -68,    0
 18252, 99538,20160216,  -59,    0
 18252, 99538,20160217,   -9,    0
 18252, 99538,20160218,  -46,    0
 18252, 99538,20160219,  -45,    0
 18252, 99538,20160220,  -29,    0
 18252, 99538,20160221,  -42,    0
 18252, 99538,20160222,  -51,    0
 18252, 99538,20160223,  -42,    0
 18252, 99538,20160224,  -41,    0
 18252, 99538,20160225,  -39,    0
 18252, 99538,20160226,  -38,    0
 18252, 99538,20160227,  -40,    0
 18252, 99538,20160228,  -43,    0
 18252, 99538,20160229,  -61,    0
 18252, 99538,20160301,  -46,    0
 18252, 99538,20160302,  -50,    0
 18252, 99538,20160303,  -53,    0
 18252, 99538,20160304,  -36,    0
 18252, 99538,20160305,  -45,    0
 18252, 99538,20160306,  -63,    0
 18252, 99538,20160307,  -59,    0
 18252, 99538,20160308,  -74,    0
 18252, 99538,20160309,  -31,    0
 18252, 99538,20160310,  -18,    0
 18252, 99538,20160311,  -20,    0
 18252, 99538,20160312,    1,    0
 18252, 99538,20160313,   20,    0
 18252, 99538,20160314,   23,    0
 18252, 99538,20160315,   21,    0
 18252, 99538,20160316,    0,    0
 18252, 99538,20160317,  -12,    0
 18252, 99538,20160318,  -25,    0
 18252, 99538,20160319,  -20,    0
 18252, 99538,20160320,  -28,    0
 18252, 99538,20160321,  -30,    0
 18252, 99538,20160322,  -38,    0
 18252, 99538,20160323,  -34,    0
 18252, 99538,20160324,  -14,    0
 18252, 99538,20160325,  -11,    0
 18252, 99538,20160326,   23,    0
 18252, 99538,20160327,   33,    0
 18252, 99538,20160328,   21,    0
 18252, 99538,20160329,    5,    0
 18252, 99538,20160330,  -29,    0
 18252, 99538,20160331,  -45,    0
 18252, 99538,20160401,  -25,    0
 18252, 99538,20160402,   -7,    0
 18252, 99538,20160403,    0,    0
 18252, 99538,20160404,    9,    0
 18252, 99538,20160405,    3,    0
 18252, 99538,20160406,   -6,    0
 18252, 99538,20160407,  -20,    0
 18252, 99538,20160408,  -32,    0
 18252, 99538,20160409,  -32,    0
 18252, 99538,20160410,  -27,    0
 18252, 99538,20160411,  -24,    0
 18252, 99538,20160412,  -29,    0
 18252, 99538,20160413,  -35,    0
 18252, 99538,20160414,  -32,    0
 18252, 99538,20160415,  -37,    0
 18252, 99538,20160416,  -35,    0
 18252, 99538,20160417,  -25,    0
 18252, 99538,20160418,  -17,    0
 18252, 99538,20160419,  -16,    0
 18252, 99538,20160420,  -18,    0
 18252, 99538,20160421,  -22,    0
 18252, 99538,20160422,  -44,    0
 18252, 99538,20160423,  -50,    0
 18252, 99538,20160424,  -55,    0
 18252, 99538,20160425,  -37,    0
 18252, 99538,20160426,  -36,    0
 18252, 99538,20160427,  -34,    0
 18252, 99538,20160428,   -9,    0
 18252, 99538,20160429,  -10,    0
 18252, 99538,20160430,    8,    0
 18252, 99538,20160501,    7,    0
 18252, 99538,20160502,   28,    0
 18252, 99538,20160503,   11,    0
 18252, 99538,20160504,   24,    0
 18252, 99538,20160505,   44,    0
 18252, 99538,20160506,   46,    0
 18252, 99538,20160507,   51,    0
 18252, 99538,20160508,   76,    0
 18252, 99538,20160509,   98,    0
 18252, 99538,20160510,   23,    0
 18252, 99538,20160511,   53,    0
 18252, 99538,20160512,   -6,    0
 18252, 99538,20160513,  -24,    0
 18252, 99538,20160514,  -14,    0
 18252, 99538,20160515,   -9,    0
 18252, 99538,20160516,  -11,    0
 18252, 99538,20160517,  -20,    0
 18252, 99538,20160518,  -19,    0
 18252, 99538,20160519,  -13,    0
 18252, 99538,20160520,   31,    0
 18252, 99538,20160521,   51,    0
 18252, 99538,20160522,   54,    0
 18252, 99538,20160523,   16,    0
 18252, 99538,20160524,   19,    0
 18252, 99538,20160525,   28,    0
 18252, 99538,20160526,   53,    0
 18252, 99538,20160527,   90,    0
 18252, 99538,20160528,   92,    0
 18252, 99538,20160529,   95,    0
 18252, 99538,20160530,  105,    0
 18252, 99538,20160531,   84,    0
 18252, 99538,20160601,   78,    0
 18252, 99538,20160602,   84,    1
 18252, 99538,20160603,   46,    0
 18252, 99538,20160604,   39,    0
 18252, 99538,20160605,   56,    0
 18252, 99538,20160606,   84,    0
 18252, 99538,20160607,   63,    0
 18252, 99538,20160608,   10,    0
 18252, 99538,20160609,   10,    0
 18252, 99538,20160610,   24,    0
 18252, 99538,20160611,   60,    0
 18252, 99538,20160612,   55,    0
 18252, 99538,20160613,   61,    0
 18252, 99538,20160614,   54,    0
 18252, 99538,20160615,   83,    0
 18252, 99538,20160616,   82,    0
 18252, 99538,20160617,   56,    0
 18252, 99538,20160618,   25,    0
 18252, 99538,20160619,   18,    0
 18252, 99538,20160620,   77,    0
 18252, 99538,20160621,   73,    0
 18252, 99538,20160622,   96,    0
 18252, 99538,20160623,   99,    0
 18252, 99538,20160624,  114,    0
 18252, 99538,20160625,   76,    0
 18252, 99538,20160626,  115,    0
 18252, 99538,20160627,   90,    0
 18252, 99538,20160628,   58,    0
 18252, 99538,20160629,  100,    0
 18252, 99538,20160630,  102,    0
 18252, 99538,20160701,   93,    0
 18252, 99538,20160702,   66,    0
 18252, 99538,20160703,   52,    0
 18252, 99538,20160704,   57,    0
 18252, 99538,20160705,   51,    0
 18252, 99538,20160706,   32,    0
 18252, 99538,20160707,   48,    0
 18252, 99538,20160708,   86,    0
 18252, 99538,20160709,   71,    0
 18252, 99538,20160710,   97,    0
 18252, 99538,20160711,   96,    0
 18252, 99538,20160712,   78,    0
 18252, 99538,20160713,   70,    0
 18252, 99538,20160714,   60,    0
 18252, 99538,20160715,   57,    0
 18252, 99538,20160716,   67,    0
 18252, 99538,20160717,   58,    0
 18252, 99538,20160718,   67,    0
 18252, 99538,20160719,   96,    0
 18252, 99538,20160720,  127,    0
 18252, 99538,20160721,  180,    0
 18252, 99538,20160722,  141,    0
 18252, 99538,20160723,  120,    0
 18252, 99538,20160724,  145,    0
 18252, 99538,20160725,  152,    0
 18252, 99538,20160726,   93,    0
 18252, 99538,20160727,  106,    0
 18252, 99538,20160728,   91,    0
 18252, 99538,20160729,   98,    0
 18252, 99538,20160730,   75,    0
 18252, 99538,20160731,   69,    0
 18252, 99538,20160801,   76,    0
 18252, 99538,20160802,   55,    0
 18252, 99538,20160803,   78,    0
 18252, 99538,20160804,  104,    0
 18252, 99538,20160805,   77,    0
 18252, 99538,20160806,   60,    0
 18252, 99538,20160807,   90,    0
 18252, 99538,20160808,   91,    0
 18252, 99538,20160809,   50,    0
 18252, 99538,20160810,   10,    0
 18252, 99538,20160811,   12,    0
 18252, 99538,20160812,   48,    0
 18252, 99538,20160813,   56,    0
 18252, 99538,20160814,   54,    0
 18252, 99538,20160815,   64,    0
 18252, 99538,20160816,  107,    0
 18252, 99538,20160817,  140,    0
 18252, 99538,20160818,  137,    0
 18252, 99538,20160819,  108,    0
 18252, 99538,20160820,  121,    0
 18252, 99538,20160821,  118,    0
 18252, 99538,20160822,  122,    0
 18252, 99538,20160823,   98,    0
 18252, 99538,20160824,  108,    0
 18252, 99538,20160825,   74,    0
 18252, 99538,20160826,   85,    0
 18252, 99538,20160827,   53,    0
 18252, 99538,20160828,   77,    0
 18252, 99538,20160829,   59,    0
 18252, 99538,20160830,   69,    0
 18252, 99538,20160831,  103,    0
 18252, 99538,20160901,   59,    0
 18252, 99538,20160902,   55,    0
 18252, 99538,20160903,   59,    0
 18252, 99538,20160904,   42,    0
 18252, 99538,20160905,   71,    0
 18252, 99538,20160906,  104,    0
 18252, 99538,20160907,   65,    0
 18252, 99538,20160908,  109,    0
 18252, 99538,20160909,  108,    0
 18252, 99538,20160910,   93,    0
 18252, 99538,20160911,   63,    0
 18252, 99538,20160912,  110,    0
 18252, 99538,20160913,  155,    0
 18252, 99538,20160914,  120,    0
 18252, 99538,20160915,  137,    0
 18252, 99538,20160916,  167,    0
 18252, 99538,20160917,  119,    0
 18252, 99538,20160918,  124,    0
 18252, 99538,20160919,  102,    0
 18252, 99538,20160920,   97,    0
 18252, 99538,20160921,  111,    0
 18252, 99538,20160922,  101,    0
 18252, 99538,20160923,   71,    0
 18252, 99538,20160924,   64,    0
 18252, 99538,20160925,  117,    0
 18252, 99538,20160926,   80,    0
 18252, 99538,20160927,   73,    0
 18252, 99538,20160928,   36,    0
 18252, 99538,20160929,   33,    0
 18252, 99538,20160930,   14,    0
 18252, 99538,20161001,    6,    0
 18252, 99538,20161002,   10,    0
 18252, 99538,20161003,   45,    0
 18252, 99538,20161004,   64,    0
 18252, 99538,20161005,   62,    0
 18252, 99538,20161006,   87,    0
 18252, 99538,20161007,   80,    0
 18252, 99538,20161008,   60,    0
 18252, 99538,20161009,   57,    0
 18252, 99538,20161010,   42,    0
 18252, 99538,20161011,   46,    0
 18252, 99538,20161012,   53,    0
 18252, 99538,20161013,   56,    0
 18252, 99538,20161014,   78,    0
 18252, 99538,20161015,   79,    0
 18252, 99538,20161016,   62,    0
 18252, 99538,20161017,   48,    0
 18252, 99538,20161018,   48,    0
 18252, 99538,20161019,   46,    0
 18252, 99538,20161020,   33,    0
 18252, 99538,20161021,    8,    0
 18252, 99538,20161022,    3,    0
 18252, 99538,20161023,   -3,    0
 18252, 99538,20161024,   11,    0
 18252, 99538,20161025,    8,    0
 18252, 99538,20161026,   24,    0
 18252, 99538,20161027,   17,    0
 18252, 99538,20161028,  -13,    0
 18252, 99538,20161029,   -5,    0
 18252, 99538,20161030,   10,    0
 18252, 99538,20161031,   32,    0
 18252, 99538,20161101,   -6,    0
 18252, 99538,20161102,  -29,    0
 18252, 99538,20161103,  -29,    0
 18252, 99538,20161104,  -46,    0
 18252, 99538,20161105,  -53,    0
 18252, 99538,20161106,  -82,    0
 18252, 99538,20161107, -100,    0
 18252, 99538,20161108,  -74,    0
 18252, 99538,20161109,  -86,    0
 18252, 99538,20161110,  -71,    0
 18252, 99538,20161111,  -23,    0
 18252, 99538,20161112,   -6,    0
 18252, 99538,20161113,    3,    0
 18252, 99538,20161114,   29,    0
 18252, 99538,20161115,   16,    0
 18252, 99538,20161116,   -1,    0
 18252, 99538,20161117,  -25,    0
 18252, 99538,20161118,  -32,    0
 18252, 99538,20161119,  -26,    0
 18252, 99538,20161120,  -29,    0
 18252, 99538,20161121,  -23,    0
 18252, 99538,20161122,  -22,    0
 18252, 99538,20161123,  -26,    0
 18252, 99538,20161124,  -22,    0
 18252, 99538,20161125,   25,    0
 18252, 99538,20161126,  -22,    0
 18252, 99538,20161127,  -45,    0
 18252, 99538,20161128,  -36,    0
 18252, 99538,20161129,  -27,    0
 18252, 99538,20161130,  -39,    0
 18252, 99538,20161201,  -37,    0
 18252, 99538,20161202,  -35,    0
 18252, 99538,20161203,  -18,    0
 18252, 99538,20161204,   10,    0
 18252, 99538,20161205,  -19,    0
 18252, 99538,20161206,  -36,    0
 18252, 99538,20161207,   27,    0
 18252, 99538,20161208,   34,    0
 18252, 99538,20161209,   16,    0
 18252, 99538,20161210,    2,    0
 18252, 99538,20161211,  -39,    0
 18252, 99538,20161212,  -15,    0
 18252, 99538,20161213,  -10,    0
 18252, 99538,20161214,   16,    0
 18252, 99538,20161215,   41,    0
 18252, 99538,20161216,   37,    0
 18252, 99538,20161217,    7,    0
 18252, 99538,20161218,   29,    0
 18252, 99538,20161219,   62,    0
 18252, 99538,20161220,   23,    0
 18252, 99538,20161221,   -1,    0
 18252, 99538,20161222,  -40,    0
 18252, 99538,20161223,  -35,    0
 18252, 99538,20161224,  -36,    0
 18252, 99538,20161225,  -13,    0
 18252, 99538,20161226,  -39,    0
 18252, 99538,20161227,  -39,    0
 18252, 99538,20161228,    2,    0
 18252, 99538,20161229,   15,    0
 18252, 99538,20161230,    9,    0
 18252, 99538,20161231,  -26,    0
 18252, 99538,20170101,  -47,    0
 18252, 99538,20170102,  -64,    0
 18252, 99538,20170103,  -44,    0
 18252, 99538,20170104,  -96,    0
 18252, 99538,20170105,  -91,    0
 18252, 99538,20170106,  -34,    0
 18252, 99538,20170107,  -41,    0
 18252, 99538,20170108,  -14,    0
 18252, 99538,20170109,   19,    0
 18252, 99538,20170110,   -5,    0
 18252, 99538,20170111,  -24,    0
 18252, 99538,20170112,  -42,    0
 18252, 99538,20170113,  -44,    0
 18252, 99538,20170114,  -76,    0
 18252, 99538,20170115,  -71,    0
 18252, 99538,20170116,  -59,    0
 18252, 99538,20170117,    0,    0
 18252, 99538,20170118,    9,    0
 18252, 99538,20170119,   -7,    0
 18252, 99538,20170120,   13,    0
 18252, 99538,20170121,    5,    0
 18252, 99538,20170122,  -11,    0
 18252, 99538,20170123,  -21,    0
 18252, 99538,20170124,  -12,    0
 18252, 99538,20170125,   45,    0
 18252, 99538,20170126,   59,    0
 18252, 99538,20170127,   54,    0
 18252, 99538,20170128,    3,    0
 18252, 99538,20170129,    2,    0
 18252, 99538,20170130,  -39,    0
 18252, 99538,20170131,  -21,    0
 18252, 99538,20170201,   -4,    0
 18252, 99538,20170202,   14,    0
 18252, 99538,20170203,   44,    0
 18252, 99538,20170204,   25,    0
 18252, 99538,20170205,  -13,    0
 18252, 99538,20170206,  -32,    0
 18252, 99538,20170207,  -65,    0
 18252, 99538,20170208,  -83,    0
 18252, 99538,20170209,  -65,    0
 18252, 99538,20170210,  -70,    0
 18252, 99538,20170211,  -56,    0
 18252, 99538,20170212,  -31,    0
 18252, 99538,20170213,  -21,    0
 18252, 99538,20170214,   14,    0
 18252, 99538,20170215,   24,    0
 18252, 99538,20170216,    7,    0
 18252, 99538,20170217,  -19,    0
 18252, 99538,20170218,   -5,    0
 18252, 99538,20170219,   -2,    0
 18252, 99538,20170220,  -23,    0
 18252, 99538,20170221,  -35,    0
 18252, 99538,20170222,  -44,    0
 18252, 99538,20170223,  -79,    0
 18252, 99538,20170224,  -79,    0
 18252, 99538,20170225,  -65,    0
 18252, 99538,20170226,  -31,    0
 18252, 99538,20170227,  -29,    0
 18252, 99538,20170228,  -30,    0
 18252, 99538,20170301,  -39,    0
 18252, 99538,20170302,  -47,    0
 18252, 99538,20170303,  -54,    0
 18252, 99538,20170304,  -65,    0
 18252, 99538,20170305,  -46,    0
 18252, 99538,20170306,  -61,    0
 18252, 99538,20170307,  -79,    0
 18252, 99538,20170308,  -62,    0
 18252, 99538,20170309,  -42,    0
 18252, 99538,20170310,  -37,    0
 18252, 99538,20170311,  -19,    0
 18252, 99538,20170312,   15,    0
 18252, 99538,20170313,   -1,    0
 18252, 99538,20170314,  -12,    0
 18252, 99538,20170315,  -33,    0
 18252, 99538,20170316,  -22,    0
 18252, 99538,20170317,  -40,    0
 18252, 99538,20170318,  -67,    0
 18252, 99538,20170319,  -67,    0
 18252, 99538,20170320,  -25,    0
 18252, 99538,20170321,  -35,    0
 18252, 99538,20170322,  -56,    0
 18252, 99538,20170323,  -65,    0
 18252, 99538,20170324,  -31,    0
 18252, 99538,20170325,   -2,    0
 18252, 99538,20170326,   24,    0
 18252, 99538,20170327,    2,    0
 18252, 99538,20170328,  -55,    0
 18252, 99538,20170329,  -64,    0
 18252, 99538,20170330,  -29,    0
 18252, 99538,20170331,   10,    0
 18252, 99538,20170401,   23,    0
 18252, 99538,20170402,    6,    0
 18252, 99538,20170403,   36,    0
 18252, 99538,20170404,    3,    0
 18252, 99538,20170405,  -26,    0
 18252, 99538,20170406,  -10,    0
 18252, 99538,20170407,   -2,    0
 18252, 99538,20170408,    8,    0
 18252, 99538,20170409,   11,    0
 18252, 99538,20170410,  -29,    0
 18252, 99538,20170411,  -55,    0
 18252, 99538,20170412,  -39,    0
 18252, 99538,20170413,  -45,    0
 18252, 99538,20170414,  -40,    0
 18252, 99538,20170415,  -30,    0
 18252, 99538,20170416,  -37,    0
 18252, 99538,20170417,  -43,    0
 18252, 99538,20170418,  -24,    0
 18252, 99538,20170419,  -25,    0
 18252, 99538,20170420,  -16,    0
 18252, 99538,20170421,  -41,    0
 18252, 99538,20170422,  -43,    0
 18252, 99538,20170423,  -57,    0
 18252, 99538,20170424,  -56,    0
 18252, 99538,20170425,  -40,    0
 18252, 99538,20170426,  -45,    0
 18252, 99538,20170427,  -46,    0
 18252, 99538,20170428,  -34,    0
 18252, 99538,20170429,   -2,    0
 18252, 99538,20170430,   -8,    0
 18252, 99538,20170501,   17,    0
 18252, 99538,20170502,   28,    0
 18252, 99538,20170503,    9,    0
 18252, 99538,20170504,   53,    0
 18252, 99538,20170505,   72,    0
 18252, 99538,20170506,   38,    0
 18252, 99538,20170507,  -32,    0
 18252, 99538,20170508,  -39,    0
 18252, 99538,20170509,  -40,    0
 18252, 99538,20170510,  -32,    0
 18252, 99538,20170511,   -4,    0
 18252, 99538,20170512,   19,    0
 18252, 99538,20170513,   47,    0
 18252, 99538,20170514,   66,    0
 18252, 99538,20170515,   56,    0
 18252, 99538,20170516,   58,    0
 18252, 99538,20170517,   64,    0
 18252, 99538,20170518,   62,    0
 18252, 99538,20170519,   44,    0
 18252, 99538,20170520,   83,    0
 18252, 99538,20170521,   31,    0
 18252, 99538,20170522,   17,    0
 18252, 99538,20170523,   59,    0
 18252, 99538,20170524,   35,    0
 18252, 99538,20170525,   36,    0
 18252, 99538,20170526,   63,    0
 18252, 99538,20170527,  127,    0
 18252, 99538,20170528,  104,    0
 18252, 99538,20170529,   67,    0
 18252, 99538,20170530,   23,    0
 18252, 99538,20170531,  -15,    0
 18252, 99538,20170601,   -7,    0
 18252, 99538,20170602,   47,    0
 18252, 99538,20170603,   55,    0
 18252, 99538,20170604,   52,    0
 18252, 99538,20170605,   29,    0
 18252, 99538,20170606,   75,    0
 18252, 99538,20170607,  109,    0
 18252, 99538,20170608,  101,    0
 18252, 99538,20170609,  102,    0
 18252, 99538,20170610,   86,    0
 18252, 99538,20170611,   91,    0
 18252, 99538,20170612,   63,    0
 18252, 99538,20170613,   59,    0
 18252, 99538,20170614,   58,    0
 18252, 99538,20170615,   99,    0
 18252, 99538,20170616,   77,    0
 18252, 99538,20170617,   70,    0
 18252, 99538,20170618,   62,    0
 18252, 99538,20170619,   39,    0
 18252, 99538,20170620,   20,    0
 18252, 99538,20170621,   18,    0
 18252, 99538,20170622,   70,    0
 18252, 99538,20170623,   86,    0
 18252, 99538,20170624,   50,    0
 18252, 99538,20170625,   52,    0
 18252, 99538,20170626,   17,    0
 18252, 99538,20170627,   13,    0
 18252, 99538,20170628,   49,    0
 18252, 99538,20170629,  108,    0
 18252, 99538,20170630,  146,    0
 18252, 99538,20170701,   96,    0
 18252, 99538,20170702,   59,    0
 18252, 99538,20170703,   39,    0
 18252, 99538,20170704,   31,    0
 18252, 99538,20170705,   35,    0
 18252, 99538,20170706,   49,    0
 18252, 99538,20170707,   92,    0
 18252, 99538,20170708,   50,    0
 18252, 99538,20170709,   64,    0
 18252, 99538,20170710,   67,    0
 18252, 99538,20170711,   53,    0
 18252, 99538,20170712,   40,    0
 18252, 99538,20170713,   32,    0
 18252, 99538,20170714,   45,    0
 18252, 99538,20170715,   94,    0
 18252, 99538,20170716,   59,    0
 18252, 99538,20170717,   37,    0
 18252, 99538,20170718,   47,    0
 18252, 99538,20170719,   73,    0
 18252, 99538,20170720,  134,    0
 18252, 99538,20170721,  142,    0
 18252, 99538,20170722,  135,    0
 18252, 99538,20170723,  132,    0
 18252, 99538,20170724,  129,    0
 18252, 99538,20170725,  133,    0
 18252, 99538,20170726,  136,    0
 18252, 99538,20170727,  131,    0
 18252, 99538,20170728,   98,    0
 18252, 99538,20170729,  101,    0
 18252, 99538,20170730,   98,    0
 18252, 99538,20170731,  103,    0
 18252, 99538,20170801,   94,    0
 18252, 99538,20170802,   83,    0
 18252, 99538,20170803,  109,    0
 18252, 99538,20170804,  105,    0
 18252, 99538,20170805,  103,    0
 18252, 99538,20170806,   91,    0
 18252, 99538,20170807,   78,    0
 18252, 99538,20170808,   71,    0
 18252, 99538,20170809,  102,    0
 18252, 99538,20170810,   74,    0
 18252, 99538,20170811,   99,    0
 18252, 99538,20170812,   56,    0
 18252, 99538,20170813,   31,    0
 18252, 99538,20170814,   51,    0
 18252, 99538,20170815,   91,    0
 18252, 99538,20170816,   77,    0
 18252, 99538,20170817,  102,    0
 18252, 99538,20170818,  108,    0
 18252, 99538,20170819,   81,    0
 18252, 99538,20170820,   66,    0
 18252, 99538,20170821,   46,    0
 18252, 99538,20170822,   44,    0
 18252, 99538,20170823,   55,    0
 18252, 99538,20170824,   46,    0
 18252, 99538,20170825,   40,    0
 18252, 99538,20170826,   50,    0
 18252, 99538,20170827,   79,    0
 18252, 99538,20170828,  103,    0
 18252, 99538,20170829,   71,    0
 18252, 99538,20170830,   61,    0
 18252, 99538,20170831,   57,    0
 18252, 99538,20170901,   45,    0
 18252, 99538,20170902,   69,    0
 18252, 99538,20170903,   99,    0
 18252, 99538,20170904,   95,    0
 18252, 99538,20170905,   93,    0
 18252, 99538,20170906,   90,    0
 18252, 99538,20170907,   81,    0
 18252, 99538,20170908,   82,    0
 18252, 99538,20170909,   80,    0
 18252, 99538,20170910,   80,    0
 18252, 99538,20170911,   85,    0
 18252, 99538,20170912,   74,    0
 18252, 99538,20170913,   55,    0
 18252, 99538,20170914,   51,    0
 18252, 99538,20170915,   47,    0
 18252, 99538,20170916,   34,    0
 18252, 99538,20170917,   35,    0
 18252, 99538,20170918,   49,    0
 18252, 99538,20170919,   61,    0
 18252, 99538,20170920,   45,    0
 18252, 99538,20170921,   61,    0
 18252, 99538,20170922,   77,    0
 18252, 99538,20170923,   83,    0
 18252, 99538,20170924,  102,    0
 18252, 99538,20170925,  118,    0
 18252, 99538,20170926,  101,    0
 18252, 99538,20170927,  100,    0
 18252, 99538,20170928,   96,    0
 18252, 99538,20170929,   88,    0
 18252, 99538,20170930,   74,    0
 18252, 99538,20171001,   65,    0
 18252, 99538,20171002,   79,    0
 18252, 99538,20171003,   52,    0
 18252, 99538,20171004,   18,    0
 18252, 99538,20171005,   19,    0
 18252, 99538,20171006,   16,    0
 18252, 99538,20171007,   -1,    0
 18252, 99538,20171008,   13,    0
 18252, 99538,20171009,   26,    0
 18252, 99538,20171010,   25,    0
 18252, 99538,20171011,   32,    0
 18252, 99538,20171012,   23,    0
 18252, 99538,20171013,   42,    0
 18252, 99538,20171014,   29,    0
 18252, 99538,20171015,   46,    0
 18252, 99538,20171016,   17,    0
 18252, 99538,20171017,    7,    0
 18252, 99538,20171018,   12,    0
 18252, 99538,20171019,   21,    0
 18252, 99538,20171020,   55,    0
 18252, 99538,20171021,   56,    0
 18252, 99538,20171022,   56,    0
 18252, 99538,20171023,   26,    0
 18252, 99538,20171024,    8,    0
 18252, 99538,20171025,   20,    0
 18252, 99538,20171026,   16,    0
 18252, 99538,20171027,   10,    0
 18252, 99538,20171028,   -9,    0
 18252, 99538,20171029,  -34,    0
 18252, 99538,20171030,  -34,    0
 18252, 99538,20171031,   11,    0
 18252, 99538,20171101,   39,    0
 18252, 99538,20171102,  -20,    0
 18252, 99538,20171103,    5,    0
 18252, 99538,20171104,   15,    0
 18252, 99538,20171105,   -5,    0
 18252, 99538,20171106,  -32,    0
 18252, 99538,20171107,   21,    0
 18252, 99538,20171108,    8,    0
 18252, 99538,20171109,   -7,    0
 18252, 99538,20171110,  -37,    0
 18252, 99538,20171111,  -29,    0
 18252, 99538,20171112,  -20,    0
 18252, 99538,20171113,  -46,    0
 18252, 99538,20171114,  -33,    0
 18252, 99538,20171115,  -25,    0
 18252, 99538,20171116,  -22,    0
 18252, 99538,20171117,  -39,    0
 18252, 99538,20171118,  -48,    0
 18252, 99538,20171119,  -37,    0
 18252, 99538,20171120,  -60,    0
 18252, 99538,20171121,  -84,    0
 18252, 99538,20171122,  -69,    0
 18252, 99538,20171123,  -12,    0
 18252, 99538,20171124,  -32,    0
 18252, 99538,20171125,  -31,    0
 18252, 99538,20171126,  -26,    0
 18252, 99538,20171127,  -48,    0
 18252, 99538,20171128,  -56,    0
 18252, 99538,20171129,  -57,    0
 18252, 99538,20171130,  -73,    0
 18252, 99538,20171201,  -51,    0
 18252, 99538,20171202,   -7,    0
 18252, 99538,20171203,  -33,    0
 18252, 99538,20171204,  -45,    0
 18252, 99538,20171205,  -36,    0
 18252, 99538,20171206,  -48,    0
 18252, 99538,20171207,   11,    0
 18252, 99538,20171208,  -24,    0
 18252, 99538,20171209,  -42,    0
 18252, 99538,20171210,  -80,    0
 18252, 99538,20171211,  -74,    0
 18252, 99538,20171212,  -64,    0
 18252, 99538,20171213,  -49,    0
 18252, 99538,20171214,  -55,    0
 18252, 99538,20171215,  -60,    0
 18252, 99538,20171216,  -49,    0
 18252, 99538,20171217,  -47,    0
 18252, 99538,20171218,  -23,    0
 18252, 99538,20171219,   40,    0
 18252, 99538,20171220,    0,    0
 18252, 99538,20171221,  -29,    0
 18252, 99538,20171222,  -26,    0
 18252, 99538,20171223,  -18,    0
 18252, 99538,20171224,  -32,    0
 18252, 99538,20171225,  -34,    0
 18252, 99538,20171226,  -41,    0
 18252, 99538,20171227,  -50,    0
 18252, 99538,20171228,  -56,    0
 18252, 99538,20171229,  -50,    0
 18252, 99538,20171230,  -38,    0
 18252, 99538,20171231,  -18,    0
 18252, 99538,20180101,  -21,    0
 18252, 99538,20180102,  -31,    0
 18252, 99538,20180103,  -38,    0
 18252, 99538,20180104,  -46,    0
 18252, 99538,20180105,  -81,    0
 18252, 99538,20180106,  -81,    0
 18252, 99538,20180107,  -67,    0
 18252, 99538,20180108,  -33,    0
 18252, 99538,20180109,    2,    0
 18252, 99538,20180110,   13,    0
 18252, 99538,20180111,    2,    0
 18252, 99538,20180112,   14,    0
 18252, 99538,20180113,   -6,    0
 18252, 99538,20180114,  -43,    0
 18252, 99538,20180115,  -38,    0
 18252, 99538,20180116,  -47,    0
 18252, 99538,20180117,  -58,    0
 18252, 99538,20180118,  -73,    0
 18252, 99538,20180119,  -67,    0
 18252, 99538,20180120,  -62,    0
 18252, 99538,20180121,  -55,    0
 18252, 99538,20180122,  -58,    0
 18252, 99538,20180123,  -37,    0
 18252, 99538,20180124,  -18,    0
 18252, 99538,20180125,  -28,    0
 18252, 99538,20180126,  -49,    0
 18252, 99538,20180127,  -64,    0
 18252, 99538,20180128,  -34,    0
 18252, 99538,20180129,  -35,    0
 18252, 99538,20180130,  -47,    0
 18252, 99538,20180131,  -38,    0
 18252, 99538,20180201,  -59,    0
 18252, 99538,20180202,  -79,    0
 18252, 99538,20180203,  -82,    0
 18252, 99538,20180204,  -47,    0
 18252, 99538,20180205,  -39,    0
 18252, 99538,20180206,  -72,    0
 18252, 99538,20180207,  -65,    0
 18252, 99538,20180208,  -37,    0
 18252, 99538,20180209,  -21,    0
 18252, 99538,20180210,  -44,    0
 18252, 99538,20180211,  -45,    0
 18252, 99538,20180212,  -65,    0
 18252, 99538,20180213,  -59,    0
 18252, 99538,20180214,  -33,    0
 18252, 99538,20180215,  -41,    0
 18252, 99538,20180216,  -44,    0
 18252, 99538,20180217,  -32,    0
 18252, 99538,20180218,  -23,    0
 18252, 99538,20180219,  -38,    0
 18252, 99538,20180220,  -50,    0
 18252, 99538,20180221,  -37,    0
 18252, 99538,20180222,  -51,    0
 18252, 99538,20180223,  -40,    0
 18252, 99538,20180224,  -37,    0
 18252, 99538,20180225,  -37,    0
 18252, 99538,20180226,  -84,    0
 18252, 99538,20180227, -130,    0
 18252, 99538,20180228, -134,    0
 18252, 99538,20180301, -108,    0
 18252, 99538,20180302,  -86,    0
 18252, 99538,20180303,  -80,    0
 18252, 99538,20180304,  -92,    0
 18252, 99538,20180305, -103,    0
 18252, 99538,20180306,  -97,    0
 18252, 99538,20180307,  -74,    0
 18252, 99538,20180308,  -28,    0
 18252, 99538,20180309,  -48,    0
 18252, 99538,20180310,  -46,    0
 18252, 99538,20180311,  -56,    0
 18252, 99538,20180312,  -62,    0
 18252, 99538,20180313,  -64,    0
 18252, 99538,20180314,  -69,    0
 18252, 99538,20180315,  -76,    0
 18252, 99538,20180316,  -86,    0
 18252, 99538,20180317,  -85,    0
 18252, 99538,20180318,  -65,    0
 18252, 99538,20180319,  -46,    0
 18252, 99538,20180320,  -48,    0
 18252, 99538,20180321,  -29,    0
 18252, 99538,20180322,  -18,    0
 18252, 99538,20180323,  -17,    0
 18252, 99538,20180324,  -19,    0
 18252, 99538,20180325,  -41,    0
 18252, 99538,20180326,  -96,    0
 18252, 99538,20180327,  -84,    0
 18252, 99538,20180328,  -52,    0
 18252, 99538,20180329,  -53,    0
 18252, 99538,20180330,  -65,    0
 18252, 99538,20180331,  -76,    0
 18252, 99538,20180401,  -71,    0
 18252, 99538,20180402,  -74,    0
 18252, 99538,20180403,  -70,    0
 18252, 99538,20180404,  -55,    0
 18252, 99538,20180405,  -54,    0
 18252, 99538,20180406,  -49,    0
 18252, 99538,20180407,  -34,    0
 18252, 99538,20180408,   -8,    0
 18252, 99538,20180409,  -44,    0
 18252, 99538,20180410,   -3,    0
 18252, 99538,20180411,   18,    0
 18252, 99538,20180412,   53,    0
 18252, 99538,20180413,   56,    0
 18252, 99538,20180414,   87,    0
 18252, 99538,20180415,   88,    0
 18252, 99538,20180416,   55,    0
 18252, 99538,20180417,   53,    0
 18252, 99538,20180418,   40,    0
 18252, 99538,20180419,   72,    0
 18252, 99538,20180420,   26,    0
 18252, 99538,20180421,   -7,    0
 18252, 99538,20180422,   15,    0
 18252, 99538,20180423,   28,    0
 18252, 99538,20180424,   -3,    0
 18252, 99538,20180425,  -26,    0
 18252, 99538,20180426,   -6,    0
 18252, 99538,20180427,   -5,    0
 18252, 99538,20180428,  -14,    0
 18252, 99538,20180429,  -22,    0
 18252, 99538,20180430,   -5,    0
 18252, 99538,20180501,    9,    0
 18252, 99538,20180502,   32,    0
 18252, 99538,20180503,   13,    0
 18252, 99538,20180504,   36,    0
 18252, 99538,20180505,   75,    0
 18252, 99538,20180506,   40,    0
 18252, 99538,20180507,   37,    0
 18252, 99538,20180508,  101,    0
 18252, 99538,20180509,  110,    0
 18252, 99538,20180510,   90,    0
 18252, 99538,20180511,   23,    0
 18252, 99538,20180512,   86,    0
 18252, 99538,20180513,  107,    0
 18252, 99538,20180514,  126,    0
 18252, 99538,20180515,  138,    0
 18252, 99538,20180516,   24,    0
 18252, 99538,20180517,    8,    0
 18252, 99538,20180518,   44,    0
 18252, 99538,20180519,   67,    0
 18252, 99538,20180520,  106,    0
 18252, 99538,20180521,  104,    0
 18252, 99538,20180522,   44,    0
 18252, 99538,20180523,   76,    0
 18252, 99538,20180524,  123,    0
 18252, 99538,20180525,   95,    0
 18252, 99538,20180526,   91,    0
 18252, 99538,20180527,  149,    0
 18252, 99538,20180528,  154,    0
 18252, 99538,20180529,  123,    0
 18252, 99538,20180530,  174,    0
 18252, 99538,20180531,  166,    0
 18252, 99538,20180601,  133,    0
 18252, 99538,20180602,  125,    0
 18252, 99538,20180603,   84,    0
 18252, 99538,20180604,    7,    0
 18252, 99538,20180605,   -7,    0
 18252, 99538,20180606,   42,    0
 18252, 99538,20180607,   49,    0
 18252, 99538,20180608,   70,    0
 18252, 99538,20180609,  117,    0
 18252, 99538,20180610,   98,    0
 18252, 99538,20180611,   33,    0
 18252, 99538,20180612,   15,    0
 18252, 99538,20180613,   38,    0
 18252, 99538,20180614,   87,    0
 18252, 99538,20180615,   49,    0
 18252, 99538,20180616,   56,    0
 18252, 99538,20180617,   83,    0
 18252, 99538,20180618,   67,    0
 18252, 99538,20180619,   26,    0
 18252, 99538,20180620,   23,    0
 18252, 99538,20180621,   19,    0
 18252, 99538,20180622,   14,    0
 18252, 99538,20180623,   40,    0
 18252, 99538,20180624,   58,    0
 18252, 99538,20180625,   65,    0
 18252, 99538,20180626,   54,    0
 18252, 99538,20180627,  102,    0
 18252, 99538,20180628,   65,    0
 18252, 99538,20180629,   24,    0
 18252, 99538,20180630,   97,    0
 18252, 99538,20180701,  142,    0
 18252, 99538,20180702,   99,    0
 18252, 99538,20180703,   72,    0
 18252, 99538,20180704,  110,    0
 18252, 99538,20180705,  102,    0
 18252, 99538,20180706,   42,    0
 18252, 99538,20180707,   58,    0
 18252, 99538,20180708,   82,    0
 18252, 99538,20180709,   70,    0
 18252, 99538,20180710,  138,    0
 18252, 99538,20180711,  167,    0
 18252, 99538,20180712,  129,    0
 18252, 99538,20180713,   86,    0
 18252, 99538,20180714,   90,    0
 18252, 99538,20180715,  133,    0
 18252, 99538,20180716,  152,    0
 18252, 99538,20180717,  171,    0
 18252, 99538,20180718,  127,    0
 18252, 99538,20180719,   79,    0
 18252, 99538,20180720,  107,    0
 18252, 99538,20180721,  110,    0
 18252, 99538,20180722,  111,    0
 18252, 99538,20180723,  105,    0
 18252, 99538,20180724,  120,    0
 18252, 99538,20180725,   91,    0
 18252, 99538,20180726,  136,    0
 18252, 99538,20180727,  200,    0
 18252, 99538,20180728,  207,    0
 18252, 99538,20180729,  139,    0
 18252, 99538,20180730,  164,    0
 18252, 99538,20180731,  168,    0
 18252, 99538,20180801,  120,    0
 18252, 99538,20180802,  121,    0
 18252, 99538,20180803,  106,    0
 18252, 99538,20180804,   87,    0
 18252, 99538,20180805,   54,    0
 18252, 99538,20180806,   73,    0
 18252, 99538,20180807,  118,    0
 18252, 99538,20180808,  138,    0
 18252, 99538,20180809,   89,    0
 18252, 99538,20180810,   75,    0
 18252, 99538,20180811,   53,    0
 18252, 99538,20180812,   47,    0
 18252, 99538,20180813,   60,    0
 18252, 99538,20180814,   94,    0
 18252, 99538,20180815,  106,    0
 18252, 99538,20180816,  100,    0
 18252, 99538,20180817,   84,    0
 18252, 99538,20180818,   74,    0
 18252, 99538,20180819,   46,    0
 18252, 99538,20180820,   37,    0
 18252, 99538,20180821,   50,    0
 18252, 99538,20180822,   76,    0
 18252, 99538,20180823,   70,    0
 18252, 99538,20180824,   50,    0
 18252, 99538,20180825,   33,    0
 18252, 99538,20180826,   27,    0
 18252, 99538,20180827,   52,    0
 18252, 99538,20180828,   85,    0
 18252, 99538,20180829,   97,    0
 18252, 99538,20180830,   48,    0
 18252, 99538,20180831,   71,    0
 18252, 99538,20180901,   87,    0
 18252, 99538,20180902,  123,    0
 18252, 99538,20180903,   97,    0
 18252, 99538,20180904,   57,    0
 18252, 99538,20180905,   87,    0
 18252, 99538,20180906,  115,    0
 18252, 99538,20180907,  124,    0
 18252, 99538,20180908,  117,    0
 18252, 99538,20180909,   96,    0
 18252, 99538,20180910,   85,    0
 18252, 99538,20180911,   61,    0
 18252, 99538,20180912,   30,    0
 18252, 99538,20180913,   37,    0
 18252, 99538,20180914,   37,    0
 18252, 99538,20180915,   12,    0
 18252, 99538,20180916,   40,    0
 18252, 99538,20180917,   41,    0
 18252, 99538,20180918,   94,    0
 18252, 99538,20180919,  101,    0
 18252, 99538,20180920,   43,    0
 18252, 99538,20180921,   34,    0
 18252, 99538,20180922,   22,    0
 18252, 99538,20180923,   -7,    0
 18252, 99538,20180924,  -17,    0
 18252, 99538,20180925,   16,    0
 18252, 99538,20180926,   17,    0
 18252, 99538,20180927,   -2,    0
 18252, 99538,20180928,  -19,    0
 18252, 99538,20180929,    9,    0
 18252, 99538,20180930,    2,    0
 18252, 99538,20181001,   -8,    0
 18252, 99538,20181002,  -15,    0
 18252, 99538,20181003,   -6,    0
 18252, 99538,20181004,    6,    0
 18252, 99538,20181005,   -4,    0
 18252, 99538,20181006,  -14,    0
 18252, 99538,20181007,  -10,    0
 18252, 99538,20181008,   12,    0
 18252, 99538,20181009,   24,    0
 18252, 99538,20181010,   62,    0
 18252, 99538,20181011,  114,    0
 18252, 99538,20181012,  104,    0
 18252, 99538,20181013,   89,    0
 18252, 99538,20181014,   91,    0
 18252, 99538,20181015,   10,    0
 18252, 99538,20181016,   46,    0
 18252, 99538,20181017,   46,    0
 18252, 99538,20181018,    1,    0
 18252, 99538,20181019,   25,    0
 18252, 99538,20181020,   28,    0
 18252, 99538,20181021,   19,    0
 18252, 99538,20181022,  -17,    0
 18252, 99538,20181023,  -20,    0
 18252, 99538,20181024,  -21,    0
 18252, 99538,20181025,  -18,    0
 18252, 99538,20181026,  -31,    0
 18252, 99538,20181027,  -58,    0
 18252, 99538,20181028,  -67,    0
 18252, 99538,20181029,  -68,    0
 18252, 99538,20181030,  -37,    0
 18252, 99538,20181031,   25,    0
 18252, 99538,20181101,   23,    0
 18252, 99538,20181102,   12,    0
 18252, 99538,20181103,    8,    0
 18252, 99538,20181104,   61,    0
 18252, 99538,20181105,   44,    0
 18252, 99538,20181106,   58,    0
 18252, 99538,20181107,   93,    0
 18252, 99538,20181108,   56,    0
 18252, 99538,20181109,   44,    0
 18252, 99538,20181110,   40,    0
 18252, 99538,20181111,   48,    0
 18252, 99538,20181112,   32,    0
 18252, 99538,20181113,   30,    0
 18252, 99538,20181114,   34,    0
 18252, 99538,20181115,   81,    0
 18252, 99538,20181116,   60,    0
 18252, 99538,20181117,   40,    0
 18252, 99538,20181118,   40,    0
 18252, 99538,20181119,   13,    0
 18252, 99538,20181120,    3,    0
 18252, 99538,20181121,   39,    0
 18252, 99538,20181122,   23,    0
 18252, 99538,20181123,  -22,    0
 18252, 99538,20181124,  -39,    0
 18252, 99538,20181125,  -43,    0
 18252, 99538,20181126,  -38,    0
 18252, 99538,20181127,  -57,    0
 18252, 99538,20181128,  -34,    0
 18252, 99538,20181129,   17,    0
 18252, 99538,20181130,   36,    0
 18252, 99538,20181201,    7,    0
 18252, 99538,20181202,    0,    0
 18252, 99538,20181203,  -19,    0
 18252, 99538,20181204,  -51,    0
 18252, 99538,20181205,  -54,    0
 18252, 99538,20181206,  -63,    0
 18252, 99538,20181207,  -14,    0
 18252, 99538,20181208,  -23,    0
 18252, 99538,20181209,  -35,    0
 18252, 99538,20181210,  -28,    0
 18252, 99538,20181211,  -40,    0
 18252, 99538,20181212,  -51,    0
 18252, 99538,20181213,  -47,    0
 18252, 99538,20181214,  -50,    0
 18252, 99538,20181215,  -70,    0
 18252, 99538,20181216,  -50,    0
 18252, 99538,20181217,  -38,    0
 18252, 99538,20181218,  -17,    0
 18252, 99538,20181219,  -12,    0
 18252, 99538,20181220,  -21,    0
 18252, 99538,20181221,  -36,    0
 18252, 99538,20181222,  -39,    0
 18252, 99538,20181223,  -56,    0
 18252, 99538,20181224,  -25,    0
 18252, 99538,20181225,   -5,    0
 18252, 99538,20181226,    5,    0
 18252, 99538,20181227,    2,    0
 18252, 99538,20181228,   -3,    0
 18252, 99538,20181229,  -20,    0
 18252, 99538,20181230,  -35,    0
 18252, 99538,20181231,    1,    0
 18252, 99538,20190101,  -35,    0
 18252, 99538,20190102,  -44,    0
 18252, 99538,20190103,   -5,    0
 18252, 99538,20190104,   15,    0
 18252, 99538,20190105,   13,    0
 18252, 99538,20190106,   -4,    0
 18252, 99538,20190107,  -38,    0
 18252, 99538,20190108,  -42,    0
 18252, 99538,20190109,  -52,    0
 18252, 99538,20190110,    3,    0
 18252, 99538,20190111,  -47,    0
 18252, 99538,20190112,  -41,    0
 18252, 99538,20190113,  -63,    0
 18252, 99538,20190114,  -71,    0
 18252, 99538,20190115,  -92,    0
 18252, 99538,20190116,  -81,    0
 18252, 99538,20190117,  -81,    0
 18252, 99538,20190118,  -72,    0
 18252, 99538,20190119,  -68,    0
 18252, 99538,20190120,  -85,    0
 18252, 99538,20190121,  -56,    0
 18252, 99538,20190122,  -66,    0
 18252, 99538,20190123,  -61,    0
 18252, 99538,20190124,  -65,    0
 18252, 99538,20190125,  -70,    0
 18252, 99538,20190126,  -87,    0
 18252, 99538,20190127,  -98,    0
 18252, 99538,20190128,  -89,    0
 18252, 99538,20190129,  -72,    0
 18252, 99538,20190130,  -51,    0
 18252, 99538,20190131,  -61,    0
 18252, 99538,20190201,  -63,    0
 18252, 99538,20190202,  -79,    0
 18252, 99538,20190203,  -67,    0
 18252, 99538,20190204,  -54,    0
 18252, 99538,20190205,  -53,    0
 18252, 99538,20190206,  -41,    0
 18252, 99538,20190207,  -24,    0
 18252, 99538,20190208,  -36,    0
 18252, 99538,20190209,   -9,    0
 18252, 99538,20190210,  -41,    0
 18252, 99538,20190211,  -64,    0
 18252, 99538,20190212,  -34,    0
 18252, 99538,20190213,   -4,    0
 18252, 99538,20190214,   20,    0
 18252, 99538,20190215,   53,    0
 18252, 99538,20190216,  -26,    0
 18252, 99538,20190217,  -12,    0
 18252, 99538,20190218,   21,    0
 18252, 99538,20190219,  -15,    0
 18252, 99538,20190220,  -45,    0
 18252, 99538,20190221,    6,    0
 18252, 99538,20190222,   49,    0
 18252, 99538,20190223,   67,    0
 18252, 99538,20190224,    0,    0
 18252, 99538,20190225,    8,    0
 18252, 99538,20190226,   33,    0
 18252, 99538,20190227,   -5,    0
 18252, 99538,20190228,  -43,    0
 18252, 99538,20190301,  -53,    0
 18252, 99538,20190302,  -34,    0
 18252, 99538,20190303,  -19,    0
 18252, 99538,20190304,  -44,    0
 18252, 99538,20190305,  -94,    0
 18252, 99538,20190306,  -59,    0
 18252, 99538,20190307,  -50,    0
 18252, 99538,20190308,  -73,    0
 18252, 99538,20190309,  -85,    0
 18252, 99538,20190310,  -79,    0
 18252, 99538,20190311,  -77,    0
 18252, 99538,20190312,  -67,    0
 18252, 99538,20190313,  -49,    0
 18252, 99538,20190314,  -44,    0
 18252, 99538,20190315,  -46,    0
 18252, 99538,20190316,  -59,    0
 18252, 99538,20190317,  -63,    0
 18252, 99538,20190318,  -52,    0
 18252, 99538,20190319,  -32,    0
 18252, 99538,20190320,  -18,    0
 18252, 99538,20190321,  -19,    0
 18252, 99538,20190322,   11,    0
 18252, 99538,20190323,  -41,    0
 18252, 99538,20190324,  -31,    0
 18252, 99538,20190325,  -56,    0
 18252, 99538,20190326,  -34,    0
 18252, 99538,20190327,   -5,    0
 18252, 99538,20190328,   25,    0
 18252, 99538,20190329,  -10,    0
 18252, 99538,20190330,  -42,    0
 18252, 99538,20190331,  -69,    0
 18252, 99538,20190401,  -42,    0
 18252, 99538,20190402,  -36,    0
 18252, 99538,20190403,    1,    0
 18252, 99538,20190404,   -9,    0
 18252, 99538,20190405,   47,    0
 18252, 99538,20190406,  -14,    0
 18252, 99538,20190407,  -46,    0
 18252, 99538,20190408,  -54,    0
 18252, 99538,20190409,  -58,    0
 18252, 99538,20190410,  -69,    0
 18252, 99538,20190411,  -38,    0
 18252, 99538,20190412,  -20,    0
 18252, 99538,20190413,   -1,    0
 18252, 99538,20190414,   19,    0
 18252, 99538,20190415,   27,    0
 18252, 99538,20190416,   41,    0
 18252, 99538,20190417,   27,    0
 18252, 99538,20190418,   51,    0
 18252, 99538,20190419,   72,    0
 18252, 99538,20190420,   71,    0
 18252, 99538,20190421,   31,    0
 18252, 99538,20190422,  101,    0
 18252, 99538,20190423,   97,    0
 18252, 99538,20190424,   76,    0
 18252, 99538,20190425,   77,    0
 18252, 99538,20190426,   96,    0
 18252, 99538,20190427,   92,    0
 18252, 99538,20190428,  109,    0
 18252, 99538,20190429,   92,    0
 18252, 99538,20190430,   57,    0
 18252, 99538,20190501,    1,    0
 18252, 99538,20190502,  -46,    0
 18252, 99538,20190503,  -53,    0
 18252, 99538,20190504,  -36,    0
 18252, 99538,20190505,  -37,    0
 18252, 99538,20190506,  -41,    0
 18252, 99538,20190507,  -39,    0
 18252, 99538,20190508,  -44,    0
 18252, 99538,20190509,   -6,    0
 18252, 99538,20190510,    6,    0
 18252, 99538,20190511,  -21,    0
 18252, 99538,20190512,  -33,    0
 18252, 99538,20190513,  -25,    0
 18252, 99538,20190514,   20,    0
 18252, 99538,20190515,   59,    0
 18252, 99538,20190516,   79,    0
 18252, 99538,20190517,  111,    0
 18252, 99538,20190518,   96,    0
 18252, 99538,20190519,   83,    0
 18252, 99538,20190520,  114,    0
 18252, 99538,20190521,  129,    0
 18252, 99538,20190522,  123,    0
 18252, 99538,20190523,   62,    0
 18252, 99538,20190524,   41,    0
 18252, 99538,20190525,    5,    0
 18252, 99538,20190526,   -7,    0
 18252, 99538,20190527,  -21,    0
 18252, 99538,20190528,  -27,    0
 18252, 99538,20190529,  -15,    0
 18252, 99538,20190530,  -16,    0
 18252, 99538,20190531,   -6,    0
 18252, 99538,20190601,    7,    0
 18252, 99538,20190602,   38,    0
 18252, 99538,20190603,   97,    0
 18252, 99538,20190604,   79,    0
 18252, 99538,20190605,   90,    0
 18252, 99538,20190606,  140,    0
 18252, 99538,20190607,   88,    0
 18252, 99538,20190608,  111,    0
 18252, 99538,20190609,   84,    0
 18252, 99538,20190610,   45,    0
 18252, 99538,20190611,   71,    0
 18252, 99538,20190612,   91,    0
 18252, 99538,20190613,   99,    0
 18252, 99538,20190614,  118,    0
 18252, 99538,20190615,  124,    0
 18252, 99538,20190616,  118,    0
 18252, 99538,20190617,   87,    0
 18252, 99538,20190618,   74,    0
 18252, 99538,20190619,   80,    0
 18252, 99538,20190620,   86,    0
 18252, 99538,20190621,   54,    0
 18252, 99538,20190622,   34,    0
 18252, 99538,20190623,   37,    0
 18252, 99538,20190624,   76,    0
 18252, 99538,20190625,   88,    0
 18252, 99538,20190626,   47,    0
 18252, 99538,20190627,   39,    0
 18252, 99538,20190628,   58,    0
 18252, 99538,20190629,   68,    0
 18252, 99538,20190630,   80,    0
 18252, 99538,20190701,   39,    0
 18252, 99538,20190702,   -1,    0
 18252, 99538,20190703,   -2,    0
 18252, 99538,20190704,   10,    0
 18252, 99538,20190705,   23,    0
 18252, 99538,20190706,   37,    0
 18252, 99538,20190707,   51,    0
 18252, 99538,20190708,   48,    0
 18252, 99538,20190709,   80,    0
 18252, 99538,20190710,  117,    0
 18252, 99538,20190711,  140,    0
 18252, 99538,20190712,  118,    0
 18252, 99538,20190713,   51,    0
 18252, 99538,20190714,   39,    0
 18252, 99538,20190715,   48,    0
 18252, 99538,20190716,   55,    0
 18252, 99538,20190717,  103,    0
 18252, 99538,20190718,  134,    0
 18252, 99538,20190719,  106,    0
 18252, 99538,20190720,  130,    0
 18252, 99538,20190721,  107,    0
 18252, 99538,20190722,  106,    0
 18252, 99538,20190723,  127,    0
 18252, 99538,20190724,  182,    0
 18252, 99538,20190725,  180,    0
 18252, 99538,20190726,  204,    0
 18252, 99538,20190727,  219,    0
 18252, 99538,20190728,  222,    0
 18252, 99538,20190729,  194,    0
 18252, 99538,20190730,  161,    0
 18252, 99538,20190731,  123,    0
 18252, 99538,20190801,  115,    0
 18252, 99538,20190802,  104,    0
 18252, 99538,20190803,   75,    0
 18252, 99538,20190804,  111,    0
 18252, 99538,20190805,  117,    0
 18252, 99538,20190806,  119,    0
 18252, 99538,20190807,   97,    0
 18252, 99538,20190808,   78,    0
 18252, 99538,20190809,   96,    0
 18252, 99538,20190810,  130,    0
 18252, 99538,20190811,  127,    0
 18252, 99538,20190812,   77,    0
 18252, 99538,20190813,   45,    0
 18252, 99538,20190814,   50,    0
 18252, 99538,20190815,   84,    0
 18252, 99538,20190816,   80,    0
 18252, 99538,20190817,  111,    0
 18252, 99538,20190818,  100,    0
 18252, 99538,20190819,   94,    0
 18252, 99538,20190820,   71,    0
 18252, 99538,20190821,   53,    0
 18252, 99538,20190822,   76,    0
 18252, 99538,20190823,   68,    0
 18252, 99538,20190824,  109,    0
 18252, 99538,20190825,  115,    0
 18252, 99538,20190826,  165,    0
 18252, 99538,20190827,  181,    0
 18252, 99538,20190828,  173,    0
 18252, 99538,20190829,   97,    0
 18252, 99538,20190830,   97,    0
 18252, 99538,20190831,  113,    0
 18252, 99538,20190901,   79,    0
 18252, 99538,20190902,   37,    0
 18252, 99538,20190903,   34,    0
 18252, 99538,20190904,   43,    0
 18252, 99538,20190905,   26,    0
 18252, 99538,20190906,   21,    0
 18252, 99538,20190907,   24,    0
 18252, 99538,20190908,   56,    0
 18252, 99538,20190909,   84,    0
 18252, 99538,20190910,  101,    0
 18252, 99538,20190911,   89,    0
 18252, 99538,20190912,   41,    0
 18252, 99538,20190913,   19,    0
 18252, 99538,20190914,   27,    0
 18252, 99538,20190915,   25,    0
 18252, 99538,20190916,    8,    0
 18252, 99538,20190917,    8,    0
 18252, 99538,20190918,   13,    0
 18252, 99538,20190919,    5,    0
 18252, 99538,20190920,   52,    0
 18252, 99538,20190921,   80,    0
 18252, 99538,20190922,  122,    0
 18252, 99538,20190923,  122,    0
 18252, 99538,20190924,   98,    0
 18252, 99538,20190925,   97,    0
 18252, 99538,20190926,   85,    0
 18252, 99538,20190927,   77,    0
 18252, 99538,20190928,   80,    0
 18252, 99538,20190929,   36,    0
 18252, 99538,20190930,  -16,    0
 18252, 99538,20191001,    0,    0
 18252, 99538,20191002,   23,    0
 18252, 99538,20191003,    0,    0
 18252, 99538,20191004,  -12,    0
 18252, 99538,20191005,  -11,    0
 18252, 99538,20191006,    6,    0
 18252, 99538,20191007,   23,    0
 18252, 99538,20191008,   13,    0
 18252, 99538,20191009,   26,    0
 18252, 99538,20191010,   40,    0
 18252, 99538,20191011,   18,    0
 18252, 99538,20191012,   -2,    0
 18252, 99538,20191013,   -7,    0
 18252, 99538,20191014,    6,    0
 18252, 99538,20191015,   22,    0
 18252, 99538,20191016,   37,    0
 18252, 99538,20191017,   41,    0
 18252, 99538,20191018,   30,    0
 18252, 99538,20191019,   -5,    0
 18252, 99538,20191020,    0,    0
 18252, 99538,20191021,   -5,    0
 18252, 99538,20191022,    9,    0
 18252, 99538,20191023,   39,    0
 18252, 99538,20191024,   53,    0
 18252, 99538,20191025,    1,    0
 18252, 99538,20191026,   -4,    0
 18252, 99538,20191027,  -19,    0
 18252, 99538,20191028,  -23,    0
 18252, 99538,20191029,  -20,    0
 18252, 99538,20191030,  -13,    0
 18252, 99538,20191031,   -6,    0
 18252, 99538,20191101,  -23,    0
 18252, 99538,20191102,  -30,    0
 18252, 99538,20191103,  -63,    0
 18252, 99538,20191104,  -38,    0
 18252, 99538,20191105,  -55,    0
 18252, 99538,20191106,  -54,    0
 18252, 99538,20191107,  -70,    0
 18252, 99538,20191108,  -69,    0
 18252, 99538,20191109,  -80,    0
 18252, 99538,20191110,  -96,    0
 18252, 99538,20191111,  -95,    0
 18252, 99538,20191112,  -41,    0
 18252, 99538,20191113,  -26,    0
 18252, 99538,20191114,  -22,    0
 18252, 99538,20191115,  -26,    0
 18252, 99538,20191116,  -16,    0
 18252, 99538,20191117,  -20,    0
 18252, 99538,20191118,  -20,    0
 18252, 99538,20191119,  -31,    0
 18252, 99538,20191120,  -11,    0
 18252, 99538,20191121,   15,    0
 18252, 99538,20191122,   20,    0
 18252, 99538,20191123,   20,    0
 18252, 99538,20191124,   28,    0
 18252, 99538,20191125,   31,    0
 18252, 99538,20191126,  -19,    0
 18252, 99538,20191127,  -29,    0
 18252, 99538,20191128,  -53,    0
 18252, 99538,20191129,  -53,    0
 18252, 99538,20191130,  -62,    0
 18252, 99538,20191201,  -52,    0
 18252, 99538,20191202,  -54,    0
 18252, 99538,20191203,    8,    0
 18252, 99538,20191204,   18,    0
 18252, 99538,20191205,  -27,    0
 18252, 99538,20191206,  -33,    0
 18252, 99538,20191207,  -43,    0
 18252, 99538,20191208,  -50,    0
 18252, 99538,20191209,  -59,    0
 18252, 99538,20191210,  -63,    0
 18252, 99538,20191211,  -21,    0
 18252, 99538,20191212,  -20,    0
 18252, 99538,20191213,  -36,    0
 18252, 99538,20191214,  -25,    0
 18252, 99538,20191215,  -28,    0
 18252, 99538,20191216,  -32,    0
 18252, 99538,20191217,  -30,    0
 18252, 99538,20191218,  -30,    0
 18252, 99538,20191219,  -21,    0
 18252, 99538,20191220,   29,    0
 18252, 99538,20191221,   30,    0
 18252, 99538,20191222,    2,    0
 18252, 99538,20191223,   -3,    0
 18252, 99538,20191224,  -12,    0
 18252, 99538,20191225,  -28,    0
 18252, 99538,20191226,  -31,    0
 18252, 99538,20191227,  -37,    0
 18252, 99538,20191228,   13,    0
 18252, 99538,20191229,   27,    0
 18252, 99538,20191230,   -5,    0
 18252, 99538,20191231,  -28,    0
 18252, 99538,20200101,   -1,    0
 18252, 99538,20200102,   34,    0
 18252, 99538,20200103,  -58,    0
 18252, 99538,20200104,  -54,    0
 18252, 99538,20200105,  -18,    0
 18252, 99538,20200106,   37,    0
 18252, 99538,20200107,   11,    0
 18252, 99538,20200108,  -25,    0
 18252, 99538,20200109,  -32,    0
 18252, 99538,20200110,  -23,    0
 18252, 99538,20200111,    1,    0
 18252, 99538,20200112,  -38,    0
 18252, 99538,20200113,  -32,    0
 18252, 99538,20200114,  -14,    0
 18252, 99538,20200115,  -17,    0
 18252, 99538,20200116,   -9,    0
 18252, 99538,20200117,   11,    0
 18252, 99538,20200118,   -7,    0
 18252, 99538,20200119,  -31,    0
 18252, 99538,20200120,   25,    0
 18252, 99538,20200121,  -34,    0
 18252, 99538,20200122,  -43,    0
 18252, 99538,20200123,   -6,    0
 18252, 99538,20200124,  -44,    0
 18252, 99538,20200125,  -19,    0
 18252, 99538,20200126,   12,    0
 18252, 99538,20200127,   -5,    0
 18252, 99538,20200128,  -28,    0
 18252, 99538,20200129,  -33,    0
 18252, 99538,20200130,  -39,    0
 18252, 99538,20200131,  -20,    0
 18252, 99538,20200201,  -34,    0
 18252, 99538,20200202,  -38,    0
 18252, 99538,20200203,  -64,    0
 18252, 99538,20200204,  -58,    0
 18252, 99538,20200205,  -16,    0
 18252, 99538,20200206,    8,    0
 18252, 99538,20200207,   35,    0
 18252, 99538,20200208,   20,    0
 18252, 99538,20200209,   -1,    0
 18252, 99538,20200210,  -29,    0
 18252, 99538,20200211,  -42,    0
 18252, 99538,20200212,  -49,    0
 18252, 99538,20200213,  -50,    0
 18252, 99538,20200214,  -56,    0
 18252, 99538,20200215,  -23,    0
 18252, 99538,20200216,  -11,    0
 18252, 99538,20200217,  -11,    0
 18252, 99538,20200218,  -25,    0
 18252, 99538,20200219,  -34,    0
 18252, 99538,20200220,  -29,    0
 18252, 99538,20200221,  -29,    0
 18252, 99538,20200222,  -37,    0
 18252, 99538,20200223,  -47,    0
 18252, 99538,20200224,  -56,    0
 18252, 99538,20200225,  -87,    0
 18252, 99538,20200226,  -94,    0
 18252, 99538,20200227,  -78,    0
 18252, 99538,20200228,  -58,    0
 18252, 99538,20200229,  -79,    0
 18252, 99538,20200301,  -75,    0
 18252, 99538,20200302,  -29,    0
 18252, 99538,20200303,  -26,    0
 18252, 99538,20200304,  -29,    0
 18252, 99538,20200305,  -37,    0
 18252, 99538,20200306,  -34,    0
 18252, 99538,20200307,  -30,    0
 18252, 99538,20200308,   16,    0
 18252, 99538,20200309,  -14,    0
 18252, 99538,20200310,  -20,    0
 18252, 99538,20200311,  -19,    0
 18252, 99538,20200312,  -45,    0
 18252, 99538,20200313,  -94,    0
 18252, 99538,20200314,  -78,    0
 18252, 99538,20200315,  -29,    0
 18252, 99538,20200316,  -44,    0
 18252, 99538,20200317,  -23,    0
 18252, 99538,20200318,  -39,    0
 18252, 99538,20200319,  -44,    0
 18252, 99538,20200320,  -60,    0
 18252, 99538,20200321,  -66,    0
 18252, 99538,20200322,  -52,    0
 18252, 99538,20200323,   -2,    0
 18252, 99538,20200324,   18,    0
 18252, 99538,20200325,   -3,    0
 18252, 99538,20200326,  -17,    0
 18252, 99538,20200327,  -25,    0
 18252, 99538,20200328,  -76,    0
 18252, 99538,20200329,  -58,    0
 18252, 99538,20200330,  -51,    0
 18252, 99538,20200331,  -19,    0
 18252, 99538,20200401,  -29,    0
 18252, 99538,20200402,  -59,    0
 18252, 99538,20200403,  -77,    0
 18252, 99538,20200404,  -75,    0
 18252, 99538,20200405,  -23,    0
 18252, 99538,20200406,   36,    0
 18252, 99538,20200407,    6,    0
 18252, 99538,20200408,  -19,    0
 18252, 99538,20200409,  -45,    0
 18252, 99538,20200410,  -41,    0
 18252, 99538,20200411,  -14,    0
 18252, 99538,20200412,  -29,    0
 18252, 99538,20200413,  -66,    0
 18252, 99538,20200414,  -22,    0
 18252, 99538,20200415,  -13,    0
 18252, 99538,20200416,  -43,    0
 18252, 99538,20200417,  -41,    0
 18252, 99538,20200418,  -24,    0
 18252, 99538,20200419,    8,    0
 18252, 99538,20200420,   67,    0
 18252, 99538,20200421,   84,    0
 18252, 99538,20200422,   62,    0
 18252, 99538,20200423,   10,    0
 18252, 99538,20200424,  -10,    0
 18252, 99538,20200425,   -9,    0
 18252, 99538,20200426,  -23,    0
 18252, 99538,20200427,  -14,    0
 18252, 99538,20200428,    7,    0
 18252, 99538,20200429,    3,    0
 18252, 99538,20200430,    6,    0
 18252, 99538,20200501,   -6,    0
 18252, 99538,20200502,  -11,    0
 18252, 99538,20200503,  -18,    0
 18252, 99538,20200504,  -30,    0
 18252, 99538,20200505,  -20,    0
 18252, 99538,20200506,   -8,    0
 18252, 99538,20200507,  -20,    0
 18252, 99538,20200508,  -11,    0
 18252, 99538,20200509,  -22,    0
 18252, 99538,20200510,  -48,    0
 18252, 99538,20200511,  -47,    0
 18252, 99538,20200512,  -43,    0
 18252, 99538,20200513,  -45,    0
 18252, 99538,20200514,  -45,    0
 18252, 99538,20200515,  -37,    0
 18252, 99538,20200516,  -34,    0
 18252, 99538,20200517,  -16,    0
 18252, 99538,20200518,  -15,    0
 18252, 99538,20200519,  -18,    0
 18252, 99538,20200520,    9,    0
 18252, 99538,20200521,   55,    0
 18252, 99538,20200522,   69,    0
 18252, 99538,20200523,   56,    0
 18252, 99538,20200524,   45,    0
 18252, 99538,20200525,   54,    0
 18252, 99538,20200526,   49,    0
 18252, 99538,20200527,   11,    0
 18252, 99538,20200528,   13,    0
 18252, 99538,20200529,   65,    0
 18252, 99538,20200530,  123,    0
 18252, 99538,20200531,  139,    0
 18252, 99538,20200601,  123,    0
 18252, 99538,20200602,   87,    0
 18252, 99538,20200603,   45,    0
 18252, 99538,20200604,   79,    0
 18252, 99538,20200605,   92,    0
 18252, 99538,20200606,   73,    0
 18252, 99538,20200607,   16,    0
 18252, 99538,20200608,    3,    0
 18252, 99538,20200609,   55,    0
 18252, 99538,20200610,  106,    0
 18252, 99538,20200611,  116,    0
 18252, 99538,20200612,  156,    0
 18252, 99538,20200613,  148,    0
 18252, 99538,20200614,  141,    0
 18252, 99538,20200615,  125,    0
 18252, 99538,20200616,  167,    0
 18252, 99538,20200617,  179,    0
 18252, 99538,20200618,  171,    0
 18252, 99538,20200619,  181,    0
 18252, 99538,20200620,  197,    0
 18252, 99538,20200621,  150,    0
 18252, 99538,20200622,  106,    0
 18252, 99538,20200623,  122,    0
 18252, 99538,20200624,  164,    0
 18252, 99538,20200625,  156,    0
 18252, 99538,20200626,  172,    0
 18252, 99538,20200627,  198,    0
 18252, 99538,20200628,  148,    0
 18252, 99538,20200629,   93,    0
 18252, 99538,20200630,   55,    0
 18252, 99538,20200701,   17,    0
 18252, 99538,20200702,   20,    0
 18252, 99538,20200703,   16,    0
 18252, 99538,20200704,   65,    0
 18252, 99538,20200705,   79,    0
 18252, 99538,20200706,   40,    0
 18252, 99538,20200707,   28,    0
 18252, 99538,20200708,   28,    0
 18252, 99538,20200709,   38,    0
 18252, 99538,20200710,   52,    0
 18252, 99538,20200711,   29,    0
 18252, 99538,20200712,   28,    0
 18252, 99538,20200713,   61,    0
 18252, 99538,20200714,   95,    0
 18252, 99538,20200715,  109,    0
 18252, 99538,20200716,  117,    0
 18252, 99538,20200717,   90,    0
 18252, 99538,20200718,   88,    0
 18252, 99538,20200719,   76,    0
 18252, 99538,20200720,   51,    0
 18252, 99538,20200721,   33,    0
 18252, 99538,20200722,   27,    0
 18252, 99538,20200723,   31,    0
 18252, 99538,20200724,   43,    0
 18252, 99538,20200725,   71,    0
 18252, 99538,20200726,  125,    0
 18252, 99538,20200727,  112,    0
 18252, 99538,20200728,  119,    0
 18252, 99538,20200729,  104,    0
 18252, 99538,20200730,   86,    0
 18252, 99538,20200731,  127,    0
 18252, 99538,20200801,  166,    0
 18252, 99538,20200802,  106,    0
 18252, 99538,20200803,   52,    0
 18252, 99538,20200804,   66,    0
 18252, 99538,20200805,   91,    0
 18252, 99538,20200806,  125,    0
 18252, 99538,20200807,  159,    0
 18252, 99538,20200808,  105,    0
 18252, 99538,20200809,   73,    0
 18252, 99538,20200810,  135,    0
 18252, 99538,20200811,  133,    0
 18252, 99538,20200812,  143,    0
 18252, 99538,20200813,  124,    0
 18252, 99538,20200814,  100,    0
 18252, 99538,20200815,  104,    0
 18252, 99538,20200816,   94,    0
 18252, 99538,20200817,  124,    0
 18252, 99538,20200818,  153,    0
 18252, 99538,20200819,  131,    0
 18252, 99538,20200820,  127,    0
 18252, 99538,20200821,  149,    0
 18252, 99538,20200822,  112,    0
 18252, 99538,20200823,   35,    0
 18252, 99538,20200824,   14,    0
 18252, 99538,20200825,   30,    0
 18252, 99538,20200826,   40,    0
 18252, 99538,20200827,   52,    0
 18252, 99538,20200828,   60,    0
 18252, 99538,20200829,   50,    0
 18252, 99538,20200830,   26,    0
 18252, 99538,20200831,   45,    0
 18252, 99538,20200901,   92,    0
 18252, 99538,20200902,  109,    0
 18252, 99538,20200903,   92,    0
 18252, 99538,20200904,   79,    0
 18252, 99538,20200905,   59,    0
 18252, 99538,20200906,   48,    0
 18252, 99538,20200907,   54,    0
 18252, 99538,20200908,   48,    0
 18252, 99538,20200909,   33,    0
 18252, 99538,20200910,    7,    0
 18252, 99538,20200911,   53,    0
 18252, 99538,20200912,   36,    0
 18252, 99538,20200913,   33,    0
 18252, 99538,20200914,   40,    0
 18252, 99538,20200915,   61,    0
 18252, 99538,20200916,   13,    0
 18252, 99538,20200917,   51,    0
 18252, 99538,20200918,   54,    0
 18252, 99538,20200919,   34,    0
 18252, 99538,20200920,   61,    0
 18252, 99538,20200921,   67,    0
 18252, 99538,20200922,   40,    0
 18252, 99538,20200923,   40,    0
 18252, 99538,20200924,   24,    0
 18252, 99538,20200925,   10,    0
 18252, 99538,20200926,    2,    0
 18252, 99538,20200927,   93,    0
 18252, 99538,20200928,  137,    0
 18252, 99538,20200929,   85,    0
 18252, 99538,20200930,   86,    0
 18252, 99538,20201001,   92,    0
 18252, 99538,20201002,   89,    0
 18252, 99538,20201003,   79,    0
 18252, 99538,20201004,   83,    0
 18252, 99538,20201005,   79,    0
 18252, 99538,20201006,   70,    0
 18252, 99538,20201007,   64,    0
 18252, 99538,20201008,   48,    0
 18252, 99538,20201009,   19,    0
 18252, 99538,20201010,   23,    0
 18252, 99538,20201011,   26,    0
 18252, 99538,20201012,    6,    0
 18252, 99538,20201013,    4,    0
 18252, 99538,20201014,   -2,    0
 18252, 99538,20201015,   16,    0
 18252, 99538,20201016,   15,    0
 18252, 99538,20201017,   -6,    0
 18252, 99538,20201018,  -26,    0
 18252, 99538,20201019,  -31,    0
 18252, 99538,20201020,  -27,    0
 18252, 99538,20201021,  -17,    0
 18252, 99538,20201022,  -38,    0
 18252, 99538,20201023,  -37,    0
 18252, 99538,20201024,    2,    0
 18252, 99538,20201025,   30,    0
 18252, 99538,20201026,   27,    0
 18252, 99538,20201027,   26,    0
 18252, 99538,20201028,   23,    0
 18252, 99538,20201029,   13,    0
 18252, 99538,20201030,   21,    0
 18252, 99538,20201031,   26,    0
 18252, 99538,20201101,   46,    0
 18252, 99538,20201102,   26,    0
 18252, 99538,20201103,    3,    0
 18252, 99538,20201104,   -9,    0
 18252, 99538,20201105,   35,    0
 18252, 99538,20201106,   44,    0
 18252, 99538,20201107,   24,    0
 18252, 99538,20201108,   -3,    0
 18252, 99538,20201109,   42,    0
 18252, 99538,20201110,   77,    0
 18252, 99538,20201111,   65,    0
 18252, 99538,20201112,   44,    0
 18252, 99538,20201113,   31,    0
 18252, 99538,20201114,   27,    0
 18252, 99538,20201115,   47,    0
 18252, 99538,20201116,   39,    0
 18252, 99538,20201117,   12,    0
 18252, 99538,20201118,  -18,    0
 18252, 99538,20201119,  -60,    0
 18252, 99538,20201120,  -50,    0
 18252, 99538,20201121,  -13,    0
 18252, 99538,20201122,  -13,    0
 18252, 99538,20201123,  -27,    0
 18252, 99538,20201124,   -8,    0
 18252, 99538,20201125,   -6,    0
 18252, 99538,20201126,  -14,    0
 18252, 99538,20201127,  -24,    0
 18252, 99538,20201128,  -16,    0
 18252, 99538,20201129,   -3,    0
 18252, 99538,20201130,   -2,    0
 18252, 99538,20201201,  -30,    0
 18252, 99538,20201202,    3,    0
 18252, 99538,20201203,  -14,    0
 18252, 99538,20201204,  -33,    0
 18252, 99538,20201205,  -30,    0
 18252, 99538,20201206,  -23,    0
 18252, 99538,20201207,    6,    0
 18252, 99538,20201208,   21,    0
 18252, 99538,20201209,  -10,    0
 18252, 99538,20201210,  -17,    0
 18252, 99538,20201211,  -19,    0
 18252, 99538,20201212,  -25,    0
 18252, 99538,20201213,  -29,    0
 18252, 99538,20201214,   -1,    0
 18252, 99538,20201215,    8,    0
 18252, 99538,20201216,    4,    0
 18252, 99538,20201217,   13,    0
 18252, 99538,20201218,   18,    0
 18252, 99538,20201219,   53,    0
 18252, 99538,20201220,   28,    0
 18252, 99538,20201221,   10,    0
 18252, 99538,20201222,   -5,    0
 18252, 99538,20201223,  -26,    0
 18252, 99538,20201224,  -49,    0
 18252, 99538,20201225,  -54,    0
 18252, 99538,20201226,  -26,    0
 18252, 99538,20201227,   -7,    0
 18252, 99538,20201228,  -18,    0
 18252, 99538,20201229,  -10,    0
 18252, 99538,20201230,   -7,    0
 18252, 99538,20201231,  -45,    0
 18252, 99538,20210101,  -64,    0
 18252, 99538,20210102,  -52,    0
 18252, 99538,20210103,  -39,    0
 18252, 99538,20210104,  -28,    0
 18252, 99538,20210105,  -30,    0
 18252, 99538,20210106,  -38,    0
 18252, 99538,20210107,  -39,    0
 18252, 99538,20210108,  -42,    0
 18252, 99538,20210109,  -41,    0
 18252, 99538,20210110,  -74,    0
 18252, 99538,20210111,  -87,    0
 18252, 99538,20210112,  -84,    0
 18252, 99538,20210113, -106,    0
 18252, 99538,20210114,  -83,    0
 18252, 99538,20210115,  -77,    0
 18252, 99538,20210116,  -46,    0
 18252, 99538,20210117,  -27,    0
 18252, 99538,20210118,  -32,    0
 18252, 99538,20210119,  -49,    0
 18252, 99538,20210120,  -50,    0
 18252, 99538,20210121,  -19,    0
 18252, 99538,20210122,  -16,    0
 18252, 99538,20210123,  -30,    0
 18252, 99538,20210124,  -52,    0
 18252, 99538,20210125,  -54,    0
 18252, 99538,20210126,  -62,    0
 18252, 99538,20210127,  -80,    0
 18252, 99538,20210128,  -81,    0
 18252, 99538,20210129,  -71,    0
 18252, 99538,20210130,  -60,    0
 18252, 99538,20210131,  -69,    0
 18252, 99538,20210201,  -90,    0
 18252, 99538,20210202,  -93,    0
 18252, 99538,20210203, -114,    0
 18252, 99538,20210204, -128,    0
 18252, 99538,20210205, -105,    0
 18252, 99538,20210206,  -94,    0
 18252, 99538,20210207, -118,    0
 18252, 99538,20210208, -111,    0
 18252, 99538,20210209,  -88,    0
 18252, 99538,20210210, -118,    0
 18252, 99538,20210211,  -99,    0
 18252, 99538,20210212,  -89,    0
 18252, 99538,20210213,  -79,    0
 18252, 99538,20210214,  -61,    0
 18252, 99538,20210215,  -38,    0
 18252, 99538,20210216,  -23,    0
 18252, 99538,20210217,  -43,    0
 18252, 99538,20210218,  -22,    0
 18252, 99538,20210219,   -3,    0
 18252, 99538,20210220,   21,    0
 18252, 99538,20210221,   38,    0
 18252, 99538,20210222,   17,    0
 18252, 99538,20210223,    7,    0
 18252, 99538,20210224,   24,    0
 18252, 99538,20210225,   10,    0
 18252, 99538,20210226,  -12,    0
 18252, 99538,20210227,    3,    0
 18252, 99538,20210228,   -1,    0
 18252, 99538,20210301,    0,    0
 18252, 99538,20210302,   -4,    0
 18252, 99538,20210303,  -35,    0
 18252, 99538,20210304,  -66,    0
 18252, 99538,20210305,  -49,    0
 18252, 99538,20210306,  -46,    0
 18252, 99538,20210307,  -65,    0
 18252, 99538,20210308,  -69,    0
 18252, 99538,20210309,  -37,    0
 18252, 99538,20210310,  -59,    0
 18252, 99538,20210311,  -35,    0
 18252, 99538,20210312,  -15,    0
 18252, 99538,20210313,  -22,    0
 18252, 99538,20210314,  -29,    0
 18252, 99538,20210315,  -35,    0
 18252, 99538,20210316,  -58,    0
 18252, 99538,20210317,  -50,    0
 18252, 99538,20210318,  -23,    0
 18252, 99538,20210319,  -14,    0
 18252, 99538,20210320,  -16,    0
 18252, 99538,20210321,  -48,    0
 18252, 99538,20210322,   -2,    0
 18252, 99538,20210323,   20,    0
 18252, 99538,20210324,  -15,    0
 18252, 99538,20210325,  -20,    0
 18252, 99538,20210326,   12,    0
 18252, 99538,20210327,  -18,    0
 18252, 99538,20210328,  -13,    0
 18252, 99538,20210329,   -1,    0
 18252, 99538,20210330,  -18,    0
 18252, 99538,20210331,  -30,    0
 18252, 99538,20210401,  -33,    0
 18252, 99538,20210402,  -41,    0
 18252, 99538,20210403,  -27,    0
 18252, 99538,20210404,  -37,    0
 18252, 99538,20210405,  -59,    0
 18252, 99538,20210406,  -41,    0
 18252, 99538,20210407,  -56,    0
 18252, 99538,20210408,  -66,    0
 18252, 99538,20210409,  -51,    0
 18252, 99538,20210410,  -49,    0
 18252, 99538,20210411,  -39,    0
 18252, 99538,20210412,  -46,    0
 18252, 99538,20210413,  -45,    0
 18252, 99538,20210414,  -31,    0
 18252, 99538,20210415,  -24,    0
 18252, 99538,20210416,  -23,    0
 18252, 99538,20210417,  -15,    0
 18252, 99538,20210418,    9,    0
 18252, 99538,20210419,   13,    0
 18252, 99538,20210420,    2,    0
 18252, 99538,20210421,  -40,    0
 18252, 99538,20210422,  -51,    0
 18252, 99538,20210423,  -54,    0
 18252, 99538,20210424,  -52,    0
 18252, 99538,20210425,  -58,    0
 18252, 99538,20210426,  -47,    0
 18252, 99538,20210427,  -44,    0
 18252, 99538,20210428,  -50,    0
 18252, 99538,20210429,  -49,    0
 18252, 99538,20210430,  -53,    0
 18252, 99538,20210501,  -50,    0
 18252, 99538,20210502,  -48,    0
 18252, 99538,20210503,  -41,    0
 18252, 99538,20210504,  -18,    0
 18252, 99538,20210505,  -14,    0
 18252, 99538,20210506,  -27,    0
 18252, 99538,20210507,  -27,    0
 18252, 99538,20210508,  -30,    0
 18252, 99538,20210509,    6,    0
 18252, 99538,20210510,   44,    0
 18252, 99538,20210511,   69,    0
 18252, 99538,20210512,   34,    0
 18252, 99538,20210513,   19,    0
 18252, 99538,20210514,   63,    0
 18252, 99538,20210515,   82,    0
 18252, 99538,20210516,   31,    0
 18252, 99538,20210517,   27,    0
 18252, 99538,20210518,   20,    0
 18252, 99538,20210519,   16,    0
 18252, 99538,20210520,   -4,    0
 18252, 99538,20210521,   21,    0
 18252, 99538,20210522,   61,    0
 18252, 99538,20210523,   62,    0
 18252, 99538,20210524,   67,    0
 18252, 99538,20210525,   78,    0
 18252, 99538,20210526,   66,    0
 18252, 99538,20210527,   67,    0
 18252, 99538,20210528,   67,    0
 18252, 99538,20210529,  106,    0
 18252, 99538,20210530,  104,    0
 18252, 99538,20210531,  112,    0
 18252, 99538,20210601,  149,    0
 18252, 99538,20210602,  122,    0
 18252, 99538,20210603,  142,    0
 18252, 99538,20210604,  134,    0
 18252, 99538,20210605,  117,    0
 18252, 99538,20210606,   86,    0
 18252, 99538,20210607,   90,    0
 18252, 99538,20210608,   94,    0
 18252, 99538,20210609,  103,    0
 18252, 99538,20210610,  118,    0
 18252, 99538,20210611,   94,    0
 18252, 99538,20210612,   29,    0
 18252, 99538,20210613,   27,    0
 18252, 99538,20210614,   47,    0
 18252, 99538,20210615,   13,    0
 18252, 99538,20210616,   40,    0
 18252, 99538,20210617,   82,    0
 18252, 99538,20210618,   47,    0
 18252, 99538,20210619,   46,    0
 18252, 99538,20210620,   85,    0
 18252, 99538,20210621,   50,    0
 18252, 99538,20210622,   60,    0
 18252, 99538,20210623,   66,    0
 18252, 99538,20210624,   61,    0
 18252, 99538,20210625,   50,    0
 18252, 99538,20210626,   69,    0
 18252, 99538,20210627,   61,    0
 18252, 99538,20210628,   73,    0
 18252, 99538,20210629,   52,    0
 18252, 99538,20210630,   88,    0
 18252, 99538,20210701,  132,    0
 18252, 99538,20210702,  147,    0
 18252, 99538,20210703,  151,    0
 18252, 99538,20210704,  144,    0
 18252, 99538,20210705,  153,    0
 18252, 99538,20210706,  131,    0
 18252, 99538,20210707,  115,    0
 18252, 99538,20210708,  110,    0
 18252, 99538,20210709,  123,    0
 18252, 99538,20210710,  122,    0
 18252, 99538,20210711,  102,    0
 18252, 99538,20210712,  116,    0
 18252, 99538,20210713,  150,    0
 18252, 99538,20210714,  145,    0
 18252, 99538,20210715,   78,    0
 18252, 99538,20210716,   92,    0
 18252, 99538,20210717,   84,    0
 18252, 99538,20210718,   37,    0
 18252, 99538,20210719,   52,    0
 18252, 99538,20210720,   48,    0
 18252, 99538,20210721,   64,    0
 18252, 99538,20210722,   56,    0
 18252, 99538,20210723,   93,    0
 18252, 99538,20210724,  130,    0
 18252, 99538,20210725,  140,    0
 18252, 99538,20210726,  166,    0
 18252, 99538,20210727,  158,    0
 18252, 99538,20210728,  147,    0
 18252, 99538,20210729,  135,    0
 18252, 99538,20210730,   67,    0
 18252, 99538,20210731,   51,    0
 18252, 99538,20210801,   41,    0
 18252, 99538,20210802,   40,    0
 18252, 99538,20210803,   45,    0
 18252, 99538,20210804,   66,    0
 18252, 99538,20210805,   89,    0
 18252, 99538,20210806,  113,    0
 18252, 99538,20210807,  125,    0
 18252, 99538,20210808,  115,    0
 18252, 99538,20210809,  120,    0
 18252, 99538,20210810,  106,    0
 18252, 99538,20210811,   93,    0
 18252, 99538,20210812,  111,    0
 18252, 99538,20210813,   89,    0
 18252, 99538,20210814,   62,    0
 18252, 99538,20210815,   66,    0
 18252, 99538,20210816,   61,    0
 18252, 99538,20210817,   59,    0
 18252, 99538,20210818,   51,    0
 18252, 99538,20210819,   43,    0
 18252, 99538,20210820,   45,    0
 18252, 99538,20210821,   43,    0
 18252, 99538,20210822,   52,    0
 18252, 99538,20210823,   75,    0
 18252, 99538,20210824,   78,    0
 18252, 99538,20210825,   57,    0
 18252, 99538,20210826,   59,    0
 18252, 99538,20210827,   95,    0
 18252, 99538,20210828,  113,    0
 18252, 99538,20210829,   97,    0
 18252, 99538,20210830,   59,    0
 18252, 99538,20210831,   61,    0
 18252, 99538,20210901,   66,    0
 18252, 99538,20210902,   59,    0
 18252, 99538,20210903,   28,    0
 18252, 99538,20210904,   46,    0
 18252, 99538,20210905,   56,    0
 18252, 99538,20210906,   79,    0
 18252, 99538,20210907,   95,    0
 18252, 99538,20210908,   95,    0
 18252, 99538,20210909,   87,    0
 18252, 99538,20210910,   97,    0
 18252, 99538,20210911,   92,    0
 18252, 99538,20210912,   36,    0
 18252, 99538,20210913,   28,    0
 18252, 99538,20210914,   53,    0
 18252, 99538,20210915,   84,    0
 18252, 99538,20210916,   78,    0
 18252, 99538,20210917,   82,    0
 18252, 99538,20210918,   69,    0
 18252, 99538,20210919,   91,    0
 18252, 99538,20210920,   73,    0
 18252, 99538,20210921,   44,    0
 18252, 99538,20210922,   69,    0
 18252, 99538,20210923,   22,    0
 18252, 99538,20210924,   23,    0
 18252, 99538,20210925,   33,    0
 18252, 99538,20210926,  112,    0
 18252, 99538,20210927,  109,    0
 18252, 99538,20210928,   85,    0
 18252, 99538,20210929,   75,    0
 18252, 99538,20210930,   75,    0
 18252, 99538,20211001,   72,    0
 18252, 99538,20211002,   72,    0
 18252, 99538,20211003,   76,    0
 18252, 99538,20211004,   75,    0
 18252, 99538,20211005,   65,    0
 18252, 99538,20211006,   63,    0
 18252, 99538,20211007,   42,    0
 18252, 99538,20211008,   92,    0
 18252, 99538,20211009,  110,    0
 18252, 99538,20211010,   47,    0
 18252, 99538,20211011,   -2,    0
 18252, 99538,20211012,   -6,    0
 18252, 99538,20211013,   -6,    0
 18252, 99538,20211014,   32,    0
 18252, 99538,20211015,  -18,    0
 18252, 99538,20211016,  -19,    0
 18252, 99538,20211017,  -24,    0
 18252, 99538,20211018,  -27,    0
 18252, 99538,20211019,   30,    0
 18252, 99538,20211020,   25,    0
 18252, 99538,20211021,  -24,    0
 18252, 99538,20211022,  -15,    0
 18252, 99538,20211023,  -20,    0
 18252, 99538,20211024,   37,    0
 18252, 99538,20211025,   44,    0
 18252, 99538,20211026,   19,    0
 18252, 99538,20211027,   38,    0
 18252, 99538,20211028,   57,    0
 18252, 99538,20211029,   61,    0
 18252, 99538,20211030,   57,    0
 18252, 99538,20211031,   47,    0
 18252, 99538,20211101,   50,    0
 18252, 99538,20211102,   50,    0
 18252, 99538,20211103,   26,    0
 18252, 99538,20211104,   10,    0
 18252, 99538,20211105,  -14,    0
 18252, 99538,20211106,  -32,    0
 18252, 99538,20211107,  -32,    0
 18252, 99538,20211108,  -23,    0
 18252, 99538,20211109,   14,    0
 18252, 99538,20211110,  -10,    0
 18252, 99538,20211111,   -6,    0
 18252, 99538,20211112,  -27,    0
 18252, 99538,20211113,    8,    0
 18252, 99538,20211114,   34,    0
 18252, 99538,20211115,   26,    0
 18252, 99538,20211116,   39,    0
 18252, 99538,20211117,  -11,    0
 18252, 99538,20211118,  -22,    0
 18252, 99538,20211119,   -1,    0
 18252, 99538,20211120,  -21,    0
 18252, 99538,20211121,  -43,    0
 18252, 99538,20211122,  -23,    0
 18252, 99538,20211123,    5,    0
 18252, 99538,20211124,  -10,    0
 18252, 99538,20211125,  -59,    0
 18252, 99538,20211126,  -82,    0
 18252, 99538,20211127,  -94,    0
 18252, 99538,20211128,  -94,    0
 18252, 99538,20211129,  -77,    0
 18252, 99538,20211130,  -69,    0
 18252, 99538,20211201,  -70,    0
 18252, 99538,20211202,  -93,    0
 18252, 99538,20211203, -125,    0
 18252, 99538,20211204,  -71,    0
 18252, 99538,20211205,  -53,    0
 18252, 99538,20211206,  -54,    0
 18252, 99538,20211207,  -48,    0
 18252, 99538,20211208,  -68,    0
 18252, 99538,20211209,  -48,    0
 18252, 99538,20211210,  -44,    0
 18252, 99538,20211211,  -36,    0
 18252, 99538,20211212,  -14,    0
 18252, 99538,20211213,    0,    0
 18252, 99538,20211214,  -12,    0
 18252, 99538,20211215,   -3,    0
 18252, 99538,20211216,   -5,    0
 18252, 99538,20211217,   25,    0
 18252, 99538,20211218,   12,    0
 18252, 99538,20211219,  -35,    0
 18252, 99538,20211220,  -33,    0
 18252, 99538,20211221,  -43,    0
 18252, 99538,20211222,  -43,    0
 18252, 99538,20211223,  -62,    0
 18252, 99538,20211224, -101,    0
 18252, 99538,20211225,  -59,    0
 18252, 99538,20211226,  -50,    0
 18252, 99538,20211227,  -67,    0
 18252, 99538,20211228,  -52,    0
 18252, 99538,20211229,  -17,    0
 18252, 99538,20211230,  -27,    0
 18252, 99538,20211231,  -32,    0
 18252, 99538,20220101,  -31,    0
 18252, 99538,20220102,    7,    0
 18252, 99538,20220103,  -28,    0
 18252, 99538,20220104,  -55,    0
 18252, 99538,20220105,  -68,    0
 18252, 99538,20220106,  -83,    0
 18252, 99538,20220107,  -55,    0
 18252, 99538,20220108,  -54,    0
 18252, 99538,20220109,  -60,    0
 18252, 99538,20220110,  -41,    0
 18252, 99538,20220111,  -10,    0
 18252, 99538,20220112,   10,    0
 18252, 99538,20220113,    2,    0
 18252, 99538,20220114,  -50,    0
 18252, 99538,20220115,  -31,    0
 18252, 99538,20220116,  -46,    0
 18252, 99538,20220117,  -53,    0
 18252, 99538,20220118,    2,    0
 18252, 99538,20220119,  -46,    0
 18252, 99538,20220120,  -78,    0
 18252, 99538,20220121,  -21,    0
 18252, 99538,20220122,    8,    0
 18252, 99538,20220123,   24,    0
 18252, 99538,20220124,  -28,    0
 18252, 99538,20220125,  -42,    0
 18252, 99538,20220126,  -25,    0
 18252, 99538,20220127,  -32,    0
 18252, 99538,20220128,  -48,    0
 18252, 99538,20220129,  -22,    0
 18252, 99538,20220130,  -60,    0
 18252, 99538,20220131,  -83,    0
 18252, 99538,20220201,  -81,    0
 18252, 99538,20220202,  -68,    0
 18252, 99538,20220203,  -55,    0
 18252, 99538,20220204,  -45,    0
 18252, 99538,20220205,  -58,    0
 18252, 99538,20220206,  -54,    0
 18252, 99538,20220207,  -35,    0
 18252, 99538,20220208,  -39,    0
 18252, 99538,20220209,  -47,    0
 18252, 99538,20220210,  -62,    0
 18252, 99538,20220211,  -73,    0
 18252, 99538,20220212,  -32,    0
 18252, 99538,20220213,  -16,    0
 18252, 99538,20220214,  -70,    0
 18252, 99538,20220215,  -70,    0
 18252, 99538,20220216,  -54,    0
 18252, 99538,20220217,  -51,    0
 18252, 99538,20220218,  -47,    0
 18252, 99538,20220219,  -62,    0
 18252, 99538,20220220,  -66,    0
 18252, 99538,20220221,  -60,    0
 18252, 99538,20220222,  -70,    0
 18252, 99538,20220223,  -40,    0
 18252, 99538,20220224,  -53,    0
 18252, 99538,20220225,  -54,    0
 18252, 99538,20220226,  -36,    0
 18252, 99538,20220227,  -23,    0
 18252, 99538,20220228,  -29,    0
 18252, 99538,20220301,  -29,    0
 18252, 99538,20220302,  -37,    0
 18252, 99538,20220303,  -41,    0
 18252, 99538,20220304,  -43,    0
 18252, 99538,20220305,  -41,    0
 18252, 99538,20220306,  -36,    0
 18252, 99538,20220307,  -29,    0
 18252, 99538,20220308,  -11,    0
 18252, 99538,20220309,   22,    0
 18252, 99538,20220310,   26,    0
 18252, 99538,20220311,   35,    0
 18252, 99538,20220312,   32,    0
 18252, 99538,20220313,   20,    0
 18252, 99538,20220314,   27,    0
 18252, 99538,20220315,   21,    0
 18252, 99538,20220316,    8,    0
 18252, 99538,20220317,    3,    0
 18252, 99538,20220318,  -23,    0
 18252, 99538,20220319,   47,    0
 18252, 99538,20220320,   64,    0
 18252, 99538,20220321,   16,    0
 18252, 99538,20220322,  -10,    0
 18252, 99538,20220323,   26,    0
 18252, 99538,20220324,   21,    0
 18252, 99538,20220325,   -9,    0
 18252, 99538,20220326,  -43,    0
 18252, 99538,20220327,    7,    0
 18252, 99538,20220328,  -48,    0
 18252, 99538,20220329,  -71,    0
 18252, 99538,20220330,  -71,    0
 18252, 99538,20220331,  -62,    0
 18252, 99538,20220401,  -62,    0
 18252, 99538,20220402,  -56,    0
 18252, 99538,20220403,  -51,    0
 18252, 99538,20220404,  -66,    0
 18252, 99538,20220405,  -71,    0
 18252, 99538,20220406,  -62,    0
 18252, 99538,20220407,  -70,    0
 18252, 99538,20220408,  -71,    0
 18252, 99538,20220409,  -43,    0
 18252, 99538,20220410,  -32,    0
 18252, 99538,20220411,  -47,    0
 18252, 99538,20220412,  -39,    0
 18252, 99538,20220413,  -24,    0
 18252, 99538,20220414,  -21,    0
 18252, 99538,20220415,    8,    0
 18252, 99538,20220416,   19,    0
 18252, 99538,20220417,   66,    0
 18252, 99538,20220418,   65,    0
 18252, 99538,20220419,   69,    0
 18252, 99538,20220420,   60,    0
 18252, 99538,20220421,   60,    0
 18252, 99538,20220422,   18,    0
 18252, 99538,20220423,   31,    0
 18252, 99538,20220424,   42,    0
 18252, 99538,20220425,  -13,    0
 18252, 99538,20220426,  -45,    0
 18252, 99538,20220427,  -44,    0
 18252, 99538,20220428,  -35,    0
 18252, 99538,20220429,  -30,    0
 18252, 99538,20220430,  -23,    0
 18252, 99538,20220501,   -9,    0
 18252, 99538,20220502,  -26,    0
 18252, 99538,20220503,  -48,    0
 18252, 99538,20220504,  -17,    0
 18252, 99538,20220505,    4,    0
 18252, 99538,20220506,   32,    0
 18252, 99538,20220507,  -38,    0
 18252, 99538,20220508,  -19,    0
 18252, 99538,20220509,   46,    0
 18252, 99538,20220510,   45,    0
 18252, 99538,20220511,   28,    0
 18252, 99538,20220512,    0,    0
 18252, 99538,20220513,    9,    0
 18252, 99538,20220514,   -9,    0
 18252, 99538,20220515,  -11,    0
 18252, 99538,20220516,  -14,    0
 18252, 99538,20220517,   62,    0
 18252, 99538,20220518,   81,    0
 18252, 99538,20220519,   66,    0
 18252, 99538,20220520,   65,    0
 18252, 99538,20220521,   42,    0
 18252, 99538,20220522,   53,    0
 18252, 99538,20220523,   66,    0
 18252, 99538,20220524,   63,    0
 18252, 99538,20220525,   60,    0
 18252, 99538,20220526,   34,    0
 18252, 99538,20220527,   14,    0
 18252, 99538,20220528,    2,    0
 18252, 99538,20220529,    0,    0
 18252, 99538,20220530,   53,    0
 18252, 99538,20220531,   92,    0
 18252, 99538,20220601,   59,    0
 18252, 99538,20220602,   48,    0
 18252, 99538,20220603,   41,    0
 18252, 99538,20220604,   22,    0
 18252, 99538,20220605,   15,    0
 18252, 99538,20220606,   61,    0
 18252, 99538,20220607,   54,    0
 18252, 99538,20220608,   58,    0
 18252, 99538,20220609,   66,    0
 18252, 99538,20220610,   99,    0
 18252, 99538,20220611,   90,    0
 18252, 99538,20220612,   68,    0
 18252, 99538,20220613,   43,    0
 18252, 99538,20220614,   46,    0
 18252, 99538,20220615,   58,    0
 18252, 99538,20220616,   67,    0
 18252, 99538,20220617,   84,    0
 18252, 99538,20220618,   50,    0
 18252, 99538,20220619,   63,    0
 18252, 99538,20220620,   80,    0
 18252, 99538,20220621,   36,    0
 18252, 99538,20220622,   56,    0
 18252, 99538,20220623,   84,    0
 18252, 99538,20220624,  136,    0
 18252, 99538,20220625,  164,    0
 18252, 99538,20220626,  172,    0
 18252, 99538,20220627,  118,    0
 18252, 99538,20220628,   72,    0
 18252, 99538,20220629,  115,    0
 18252, 99538,20220630,  156,    0
 18252, 99538,20220701,  178,    0
 18252, 99538,20220702,  105,    0
 18252, 99538,20220703,   97,    0
 18252, 99538,20220704,   80,    0
 18252, 99538,20220705,   42,    0
 18252, 99538,20220706,   37,    0
 18252, 99538,20220707,   38,    0
 18252, 99538,20220708,   53,    0
 18252, 99538,20220709,   38,    0
 18252, 99538,20220710,   50,    0
 18252, 99538,20220711,   98,    0
 18252, 99538,20220712,  119,    0
 18252, 99538,20220713,   67,    0
 18252, 99538,20220714,   32,    0
 18252, 99538,20220715,   31,    0
 18252, 99538,20220716,   30,    0
 18252, 99538,20220717,   56,    0
 18252, 99538,20220718,   53,    0
 18252, 99538,20220719,   98,    0
 18252, 99538,20220720,  141,    0
 18252, 99538,20220721,   68,    0
 18252, 99538,20220722,   51,    0
 18252, 99538,20220723,   80,    0
 18252, 99538,20220724,   96,    0
 18252, 99538,20220725,  119,    0
 18252, 99538,20220726,   65,    0
 18252, 99538,20220727,   32,    0
 18252, 99538,20220728,   60,    0
 18252, 99538,20220729,  109,    0
 18252, 99538,20220730,  118,    0
 18252, 99538,20220731,   69,    0
 18252, 99538,20220801,   45,    0
 18252, 99538,20220802,   73,    0
 18252, 99538,20220803,  106,    0
 18252, 99538,20220804,   61,    0
 18252, 99538,20220805,   52,    0
 18252, 99538,20220806,   42,    0
 18252, 99538,20220807,   79,    0
 18252, 99538,20220808,   90,    0
 18252, 99538,20220809,   96,    0
 18252, 99538,20220810,  123,    0
 18252, 99538,20220811,   80,    0
 18252, 99538,20220812,   84,    0
 18252, 99538,20220813,   87,    0
 18252, 99538,20220814,  140,    0
 18252, 99538,20220815,  159,    0
 18252, 99538,20220816,  135,    0
 18252, 99538,20220817,   43,    0
 18252, 99538,20220818,   95,    0
 18252, 99538,20220819,  117,    0
 18252, 99538,20220820,   89,    0
 18252, 99538,20220821,   80,    0
 18252, 99538,20220822,   52,    0
 18252, 99538,20220823,  104,    0
 18252, 99538,20220824,  147,    0
 18252, 99538,20220825,  150,    0
 18252, 99538,20220826,   90,    0
 18252, 99538,20220827,   55,    0
 18252, 99538,20220828,   38,    0
 18252, 99538,20220829,   49,    0
 18252, 99538,20220830,   51,    0
 18252, 99538,20220831,   73,    0
 18252, 99538,20220901,   84,    0
 18252, 99538,20220902,   72,    0
 18252, 99538,20220903,   76,    0
 18252, 99538,20220904,   86,    0
 18252, 99538,20220905,   96,    0
 18252, 99538,20220906,   98,    0
 18252, 99538,20220907,  111,    0
 18252, 99538,20220908,  100,    0
 18252, 99538,20220909,   85,    0
 18252, 99538,20220910,   71,    0
 18252, 99538,20220911,   64,    0
 18252, 99538,20220912,   82,    0
 18252, 99538,20220913,   67,    0
 18252, 99538,20220914,   40,    0
 18252, 99538,20220915,   42,    0
 18252, 99538,20220916,   42,    0
 18252, 99538,20220917,   37,    0
 18252, 99538,20220918,   30,    0
 18252, 99538,20220919,   15,    0
 18252, 99538,20220920,   24,    0
 18252, 99538,20220921,   74,    0
 18252, 99538,20220922,   82,    0
 18252, 99538,20220923,   50,    0
 18252, 99538,20220924,   29,    0
 18252, 99538,20220925,   34,    0
 18252, 99538,20220926,   53,    0
 18252, 99538,20220927,   66,    0
 18252, 99538,20220928,   72,    0
 18252, 99538,20220929,   58,    0
 18252, 99538,20220930,   56,    0
 18252, 99538,20221001,   58,    0
 18252, 99538,20221002,   53,    0
 18252, 99538,20221003,   36,    0
 18252, 99538,20221004,   56,    0
 18252, 99538,20221005,   32,    0
 18252, 99538,20221006,   19,    0
 18252, 99538,20221007,   25,    0
 18252, 99538,20221008,   -2,    0
 18252, 99538,20221009,   36,    0
 18252, 99538,20221010,   32,    0
 18252, 99538,20221011,  -10,    0
 18252, 99538,20221012,   32,    0
 18252, 99538,20221013,   21,    0
 18252, 99538,20221014,   29,    0
 18252, 99538,20221015,   11,    0
 18252, 99538,20221016,   31,    0
 18252, 99538,20221017,   21,    0
 18252, 99538,20221018,   -4,    0
 18252, 99538,20221019,  -11,    0
 18252, 99538,20221020,   -4,    0
 18252, 99538,20221021,   51,    0
 18252, 99538,20221022,   18,    0
 18252, 99538,20221023,    4,    0
 18252, 99538,20221024,   52,    0
 18252, 99538,20221025,   50,    0
 18252, 99538,20221026,   45,    0
 18252, 99538,20221027,   60,    0
 18252, 99538,20221028,   69,    0
 18252, 99538,20221029,   23,    0
 18252, 99538,20221030,   67,    0
 18252, 99538,20221031,   64,    0
