EUROPEAN CLIMATE ASSESSMENT & DATASET (ECA&D), file created on: 16-11-2022
THESE DATA CAN BE USED FOR NON-COMMERCIAL RESEARCH AND EDUCATION PROVIDED THAT THE FOLLOWING SOURCE IS ACKNOWLEDGED: 

Klein Tank, A.M.G. and Coauthors, 2002. Daily dataset of 20th-century surface
air temperature and precipitation series for the European Climate Assessment.
Int. J. of Climatol., 22, 1441-1453.
Data and metadata available at http://www.ecad.eu

FILE FORMAT (MISSING VALUE CODE = -9999):

01-06 STAID: Station identifier
08-13 SOUID: Source identifier
15-22 DATE : Date YYYYMMDD
24-28 TG   : Mean temperature in 0.1 &#176;C
30-34 Q_TG : quality code for TG (0='valid'; 1='suspect'; 9='missing')

This is the blended series of station SKREDDERDALEN, NORWAY (STAID: 18136)
Blended and updated with sources:99204 
See files sources.txt and stations.txt for more info.

STAID, SOUID,    DATE,   TG, Q_TG
 18136, 99204,20160817,  121,    0
 18136, 99204,20160818,  130,    0
 18136, 99204,20160819,  122,    0
 18136, 99204,20160820,  131,    0
 18136, 99204,20160821,  145,    0
 18136, 99204,20160822,  145,    0
 18136, 99204,20160823,  147,    0
 18136, 99204,20160824,  144,    0
 18136, 99204,20160825,  137,    0
 18136, 99204,20160826,  123,    0
 18136, 99204,20160827,  112,    0
 18136, 99204,20160828,  115,    0
 18136, 99204,20160829,  111,    0
 18136, 99204,20160830,  122,    0
 18136, 99204,20160831,  140,    0
 18136, 99204,20160901,  116,    0
 18136, 99204,20160902,  120,    0
 18136, 99204,20160903,  105,    0
 18136, 99204,20160904,  101,    0
 18136, 99204,20160905,  130,    0
 18136, 99204,20160906,  139,    0
 18136, 99204,20160907,  127,    0
 18136, 99204,20160908,  165,    0
 18136, 99204,20160909,  149,    0
 18136, 99204,20160910,  133,    0
 18136, 99204,20160911,  121,    0
 18136, 99204,20160912,  156,    0
 18136, 99204,20160913,  191,    0
 18136, 99204,20160914,  163,    0
 18136, 99204,20160915,  179,    0
 18136, 99204,20160916,  177,    0
 18136, 99204,20160917,  156,    0
 18136, 99204,20160918,  141,    0
 18136, 99204,20160919,  136,    0
 18136, 99204,20160920,  122,    0
 18136, 99204,20160921,  140,    0
 18136, 99204,20160922,  135,    0
 18136, 99204,20160923,  117,    0
 18136, 99204,20160924,  132,    0
 18136, 99204,20160925,  169,    0
 18136, 99204,20160926,  115,    0
 18136, 99204,20160927,  110,    0
 18136, 99204,20160928,  101,    0
 18136, 99204,20160929,  102,    0
 18136, 99204,20160930,   73,    0
 18136, 99204,20161001,   66,    0
 18136, 99204,20161002,   53,    0
 18136, 99204,20161003,   67,    0
 18136, 99204,20161004,   58,    0
 18136, 99204,20161005,   55,    0
 18136, 99204,20161006,   54,    0
 18136, 99204,20161007,   62,    0
 18136, 99204,20161008,   55,    0
 18136, 99204,20161009,   41,    0
 18136, 99204,20161010,   49,    0
 18136, 99204,20161011,   40,    0
 18136, 99204,20161012,   42,    0
 18136, 99204,20161013,   53,    0
 18136, 99204,20161014,   53,    0
 18136, 99204,20161015,   88,    0
 18136, 99204,20161016,   79,    0
 18136, 99204,20161017,   99,    0
 18136, 99204,20161018,  107,    0
 18136, 99204,20161019,   69,    0
 18136, 99204,20161020,   55,    0
 18136, 99204,20161021,   48,    0
 18136, 99204,20161022,   38,    0
 18136, 99204,20161023,   47,    0
 18136, 99204,20161024,   45,    0
 18136, 99204,20161025,   37,    0
 18136, 99204,20161026,   78,    0
 18136, 99204,20161027,   88,    0
 18136, 99204,20161028,   58,    0
 18136, 99204,20161029,   47,    0
 18136, 99204,20161030,   67,    0
 18136, 99204,20161031,   82,    0
 18136, 99204,20161101,   38,    0
 18136, 99204,20161102,   10,    0
 18136, 99204,20161103,   24,    0
 18136, 99204,20161104,   22,    0
 18136, 99204,20161105,   13,    0
 18136, 99204,20161106,   -5,    0
 18136, 99204,20161107,  -41,    0
 18136, 99204,20161108,  -60,    0
 18136, 99204,20161109,  -32,    0
 18136, 99204,20161110,  -20,    0
 18136, 99204,20161111,   21,    0
 18136, 99204,20161112,   42,    0
 18136, 99204,20161113,   51,    0
 18136, 99204,20161114,   74,    0
 18136, 99204,20161115,   74,    0
 18136, 99204,20161116,   54,    0
 18136, 99204,20161117,   30,    0
 18136, 99204,20161118,   24,    0
 18136, 99204,20161119,   26,    0
 18136, 99204,20161120,   23,    0
 18136, 99204,20161121,   11,    0
 18136, 99204,20161122,   46,    0
 18136, 99204,20161123,   37,    0
 18136, 99204,20161124,   46,    0
 18136, 99204,20161125,   69,    0
 18136, 99204,20161126,   46,    0
 18136, 99204,20161127,   -1,    0
 18136, 99204,20161128,   -8,    0
 18136, 99204,20161129,   29,    0
 18136, 99204,20161130,   21,    0
 18136, 99204,20161201,   37,    0
 18136, 99204,20161202,   -1,    0
 18136, 99204,20161203,   29,    0
 18136, 99204,20161204,   57,    0
 18136, 99204,20161205,   42,    0
 18136, 99204,20161206,   12,    0
 18136, 99204,20161207,   68,    0
 18136, 99204,20161208,   84,    0
 18136, 99204,20161209,   71,    0
 18136, 99204,20161210,   69,    0
 18136, 99204,20161211,   45,    0
 18136, 99204,20161212,   31,    0
 18136, 99204,20161213,   26,    0
 18136, 99204,20161214,   25,    0
 18136, 99204,20161215,   73,    0
 18136, 99204,20161216,   53,    0
 18136, 99204,20161217,   50,    0
 18136, 99204,20161218,   53,    0
 18136, 99204,20161219,   67,    0
 18136, 99204,20161220,   58,    0
 18136, 99204,20161221,   47,    0
 18136, 99204,20161222,   39,    0
 18136, 99204,20161223,   39,    0
 18136, 99204,20161224,   29,    0
 18136, 99204,20161225,   52,    0
 18136, 99204,20161226,   32,    0
 18136, 99204,20161227,   25,    0
 18136, 99204,20161228,   49,    0
 18136, 99204,20161229,   56,    0
 18136, 99204,20161230,   71,    0
 18136, 99204,20161231,   45,    0
 18136, 99204,20170101,    1,    0
 18136, 99204,20170102,  -13,    0
 18136, 99204,20170103,   15,    0
 18136, 99204,20170104,  -12,    0
 18136, 99204,20170105,  -40,    0
 18136, 99204,20170106,   14,    0
 18136, 99204,20170107,    7,    0
 18136, 99204,20170108,   38,    0
 18136, 99204,20170109,   54,    0
 18136, 99204,20170110,   40,    0
 18136, 99204,20170111,   25,    0
 18136, 99204,20170112,   14,    0
 18136, 99204,20170113,   -1,    0
 18136, 99204,20170114,  -29,    0
 18136, 99204,20170115,  -54,    0
 18136, 99204,20170116,  -36,    0
 18136, 99204,20170117,   34,    0
 18136, 99204,20170118,   56,    0
 18136, 99204,20170119,   64,    0
 18136, 99204,20170120,   62,    0
 18136, 99204,20170121,   40,    0
 18136, 99204,20170122,   29,    0
 18136, 99204,20170123,   33,    0
 18136, 99204,20170124,   40,    0
 18136, 99204,20170125,   57,    0
 18136, 99204,20170126,   26,    0
 18136, 99204,20170127,   14,    0
 18136, 99204,20170128,   41,    0
 18136, 99204,20170129,   41,    0
 18136, 99204,20170130,    1,    0
 18136, 99204,20170131,    9,    0
 18136, 99204,20170201,    5,    0
 18136, 99204,20170202,   42,    0
 18136, 99204,20170203,   78,    0
 18136, 99204,20170204,   41,    0
 18136, 99204,20170205,   22,    0
 18136, 99204,20170206,   11,    0
 18136, 99204,20170207,  -25,    0
 18136, 99204,20170208,  -55,    0
 18136, 99204,20170209,  -49,    0
 18136, 99204,20170210,  -26,    0
 18136, 99204,20170211,  -22,    0
 18136, 99204,20170212,  -25,    0
 18136, 99204,20170213,  -22,    0
 18136, 99204,20170214,  -19,    0
 18136, 99204,20170215,   25,    0
 18136, 99204,20170216,   42,    0
 18136, 99204,20170217,   24,    0
 18136, 99204,20170218,   40,    0
 18136, 99204,20170219,   52,    0
 18136, 99204,20170220,   52,    0
 18136, 99204,20170221,   26,    0
 18136, 99204,20170222,   29,    0
 18136, 99204,20170223,  -14,    0
 18136, 99204,20170224,  -27,    0
 18136, 99204,20170225,    9,    0
 18136, 99204,20170226,   28,    0
 18136, 99204,20170227,   39,    0
 18136, 99204,20170228,   26,    0
 18136, 99204,20170301,    9,    0
 18136, 99204,20170302,   17,    0
 18136, 99204,20170303,   12,    0
 18136, 99204,20170304,   16,    0
 18136, 99204,20170305,   41,    0
 18136, 99204,20170306,    8,    0
 18136, 99204,20170307,  -33,    0
 18136, 99204,20170308,   -4,    0
 18136, 99204,20170309,   30,    0
 18136, 99204,20170310,   27,    0
 18136, 99204,20170311,   35,    0
 18136, 99204,20170312,   50,    0
 18136, 99204,20170313,   40,    0
 18136, 99204,20170314,   51,    0
 18136, 99204,20170315,   35,    0
 18136, 99204,20170316,   43,    0
 18136, 99204,20170317,   11,    0
 18136, 99204,20170318,   -4,    0
 18136, 99204,20170319,   10,    0
 18136, 99204,20170320,   37,    0
 18136, 99204,20170321,   32,    0
 18136, 99204,20170322,    1,    0
 18136, 99204,20170323,    1,    0
 18136, 99204,20170324,   33,    0
 18136, 99204,20170325,   48,    0
 18136, 99204,20170326,   60,    0
 18136, 99204,20170327,   51,    0
 18136, 99204,20170328,   43,    0
 18136, 99204,20170329,   36,    0
 18136, 99204,20170330,   52,    0
 18136, 99204,20170331,   84,    0
 18136, 99204,20170401,   67,    0
 18136, 99204,20170402,   59,    0
 18136, 99204,20170403,   68,    0
 18136, 99204,20170404,   55,    0
 18136, 99204,20170405,   44,    0
 18136, 99204,20170406,   50,    0
 18136, 99204,20170407,   63,    0
 18136, 99204,20170408,   63,    0
 18136, 99204,20170409,   63,    0
 18136, 99204,20170410,   30,    0
 18136, 99204,20170411,   23,    0
 18136, 99204,20170412,   44,    0
 18136, 99204,20170413,   29,    0
 18136, 99204,20170414,   25,    0
 18136, 99204,20170415,   34,    0
 18136, 99204,20170416,   29,    0
 18136, 99204,20170417,   17,    0
 18136, 99204,20170418,   21,    0
 18136, 99204,20170419,   37,    0
 18136, 99204,20170420,   56,    0
 18136, 99204,20170421,   27,    0
 18136, 99204,20170422,   25,    0
 18136, 99204,20170423,    7,    0
 18136, 99204,20170424,   11,    0
 18136, 99204,20170425,   29,    0
 18136, 99204,20170426,   28,    0
 18136, 99204,20170427,   35,    0
 18136, 99204,20170428,   53,    0
 18136, 99204,20170429,   62,    0
 18136, 99204,20170430,   54,    0
 18136, 99204,20170501,   74,    0
 18136, 99204,20170502,   98,    0
 18136, 99204,20170503,   91,    0
 18136, 99204,20170504,  102,    0
 18136, 99204,20170505,  110,    0
 18136, 99204,20170506,  118,    0
 18136, 99204,20170507,  118,    0
 18136, 99204,20170508,   77,    0
 18136, 99204,20170509,   41,    0
 18136, 99204,20170510,   49,    0
 18136, 99204,20170511,   59,    0
 18136, 99204,20170512,   89,    0
 18136, 99204,20170513,   94,    0
 18136, 99204,20170514,   96,    0
 18136, 99204,20170515,  108,    0
 18136, 99204,20170516,  120,    0
 18136, 99204,20170517,  119,    0
 18136, 99204,20170518,  100,    0
 18136, 99204,20170519,  125,    0
 18136, 99204,20170520,  124,    0
 18136, 99204,20170521,   88,    0
 18136, 99204,20170522,  100,    0
 18136, 99204,20170523,  111,    0
 18136, 99204,20170524,   99,    0
 18136, 99204,20170525,   93,    0
 18136, 99204,20170526,  125,    0
 18136, 99204,20170527,  174,    0
 18136, 99204,20170528,  155,    0
 18136, 99204,20170529,  112,    0
 18136, 99204,20170530,  102,    0
 18136, 99204,20170531,   85,    0
 18136, 99204,20170601,   86,    0
 18136, 99204,20170602,  102,    0
 18136, 99204,20170603,  120,    0
 18136, 99204,20170604,   98,    0
 18136, 99204,20170605,   97,    0
 18136, 99204,20170606,  137,    0
 18136, 99204,20170607,  147,    0
 18136, 99204,20170608,   90,    0
 18136, 99204,20170609,  112,    0
 18136, 99204,20170610,  116,    0
 18136, 99204,20170611,  120,    0
 18136, 99204,20170612,  110,    0
 18136, 99204,20170613,  102,    0
 18136, 99204,20170614,  122,    0
 18136, 99204,20170615,  144,    0
 18136, 99204,20170616,  116,    0
 18136, 99204,20170617,  119,    0
 18136, 99204,20170618,  115,    0
 18136, 99204,20170619,  103,    0
 18136, 99204,20170620,   91,    0
 18136, 99204,20170621,   95,    0
 18136, 99204,20170622,  111,    0
 18136, 99204,20170623,  106,    0
 18136, 99204,20170624,   96,    0
 18136, 99204,20170625,   92,    0
 18136, 99204,20170626,   92,    0
 18136, 99204,20170627,   99,    0
 18136, 99204,20170628,  132,    0
 18136, 99204,20170629,  161,    0
 18136, 99204,20170630,  171,    0
 18136, 99204,20170701,  127,    0
 18136, 99204,20170702,  102,    0
 18136, 99204,20170703,  105,    0
 18136, 99204,20170704,  109,    0
 18136, 99204,20170705,  106,    0
 18136, 99204,20170706,  109,    0
 18136, 99204,20170707,  119,    0
 18136, 99204,20170708,  110,    0
 18136, 99204,20170709,  105,    0
 18136, 99204,20170710,  116,    0
 18136, 99204,20170711,  100,    0
 18136, 99204,20170712,   98,    0
 18136, 99204,20170713,  109,    0
 18136, 99204,20170714,  125,    0
 18136, 99204,20170715,  124,    0
 18136, 99204,20170716,  110,    0
 18136, 99204,20170717,  106,    0
 18136, 99204,20170718,  122,    0
 18136, 99204,20170719,  141,    0
 18136, 99204,20170720,  170,    0
 18136, 99204,20170721,  145,    0
 18136, 99204,20170722,  163,    0
 18136, 99204,20170723,  175,    0
 18136, 99204,20170724,  151,    0
 18136, 99204,20170725,  154,    0
 18136, 99204,20170726,  157,    0
 18136, 99204,20170727,  140,    0
 18136, 99204,20170728,  126,    0
 18136, 99204,20170729,  138,    0
 18136, 99204,20170730,  137,    0
 18136, 99204,20170731,  130,    0
 18136, 99204,20170801,  140,    0
 18136, 99204,20170802,  123,    0
 18136, 99204,20170803,  133,    0
 18136, 99204,20170804,  134,    0
 18136, 99204,20170805,  131,    0
 18136, 99204,20170806,  113,    0
 18136, 99204,20170807,  111,    0
 18136, 99204,20170808,  119,    0
 18136, 99204,20170809,  139,    0
 18136, 99204,20170810,  123,    0
 18136, 99204,20170811,  124,    0
 18136, 99204,20170812,  116,    0
 18136, 99204,20170813,   95,    0
 18136, 99204,20170814,  108,    0
 18136, 99204,20170815,  139,    0
 18136, 99204,20170816,  130,    0
 18136, 99204,20170817,  142,    0
 18136, 99204,20170818,  140,    0
 18136, 99204,20170819,  120,    0
 18136, 99204,20170820,  121,    0
 18136, 99204,20170821,  119,    0
 18136, 99204,20170822,  115,    0
 18136, 99204,20170823,  116,    0
 18136, 99204,20170824,  119,    0
 18136, 99204,20170825,  120,    0
 18136, 99204,20170826,  112,    0
 18136, 99204,20170827,  119,    0
 18136, 99204,20170828,  134,    0
 18136, 99204,20170829,  116,    0
 18136, 99204,20170830,  113,    0
 18136, 99204,20170831,  106,    0
 18136, 99204,20170901,   99,    0
 18136, 99204,20170902,   94,    0
 18136, 99204,20170903,  113,    0
 18136, 99204,20170904,  126,    0
 18136, 99204,20170905,  124,    0
 18136, 99204,20170906,  119,    0
 18136, 99204,20170907,  102,    0
 18136, 99204,20170908,  122,    0
 18136, 99204,20170909,  105,    0
 18136, 99204,20170910,  110,    0
 18136, 99204,20170911,  123,    0
 18136, 99204,20170912,  105,    0
 18136, 99204,20170913,  103,    0
 18136, 99204,20170914,   95,    0
 18136, 99204,20170915,   96,    0
 18136, 99204,20170916,   92,    0
 18136, 99204,20170917,  100,    0
 18136, 99204,20170918,  107,    0
 18136, 99204,20170919,  105,    0
 18136, 99204,20170920,  106,    0
 18136, 99204,20170921,  117,    0
 18136, 99204,20170922,  131,    0
 18136, 99204,20170923,  115,    0
 18136, 99204,20170924,  125,    0
 18136, 99204,20170925,  125,    0
 18136, 99204,20170926,  139,    0
 18136, 99204,20170927,  146,    0
 18136, 99204,20170928,  145,    0
 18136, 99204,20170929,  151,    0
 18136, 99204,20170930,  114,    0
 18136, 99204,20171001,  116,    0
 18136, 99204,20171002,  104,    0
 18136, 99204,20171003,   88,    0
 18136, 99204,20171004,   65,    0
 18136, 99204,20171005,   68,    0
 18136, 99204,20171006,   68,    0
 18136, 99204,20171007,   49,    0
 18136, 99204,20171008,   43,    0
 18136, 99204,20171009,   58,    0
 18136, 99204,20171010,   78,    0
 18136, 99204,20171011,   86,    0
 18136, 99204,20171012,   68,    0
 18136, 99204,20171013,  100,    0
 18136, 99204,20171014,  107,    0
 18136, 99204,20171015,  108,    0
 18136, 99204,20171016,   77,    0
 18136, 99204,20171017,   97,    0
 18136, 99204,20171018,   52,    0
 18136, 99204,20171019,   71,    0
 18136, 99204,20171020,  105,    0
 18136, 99204,20171021,  116,    0
 18136, 99204,20171022,  109,    0
 18136, 99204,20171023,   80,    0
 18136, 99204,20171024,   84,    0
 18136, 99204,20171025,   90,    0
 18136, 99204,20171026,   77,    0
 18136, 99204,20171027,   67,    0
 18136, 99204,20171028,   65,    0
 18136, 99204,20171029,   31,    0
 18136, 99204,20171030,   25,    0
 18136, 99204,20171031,   61,    0
 18136, 99204,20171101,   89,    0
 18136, 99204,20171102,   49,    0
 18136, 99204,20171103,   54,    0
 18136, 99204,20171104,   66,    0
 18136, 99204,20171105,   37,    0
 18136, 99204,20171106,   30,    0
 18136, 99204,20171107,   71,    0
 18136, 99204,20171108,   61,    0
 18136, 99204,20171109,   55,    0
 18136, 99204,20171110,   15,    0
 18136, 99204,20171111,   15,    0
 18136, 99204,20171112,   13,    0
 18136, 99204,20171113,    5,    0
 18136, 99204,20171114,   29,    0
 18136, 99204,20171115,   33,    0
 18136, 99204,20171116,   47,    0
 18136, 99204,20171117,   42,    0
 18136, 99204,20171118,   28,    0
 18136, 99204,20171119,   14,    0
 18136, 99204,20171120,   -2,    0
 18136, 99204,20171121,  -20,    0
 18136, 99204,20171122,   28,    0
 18136, 99204,20171123,   32,    0
 18136, 99204,20171124,   31,    0
 18136, 99204,20171125,   22,    0
 18136, 99204,20171126,   19,    0
 18136, 99204,20171127,    8,    0
 18136, 99204,20171128,    9,    0
 18136, 99204,20171129,  -21,    0
 18136, 99204,20171130,  -21,    0
 18136, 99204,20171201,  -16,    0
 18136, 99204,20171202,   34,    0
 18136, 99204,20171203,   19,    0
 18136, 99204,20171204,   14,    0
 18136, 99204,20171205,   56,    0
 18136, 99204,20171206,   75,    0
 18136, 99204,20171207,   60,    0
 18136, 99204,20171208,   24,    0
 18136, 99204,20171209,    4,    0
 18136, 99204,20171210,   -6,    0
 18136, 99204,20171211,  -11,    0
 18136, 99204,20171212,  -16,    0
 18136, 99204,20171213,   24,    0
 18136, 99204,20171214,    6,    0
 18136, 99204,20171215,  -27,    0
 18136, 99204,20171216,  -36,    0
 18136, 99204,20171217,    1,    0
 18136, 99204,20171218,   18,    0
 18136, 99204,20171219,   62,    0
 18136, 99204,20171220,   58,    0
 18136, 99204,20171221,   31,    0
 18136, 99204,20171222,   47,    0
 18136, 99204,20171223,   64,    0
 18136, 99204,20171224,   36,    0
 18136, 99204,20171225,   29,    0
 18136, 99204,20171226,    4,    0
 18136, 99204,20171227,    8,    0
 18136, 99204,20171228,  -13,    0
 18136, 99204,20171229,   -3,    0
 18136, 99204,20171230,    0,    0
 18136, 99204,20171231,   26,    0
 18136, 99204,20180101,   24,    0
 18136, 99204,20180102,   12,    0
 18136, 99204,20180103,   27,    0
 18136, 99204,20180104,  -10,    0
 18136, 99204,20180105,  -23,    0
 18136, 99204,20180106,  -36,    0
 18136, 99204,20180107,   -3,    0
 18136, 99204,20180108,   20,    0
 18136, 99204,20180109,   26,    0
 18136, 99204,20180110,   36,    0
 18136, 99204,20180111,   19,    0
 18136, 99204,20180112,    3,    0
 18136, 99204,20180113,   -9,    0
 18136, 99204,20180114,   13,    0
 18136, 99204,20180115,   24,    0
 18136, 99204,20180116,    1,    0
 18136, 99204,20180117,   -6,    0
 18136, 99204,20180118,   -3,    0
 18136, 99204,20180119,   -3,    0
 18136, 99204,20180120,  -13,    0
 18136, 99204,20180121,  -14,    0
 18136, 99204,20180122,   13,    0
 18136, 99204,20180123,   29,    0
 18136, 99204,20180124,   44,    0
 18136, 99204,20180125,   36,    0
 18136, 99204,20180126,   -2,    0
 18136, 99204,20180127,   13,    0
 18136, 99204,20180128,   38,    0
 18136, 99204,20180129,   15,    0
 18136, 99204,20180130,   22,    0
 18136, 99204,20180131,   11,    0
 18136, 99204,20180201,   -6,    0
 18136, 99204,20180202,  -19,    0
 18136, 99204,20180203,  -25,    0
 18136, 99204,20180204,  -47,    0
 18136, 99204,20180205,  -13,    0
 18136, 99204,20180206,  -18,    0
 18136, 99204,20180207,   -8,    0
 18136, 99204,20180208,    9,    0
 18136, 99204,20180209,   16,    0
 18136, 99204,20180210,    9,    0
 18136, 99204,20180211,   -1,    0
 18136, 99204,20180212,  -16,    0
 18136, 99204,20180213,   14,    0
 18136, 99204,20180214,   17,    0
 18136, 99204,20180215,   14,    0
 18136, 99204,20180216,   15,    0
 18136, 99204,20180217,   27,    0
 18136, 99204,20180218,    6,    0
 18136, 99204,20180219,  -21,    0
 18136, 99204,20180220,  -23,    0
 18136, 99204,20180221,   -3,    0
 18136, 99204,20180222,  -25,    0
 18136, 99204,20180223,  -13,    0
 18136, 99204,20180224,   -2,    0
 18136, 99204,20180225,  -17,    0
 18136, 99204,20180226,  -27,    0
 18136, 99204,20180227,  -75,    0
 18136, 99204,20180228, -107,    0
 18136, 99204,20180301, -110,    0
 18136, 99204,20180302,  -78,    0
 18136, 99204,20180303,  -37,    0
 18136, 99204,20180304,  -42,    0
 18136, 99204,20180305,  -38,    0
 18136, 99204,20180306,  -51,    0
 18136, 99204,20180307,   -5,    0
 18136, 99204,20180308,    3,    0
 18136, 99204,20180309,   -7,    0
 18136, 99204,20180310,   -9,    0
 18136, 99204,20180311,    0,    0
 18136, 99204,20180312,    4,    0
 18136, 99204,20180313,  -23,    0
 18136, 99204,20180314,   -5,    0
 18136, 99204,20180315,   -1,    0
 18136, 99204,20180316,  -33,    0
 18136, 99204,20180317,  -69,    0
 18136, 99204,20180318,  -49,    0
 18136, 99204,20180319,    3,    0
 18136, 99204,20180320,   -5,    0
 18136, 99204,20180321,    7,    0
 18136, 99204,20180322,    6,    0
 18136, 99204,20180323,   37,    0
 18136, 99204,20180324,   38,    0
 18136, 99204,20180325,   27,    0
 18136, 99204,20180326,   13,    0
 18136, 99204,20180327,   -8,    0
 18136, 99204,20180328,  -21,    0
 18136, 99204,20180329,  -18,    0
 18136, 99204,20180330,  -24,    0
 18136, 99204,20180331,  -25,    0
 18136, 99204,20180401,  -28,    0
 18136, 99204,20180402,  -12,    0
 18136, 99204,20180403,   -7,    0
 18136, 99204,20180404,   11,    0
 18136, 99204,20180405,    7,    0
 18136, 99204,20180406,   15,    0
 18136, 99204,20180407,   57,    0
 18136, 99204,20180408,   25,    0
 18136, 99204,20180409,   30,    0
 18136, 99204,20180410,   34,    0
 18136, 99204,20180411,   50,    0
 18136, 99204,20180412,   53,    0
 18136, 99204,20180413,   84,    0
 18136, 99204,20180414,   82,    0
 18136, 99204,20180415,   83,    0
 18136, 99204,20180416,   65,    0
 18136, 99204,20180417,   86,    0
 18136, 99204,20180418,   93,    0
 18136, 99204,20180419,  138,    0
 18136, 99204,20180420,   84,    0
 18136, 99204,20180421,   60,    0
 18136, 99204,20180422,   72,    0
 18136, 99204,20180423,   61,    0
 18136, 99204,20180424,   52,    0
 18136, 99204,20180425,   46,    0
 18136, 99204,20180426,   51,    0
 18136, 99204,20180427,   45,    0
 18136, 99204,20180428,   37,    0
 18136, 99204,20180429,   43,    0
 18136, 99204,20180430,   73,    0
 18136, 99204,20180501,   67,    0
 18136, 99204,20180502,   85,    0
 18136, 99204,20180503,   59,    0
 18136, 99204,20180504,   67,    0
 18136, 99204,20180505,  105,    0
 18136, 99204,20180506,   99,    0
 18136, 99204,20180507,  108,    0
 18136, 99204,20180508,  166,    0
 18136, 99204,20180509,  169,    0
 18136, 99204,20180510,   96,    0
 18136, 99204,20180511,   90,    0
 18136, 99204,20180512,   99,    0
 18136, 99204,20180513,  131,    0
 18136, 99204,20180514,  145,    0
 18136, 99204,20180515,  149,    0
 18136, 99204,20180516,   87,    0
 18136, 99204,20180517,   87,    0
 18136, 99204,20180518,   97,    0
 18136, 99204,20180519,  109,    0
 18136, 99204,20180520,  135,    0
 18136, 99204,20180521,  148,    0
 18136, 99204,20180522,  128,    0
 18136, 99204,20180523,  113,    0
 18136, 99204,20180524,  124,    0
 18136, 99204,20180525,  161,    0
 18136, 99204,20180526,  169,    0
 18136, 99204,20180527,  193,    0
 18136, 99204,20180528,  183,    0
 18136, 99204,20180529,  184,    0
 18136, 99204,20180530,  223,    0
 18136, 99204,20180531,  220,    0
 18136, 99204,20180601,  204,    0
 18136, 99204,20180602,  197,    0
 18136, 99204,20180603,  169,    0
 18136, 99204,20180604,  145,    0
 18136, 99204,20180605,  156,    0
 18136, 99204,20180606,  142,    0
 18136, 99204,20180607,  157,    0
 18136, 99204,20180608,  167,    0
 18136, 99204,20180609,  165,    0
 18136, 99204,20180610,  134,    0
 18136, 99204,20180611,  104,    0
 18136, 99204,20180612,  103,    0
 18136, 99204,20180613,  101,    0
 18136, 99204,20180614,  106,    0
 18136, 99204,20180615,  104,    0
 18136, 99204,20180616,  125,    0
 18136, 99204,20180617,  119,    0
 18136, 99204,20180618,  109,    0
 18136, 99204,20180619,   90,    0
 18136, 99204,20180620,   92,    0
 18136, 99204,20180621,   82,    0
 18136, 99204,20180622,   89,    0
 18136, 99204,20180623,   96,    0
 18136, 99204,20180624,  102,    0
 18136, 99204,20180625,  104,    0
 18136, 99204,20180626,  111,    0
 18136, 99204,20180627,  126,    0
 18136, 99204,20180628,  142,    0
 18136, 99204,20180629,  151,    0
 18136, 99204,20180630,  152,    0
 18136, 99204,20180701,  161,    0
 18136, 99204,20180702,  145,    0
 18136, 99204,20180703,  138,    0
 18136, 99204,20180704,  152,    0
 18136, 99204,20180705,  121,    0
 18136, 99204,20180706,  113,    0
 18136, 99204,20180707,  127,    0
 18136, 99204,20180708,  123,    0
 18136, 99204,20180709,  122,    0
 18136, 99204,20180710,  177,    0
 18136, 99204,20180711,  166,    0
 18136, 99204,20180712,  139,    0
 18136, 99204,20180713,  120,    0
 18136, 99204,20180714,  127,    0
 18136, 99204,20180715,  169,    0
 18136, 99204,20180716,  190,    0
 18136, 99204,20180717,  174,    0
 18136, 99204,20180718,  145,    0
 18136, 99204,20180719,  138,    0
 18136, 99204,20180720,  149,    0
 18136, 99204,20180721,  146,    0
 18136, 99204,20180722,  139,    0
 18136, 99204,20180723,  151,    0
 18136, 99204,20180724,  160,    0
 18136, 99204,20180725,  156,    0
 18136, 99204,20180726,  165,    0
 18136, 99204,20180727,  221,    0
 18136, 99204,20180728,  241,    0
 18136, 99204,20180729,  176,    0
 18136, 99204,20180730,  183,    0
 18136, 99204,20180731,  176,    0
 18136, 99204,20180801,  168,    0
 18136, 99204,20180802,  153,    0
 18136, 99204,20180803,  156,    0
 18136, 99204,20180804,  133,    0
 18136, 99204,20180805,  115,    0
 18136, 99204,20180806,  124,    0
 18136, 99204,20180807,  165,    0
 18136, 99204,20180808,  155,    0
 18136, 99204,20180809,  139,    0
 18136, 99204,20180810,  115,    0
 18136, 99204,20180811,  113,    0
 18136, 99204,20180812,  115,    0
 18136, 99204,20180813,  121,    0
 18136, 99204,20180814,  127,    0
 18136, 99204,20180815,  147,    0
 18136, 99204,20180816,  136,    0
 18136, 99204,20180817,  119,    0
 18136, 99204,20180818,  123,    0
 18136, 99204,20180819,  115,    0
 18136, 99204,20180820,  106,    0
 18136, 99204,20180821,  110,    0
 18136, 99204,20180822,  125,    0
 18136, 99204,20180823,  111,    0
 18136, 99204,20180824,   92,    0
 18136, 99204,20180825,   86,    0
 18136, 99204,20180826,   92,    0
 18136, 99204,20180827,  123,    0
 18136, 99204,20180828,  125,    0
 18136, 99204,20180829,  121,    0
 18136, 99204,20180830,   98,    0
 18136, 99204,20180831,   99,    0
 18136, 99204,20180901,  122,    0
 18136, 99204,20180902,  152,    0
 18136, 99204,20180903,  141,    0
 18136, 99204,20180904,  130,    0
 18136, 99204,20180905,  122,    0
 18136, 99204,20180906,  119,    0
 18136, 99204,20180907,  173,    0
 18136, 99204,20180908,  134,    0
 18136, 99204,20180909,  117,    0
 18136, 99204,20180910,  113,    0
 18136, 99204,20180911,  108,    0
 18136, 99204,20180912,   95,    0
 18136, 99204,20180913,   96,    0
 18136, 99204,20180914,   88,    0
 18136, 99204,20180915,   82,    0
 18136, 99204,20180916,   98,    0
 18136, 99204,20180917,  106,    0
 18136, 99204,20180918,  152,    0
 18136, 99204,20180919,  129,    0
 18136, 99204,20180920,   98,    0
 18136, 99204,20180921,   83,    0
 18136, 99204,20180922,   77,    0
 18136, 99204,20180923,   55,    0
 18136, 99204,20180924,   38,    0
 18136, 99204,20180925,   81,    0
 18136, 99204,20180926,   97,    0
 18136, 99204,20180927,   69,    0
 18136, 99204,20180928,   52,    0
 18136, 99204,20180929,   77,    0
 18136, 99204,20180930,   66,    0
 18136, 99204,20181001,   49,    0
 18136, 99204,20181002,   45,    0
 18136, 99204,20181003,   42,    0
 18136, 99204,20181004,   83,    0
 18136, 99204,20181005,   71,    0
 18136, 99204,20181006,   49,    0
 18136, 99204,20181007,   46,    0
 18136, 99204,20181008,   82,    0
 18136, 99204,20181009,  106,    0
 18136, 99204,20181010,  112,    0
 18136, 99204,20181011,  133,    0
 18136, 99204,20181012,  161,    0
 18136, 99204,20181013,  137,    0
 18136, 99204,20181014,  119,    0
 18136, 99204,20181015,   51,    0
 18136, 99204,20181016,   74,    0
 18136, 99204,20181017,   94,    0
 18136, 99204,20181018,   62,    0
 18136, 99204,20181019,   73,    0
 18136, 99204,20181020,   77,    0
 18136, 99204,20181021,   83,    0
 18136, 99204,20181022,   62,    0
 18136, 99204,20181023,   54,    0
 18136, 99204,20181024,   41,    0
 18136, 99204,20181025,   46,    0
 18136, 99204,20181026,   19,    0
 18136, 99204,20181027,   -2,    0
 18136, 99204,20181028,  -18,    0
 18136, 99204,20181029,    2,    0
 18136, 99204,20181030,   32,    0
 18136, 99204,20181031,   49,    0
 18136, 99204,20181101,   87,    0
 18136, 99204,20181102,   55,    0
 18136, 99204,20181103,   64,    0
 18136, 99204,20181104,   94,    0
 18136, 99204,20181105,   82,    0
 18136, 99204,20181106,   65,    0
 18136, 99204,20181107,  120,    0
 18136, 99204,20181108,  100,    0
 18136, 99204,20181109,   66,    0
 18136, 99204,20181110,   99,    0
 18136, 99204,20181111,   87,    0
 18136, 99204,20181112,   79,    0
 18136, 99204,20181113,   76,    0
 18136, 99204,20181114,   83,    0
 18136, 99204,20181115,   98,    0
 18136, 99204,20181116,   98,    0
 18136, 99204,20181117,   71,    0
 18136, 99204,20181118,   47,    0
 18136, 99204,20181119,   14,    0
 18136, 99204,20181120,  -16,    0
 18136, 99204,20181121,    8,    0
 18136, 99204,20181122,   -2,    0
 18136, 99204,20181123,    8,    0
 18136, 99204,20181124,  -19,    0
 18136, 99204,20181125,  -27,    0
 18136, 99204,20181126,  -35,    0
 18136, 99204,20181127,   -1,    0
 18136, 99204,20181128,   16,    0
 18136, 99204,20181129,   78,    0
 18136, 99204,20181130,   64,    0
 18136, 99204,20181201,   46,    0
 18136, 99204,20181202,   56,    0
 18136, 99204,20181203,   43,    0
 18136, 99204,20181204,    2,    0
 18136, 99204,20181205,   10,    0
 18136, 99204,20181206,   17,    0
 18136, 99204,20181207,   54,    0
 18136, 99204,20181208,   27,    0
 18136, 99204,20181209,   18,    0
 18136, 99204,20181210,   14,    0
 18136, 99204,20181211,  -11,    0
 18136, 99204,20181212,  -12,    0
 18136, 99204,20181213,  -12,    0
 18136, 99204,20181214,  -12,    0
 18136, 99204,20181215,   19,    0
 18136, 99204,20181216,   18,    0
 18136, 99204,20181217,    4,    0
 18136, 99204,20181218,   19,    0
 18136, 99204,20181219,   61,    0
 18136, 99204,20181220,   59,    0
 18136, 99204,20181221,   43,    0
 18136, 99204,20181222,    3,    0
 18136, 99204,20181223,  -12,    0
 18136, 99204,20181224,   22,    0
 18136, 99204,20181225,   45,    0
 18136, 99204,20181226,   53,    0
 18136, 99204,20181227,   58,    0
 18136, 99204,20181228,   47,    0
 18136, 99204,20181229,   31,    0
 18136, 99204,20181230,   24,    0
 18136, 99204,20181231,   64,    0
 18136, 99204,20190101,   27,    0
 18136, 99204,20190102,   -2,    0
 18136, 99204,20190103,    9,    0
 18136, 99204,20190104,   57,    0
 18136, 99204,20190105,   60,    0
 18136, 99204,20190106,   41,    0
 18136, 99204,20190107,   24,    0
 18136, 99204,20190108,   15,    0
 18136, 99204,20190109,   -7,    0
 18136, 99204,20190110,   34,    0
 18136, 99204,20190111,   24,    0
 18136, 99204,20190112,   25,    0
 18136, 99204,20190113,   15,    0
 18136, 99204,20190114,  -19,    0
 18136, 99204,20190115,   10,    0
 18136, 99204,20190116,   13,    0
 18136, 99204,20190117,  -30,    0
 18136, 99204,20190118,  -11,    0
 18136, 99204,20190119,    6,    0
 18136, 99204,20190120,    1,    0
 18136, 99204,20190121,    4,    0
 18136, 99204,20190122,   25,    0
 18136, 99204,20190123,    3,    0
 18136, 99204,20190124,    0,    0
 18136, 99204,20190125,    1,    0
 18136, 99204,20190126,   -4,    0
 18136, 99204,20190127,  -18,    0
 18136, 99204,20190128,  -48,    0
 18136, 99204,20190129,   -3,    0
 18136, 99204,20190130,   16,    0
 18136, 99204,20190131,   -2,    0
 18136, 99204,20190201,  -11,    0
 18136, 99204,20190202,  -43,    0
 18136, 99204,20190203,  -13,    0
 18136, 99204,20190204,   11,    0
 18136, 99204,20190205,  -14,    0
 18136, 99204,20190206,   28,    0
 18136, 99204,20190207,   22,    0
 18136, 99204,20190208,   26,    0
 18136, 99204,20190209,   31,    0
 18136, 99204,20190210,    8,    0
 18136, 99204,20190211,   -6,    0
 18136, 99204,20190212,   21,    0
 18136, 99204,20190213,   54,    0
 18136, 99204,20190214,   58,    0
 18136, 99204,20190215,   74,    0
 18136, 99204,20190216,   49,    0
 18136, 99204,20190217,   74,    0
 18136, 99204,20190218,   56,    0
 18136, 99204,20190219,   38,    0
 18136, 99204,20190220,   24,    0
 18136, 99204,20190221,   57,    0
 18136, 99204,20190222,   66,    0
 18136, 99204,20190223,   73,    0
 18136, 99204,20190224,   53,    0
 18136, 99204,20190225,   58,    0
 18136, 99204,20190226,   79,    0
 18136, 99204,20190227,   45,    0
 18136, 99204,20190228,   15,    0
 18136, 99204,20190301,   -5,    0
 18136, 99204,20190302,   24,    0
 18136, 99204,20190303,   47,    0
 18136, 99204,20190304,   39,    0
 18136, 99204,20190305,   28,    0
 18136, 99204,20190306,   32,    0
 18136, 99204,20190307,   30,    0
 18136, 99204,20190308,    2,    0
 18136, 99204,20190309,   -4,    0
 18136, 99204,20190310,  -33,    0
 18136, 99204,20190311,  -16,    0
 18136, 99204,20190312,   21,    0
 18136, 99204,20190313,   13,    0
 18136, 99204,20190314,   15,    0
 18136, 99204,20190315,   17,    0
 18136, 99204,20190316,   24,    0
 18136, 99204,20190317,   21,    0
 18136, 99204,20190318,   20,    0
 18136, 99204,20190319,   18,    0
 18136, 99204,20190320,   53,    0
 18136, 99204,20190321,   53,    0
 18136, 99204,20190322,   54,    0
 18136, 99204,20190323,   36,    0
 18136, 99204,20190324,   23,    0
 18136, 99204,20190325,   19,    0
 18136, 99204,20190326,   27,    0
 18136, 99204,20190327,   53,    0
 18136, 99204,20190328,   66,    0
 18136, 99204,20190329,   58,    0
 18136, 99204,20190330,   28,    0
 18136, 99204,20190331,    1,    0
 18136, 99204,20190401,   25,    0
 18136, 99204,20190402,   53,    0
 18136, 99204,20190403,   64,    0
 18136, 99204,20190404,   90,    0
 18136, 99204,20190405,   91,    0
 18136, 99204,20190406,   66,    0
 18136, 99204,20190407,   47,    0
 18136, 99204,20190408,   42,    0
 18136, 99204,20190409,   23,    0
 18136, 99204,20190410,   23,    0
 18136, 99204,20190411,   30,    0
 18136, 99204,20190412,   24,    0
 18136, 99204,20190413,   30,    0
 18136, 99204,20190414,   34,    0
 18136, 99204,20190415,   38,    0
 18136, 99204,20190416,   55,    0
 18136, 99204,20190417,   78,    0
 18136, 99204,20190418,   91,    0
 18136, 99204,20190419,  103,    0
 18136, 99204,20190420,  117,    0
 18136, 99204,20190421,  115,    0
 18136, 99204,20190422,  125,    0
 18136, 99204,20190423,  128,    0
 18136, 99204,20190424,  145,    0
 18136, 99204,20190425,  135,    0
 18136, 99204,20190426,  115,    0
 18136, 99204,20190427,   89,    0
 18136, 99204,20190428,  100,    0
 18136, 99204,20190429,  124,    0
 18136, 99204,20190430,   97,    0
 18136, 99204,20190501,   69,    0
 18136, 99204,20190502,   42,    0
 18136, 99204,20190503,   25,    0
 18136, 99204,20190504,   39,    0
 18136, 99204,20190505,   32,    0
 18136, 99204,20190506,   28,    0
 18136, 99204,20190507,   25,    0
 18136, 99204,20190508,   28,    0
 18136, 99204,20190509,   48,    0
 18136, 99204,20190510,   54,    0
 18136, 99204,20190511,   59,    0
 18136, 99204,20190512,   45,    0
 18136, 99204,20190513,   46,    0
 18136, 99204,20190514,   77,    0
 18136, 99204,20190515,  106,    0
 18136, 99204,20190516,  118,    0
 18136, 99204,20190517,  156,    0
 18136, 99204,20190518,  130,    0
 18136, 99204,20190519,  133,    0
 18136, 99204,20190520,  141,    0
 18136, 99204,20190521,  149,    0
 18136, 99204,20190522,  103,    0
 18136, 99204,20190523,   74,    0
 18136, 99204,20190524,   90,    0
 18136, 99204,20190525,   77,    0
 18136, 99204,20190526,   70,    0
 18136, 99204,20190527,   63,    0
 18136, 99204,20190528,   45,    0
 18136, 99204,20190529,   44,    0
 18136, 99204,20190530,   65,    0
 18136, 99204,20190531,   69,    0
 18136, 99204,20190601,   86,    0
 18136, 99204,20190602,  118,    0
 18136, 99204,20190603,  118,    0
 18136, 99204,20190604,  109,    0
 18136, 99204,20190605,  111,    0
 18136, 99204,20190606,  144,    0
 18136, 99204,20190607,  127,    0
 18136, 99204,20190608,  115,    0
 18136, 99204,20190609,   98,    0
 18136, 99204,20190610,   92,    0
 18136, 99204,20190611,  134,    0
 18136, 99204,20190612,  163,    0
 18136, 99204,20190613,  121,    0
 18136, 99204,20190614,  134,    0
 18136, 99204,20190615,  150,    0
 18136, 99204,20190616,  132,    0
 18136, 99204,20190617,  121,    0
 18136, 99204,20190618,  126,    0
 18136, 99204,20190619,  132,    0
 18136, 99204,20190620,  116,    0
 18136, 99204,20190621,   99,    0
 18136, 99204,20190622,  104,    0
 18136, 99204,20190623,  119,    0
 18136, 99204,20190624,  124,    0
 18136, 99204,20190625,  127,    0
 18136, 99204,20190626,  111,    0
 18136, 99204,20190627,  119,    0
 18136, 99204,20190628,  123,    0
 18136, 99204,20190629,  130,    0
 18136, 99204,20190630,  125,    0
 18136, 99204,20190701,  102,    0
 18136, 99204,20190702,   76,    0
 18136, 99204,20190703,   73,    0
 18136, 99204,20190704,   97,    0
 18136, 99204,20190705,   94,    0
 18136, 99204,20190706,  112,    0
 18136, 99204,20190707,  103,    0
 18136, 99204,20190708,  106,    0
 18136, 99204,20190709,  117,    0
 18136, 99204,20190710,  133,    0
 18136, 99204,20190711,  141,    0
 18136, 99204,20190712,  137,    0
 18136, 99204,20190713,  134,    0
 18136, 99204,20190714,  117,    0
 18136, 99204,20190715,  127,    0
 18136, 99204,20190716,  130,    0
 18136, 99204,20190717,  133,    0
 18136, 99204,20190718,  142,    0
 18136, 99204,20190719,  144,    0
 18136, 99204,20190720,  133,    0
 18136, 99204,20190721,  129,    0
 18136, 99204,20190722,  143,    0
 18136, 99204,20190723,  166,    0
 18136, 99204,20190724,  185,    0
 18136, 99204,20190725,  204,    0
 18136, 99204,20190726,  219,    0
 18136, 99204,20190727,  224,    0
 18136, 99204,20190728,  216,    0
 18136, 99204,20190729,  202,    0
 18136, 99204,20190730,  186,    0
 18136, 99204,20190731,  144,    0
 18136, 99204,20190801,  157,    0
 18136, 99204,20190802,  166,    0
 18136, 99204,20190803,  156,    0
 18136, 99204,20190804,  151,    0
 18136, 99204,20190805,  143,    0
 18136, 99204,20190806,  144,    0
 18136, 99204,20190807,  154,    0
 18136, 99204,20190808,  151,    0
 18136, 99204,20190809,  161,    0
 18136, 99204,20190810,  151,    0
 18136, 99204,20190811,  150,    0
 18136, 99204,20190812,  123,    0
 18136, 99204,20190813,   99,    0
 18136, 99204,20190814,  100,    0
 18136, 99204,20190815,  113,    0
 18136, 99204,20190816,  121,    0
 18136, 99204,20190817,  138,    0
 18136, 99204,20190818,  132,    0
 18136, 99204,20190819,  125,    0
 18136, 99204,20190820,  117,    0
 18136, 99204,20190821,  111,    0
 18136, 99204,20190822,  129,    0
 18136, 99204,20190823,  134,    0
 18136, 99204,20190824,  162,    0
 18136, 99204,20190825,  170,    0
 18136, 99204,20190826,  194,    0
 18136, 99204,20190827,  193,    0
 18136, 99204,20190828,  191,    0
 18136, 99204,20190829,  137,    0
 18136, 99204,20190830,  141,    0
 18136, 99204,20190831,  161,    0
 18136, 99204,20190901,  106,    0
 18136, 99204,20190902,   94,    0
 18136, 99204,20190903,   96,    0
 18136, 99204,20190904,   95,    0
 18136, 99204,20190905,   82,    0
 18136, 99204,20190906,   97,    0
 18136, 99204,20190907,   99,    0
 18136, 99204,20190908,   97,    0
 18136, 99204,20190909,  109,    0
 18136, 99204,20190910,  123,    0
 18136, 99204,20190911,  113,    0
 18136, 99204,20190912,  104,    0
 18136, 99204,20190913,   91,    0
 18136, 99204,20190914,   99,    0
 18136, 99204,20190915,   84,    0
 18136, 99204,20190916,   72,    0
 18136, 99204,20190917,   59,    0
 18136, 99204,20190918,   64,    0
 18136, 99204,20190919,   60,    0
 18136, 99204,20190920,   90,    0
 18136, 99204,20190921,   85,    0
 18136, 99204,20190922,  103,    0
 18136, 99204,20190923,  105,    0
 18136, 99204,20190924,  102,    0
 18136, 99204,20190925,  101,    0
 18136, 99204,20190926,  121,    0
 18136, 99204,20190927,  119,    0
 18136, 99204,20190928,  113,    0
 18136, 99204,20190929,  105,    0
 18136, 99204,20190930,   56,    0
 18136, 99204,20191001,   46,    0
 18136, 99204,20191002,   61,    0
 18136, 99204,20191003,   65,    0
 18136, 99204,20191004,   58,    0
 18136, 99204,20191005,   30,    0
 18136, 99204,20191006,   24,    0
 18136, 99204,20191007,   42,    0
 18136, 99204,20191008,   79,    0
 18136, 99204,20191009,   89,    0
 18136, 99204,20191010,   82,    0
 18136, 99204,20191011,   81,    0
 18136, 99204,20191012,   76,    0
 18136, 99204,20191013,   66,    0
 18136, 99204,20191014,   67,    0
 18136, 99204,20191015,   84,    0
 18136, 99204,20191016,   95,    0
 18136, 99204,20191017,   88,    0
 18136, 99204,20191018,   67,    0
 18136, 99204,20191019,   66,    0
 18136, 99204,20191020,   54,    0
 18136, 99204,20191021,   53,    0
 18136, 99204,20191022,   83,    0
 18136, 99204,20191023,   89,    0
 18136, 99204,20191024,   98,    0
 18136, 99204,20191025,   50,    0
 18136, 99204,20191026,   44,    0
 18136, 99204,20191027,   30,    0
 18136, 99204,20191028,   16,    0
 18136, 99204,20191029,   12,    0
 18136, 99204,20191030,   34,    0
 18136, 99204,20191031,   42,    0
 18136, 99204,20191101,   41,    0
 18136, 99204,20191102,   17,    0
 18136, 99204,20191103,   36,    0
 18136, 99204,20191104,   12,    0
 18136, 99204,20191105,   11,    0
 18136, 99204,20191106,   14,    0
 18136, 99204,20191107,    9,    0
 18136, 99204,20191108,  -24,    0
 18136, 99204,20191109,  -26,    0
 18136, 99204,20191110,  -38,    0
 18136, 99204,20191111,  -31,    0
 18136, 99204,20191112,   17,    0
 18136, 99204,20191113,   18,    0
 18136, 99204,20191114,    1,    0
 18136, 99204,20191115,   10,    0
 18136, 99204,20191116,   12,    0
 18136, 99204,20191117,    3,    0
 18136, 99204,20191118,   16,    0
 18136, 99204,20191119,   -1,    0
 18136, 99204,20191120,   -1,    0
 18136, 99204,20191121,   40,    0
 18136, 99204,20191122,   62,    0
 18136, 99204,20191123,   50,    0
 18136, 99204,20191124,   52,    0
 18136, 99204,20191125,   50,    0
 18136, 99204,20191126,   39,    0
 18136, 99204,20191127,   38,    0
 18136, 99204,20191128,   16,    0
 18136, 99204,20191129,   -3,    0
 18136, 99204,20191130,   -9,    0
 18136, 99204,20191201,    2,    0
 18136, 99204,20191202,    0,    0
 18136, 99204,20191203,   52,    0
 18136, 99204,20191204,   61,    0
 18136, 99204,20191205,   56,    0
 18136, 99204,20191206,   37,    0
 18136, 99204,20191207,    9,    0
 18136, 99204,20191208,   46,    0
 18136, 99204,20191209,   17,    0
 18136, 99204,20191210,   21,    0
 18136, 99204,20191211,   48,    0
 18136, 99204,20191212,   34,    0
 18136, 99204,20191213,   24,    0
 18136, 99204,20191214,   10,    0
 18136, 99204,20191215,   24,    0
 18136, 99204,20191216,   20,    0
 18136, 99204,20191217,   31,    0
 18136, 99204,20191218,   26,    0
 18136, 99204,20191219,   53,    0
 18136, 99204,20191220,   97,    0
 18136, 99204,20191221,   71,    0
 18136, 99204,20191222,   34,    0
 18136, 99204,20191223,   33,    0
 18136, 99204,20191224,   28,    0
 18136, 99204,20191225,   17,    0
 18136, 99204,20191226,    2,    0
 18136, 99204,20191227,   15,    0
 18136, 99204,20191228,   34,    0
 18136, 99204,20191229,   73,    0
 18136, 99204,20191230,   58,    0
 18136, 99204,20191231,   32,    0
 18136, 99204,20200101,   51,    0
 18136, 99204,20200102,   57,    0
 18136, 99204,20200103,   21,    0
 18136, 99204,20200104,    3,    0
 18136, 99204,20200105,   42,    0
 18136, 99204,20200106,   60,    0
 18136, 99204,20200107,   57,    0
 18136, 99204,20200108,   44,    0
 18136, 99204,20200109,   18,    0
 18136, 99204,20200110,    8,    0
 18136, 99204,20200111,   51,    0
 18136, 99204,20200112,   39,    0
 18136, 99204,20200113,   40,    0
 18136, 99204,20200114,   37,    0
 18136, 99204,20200115,   43,    0
 18136, 99204,20200116,   58,    0
 18136, 99204,20200117,   61,    0
 18136, 99204,20200118,   37,    0
 18136, 99204,20200119,   27,    0
 18136, 99204,20200120,   61,    0
 18136, 99204,20200121,   42,    0
 18136, 99204,20200122,   20,    0
 18136, 99204,20200123,   56,    0
 18136, 99204,20200124,   27,    0
 18136, 99204,20200125,   44,    0
 18136, 99204,20200126,   46,    0
 18136, 99204,20200127,   33,    0
 18136, 99204,20200128,   21,    0
 18136, 99204,20200129,   13,    0
 18136, 99204,20200130,   27,    0
 18136, 99204,20200131,   48,    0
 18136, 99204,20200201,   39,    0
 18136, 99204,20200202,    1,    0
 18136, 99204,20200203,   -2,    0
 18136, 99204,20200204,   -5,    0
 18136, 99204,20200205,   34,    0
 18136, 99204,20200206,   47,    0
 18136, 99204,20200207,   21,    0
 18136, 99204,20200208,   45,    0
 18136, 99204,20200209,   43,    0
 18136, 99204,20200210,   22,    0
 18136, 99204,20200211,   23,    0
 18136, 99204,20200212,    0,    0
 18136, 99204,20200213,    0,    0
 18136, 99204,20200214,   17,    0
 18136, 99204,20200215,   51,    0
 18136, 99204,20200216,   47,    0
 18136, 99204,20200217,   48,    0
 18136, 99204,20200218,   34,    0
 18136, 99204,20200219,   22,    0
 18136, 99204,20200220,   27,    0
 18136, 99204,20200221,   44,    0
 18136, 99204,20200222,   30,    0
 18136, 99204,20200223,   14,    0
 18136, 99204,20200224,   -4,    0
 18136, 99204,20200225,    3,    0
 18136, 99204,20200226,   -2,    0
 18136, 99204,20200227,   -5,    0
 18136, 99204,20200228,    0,    0
 18136, 99204,20200229,   18,    0
 18136, 99204,20200301,   23,    0
 18136, 99204,20200302,   28,    0
 18136, 99204,20200303,   23,    0
 18136, 99204,20200304,   20,    0
 18136, 99204,20200305,   14,    0
 18136, 99204,20200306,   17,    0
 18136, 99204,20200307,   21,    0
 18136, 99204,20200308,   56,    0
 18136, 99204,20200309,   48,    0
 18136, 99204,20200310,   40,    0
 18136, 99204,20200311,   39,    0
 18136, 99204,20200312,   24,    0
 18136, 99204,20200313,   -9,    0
 18136, 99204,20200314,    4,    0
 18136, 99204,20200315,   45,    0
 18136, 99204,20200316,   23,    0
 18136, 99204,20200317,   47,    0
 18136, 99204,20200318,   27,    0
 18136, 99204,20200319,   24,    0
 18136, 99204,20200320,    9,    0
 18136, 99204,20200321,    8,    0
 18136, 99204,20200322,   23,    0
 18136, 99204,20200323,   42,    0
 18136, 99204,20200324,   52,    0
 18136, 99204,20200325,   59,    0
 18136, 99204,20200326,   46,    0
 18136, 99204,20200327,   40,    0
 18136, 99204,20200328,    5,    0
 18136, 99204,20200329,   -4,    0
 18136, 99204,20200330,   17,    0
 18136, 99204,20200331,   33,    0
 18136, 99204,20200401,   40,    0
 18136, 99204,20200402,   10,    0
 18136, 99204,20200403,   -9,    0
 18136, 99204,20200404,    3,    0
 18136, 99204,20200405,   77,    0
 18136, 99204,20200406,  100,    0
 18136, 99204,20200407,   67,    0
 18136, 99204,20200408,   49,    0
 18136, 99204,20200409,   23,    0
 18136, 99204,20200410,   26,    0
 18136, 99204,20200411,   50,    0
 18136, 99204,20200412,   33,    0
 18136, 99204,20200413,    4,    0
 18136, 99204,20200414,   29,    0
 18136, 99204,20200415,   54,    0
 18136, 99204,20200416,   34,    0
 18136, 99204,20200417,   34,    0
 18136, 99204,20200418,   43,    0
 18136, 99204,20200419,   60,    0
 18136, 99204,20200420,   82,    0
 18136, 99204,20200421,  102,    0
 18136, 99204,20200422,  103,    0
 18136, 99204,20200423,   68,    0
 18136, 99204,20200424,   75,    0
 18136, 99204,20200425,   66,    0
 18136, 99204,20200426,   42,    0
 18136, 99204,20200427,   40,    0
 18136, 99204,20200428,   53,    0
 18136, 99204,20200429,   53,    0
 18136, 99204,20200430,   67,    0
 18136, 99204,20200501,   68,    0
 18136, 99204,20200502,   58,    0
 18136, 99204,20200503,   48,    0
 18136, 99204,20200504,   36,    0
 18136, 99204,20200505,   44,    0
 18136, 99204,20200506,   68,    0
 18136, 99204,20200507,   57,    0
 18136, 99204,20200508,   61,    0
 18136, 99204,20200509,   48,    0
 18136, 99204,20200510,   29,    0
 18136, 99204,20200511,   20,    0
 18136, 99204,20200512,   15,    0
 18136, 99204,20200513,   17,    0
 18136, 99204,20200514,   33,    0
 18136, 99204,20200515,   37,    0
 18136, 99204,20200516,   19,    0
 18136, 99204,20200517,   43,    0
 18136, 99204,20200518,   56,    0
 18136, 99204,20200519,   61,    0
 18136, 99204,20200520,   80,    0
 18136, 99204,20200521,  126,    0
 18136, 99204,20200522,  129,    0
 18136, 99204,20200523,   93,    0
 18136, 99204,20200524,   85,    0
 18136, 99204,20200525,   90,    0
 18136, 99204,20200526,   98,    0
 18136, 99204,20200527,   87,    0
 18136, 99204,20200528,   97,    0
 18136, 99204,20200529,  111,    0
 18136, 99204,20200530,  147,    0
 18136, 99204,20200531,  153,    0
 18136, 99204,20200601,  142,    0
 18136, 99204,20200602,  126,    0
 18136, 99204,20200603,  125,    0
 18136, 99204,20200604,   93,    0
 18136, 99204,20200605,  120,    0
 18136, 99204,20200606,   96,    0
 18136, 99204,20200607,   96,    0
 18136, 99204,20200608,   94,    0
 18136, 99204,20200609,  106,    0
 18136, 99204,20200610,  115,    0
 18136, 99204,20200611,  173,    0
 18136, 99204,20200612,  198,    0
 18136, 99204,20200613,  179,    0
 18136, 99204,20200614,  162,    0
 18136, 99204,20200615,  174,    0
 18136, 99204,20200616,  185,    0
 18136, 99204,20200617,  160,    0
 18136, 99204,20200618,  174,    0
 18136, 99204,20200619,  196,    0
 18136, 99204,20200620,  167,    0
 18136, 99204,20200621,  148,    0
 18136, 99204,20200622,  144,    0
 18136, 99204,20200623,  161,    0
 18136, 99204,20200624,  181,    0
 18136, 99204,20200625,  181,    0
 18136, 99204,20200626,  204,    0
 18136, 99204,20200627,  215,    0
 18136, 99204,20200628,  156,    0
 18136, 99204,20200629,  141,    0
 18136, 99204,20200630,  137,    0
 18136, 99204,20200701,  119,    0
 18136, 99204,20200702,   83,    0
 18136, 99204,20200703,   80,    0
 18136, 99204,20200704,  100,    0
 18136, 99204,20200705,  103,    0
 18136, 99204,20200706,   99,    0
 18136, 99204,20200707,   79,    0
 18136, 99204,20200708,   97,    0
 18136, 99204,20200709,  101,    0
 18136, 99204,20200710,  104,    0
 18136, 99204,20200711,   92,    0
 18136, 99204,20200712,  102,    0
 18136, 99204,20200713,  113,    0
 18136, 99204,20200714,  125,    0
 18136, 99204,20200715,  132,    0
 18136, 99204,20200716,  137,    0
 18136, 99204,20200717,  124,    0
 18136, 99204,20200718,  130,    0
 18136, 99204,20200719,  116,    0
 18136, 99204,20200720,  101,    0
 18136, 99204,20200721,   97,    0
 18136, 99204,20200722,  102,    0
 18136, 99204,20200723,  115,    0
 18136, 99204,20200724,  125,    0
 18136, 99204,20200725,  135,    0
 18136, 99204,20200726,  148,    0
 18136, 99204,20200727,  138,    0
 18136, 99204,20200728,  144,    0
 18136, 99204,20200729,  115,    0
 18136, 99204,20200730,  125,    0
 18136, 99204,20200731,  150,    0
 18136, 99204,20200801,  167,    0
 18136, 99204,20200802,  127,    0
 18136, 99204,20200803,  116,    0
 18136, 99204,20200804,  115,    0
 18136, 99204,20200805,  135,    0
 18136, 99204,20200806,  161,    0
 18136, 99204,20200807,  171,    0
 18136, 99204,20200808,  141,    0
 18136, 99204,20200809,  126,    0
 18136, 99204,20200810,  149,    0
 18136, 99204,20200811,  167,    0
 18136, 99204,20200812,  182,    0
 18136, 99204,20200813,  173,    0
 18136, 99204,20200814,  143,    0
 18136, 99204,20200815,  144,    0
 18136, 99204,20200816,  174,    0
 18136, 99204,20200817,  175,    0
 18136, 99204,20200818,  190,    0
 18136, 99204,20200819,  158,    0
 18136, 99204,20200820,  165,    0
 18136, 99204,20200821,  165,    0
 18136, 99204,20200822,  142,    0
 18136, 99204,20200823,  107,    0
 18136, 99204,20200824,   83,    0
 18136, 99204,20200825,   96,    0
 18136, 99204,20200826,  107,    0
 18136, 99204,20200827,  106,    0
 18136, 99204,20200828,  111,    0
 18136, 99204,20200829,  121,    0
 18136, 99204,20200830,  109,    0
 18136, 99204,20200831,   91,    0
 18136, 99204,20200901,  108,    0
 18136, 99204,20200902,  144,    0
 18136, 99204,20200903,  134,    0
 18136, 99204,20200904,  114,    0
 18136, 99204,20200905,   95,    0
 18136, 99204,20200906,   94,    0
 18136, 99204,20200907,   99,    0
 18136, 99204,20200908,  107,    0
 18136, 99204,20200909,   93,    0
 18136, 99204,20200910,   76,    0
 18136, 99204,20200911,  100,    0
 18136, 99204,20200912,   98,    0
 18136, 99204,20200913,  100,    0
 18136, 99204,20200914,  129,    0
 18136, 99204,20200915,  126,    0
 18136, 99204,20200916,   87,    0
 18136, 99204,20200917,   94,    0
 18136, 99204,20200918,  104,    0
 18136, 99204,20200919,   96,    0
 18136, 99204,20200920,   99,    0
 18136, 99204,20200921,  106,    0
 18136, 99204,20200922,  109,    0
 18136, 99204,20200923,   91,    0
 18136, 99204,20200924,   81,    0
 18136, 99204,20200925,   72,    0
 18136, 99204,20200926,   99,    0
 18136, 99204,20200927,  104,    0
 18136, 99204,20200928,  120,    0
 18136, 99204,20200929,  109,    0
 18136, 99204,20200930,  113,    0
 18136, 99204,20201001,  148,    0
 18136, 99204,20201002,  153,    0
 18136, 99204,20201003,  150,    0
 18136, 99204,20201004,  154,    0
 18136, 99204,20201005,  119,    0
 18136, 99204,20201006,  124,    0
 18136, 99204,20201007,  102,    0
 18136, 99204,20201008,   86,    0
 18136, 99204,20201009,   60,    0
 18136, 99204,20201010,   62,    0
 18136, 99204,20201011,   61,    0
 18136, 99204,20201012,   54,    0
 18136, 99204,20201013,   47,    0
 18136, 99204,20201014,   37,    0
 18136, 99204,20201015,   35,    0
 18136, 99204,20201016,   46,    0
 18136, 99204,20201017,   54,    0
 18136, 99204,20201018,   25,    0
 18136, 99204,20201019,   28,    0
 18136, 99204,20201020,   73,    0
 18136, 99204,20201021,   92,    0
 18136, 99204,20201022,   78,    0
 18136, 99204,20201023,   55,    0
 18136, 99204,20201024,   77,    0
 18136, 99204,20201025,   79,    0
 18136, 99204,20201026,   72,    0
 18136, 99204,20201027,   66,    0
 18136, 99204,20201028,   70,    0
 18136, 99204,20201029,   64,    0
 18136, 99204,20201030,   77,    0
 18136, 99204,20201031,   81,    0
 18136, 99204,20201101,   80,    0
 18136, 99204,20201102,   74,    0
 18136, 99204,20201103,   59,    0
 18136, 99204,20201104,   51,    0
 18136, 99204,20201105,   88,    0
 18136, 99204,20201106,   74,    0
 18136, 99204,20201107,   75,    0
 18136, 99204,20201108,   58,    0
 18136, 99204,20201109,   58,    0
 18136, 99204,20201110,   75,    0
 18136, 99204,20201111,   87,    0
 18136, 99204,20201112,  106,    0
 18136, 99204,20201113,   93,    0
 18136, 99204,20201114,   72,    0
 18136, 99204,20201115,  104,    0
 18136, 99204,20201116,   72,    0
 18136, 99204,20201117,   78,    0
 18136, 99204,20201118,   95,    0
 18136, 99204,20201119,    6,    0
 18136, 99204,20201120,    3,    0
 18136, 99204,20201121,   65,    0
 18136, 99204,20201122,   46,    0
 18136, 99204,20201123,   39,    0
 18136, 99204,20201124,   75,    0
 18136, 99204,20201125,   61,    0
 18136, 99204,20201126,   25,    0
 18136, 99204,20201127,   17,    0
 18136, 99204,20201128,   38,    0
 18136, 99204,20201129,   47,    0
 18136, 99204,20201130,   45,    0
 18136, 99204,20201201,   16,    0
 18136, 99204,20201202,   47,    0
 18136, 99204,20201203,   29,    0
 18136, 99204,20201204,   27,    0
 18136, 99204,20201205,   12,    0
 18136, 99204,20201206,   25,    0
 18136, 99204,20201207,   50,    0
 18136, 99204,20201208,   51,    0
 18136, 99204,20201209,   34,    0
 18136, 99204,20201210,   40,    0
 18136, 99204,20201211,   15,    0
 18136, 99204,20201212,   13,    0
 18136, 99204,20201213,   26,    0
 18136, 99204,20201214,   65,    0
 18136, 99204,20201215,   62,    0
 18136, 99204,20201216,   63,    0
 18136, 99204,20201217,   63,    0
 18136, 99204,20201218,   74,    0
 18136, 99204,20201219,   85,    0
 18136, 99204,20201220,   62,    0
 18136, 99204,20201221,   51,    0
 18136, 99204,20201222,   47,    0
 18136, 99204,20201223,   23,    0
 18136, 99204,20201224,   -9,    0
 18136, 99204,20201225,   -7,    0
 18136, 99204,20201226,   30,    0
 18136, 99204,20201227,   40,    0
 18136, 99204,20201228,   29,    0
 18136, 99204,20201229,   14,    0
 18136, 99204,20201230,   22,    0
 18136, 99204,20201231,    2,    0
 18136, 99204,20210101,  -17,    0
 18136, 99204,20210102,    1,    0
 18136, 99204,20210103,  -29,    0
 18136, 99204,20210104,  -44,    0
 18136, 99204,20210105,  -44,    0
 18136, 99204,20210106,  -53,    0
 18136, 99204,20210107,  -21,    0
 18136, 99204,20210108,  -37,    0
 18136, 99204,20210109,    0,    0
 18136, 99204,20210110,  -10,    0
 18136, 99204,20210111,  -46,    0
 18136, 99204,20210112,  -23,    0
 18136, 99204,20210113,  -52,    0
 18136, 99204,20210114,  -66,    0
 18136, 99204,20210115,  -76,    0
 18136, 99204,20210116,  -20,    0
 18136, 99204,20210117,   10,    0
 18136, 99204,20210118,   15,    0
 18136, 99204,20210119,    7,    0
 18136, 99204,20210120,   15,    0
 18136, 99204,20210121,   43,    0
 18136, 99204,20210122,   14,    0
 18136, 99204,20210123,   13,    0
 18136, 99204,20210124,   -8,    0
 18136, 99204,20210125,  -30,    0
 18136, 99204,20210126,  -24,    0
 18136, 99204,20210127,  -64,    0
 18136, 99204,20210128,  -47,    0
 18136, 99204,20210129,  -32,    0
 18136, 99204,20210130,  -20,    0
 18136, 99204,20210131,  -28,    0
 18136, 99204,20210201,  -74,    0
 18136, 99204,20210202,  -63,    0
 18136, 99204,20210203,  -96,    0
 18136, 99204,20210204,  -75,    0
 18136, 99204,20210205,  -86,    0
 18136, 99204,20210206,  -81,    0
 18136, 99204,20210207,  -99,    0
 18136, 99204,20210208,  -80,    0
 18136, 99204,20210209,  -82,    0
 18136, 99204,20210210,  -80,    0
 18136, 99204,20210211,  -81,    0
 18136, 99204,20210212, -101,    0
 18136, 99204,20210213,  -76,    0
 18136, 99204,20210214,    6,    0
 18136, 99204,20210215,   17,    0
 18136, 99204,20210216,   26,    0
 18136, 99204,20210217,   23,    0
 18136, 99204,20210218,   58,    0
 18136, 99204,20210219,   46,    0
 18136, 99204,20210220,   68,    0
 18136, 99204,20210221,   71,    0
 18136, 99204,20210222,   61,    0
 18136, 99204,20210223,   58,    0
 18136, 99204,20210224,   69,    0
 18136, 99204,20210225,   54,    0
 18136, 99204,20210226,   48,    0
 18136, 99204,20210227,   52,    0
 18136, 99204,20210228,   44,    0
 18136, 99204,20210301,   41,    0
 18136, 99204,20210302,   38,    0
 18136, 99204,20210303,   26,    0
 18136, 99204,20210304,   -9,    0
 18136, 99204,20210305,   -2,    0
 18136, 99204,20210306,   23,    0
 18136, 99204,20210307,   -2,    0
 18136, 99204,20210308,   -2,    0
 18136, 99204,20210309,   -7,    0
 18136, 99204,20210310,   26,    0
 18136, 99204,20210311,   40,    0
 18136, 99204,20210312,   30,    0
 18136, 99204,20210313,   16,    0
 18136, 99204,20210314,   17,    0
 18136, 99204,20210315,   12,    0
 18136, 99204,20210316,    0,    0
 18136, 99204,20210317,    9,    0
 18136, 99204,20210318,   26,    0
 18136, 99204,20210319,   25,    0
 18136, 99204,20210320,   37,    0
 18136, 99204,20210321,   23,    0
 18136, 99204,20210322,   45,    0
 18136, 99204,20210323,   56,    0
 18136, 99204,20210324,   49,    0
 18136, 99204,20210325,   44,    0
 18136, 99204,20210326,   55,    0
 18136, 99204,20210327,   37,    0
 18136, 99204,20210328,   44,    0
 18136, 99204,20210329,   68,    0
 18136, 99204,20210330,   67,    0
 18136, 99204,20210331,   37,    0
 18136, 99204,20210401,   22,    0
 18136, 99204,20210402,   35,    0
 18136, 99204,20210403,   29,    0
 18136, 99204,20210404,   26,    0
 18136, 99204,20210405,   -9,    0
 18136, 99204,20210406,    1,    0
 18136, 99204,20210407,    6,    0
 18136, 99204,20210408,    4,    0
 18136, 99204,20210409,   11,    0
 18136, 99204,20210410,    1,    0
 18136, 99204,20210411,    5,    0
 18136, 99204,20210412,   30,    0
 18136, 99204,20210413,   15,    0
 18136, 99204,20210414,   19,    0
 18136, 99204,20210415,   29,    0
 18136, 99204,20210416,   40,    0
 18136, 99204,20210417,   47,    0
 18136, 99204,20210418,   67,    0
 18136, 99204,20210419,   86,    0
 18136, 99204,20210420,   69,    0
 18136, 99204,20210421,   30,    0
 18136, 99204,20210422,   35,    0
 18136, 99204,20210423,   32,    0
 18136, 99204,20210424,   26,    0
 18136, 99204,20210425,   32,    0
 18136, 99204,20210426,   39,    0
 18136, 99204,20210427,   45,    0
 18136, 99204,20210428,   40,    0
 18136, 99204,20210429,   43,    0
 18136, 99204,20210430,   50,    0
 18136, 99204,20210501,   46,    0
 18136, 99204,20210502,   43,    0
 18136, 99204,20210503,   39,    0
 18136, 99204,20210504,   57,    0
 18136, 99204,20210505,   75,    0
 18136, 99204,20210506,   47,    0
 18136, 99204,20210507,   57,    0
 18136, 99204,20210508,   43,    0
 18136, 99204,20210509,   82,    0
 18136, 99204,20210510,  103,    0
 18136, 99204,20210511,  112,    0
 18136, 99204,20210512,  112,    0
 18136, 99204,20210513,   92,    0
 18136, 99204,20210514,  117,    0
 18136, 99204,20210515,  114,    0
 18136, 99204,20210516,   78,    0
 18136, 99204,20210517,   92,    0
 18136, 99204,20210518,   71,    0
 18136, 99204,20210519,   76,    0
 18136, 99204,20210520,   72,    0
 18136, 99204,20210521,   73,    0
 18136, 99204,20210522,   99,    0
 18136, 99204,20210523,   94,    0
 18136, 99204,20210524,   86,    0
 18136, 99204,20210525,  110,    0
 18136, 99204,20210526,  139,    0
 18136, 99204,20210527,  126,    0
 18136, 99204,20210528,  114,    0
 18136, 99204,20210529,  117,    0
 18136, 99204,20210530,  114,    0
 18136, 99204,20210531,  111,    0
 18136, 99204,20210601,  139,    0
 18136, 99204,20210602,  168,    0
 18136, 99204,20210603,  173,    0
 18136, 99204,20210604,  148,    0
 18136, 99204,20210605,  152,    0
 18136, 99204,20210606,  140,    0
 18136, 99204,20210607,  132,    0
 18136, 99204,20210608,  144,    0
 18136, 99204,20210609,  149,    0
 18136, 99204,20210610,  142,    0
 18136, 99204,20210611,  131,    0
 18136, 99204,20210612,   99,    0
 18136, 99204,20210613,   98,    0
 18136, 99204,20210614,   95,    0
 18136, 99204,20210615,   90,    0
 18136, 99204,20210616,  117,    0
 18136, 99204,20210617,  133,    0
 18136, 99204,20210618,  113,    0
 18136, 99204,20210619,  115,    0
 18136, 99204,20210620,  111,    0
 18136, 99204,20210621,  113,    0
 18136, 99204,20210622,  119,    0
 18136, 99204,20210623,  117,    0
 18136, 99204,20210624,  132,    0
 18136, 99204,20210625,  148,    0
 18136, 99204,20210626,  131,    0
 18136, 99204,20210627,  124,    0
 18136, 99204,20210628,  124,    0
 18136, 99204,20210629,  131,    0
 18136, 99204,20210630,  173,    0
 18136, 99204,20210701,  179,    0
 18136, 99204,20210702,  183,    0
 18136, 99204,20210703,  145,    0
 18136, 99204,20210704,  166,    0
 18136, 99204,20210705,  181,    0
 18136, 99204,20210706,  155,    0
 18136, 99204,20210707,  146,    0
 18136, 99204,20210708,  138,    0
 18136, 99204,20210709,  137,    0
 18136, 99204,20210710,  134,    0
 18136, 99204,20210711,  141,    0
 18136, 99204,20210712,  153,    0
 18136, 99204,20210713,  178,    0
 18136, 99204,20210714,  170,    0
 18136, 99204,20210715,  139,    0
 18136, 99204,20210716,  137,    0
 18136, 99204,20210717,  129,    0
 18136, 99204,20210718,  105,    0
 18136, 99204,20210719,  113,    0
 18136, 99204,20210720,  115,    0
 18136, 99204,20210721,  123,    0
 18136, 99204,20210722,  126,    0
 18136, 99204,20210723,  153,    0
 18136, 99204,20210724,  145,    0
 18136, 99204,20210725,  186,    0
 18136, 99204,20210726,  192,    0
 18136, 99204,20210727,  173,    0
 18136, 99204,20210728,  160,    0
 18136, 99204,20210729,  150,    0
 18136, 99204,20210730,  159,    0
 18136, 99204,20210731,  127,    0
 18136, 99204,20210801,  129,    0
 18136, 99204,20210802,  113,    0
 18136, 99204,20210803,  111,    0
 18136, 99204,20210804,  121,    0
 18136, 99204,20210805,  138,    0
 18136, 99204,20210806,  163,    0
 18136, 99204,20210807,  173,    0
 18136, 99204,20210808,  159,    0
 18136, 99204,20210809,  146,    0
 18136, 99204,20210810,  151,    0
 18136, 99204,20210811,  147,    0
 18136, 99204,20210812,  147,    0
 18136, 99204,20210813,  130,    0
 18136, 99204,20210814,  131,    0
 18136, 99204,20210815,  110,    0
 18136, 99204,20210816,  130,    0
 18136, 99204,20210817,  126,    0
 18136, 99204,20210818,  117,    0
 18136, 99204,20210819,  116,    0
 18136, 99204,20210820,  111,    0
 18136, 99204,20210821,  113,    0
 18136, 99204,20210822,  123,    0
 18136, 99204,20210823,  121,    0
 18136, 99204,20210824,  123,    0
 18136, 99204,20210825,  130,    0
 18136, 99204,20210826,  132,    0
 18136, 99204,20210827,  129,    0
 18136, 99204,20210828,  127,    0
 18136, 99204,20210829,  128,    0
 18136, 99204,20210830,  119,    0
 18136, 99204,20210831,  126,    0
 18136, 99204,20210901,  126,    0
 18136, 99204,20210902,  112,    0
 18136, 99204,20210903,  111,    0
 18136, 99204,20210904,   95,    0
 18136, 99204,20210905,  120,    0
 18136, 99204,20210906,  123,    0
 18136, 99204,20210907,  135,    0
 18136, 99204,20210908,  150,    0
 18136, 99204,20210909,  157,    0
 18136, 99204,20210910,  156,    0
 18136, 99204,20210911,  147,    0
 18136, 99204,20210912,  113,    0
 18136, 99204,20210913,   87,    0
 18136, 99204,20210914,   85,    0
 18136, 99204,20210915,  112,    0
 18136, 99204,20210916,  115,    0
 18136, 99204,20210917,  112,    0
 18136, 99204,20210918,  122,    0
 18136, 99204,20210919,  124,    0
 18136, 99204,20210920,  111,    0
 18136, 99204,20210921,  108,    0
 18136, 99204,20210922,  116,    0
 18136, 99204,20210923,   81,    0
 18136, 99204,20210924,   88,    0
 18136, 99204,20210925,   94,    0
 18136, 99204,20210926,  144,    0
 18136, 99204,20210927,  172,    0
 18136, 99204,20210928,  110,    0
 18136, 99204,20210929,  126,    0
 18136, 99204,20210930,  108,    0
 18136, 99204,20211001,  111,    0
 18136, 99204,20211002,   98,    0
 18136, 99204,20211003,  115,    0
 18136, 99204,20211004,   99,    0
 18136, 99204,20211005,   92,    0
 18136, 99204,20211006,   86,    0
 18136, 99204,20211007,   97,    0
 18136, 99204,20211008,  131,    0
 18136, 99204,20211009,  120,    0
 18136, 99204,20211010,   96,    0
 18136, 99204,20211011,   52,    0
 18136, 99204,20211012,   40,    0
 18136, 99204,20211013,   59,    0
 18136, 99204,20211014,   90,    0
 18136, 99204,20211015,   56,    0
 18136, 99204,20211016,   49,    0
 18136, 99204,20211017,   20,    0
 18136, 99204,20211018,   34,    0
 18136, 99204,20211019,  101,    0
 18136, 99204,20211020,   90,    0
 18136, 99204,20211021,   31,    0
 18136, 99204,20211022,   30,    0
 18136, 99204,20211023,   48,    0
 18136, 99204,20211024,   84,    0
 18136, 99204,20211025,   87,    0
 18136, 99204,20211026,   75,    0
 18136, 99204,20211027,  101,    0
 18136, 99204,20211028,  105,    0
 18136, 99204,20211029,  116,    0
 18136, 99204,20211030,   97,    0
 18136, 99204,20211031,   82,    0
 18136, 99204,20211101,   88,    0
 18136, 99204,20211102,   74,    0
 18136, 99204,20211103,   61,    0
 18136, 99204,20211104,   42,    0
 18136, 99204,20211105,   53,    0
 18136, 99204,20211106,   54,    0
 18136, 99204,20211107,   65,    0
 18136, 99204,20211108,   59,    0
 18136, 99204,20211109,   79,    0
 18136, 99204,20211110,   68,    0
 18136, 99204,20211111,   50,    0
 18136, 99204,20211112,   55,    0
 18136, 99204,20211113,   64,    0
 18136, 99204,20211114,   47,    0
 18136, 99204,20211115,   68,    0
 18136, 99204,20211116,   75,    0
 18136, 99204,20211117,   43,    0
 18136, 99204,20211118,   60,    0
 18136, 99204,20211119,   71,    0
 18136, 99204,20211120,   44,    0
 18136, 99204,20211121,    3,    0
 18136, 99204,20211122,   36,    0
 18136, 99204,20211123,   56,    0
 18136, 99204,20211124,   51,    0
 18136, 99204,20211125,    1,    0
 18136, 99204,20211126,    2,    0
 18136, 99204,20211127,  -20,    0
 18136, 99204,20211128,  -48,    0
 18136, 99204,20211129,  -27,    0
 18136, 99204,20211130,  -17,    0
 18136, 99204,20211201,  -42,    0
 18136, 99204,20211202,  -36,    0
 18136, 99204,20211203,  -14,    0
 18136, 99204,20211204,    8,    0
 18136, 99204,20211205,  -13,    0
 18136, 99204,20211206,   -5,    0
 18136, 99204,20211207,   19,    0
 18136, 99204,20211208,    8,    0
 18136, 99204,20211209,   16,    0
 18136, 99204,20211210,   11,    0
 18136, 99204,20211211,   -6,    0
 18136, 99204,20211212,   38,    0
 18136, 99204,20211213,   60,    0
 18136, 99204,20211214,   50,    0
 18136, 99204,20211215,   72,    0
 18136, 99204,20211216,   53,    0
 18136, 99204,20211217,   62,    0
 18136, 99204,20211218,   60,    0
 18136, 99204,20211219,   13,    0
 18136, 99204,20211220,  -11,    0
 18136, 99204,20211221,    2,    0
 18136, 99204,20211222,   20,    0
 18136, 99204,20211223,   -6,    0
 18136, 99204,20211224,  -42,    0
 18136, 99204,20211225,  -40,    0
 18136, 99204,20211226,  -28,    0
 18136, 99204,20211227,  -18,    0
 18136, 99204,20211228,   -2,    0
 18136, 99204,20211229,   11,    0
 18136, 99204,20211230,   61,    0
 18136, 99204,20211231,   56,    0
 18136, 99204,20220101,   39,    0
 18136, 99204,20220102,   63,    0
 18136, 99204,20220103,   28,    0
 18136, 99204,20220104,   14,    0
 18136, 99204,20220105,  -11,    0
 18136, 99204,20220106,  -14,    0
 18136, 99204,20220107,   26,    0
 18136, 99204,20220108,   11,    0
 18136, 99204,20220109,   11,    0
 18136, 99204,20220110,   19,    0
 18136, 99204,20220111,   39,    0
 18136, 99204,20220112,   62,    0
 18136, 99204,20220113,   64,    0
 18136, 99204,20220114,   18,    0
 18136, 99204,20220115,   21,    0
 18136, 99204,20220116,   28,    0
 18136, 99204,20220117,    8,    0
 18136, 99204,20220118,   42,    0
 18136, 99204,20220119,   16,    0
 18136, 99204,20220120,  -19,    0
 18136, 99204,20220121,   10,    0
 18136, 99204,20220122,   46,    0
 18136, 99204,20220123,   57,    0
 18136, 99204,20220124,   40,    0
 18136, 99204,20220125,   34,    0
 18136, 99204,20220126,   35,    0
 18136, 99204,20220127,   32,    0
 18136, 99204,20220128,   11,    0
 18136, 99204,20220129,   46,    0
 18136, 99204,20220130,    5,    0
 18136, 99204,20220131,  -15,    0
 18136, 99204,20220201,   10,    0
 18136, 99204,20220202,   -4,    0
 18136, 99204,20220203,   35,    0
 18136, 99204,20220204,   12,    0
 18136, 99204,20220205,   11,    0
 18136, 99204,20220206,    5,    0
 18136, 99204,20220207,   13,    0
 18136, 99204,20220208,   29,    0
 18136, 99204,20220209,   21,    0
 18136, 99204,20220210,    1,    0
 18136, 99204,20220211,   -9,    0
 18136, 99204,20220212,   32,    0
 18136, 99204,20220213,   47,    0
 18136, 99204,20220214,   22,    0
 18136, 99204,20220215,   16,    0
 18136, 99204,20220216,   15,    0
 18136, 99204,20220217,    4,    0
 18136, 99204,20220218,   -1,    0
 18136, 99204,20220219,  -17,    0
 18136, 99204,20220220,    4,    0
 18136, 99204,20220221,    4,    0
 18136, 99204,20220222,   -5,    0
 18136, 99204,20220223,   27,    0
 18136, 99204,20220224,   19,    0
 18136, 99204,20220225,   10,    0
 18136, 99204,20220226,   30,    0
 18136, 99204,20220227,   47,    0
 18136, 99204,20220228,   36,    0
 18136, 99204,20220301,   36,    0
 18136, 99204,20220302,   40,    0
 18136, 99204,20220303,   18,    0
 18136, 99204,20220304,   19,    0
 18136, 99204,20220305,   11,    0
 18136, 99204,20220306,   14,    0
 18136, 99204,20220307,   21,    0
 18136, 99204,20220308,    7,    0
 18136, 99204,20220309,   63,    0
 18136, 99204,20220310,   76,    0
 18136, 99204,20220311,   82,    0
 18136, 99204,20220312,   75,    0
 18136, 99204,20220313,   85,    0
 18136, 99204,20220314,   65,    0
 18136, 99204,20220315,   46,    0
 18136, 99204,20220316,   65,    0
 18136, 99204,20220317,   43,    0
 18136, 99204,20220318,   42,    0
 18136, 99204,20220319,   45,    0
 18136, 99204,20220320,   35,    0
 18136, 99204,20220321,   35,    0
 18136, 99204,20220322,   33,    0
 18136, 99204,20220323,   52,    0
 18136, 99204,20220324,   72,    0
 18136, 99204,20220325,   55,    0
 18136, 99204,20220326,   28,    0
 18136, 99204,20220327,   50,    0
 18136, 99204,20220328,   34,    0
 18136, 99204,20220329,    6,    0
 18136, 99204,20220330,    3,    0
 18136, 99204,20220331,    0,    0
 18136, 99204,20220401,    1,    0
 18136, 99204,20220402,    1,    0
 18136, 99204,20220403,   14,    0
 18136, 99204,20220404,   16,    0
 18136, 99204,20220405,    1,    0
 18136, 99204,20220406,    3,    0
 18136, 99204,20220407,    9,    0
 18136, 99204,20220408,    7,    0
 18136, 99204,20220409,   17,    0
 18136, 99204,20220410,   19,    0
 18136, 99204,20220411,   20,    0
 18136, 99204,20220412,   37,    0
 18136, 99204,20220413,   39,    0
 18136, 99204,20220414,   58,    0
 18136, 99204,20220415,   56,    0
 18136, 99204,20220416,   43,    0
 18136, 99204,20220417,   75,    0
 18136, 99204,20220418,   83,    0
 18136, 99204,20220419,   79,    0
 18136, 99204,20220420,   84,    0
 18136, 99204,20220421,  114,    0
 18136, 99204,20220422,  116,    0
 18136, 99204,20220423,  107,    0
 18136, 99204,20220424,   79,    0
 18136, 99204,20220425,   68,    0
 18136, 99204,20220426,   70,    0
 18136, 99204,20220427,   43,    0
 18136, 99204,20220428,   59,    0
 18136, 99204,20220429,   61,    0
 18136, 99204,20220430,   60,    0
 18136, 99204,20220501,   56,    0
 18136, 99204,20220502,   47,    0
 18136, 99204,20220503,   44,    0
 18136, 99204,20220504,   48,    0
 18136, 99204,20220505,   68,    0
 18136, 99204,20220506,   78,    0
 18136, 99204,20220507,   46,    0
 18136, 99204,20220508,   56,    0
 18136, 99204,20220509,   91,    0
 18136, 99204,20220510,   83,    0
 18136, 99204,20220511,   75,    0
 18136, 99204,20220512,   64,    0
 18136, 99204,20220513,   68,    0
 18136, 99204,20220514,   67,    0
 18136, 99204,20220515,   92,    0
 18136, 99204,20220516,  117,    0
 18136, 99204,20220517,  120,    0
 18136, 99204,20220518,  125,    0
 18136, 99204,20220519,   97,    0
 18136, 99204,20220520,  112,    0
 18136, 99204,20220521,   96,    0
 18136, 99204,20220522,  114,    0
 18136, 99204,20220523,  105,    0
 18136, 99204,20220524,  109,    0
 18136, 99204,20220525,   86,    0
 18136, 99204,20220526,   84,    0
 18136, 99204,20220527,   77,    0
 18136, 99204,20220528,   85,    0
 18136, 99204,20220529,   64,    0
 18136, 99204,20220530,   81,    0
 18136, 99204,20220531,  102,    0
 18136, 99204,20220601,  104,    0
 18136, 99204,20220602,   90,    0
 18136, 99204,20220603,   90,    0
 18136, 99204,20220604,   93,    0
 18136, 99204,20220605,  108,    0
 18136, 99204,20220606,  138,    0
 18136, 99204,20220607,  156,    0
 18136, 99204,20220608,  135,    0
 18136, 99204,20220609,  120,    0
 18136, 99204,20220610,  124,    0
 18136, 99204,20220611,  122,    0
 18136, 99204,20220612,  100,    0
 18136, 99204,20220613,   93,    0
 18136, 99204,20220614,  108,    0
 18136, 99204,20220615,  109,    0
 18136, 99204,20220616,  116,    0
 18136, 99204,20220617,  121,    0
 18136, 99204,20220618,   89,    0
 18136, 99204,20220619,  112,    0
 18136, 99204,20220620,  117,    0
 18136, 99204,20220621,  100,    0
 18136, 99204,20220622,   97,    0
 18136, 99204,20220623,  127,    0
 18136, 99204,20220624,  181,    0
 18136, 99204,20220625,  179,    0
 18136, 99204,20220626,  152,    0
 18136, 99204,20220627,  144,    0
 18136, 99204,20220628,  138,    0
 18136, 99204,20220629,  150,    0
 18136, 99204,20220630,  173,    0
 18136, 99204,20220701,  177,    0
 18136, 99204,20220702,  134,    0
 18136, 99204,20220703,  122,    0
 18136, 99204,20220704,  114,    0
 18136, 99204,20220705,  103,    0
 18136, 99204,20220706,  106,    0
 18136, 99204,20220707,  105,    0
 18136, 99204,20220708,  105,    0
 18136, 99204,20220709,   94,    0
 18136, 99204,20220710,  105,    0
 18136, 99204,20220711,  144,    0
 18136, 99204,20220712,  141,    0
 18136, 99204,20220713,  103,    0
 18136, 99204,20220714,   97,    0
 18136, 99204,20220715,   96,    0
 18136, 99204,20220716,   97,    0
 18136, 99204,20220717,  109,    0
 18136, 99204,20220718,  132,    0
 18136, 99204,20220719,  184,    0
 18136, 99204,20220720,  176,    0
 18136, 99204,20220721,  124,    0
 18136, 99204,20220722,  136,    0
 18136, 99204,20220723,  127,    0
 18136, 99204,20220724,  128,    0
 18136, 99204,20220725,  131,    0
 18136, 99204,20220726,   94,    0
 18136, 99204,20220727,   94,    0
 18136, 99204,20220728,  129,    0
 18136, 99204,20220729,  121,    0
 18136, 99204,20220730,  136,    0
 18136, 99204,20220731,  121,    0
 18136, 99204,20220801,  112,    0
 18136, 99204,20220802,  134,    0
 18136, 99204,20220803,  142,    0
 18136, 99204,20220804,  109,    0
 18136, 99204,20220805,   98,    0
 18136, 99204,20220806,  100,    0
 18136, 99204,20220807,  112,    0
 18136, 99204,20220808,  125,    0
 18136, 99204,20220809,  135,    0
 18136, 99204,20220810,  161,    0
 18136, 99204,20220811,  152,    0
 18136, 99204,20220812,  141,    0
 18136, 99204,20220813,  144,    0
 18136, 99204,20220814,  164,    0
 18136, 99204,20220815,  175,    0
 18136, 99204,20220816,  159,    0
 18136, 99204,20220817,  120,    0
 18136, 99204,20220818,  119,    0
 18136, 99204,20220819,  143,    0
 18136, 99204,20220820,  138,    0
 18136, 99204,20220821,  124,    0
 18136, 99204,20220822,  118,    0
 18136, 99204,20220823,  154,    0
 18136, 99204,20220824,  194,    0
 18136, 99204,20220825,  163,    0
 18136, 99204,20220826,  134,    0
 18136, 99204,20220827,  114,    0
 18136, 99204,20220828,  112,    0
 18136, 99204,20220829,  126,    0
 18136, 99204,20220830,  130,    0
 18136, 99204,20220831,  137,    0
 18136, 99204,20220901,  119,    0
 18136, 99204,20220902,  123,    0
 18136, 99204,20220903,  122,    0
 18136, 99204,20220904,  134,    0
 18136, 99204,20220905,  136,    0
 18136, 99204,20220906,  130,    0
 18136, 99204,20220907,  121,    0
 18136, 99204,20220908,  127,    0
 18136, 99204,20220909,  122,    0
 18136, 99204,20220910,  102,    0
 18136, 99204,20220911,  107,    0
 18136, 99204,20220912,  126,    0
 18136, 99204,20220913,  107,    0
 18136, 99204,20220914,   93,    0
 18136, 99204,20220915,   86,    0
 18136, 99204,20220916,   98,    0
 18136, 99204,20220917,   83,    0
 18136, 99204,20220918,   88,    0
 18136, 99204,20220919,   75,    0
 18136, 99204,20220920,   63,    0
 18136, 99204,20220921,  104,    0
 18136, 99204,20220922,  123,    0
 18136, 99204,20220923,   98,    0
 18136, 99204,20220924,   79,    0
 18136, 99204,20220925,   73,    0
 18136, 99204,20220926,   80,    0
 18136, 99204,20220927,   77,    0
 18136, 99204,20220928,  107,    0
 18136, 99204,20220929,   96,    0
 18136, 99204,20220930,  108,    0
 18136, 99204,20221001,  103,    0
 18136, 99204,20221002,   87,    0
 18136, 99204,20221003,   94,    0
 18136, 99204,20221004,  108,    0
 18136, 99204,20221005,   92,    0
 18136, 99204,20221006,   94,    0
 18136, 99204,20221007,   99,    0
 18136, 99204,20221008,   64,    0
 18136, 99204,20221009,   97,    0
 18136, 99204,20221010,   79,    0
 18136, 99204,20221011,   57,    0
 18136, 99204,20221012,   85,    0
 18136, 99204,20221013,   68,    0
 18136, 99204,20221014,   72,    0
 18136, 99204,20221015,   59,    0
 18136, 99204,20221016,   76,    0
 18136, 99204,20221017,   82,    0
 18136, 99204,20221018,   64,    0
 18136, 99204,20221019,   19,    0
 18136, 99204,20221020,   28,    0
 18136, 99204,20221021,   52,    0
 18136, 99204,20221022,   71,    0
 18136, 99204,20221023,   89,    0
 18136, 99204,20221024,   86,    0
 18136, 99204,20221025,   89,    0
 18136, 99204,20221026,  101,    0
 18136, 99204,20221027,  111,    0
 18136, 99204,20221028,  119,    0
 18136, 99204,20221029,   96,    0
 18136, 99204,20221030,  103,    0
 18136, 99204,20221031,  104,    0
