EUROPEAN CLIMATE ASSESSMENT & DATASET (ECA&D), file created on: 16-11-2022
THESE DATA CAN BE USED FOR NON-COMMERCIAL RESEARCH AND EDUCATION PROVIDED THAT THE FOLLOWING SOURCE IS ACKNOWLEDGED: 

Klein Tank, A.M.G. and Coauthors, 2002. Daily dataset of 20th-century surface
air temperature and precipitation series for the European Climate Assessment.
Int. J. of Climatol., 22, 1441-1453.
Data and metadata available at http://www.ecad.eu

FILE FORMAT (MISSING VALUE CODE = -9999):

01-06 STAID: Station identifier
08-13 SOUID: Source identifier
15-22 DATE : Date YYYYMMDD
24-28 TG   : Mean temperature in 0.1 &#176;C
30-34 Q_TG : quality code for TG (0='valid'; 1='suspect'; 9='missing')

This is the blended series of station GLITREVANN, NORWAY (STAID: 18383)
Blended and updated with sources:99131 
See files sources.txt and stations.txt for more info.

STAID, SOUID,    DATE,   TG, Q_TG
 18383, 99131,20171101,-9999,    9
 18383, 99131,20171102,   48,    0
 18383, 99131,20171103,   12,    0
 18383, 99131,20171104,   33,    0
 18383, 99131,20171105,   36,    0
 18383, 99131,20171106,   -1,    0
 18383, 99131,20171107,   13,    0
 18383, 99131,20171108,   35,    0
 18383, 99131,20171109,   37,    0
 18383, 99131,20171110,   11,    0
 18383, 99131,20171111,   -2,    0
 18383, 99131,20171112,    3,    0
 18383, 99131,20171113,   -7,    0
 18383, 99131,20171114,  -13,    0
 18383, 99131,20171115,    8,    0
 18383, 99131,20171116,    9,    0
 18383, 99131,20171117,   30,    0
 18383, 99131,20171118,   -2,    0
 18383, 99131,20171119,  -22,    0
 18383, 99131,20171120,  -60,    0
 18383, 99131,20171121,  -58,    0
 18383, 99131,20171122,  -59,    0
 18383, 99131,20171123,   36,    0
 18383, 99131,20171124,    8,    0
 18383, 99131,20171125,  -25,    0
 18383, 99131,20171126,    2,    0
 18383, 99131,20171127,  -22,    0
 18383, 99131,20171128,  -22,    0
 18383, 99131,20171129,  -13,    0
 18383, 99131,20171130,  -25,    0
 18383, 99131,20171201,  -61,    0
 18383, 99131,20171202,  -27,    0
 18383, 99131,20171203,   14,    0
 18383, 99131,20171204,  -11,    0
 18383, 99131,20171205,   16,    0
 18383, 99131,20171206,   -8,    0
 18383, 99131,20171207,   30,    0
 18383, 99131,20171208,   32,    0
 18383, 99131,20171209,    6,    0
 18383, 99131,20171210,  -91,    0
 18383, 99131,20171211,  -64,    0
 18383, 99131,20171212,  -82,    0
 18383, 99131,20171213,  -89,    0
 18383, 99131,20171214,  -51,    0
 18383, 99131,20171215,  -47,    0
 18383, 99131,20171216,  -66,    0
 18383, 99131,20171217, -125,    0
 18383, 99131,20171218,  -36,    0
 18383, 99131,20171219,  -63,    0
 18383, 99131,20171220,  -22,    0
 18383, 99131,20171221,    8,    0
 18383, 99131,20171222,   30,    0
 18383, 99131,20171223,   45,    0
 18383, 99131,20171224,   -2,    0
 18383, 99131,20171225,   -1,    0
 18383, 99131,20171226,   -2,    0
 18383, 99131,20171227,  -23,    0
 18383, 99131,20171228,  -17,    0
 18383, 99131,20171229,  -60,    0
 18383, 99131,20171230, -113,    0
 18383, 99131,20171231,  -44,    0
 18383, 99131,20180101,  -13,    0
 18383, 99131,20180102,  -53,    0
 18383, 99131,20180103,  -37,    0
 18383, 99131,20180104,  -13,    0
 18383, 99131,20180105,  -44,    0
 18383, 99131,20180106, -104,    0
 18383, 99131,20180107,  -96,    0
 18383, 99131,20180108,  -51,    0
 18383, 99131,20180109, -176,    0
 18383, 99131,20180110, -134,    0
 18383, 99131,20180111,  -37,    0
 18383, 99131,20180112,  -53,    0
 18383, 99131,20180113,  -50,    0
 18383, 99131,20180114,  -50,    0
 18383, 99131,20180115,  -31,    0
 18383, 99131,20180116,  -31,    0
 18383, 99131,20180117,  -45,    0
 18383, 99131,20180118,  -52,    0
 18383, 99131,20180119,  -56,    0
 18383, 99131,20180120,  -44,    0
 18383, 99131,20180121, -107,    0
 18383, 99131,20180122,  -92,    0
 18383, 99131,20180123,  -21,    0
 18383, 99131,20180124,   18,    0
 18383, 99131,20180125,   30,    0
 18383, 99131,20180126,  -28,    0
 18383, 99131,20180127,  -82,    0
 18383, 99131,20180128,  -12,    0
 18383, 99131,20180129,  -32,    0
 18383, 99131,20180130,  -46,    0
 18383, 99131,20180131,   -5,    0
 18383, 99131,20180201,  -12,    0
 18383, 99131,20180202,  -96,    0
 18383, 99131,20180203, -106,    0
 18383, 99131,20180204, -137,    0
 18383, 99131,20180205, -108,    0
 18383, 99131,20180206,  -76,    0
 18383, 99131,20180207,  -87,    0
 18383, 99131,20180208,  -86,    0
 18383, 99131,20180209,  -14,    0
 18383, 99131,20180210,  -27,    0
 18383, 99131,20180211,  -40,    0
 18383, 99131,20180212,  -36,    0
 18383, 99131,20180213, -110,    0
 18383, 99131,20180214,   -9,    0
 18383, 99131,20180215,  -22,    0
 18383, 99131,20180216,  -44,    0
 18383, 99131,20180217, -104,    0
 18383, 99131,20180218,  -41,    0
 18383, 99131,20180219,  -38,    0
 18383, 99131,20180220,  -67,    0
 18383, 99131,20180221,  -68,    0
 18383, 99131,20180222, -106,    0
 18383, 99131,20180223,  -84,    0
 18383, 99131,20180224,  -55,    0
 18383, 99131,20180225, -103,    0
 18383, 99131,20180226, -192,    0
 18383, 99131,20180227, -119,    0
 18383, 99131,20180228, -148,    0
 18383, 99131,20180301, -170,    0
 18383, 99131,20180302, -145,    0
 18383, 99131,20180303,  -87,    0
 18383, 99131,20180304,  -94,    0
 18383, 99131,20180305,  -71,    0
 18383, 99131,20180306,  -71,    0
 18383, 99131,20180307,  -40,    0
 18383, 99131,20180308,  -38,    0
 18383, 99131,20180309,  -71,    0
 18383, 99131,20180310, -120,    0
 18383, 99131,20180311,  -55,    0
 18383, 99131,20180312,  -35,    0
 18383, 99131,20180313,  -25,    0
 18383, 99131,20180314,  -85,    0
 18383, 99131,20180315,  -79,    0
 18383, 99131,20180316, -113,    0
 18383, 99131,20180317, -173,    0
 18383, 99131,20180318, -111,    0
 18383, 99131,20180319,   -2,    0
 18383, 99131,20180320,  -22,    0
 18383, 99131,20180321,    6,    0
 18383, 99131,20180322,  -12,    0
 18383, 99131,20180323,  -16,    0
 18383, 99131,20180324,   33,    0
 18383, 99131,20180325,   29,    0
 18383, 99131,20180326,  -32,    0
 18383, 99131,20180327,  -76,    0
 18383, 99131,20180328, -105,    0
 18383, 99131,20180329,  -97,    0
 18383, 99131,20180330,  -94,    0
 18383, 99131,20180331,  -87,    0
 18383, 99131,20180401,  -74,    0
 18383, 99131,20180402,  -65,    0
 18383, 99131,20180403,  -62,    0
 18383, 99131,20180404,   13,    0
 18383, 99131,20180405,   14,    0
 18383, 99131,20180406,   16,    0
 18383, 99131,20180407,    2,    0
 18383, 99131,20180408,   15,    0
 18383, 99131,20180409,   13,    0
 18383, 99131,20180410,   12,    0
 18383, 99131,20180411,   -6,    0
 18383, 99131,20180412,    0,    0
 18383, 99131,20180413,   14,    0
 18383, 99131,20180414,   39,    0
 18383, 99131,20180415,   40,    0
 18383, 99131,20180416,   25,    0
 18383, 99131,20180417,   47,    0
 18383, 99131,20180418,   72,    0
 18383, 99131,20180419,   66,    0
 18383, 99131,20180420,   52,    0
 18383, 99131,20180421,   79,    0
 18383, 99131,20180422,   41,    0
 18383, 99131,20180423,   45,    0
 18383, 99131,20180424,   62,    0
 18383, 99131,20180425,   51,    0
 18383, 99131,20180426,   47,    0
 18383, 99131,20180427,   54,    0
 18383, 99131,20180428,   56,    0
 18383, 99131,20180429,   60,    0
 18383, 99131,20180430,   59,    0
 18383, 99131,20180501,   24,    0
 18383, 99131,20180502,   61,    0
 18383, 99131,20180503,   46,    0
 18383, 99131,20180504,   71,    0
 18383, 99131,20180505,  117,    0
 18383, 99131,20180506,  127,    0
 18383, 99131,20180507,  119,    0
 18383, 99131,20180508,  112,    0
 18383, 99131,20180509,  133,    0
 18383, 99131,20180510,  139,    0
 18383, 99131,20180511,  119,    0
 18383, 99131,20180512,  118,    0
 18383, 99131,20180513,  134,    0
 18383, 99131,20180514,  159,    0
 18383, 99131,20180515,  164,    0
 18383, 99131,20180516,  159,    0
 18383, 99131,20180517,  110,    0
 18383, 99131,20180518,  114,    0
 18383, 99131,20180519,  137,    0
 18383, 99131,20180520,  141,    0
 18383, 99131,20180521,  141,    0
 18383, 99131,20180522,  137,    0
 18383, 99131,20180523,  156,    0
 18383, 99131,20180524,  168,    0
 18383, 99131,20180525,  182,    0
 18383, 99131,20180526,  191,    0
 18383, 99131,20180527,  183,    0
 18383, 99131,20180528,  163,    0
 18383, 99131,20180529,  173,    0
 18383, 99131,20180530,  201,    0
 18383, 99131,20180531,  199,    0
 18383, 99131,20180601,  195,    0
 18383, 99131,20180602,  207,    0
 18383, 99131,20180603,  211,    0
 18383, 99131,20180604,  169,    0
 18383, 99131,20180605,  122,    0
 18383, 99131,20180606,  129,    0
 18383, 99131,20180607,  178,    0
 18383, 99131,20180608,  185,    0
 18383, 99131,20180609,  199,    0
 18383, 99131,20180610,  195,    0
 18383, 99131,20180611,  143,    0
 18383, 99131,20180612,  146,    0
 18383, 99131,20180613,  138,    0
 18383, 99131,20180614,  127,    0
 18383, 99131,20180615,  129,    0
 18383, 99131,20180616,  125,    0
 18383, 99131,20180617,  109,    0
 18383, 99131,20180618,  120,    0
 18383, 99131,20180619,  130,    0
 18383, 99131,20180620,  103,    0
 18383, 99131,20180621,   98,    0
 18383, 99131,20180622,  117,    0
 18383, 99131,20180623,  152,    0
 18383, 99131,20180624,  166,    0
 18383, 99131,20180625,  216,    0
 18383, 99131,20180626,  228,    0
 18383, 99131,20180627,  219,    0
 18383, 99131,20180628,  209,    0
 18383, 99131,20180629,  157,    0
 18383, 99131,20180630,  164,    0
 18383, 99131,20180701,  188,    0
 18383, 99131,20180702,  210,    0
 18383, 99131,20180703,  231,    0
 18383, 99131,20180704,  219,    0
 18383, 99131,20180705,  206,    0
 18383, 99131,20180706,  203,    0
 18383, 99131,20180707,  202,    0
 18383, 99131,20180708,  204,    0
 18383, 99131,20180709,  163,    0
 18383, 99131,20180710,  203,    0
 18383, 99131,20180711,  231,    0
 18383, 99131,20180712,  212,    0
 18383, 99131,20180713,  213,    0
 18383, 99131,20180714,  205,    0
 18383, 99131,20180715,  214,    0
 18383, 99131,20180716,  210,    0
 18383, 99131,20180717,  224,    0
 18383, 99131,20180718,  181,    0
 18383, 99131,20180719,  209,    0
 18383, 99131,20180720,  206,    0
 18383, 99131,20180721,  209,    0
 18383, 99131,20180722,  210,    0
 18383, 99131,20180723,  223,    0
 18383, 99131,20180724,  231,    0
 18383, 99131,20180725,  225,    0
 18383, 99131,20180726,  237,    0
 18383, 99131,20180727,  245,    0
 18383, 99131,20180728,  233,    0
 18383, 99131,20180729,  207,    0
 18383, 99131,20180730,  202,    0
 18383, 99131,20180731,  212,    0
 18383, 99131,20180801,  192,    0
 18383, 99131,20180802,  196,    0
 18383, 99131,20180803,  187,    0
 18383, 99131,20180804,  199,    0
 18383, 99131,20180805,  174,    0
 18383, 99131,20180806,  153,    0
 18383, 99131,20180807,  180,    0
 18383, 99131,20180808,  170,    0
 18383, 99131,20180809,  185,    0
 18383, 99131,20180810,  142,    0
 18383, 99131,20180811,  129,    0
 18383, 99131,20180812,  126,    0
 18383, 99131,20180813,  143,    0
 18383, 99131,20180814,  150,    0
 18383, 99131,20180815,  150,    0
 18383, 99131,20180816,  153,    0
 18383, 99131,20180817,  138,    0
 18383, 99131,20180818,  127,    0
 18383, 99131,20180819,  146,    0
 18383, 99131,20180820,  134,    0
 18383, 99131,20180821,  133,    0
 18383, 99131,20180822,  143,    0
 18383, 99131,20180823,  138,    0
 18383, 99131,20180824,  140,    0
 18383, 99131,20180825,  118,    0
 18383, 99131,20180826,  119,    0
 18383, 99131,20180827,   99,    0
 18383, 99131,20180828,  134,    0
 18383, 99131,20180829,  127,    0
 18383, 99131,20180830,  140,    0
 18383, 99131,20180831,  127,    0
 18383, 99131,20180901,  129,    0
 18383, 99131,20180902,  144,    0
 18383, 99131,20180903,-9999,    9
 18383, 99131,20180904,-9999,    9
 18383, 99131,20180905,-9999,    9
 18383, 99131,20180906,-9999,    9
 18383, 99131,20180907,-9999,    9
 18383, 99131,20180908,-9999,    9
 18383, 99131,20180909,-9999,    9
 18383, 99131,20180910,-9999,    9
 18383, 99131,20180911,-9999,    9
 18383, 99131,20180912,-9999,    9
 18383, 99131,20180913,-9999,    9
 18383, 99131,20180914,-9999,    9
 18383, 99131,20180915,-9999,    9
 18383, 99131,20180916,-9999,    9
 18383, 99131,20180917,-9999,    9
 18383, 99131,20180918,-9999,    9
 18383, 99131,20180919,  150,    0
 18383, 99131,20180920,  108,    0
 18383, 99131,20180921,   89,    0
 18383, 99131,20180922,   95,    0
 18383, 99131,20180923,   83,    0
 18383, 99131,20180924,   63,    0
 18383, 99131,20180925,   70,    0
 18383, 99131,20180926,-9999,    9
 18383, 99131,20180927,   67,    0
 18383, 99131,20180928,   56,    0
 18383, 99131,20180929,   69,    0
 18383, 99131,20180930,   79,    0
 18383, 99131,20181001,   36,    0
 18383, 99131,20181002,   32,    0
 18383, 99131,20181003,   48,    0
 18383, 99131,20181004,   47,    0
 18383, 99131,20181005,   80,    0
 18383, 99131,20181006,   48,    0
 18383, 99131,20181007,   31,    0
 18383, 99131,20181008,   86,    0
 18383, 99131,20181009,  117,    0
 18383, 99131,20181010,  109,    0
 18383, 99131,20181011,   92,    0
 18383, 99131,20181012,   91,    0
 18383, 99131,20181013,  145,    0
 18383, 99131,20181014,  126,    0
 18383, 99131,20181015,   94,    0
 18383, 99131,20181016,   42,    0
 18383, 99131,20181017,   90,    0
 18383, 99131,20181018,   62,    0
 18383, 99131,20181019,   43,    0
 18383, 99131,20181020,   62,    0
 18383, 99131,20181021,  101,    0
 18383, 99131,20181022,   61,    0
 18383, 99131,20181023,   65,    0
 18383, 99131,20181024,   30,    0
 18383, 99131,20181025,   44,    0
 18383, 99131,20181026,    3,    0
 18383, 99131,20181027,    2,    0
 18383, 99131,20181028,  -23,    0
 18383, 99131,20181029,  -20,    0
 18383, 99131,20181030,    0,    0
 18383, 99131,20181031,   25,    0
 18383, 99131,20181101,   32,    0
 18383, 99131,20181102,   39,    0
 18383, 99131,20181103,   27,    0
 18383, 99131,20181104,   62,    0
 18383, 99131,20181105,   48,    0
 18383, 99131,20181106,   50,    0
 18383, 99131,20181107,   38,    0
 18383, 99131,20181108,   51,    0
 18383, 99131,20181109,   56,    0
 18383, 99131,20181110,   57,    0
 18383, 99131,20181111,   72,    0
 18383, 99131,20181112,   58,    0
 18383, 99131,20181113,   33,    0
 18383, 99131,20181114,   17,    0
 18383, 99131,20181115,   73,    0
 18383, 99131,20181116,   31,    0
 18383, 99131,20181117,   20,    0
 18383, 99131,20181118,   -7,    0
 18383, 99131,20181119,  -17,    0
 18383, 99131,20181120,  -34,    0
 18383, 99131,20181121,   -4,    0
 18383, 99131,20181122,  -60,    0
 18383, 99131,20181123,  -80,    0
 18383, 99131,20181124,  -37,    0
 18383, 99131,20181125,  -40,    0
 18383, 99131,20181126,  -87,    0
 18383, 99131,20181127,  -73,    0
 18383, 99131,20181128,  -57,    0
 18383, 99131,20181129,   13,    0
 18383, 99131,20181130,   53,    0
 18383, 99131,20181201,   20,    0
 18383, 99131,20181202,   18,    0
 18383, 99131,20181203,   26,    0
 18383, 99131,20181204,   12,    0
 18383, 99131,20181205,  -26,    0
 18383, 99131,20181206,  -33,    0
 18383, 99131,20181207,  -27,    0
 18383, 99131,20181208,  -22,    0
 18383, 99131,20181209,  -22,    0
 18383, 99131,20181210,   15,    0
 18383, 99131,20181211,   -3,    0
 18383, 99131,20181212,  -90,    0
 18383, 99131,20181213,  -84,    0
 18383, 99131,20181214, -119,    0
 18383, 99131,20181215,  -67,    0
 18383, 99131,20181216,  -26,    0
 18383, 99131,20181217,  -61,    0
 18383, 99131,20181218, -100,    0
 18383, 99131,20181219,  -22,    0
 18383, 99131,20181220,   -9,    0
 18383, 99131,20181221,  -34,    0
 18383, 99131,20181222,  -60,    0
 18383, 99131,20181223, -108,    0
 18383, 99131,20181224,  -60,    0
 18383, 99131,20181225,   36,    0
 18383, 99131,20181226,   33,    0
 18383, 99131,20181227,   11,    0
 18383, 99131,20181228,   -4,    0
 18383, 99131,20181229,   -4,    0
 18383, 99131,20181230,  -14,    0
 18383, 99131,20181231,    8,    0
 18383, 99131,20190101,   33,    0
 18383, 99131,20190102,  -20,    0
 18383, 99131,20190103,   -1,    0
 18383, 99131,20190104,   46,    0
 18383, 99131,20190105,  -22,    0
 18383, 99131,20190106,  -31,    0
 18383, 99131,20190107,  -32,    0
 18383, 99131,20190108,   -6,    0
 18383, 99131,20190109,  -24,    0
 18383, 99131,20190110,  -22,    0
 18383, 99131,20190111,   15,    0
 18383, 99131,20190112,  -69,    0
 18383, 99131,20190113,  -37,    0
 18383, 99131,20190114,  -29,    0
 18383, 99131,20190115,  -61,    0
 18383, 99131,20190116,  -76,    0
 18383, 99131,20190117, -107,    0
 18383, 99131,20190118,  -75,    0
 18383, 99131,20190119,  -38,    0
 18383, 99131,20190120, -121,    0
 18383, 99131,20190121, -110,    0
 18383, 99131,20190122, -101,    0
 18383, 99131,20190123,  -50,    0
 18383, 99131,20190124,  -39,    0
 18383, 99131,20190125,  -45,    0
 18383, 99131,20190126,  -66,    0
 18383, 99131,20190127,  -76,    0
 18383, 99131,20190128,  -84,    0
 18383, 99131,20190129, -195,    0
 18383, 99131,20190130, -111,    0
 18383, 99131,20190131,  -76,    0
 18383, 99131,20190201,  -45,    0
 18383, 99131,20190202,  -58,    0
 18383, 99131,20190203,  -97,    0
 18383, 99131,20190204, -126,    0
 18383, 99131,20190205,  -68,    0
 18383, 99131,20190206, -132,    0
 18383, 99131,20190207, -104,    0
 18383, 99131,20190208,  -55,    0
 18383, 99131,20190209,   11,    0
 18383, 99131,20190210,   -1,    0
 18383, 99131,20190211,  -33,    0
 18383, 99131,20190212,  -38,    0
 18383, 99131,20190213,   44,    0
 18383, 99131,20190214,   17,    0
 18383, 99131,20190215,    5,    0
 18383, 99131,20190216,  -19,    0
 18383, 99131,20190217,  -15,    0
 18383, 99131,20190218,   28,    0
 18383, 99131,20190219,   28,    0
 18383, 99131,20190220,  -18,    0
 18383, 99131,20190221,  -16,    0
 18383, 99131,20190222,   -7,    0
 18383, 99131,20190223,  -11,    0
 18383, 99131,20190224,   23,    0
 18383, 99131,20190225,   53,    0
 18383, 99131,20190226,   27,    0
 18383, 99131,20190227,   41,    0
 18383, 99131,20190228,    0,    0
 18383, 99131,20190301,  -26,    0
 18383, 99131,20190302,    1,    0
 18383, 99131,20190303,    6,    0
 18383, 99131,20190304,    0,    0
 18383, 99131,20190305,  -30,    0
 18383, 99131,20190306,  -34,    0
 18383, 99131,20190307,  -10,    0
 18383, 99131,20190308,  -18,    0
 18383, 99131,20190309,  -48,    0
 18383, 99131,20190310,  -69,    0
 18383, 99131,20190311,  -90,    0
 18383, 99131,20190312,  -80,    0
 18383, 99131,20190313,  -16,    0
 18383, 99131,20190314,  -70,    0
 18383, 99131,20190315,  -17,    0
 18383, 99131,20190316,  -11,    0
 18383, 99131,20190317,    0,    0
 18383, 99131,20190318,    4,    0
 18383, 99131,20190319,  -22,    0
 18383, 99131,20190320,   36,    0
 18383, 99131,20190321,   49,    0
 18383, 99131,20190322,    4,    0
 18383, 99131,20190323,   41,    0
 18383, 99131,20190324,   17,    0
 18383, 99131,20190325,   16,    0
 18383, 99131,20190326,   14,    0
 18383, 99131,20190327,   39,    0
 18383, 99131,20190328,   58,    0
 18383, 99131,20190329,   75,    0
 18383, 99131,20190330,   47,    0
 18383, 99131,20190331,-9999,    9
 18383, 99131,20190401,   -4,    0
 18383, 99131,20190402,   10,    0
 18383, 99131,20190403,   -5,    0
 18383, 99131,20190404,   26,    0
 18383, 99131,20190405,   15,    0
 18383, 99131,20190406,   20,    0
 18383, 99131,20190407,   17,    0
 18383, 99131,20190408,   13,    0
 18383, 99131,20190409,  -12,    0
 18383, 99131,20190410,  -17,    0
 18383, 99131,20190411,  -21,    0
 18383, 99131,20190412,  -19,    0
 18383, 99131,20190413,   -8,    0
 18383, 99131,20190414,   -2,    0
 18383, 99131,20190415,    8,    0
 18383, 99131,20190416,    7,    0
 18383, 99131,20190417,   23,    0
 18383, 99131,20190418,   40,    0
 18383, 99131,20190419,   53,    0
 18383, 99131,20190420,   72,    0
 18383, 99131,20190421,   85,    0
 18383, 99131,20190422,   71,    0
 18383, 99131,20190423,   67,    0
 18383, 99131,20190424,   85,    0
 18383, 99131,20190425,   69,    0
 18383, 99131,20190426,   68,    0
 18383, 99131,20190427,   78,    0
 18383, 99131,20190428,   88,    0
 18383, 99131,20190429,   90,    0
 18383, 99131,20190430,   91,    0
 18383, 99131,20190501,   93,    0
 18383, 99131,20190502,   34,    0
 18383, 99131,20190503,   11,    0
 18383, 99131,20190504,   24,    0
 18383, 99131,20190505,   27,    0
 18383, 99131,20190506,    5,    0
 18383, 99131,20190507,   21,    0
 18383, 99131,20190508,   26,    0
 18383, 99131,20190509,   37,    0
 18383, 99131,20190510,   65,    0
 18383, 99131,20190511,   52,    0
 18383, 99131,20190512,   50,    0
 18383, 99131,20190513,   55,    0
 18383, 99131,20190514,   80,    0
 18383, 99131,20190515,   88,    0
 18383, 99131,20190516,  117,    0
 18383, 99131,20190517,  124,    0
 18383, 99131,20190518,-9999,    9
 18383, 99131,20190519,  111,    0
 18383, 99131,20190520,   99,    0
 18383, 99131,20190521,  145,    0
 18383, 99131,20190522,  137,    0
 18383, 99131,20190523,   88,    0
 18383, 99131,20190524,   78,    0
 18383, 99131,20190525,  100,    0
 18383, 99131,20190526,   87,    0
 18383, 99131,20190527,   78,    0
 18383, 99131,20190528,   77,    0
 18383, 99131,20190529,   74,    0
 18383, 99131,20190530,   75,    0
 18383, 99131,20190531,   97,    0
 18383, 99131,20190601,  102,    0
 18383, 99131,20190602,  108,    0
 18383, 99131,20190603,  125,    0
 18383, 99131,20190604,  121,    0
 18383, 99131,20190605,   94,    0
 18383, 99131,20190606,  154,    0
 18383, 99131,20190607,  139,    0
 18383, 99131,20190608,  111,    0
 18383, 99131,20190609,  115,    0
 18383, 99131,20190610,  121,    0
 18383, 99131,20190611,  120,    0
 18383, 99131,20190612,   84,    0
 18383, 99131,20190613,  100,    0
 18383, 99131,20190614,  123,    0
 18383, 99131,20190615,  149,    0
 18383, 99131,20190616,  141,    0
 18383, 99131,20190617,  146,    0
 18383, 99131,20190618,  138,    0
 18383, 99131,20190619,  124,    0
 18383, 99131,20190620,  132,    0
 18383, 99131,20190621,  120,    0
 18383, 99131,20190622,  128,    0
 18383, 99131,20190623,  128,    0
 18383, 99131,20190624,  147,    0
 18383, 99131,20190625,  123,    0
 18383, 99131,20190626,  151,    0
 18383, 99131,20190627,  155,    0
 18383, 99131,20190628,  169,    0
 18383, 99131,20190629,  205,    0
 18383, 99131,20190630,  178,    0
 18383, 99131,20190701,  155,    0
 18383, 99131,20190702,  120,    0
 18383, 99131,20190703,  103,    0
 18383, 99131,20190704,  106,    0
 18383, 99131,20190705,  119,    0
 18383, 99131,20190706,  106,    0
 18383, 99131,20190707,  120,    0
 18383, 99131,20190708,  133,    0
 18383, 99131,20190709,  145,    0
 18383, 99131,20190710,  157,    0
 18383, 99131,20190711,  164,    0
 18383, 99131,20190712,  171,    0
 18383, 99131,20190713,  173,    0
 18383, 99131,20190714,  159,    0
 18383, 99131,20190715,  148,    0
 18383, 99131,20190716,  136,    0
 18383, 99131,20190717,  162,    0
 18383, 99131,20190718,  142,    0
 18383, 99131,20190719,  147,    0
 18383, 99131,20190720,  136,    0
 18383, 99131,20190721,  145,    0
 18383, 99131,20190722,  138,    0
 18383, 99131,20190723,  186,    0
 18383, 99131,20190724,  193,    0
 18383, 99131,20190725,  193,    0
 18383, 99131,20190726,  208,    0
 18383, 99131,20190727,  208,    0
 18383, 99131,20190728,  203,    0
 18383, 99131,20190729,  202,    0
 18383, 99131,20190730,  119,    0
 18383, 99131,20190731,-9999,    9
 18383, 99131,20190801,  148,    0
 18383, 99131,20190802,  167,    0
 18383, 99131,20190803,  169,    0
 18383, 99131,20190804,  154,    0
 18383, 99131,20190805,  147,    0
 18383, 99131,20190806,  132,    0
 18383, 99131,20190807,  143,    0
 18383, 99131,20190808,  148,    0
 18383, 99131,20190809,  151,    0
 18383, 99131,20190810,  142,    0
 18383, 99131,20190811,  155,    0
 18383, 99131,20190812,  155,    0
 18383, 99131,20190813,  138,    0
 18383, 99131,20190814,  123,    0
 18383, 99131,20190815,  109,    0
 18383, 99131,20190816,  139,    0
 18383, 99131,20190817,  136,    0
 18383, 99131,20190818,  123,    0
 18383, 99131,20190819,-9999,    9
 18383, 99131,20190820,  127,    0
 18383, 99131,20190821,  126,    0
 18383, 99131,20190822,  107,    0
 18383, 99131,20190823,  146,    0
 18383, 99131,20190824,  144,    0
 18383, 99131,20190825,  161,    0
 18383, 99131,20190826,  165,    0
 18383, 99131,20190827,  169,    0
 18383, 99131,20190828,  155,    0
 18383, 99131,20190829,  160,    0
 18383, 99131,20190830,  140,    0
 18383, 99131,20190831,  152,    0
 18383, 99131,20190901,  140,    0
 18383, 99131,20190902,  103,    0
 18383, 99131,20190903,  112,    0
 18383, 99131,20190904,   80,    0
 18383, 99131,20190905,   85,    0
 18383, 99131,20190906,   80,    0
 18383, 99131,20190907,   97,    0
 18383, 99131,20190908,   87,    0
 18383, 99131,20190909,  106,    0
 18383, 99131,20190910,  118,    0
 18383, 99131,20190911,  114,    0
 18383, 99131,20190912,  109,    0
 18383, 99131,20190913,  106,    0
 18383, 99131,20190914,   89,    0
 18383, 99131,20190915,  111,    0
 18383, 99131,20190916,   87,    0
 18383, 99131,20190917,   74,    0
 18383, 99131,20190918,   75,    0
 18383, 99131,20190919,   58,    0
 18383, 99131,20190920,  119,    0
 18383, 99131,20190921,  150,    0
 18383, 99131,20190922,  106,    0
 18383, 99131,20190923,   74,    0
 18383, 99131,20190924,   81,    0
 18383, 99131,20190925,   82,    0
 18383, 99131,20190926,   79,    0
 18383, 99131,20190927,   82,    0
 18383, 99131,20190928,   87,    0
 18383, 99131,20190929,   88,    0
 18383, 99131,20190930,-9999,    9
 18383, 99131,20191001,   70,    0
 18383, 99131,20191002,   62,    0
 18383, 99131,20191003,   26,    0
 18383, 99131,20191004,    9,    0
 18383, 99131,20191005,    5,    0
 18383, 99131,20191006,  -11,    0
 18383, 99131,20191007,   -5,    0
 18383, 99131,20191008,   10,    0
 18383, 99131,20191009,   21,    0
 18383, 99131,20191010,   44,    0
 18383, 99131,20191011,   46,    0
 18383, 99131,20191012,   57,    0
 18383, 99131,20191013,   52,    0
 18383, 99131,20191014,   59,    0
 18383, 99131,20191015,   47,    0
 18383, 99131,20191016,   42,    0
 18383, 99131,20191017,   49,    0
 18383, 99131,20191018,-9999,    9
 18383, 99131,20191019,   48,    0
 18383, 99131,20191020,   35,    0
 18383, 99131,20191021,   12,    0
 18383, 99131,20191022,   57,    0
 18383, 99131,20191023,   73,    0
 18383, 99131,20191024,   63,    0
 18383, 99131,20191025,   68,    0
 18383, 99131,20191026,   14,    0
 18383, 99131,20191027,   -4,    0
 18383, 99131,20191028,-9999,    9
 18383, 99131,20191029,  -11,    0
 18383, 99131,20191030,    9,    0
 18383, 99131,20191031,   34,    0
 18383, 99131,20191101,   -5,    0
 18383, 99131,20191102,    5,    0
 18383, 99131,20191103,   -2,    0
 18383, 99131,20191104,  -23,    0
 18383, 99131,20191105,  -62,    0
 18383, 99131,20191106,  -73,    0
 18383, 99131,20191107,  -66,    0
 18383, 99131,20191108,  -43,    0
 18383, 99131,20191109,  -22,    0
 18383, 99131,20191110,  -38,    0
 18383, 99131,20191111,  -44,    0
 18383, 99131,20191112,-9999,    9
 18383, 99131,20191113,    7,    0
 18383, 99131,20191114,    9,    0
 18383, 99131,20191115,    4,    0
 18383, 99131,20191116,    4,    0
 18383, 99131,20191117,   -2,    0
 18383, 99131,20191118,   -3,    0
 18383, 99131,20191119,    6,    0
 18383, 99131,20191120,  -31,    0
 18383, 99131,20191121,   10,    0
 18383, 99131,20191122,   29,    0
 18383, 99131,20191123,   23,    0
 18383, 99131,20191124,   12,    0
 18383, 99131,20191125,    1,    0
 18383, 99131,20191126,    1,    0
 18383, 99131,20191127,   -2,    0
 18383, 99131,20191128,   -8,    0
 18383, 99131,20191129,  -26,    0
 18383, 99131,20191130,  -58,    0
 18383, 99131,20191201,  -33,    0
 18383, 99131,20191202,  -51,    0
 18383, 99131,20191203,    9,    0
 18383, 99131,20191204,   25,    0
 18383, 99131,20191205,   37,    0
 18383, 99131,20191206,    7,    0
 18383, 99131,20191207,    2,    0
 18383, 99131,20191208,  -10,    0
 18383, 99131,20191209,  -11,    0
 18383, 99131,20191210,  -49,    0
 18383, 99131,20191211,   19,    0
 18383, 99131,20191212,   11,    0
 18383, 99131,20191213,    0,    0
 18383, 99131,20191214,   -1,    0
 18383, 99131,20191215,   -5,    0
 18383, 99131,20191216,  -36,    0
 18383, 99131,20191217,  -69,    0
 18383, 99131,20191218,  -69,    0
 18383, 99131,20191219,  -52,    0
 18383, 99131,20191220,  -11,    0
 18383, 99131,20191221,    5,    0
 18383, 99131,20191222,-9999,    9
 18383, 99131,20191223,-9999,    9
 18383, 99131,20191224,   -3,    0
 18383, 99131,20191225,  -38,    0
 18383, 99131,20191226,-9999,    9
 18383, 99131,20191227,  -74,    0
 18383, 99131,20191228,  -27,    0
 18383, 99131,20191229,   34,    0
 18383, 99131,20191230,   50,    0
 18383, 99131,20191231,   23,    0
 18383, 99131,20200101,   21,    0
 18383, 99131,20200102,   40,    0
 18383, 99131,20200103,   26,    0
 18383, 99131,20200104,   -4,    0
 18383, 99131,20200105,  -16,    0
 18383, 99131,20200106,   14,    0
 18383, 99131,20200107,   25,    0
 18383, 99131,20200108,   42,    0
 18383, 99131,20200109,   -9,    0
 18383, 99131,20200110,  -59,    0
 18383, 99131,20200111,   19,    0
 18383, 99131,20200112,   22,    0
 18383, 99131,20200113,  -19,    0
 18383, 99131,20200114,   23,    0
 18383, 99131,20200115,   19,    0
 18383, 99131,20200116,   24,    0
 18383, 99131,20200117,   29,    0
 18383, 99131,20200118,   14,    0
 18383, 99131,20200119,    9,    0
 18383, 99131,20200120,   54,    0
 18383, 99131,20200121,   53,    0
 18383, 99131,20200122,    8,    0
 18383, 99131,20200123,   38,    0
 18383, 99131,20200124,   39,    0
 18383, 99131,20200125,   15,    0
 18383, 99131,20200126,   10,    0
 18383, 99131,20200127,   26,    0
 18383, 99131,20200128,   -1,    0
 18383, 99131,20200129,  -10,    0
 18383, 99131,20200130,  -44,    0
 18383, 99131,20200131,  -23,    0
 18383, 99131,20200201,   -2,    0
 18383, 99131,20200202,   -2,    0
 18383, 99131,20200203,  -62,    0
 18383, 99131,20200204,  -45,    0
 18383, 99131,20200205,   15,    0
 18383, 99131,20200206,   47,    0
 18383, 99131,20200207,  -42,    0
 18383, 99131,20200208,   10,    0
 18383, 99131,20200209,   27,    0
 18383, 99131,20200210,   33,    0
 18383, 99131,20200211,    8,    0
 18383, 99131,20200212,   11,    0
 18383, 99131,20200213,  -21,    0
 18383, 99131,20200214,  -39,    0
 18383, 99131,20200215,   26,    0
 18383, 99131,20200216,   39,    0
 18383, 99131,20200217,   39,    0
 18383, 99131,20200218,   33,    0
 18383, 99131,20200219,   -9,    0
 18383, 99131,20200220,   -2,    0
 18383, 99131,20200221,   24,    0
 18383, 99131,20200222,   34,    0
 18383, 99131,20200223,   13,    0
 18383, 99131,20200224,   -8,    0
 18383, 99131,20200225,  -21,    0
 18383, 99131,20200226,  -66,    0
 18383, 99131,20200227,  -81,    0
 18383, 99131,20200228,  -42,    0
 18383, 99131,20200229,-9999,    9
 18383, 99131,20200301,-9999,    9
 18383, 99131,20200302,-9999,    9
 18383, 99131,20200303,-9999,    9
 18383, 99131,20200304,-9999,    9
 18383, 99131,20200305,-9999,    9
 18383, 99131,20200306,-9999,    9
 18383, 99131,20200307,-9999,    9
 18383, 99131,20200308,-9999,    9
 18383, 99131,20200309,-9999,    9
 18383, 99131,20200310,-9999,    9
 18383, 99131,20200311,-9999,    9
 18383, 99131,20200312,-9999,    9
 18383, 99131,20200313,-9999,    9
 18383, 99131,20200314,-9999,    9
 18383, 99131,20200315,-9999,    9
 18383, 99131,20200316,-9999,    9
 18383, 99131,20200317,-9999,    9
 18383, 99131,20200318,-9999,    9
 18383, 99131,20200319,-9999,    9
 18383, 99131,20200320,-9999,    9
 18383, 99131,20200321,-9999,    9
 18383, 99131,20200322,-9999,    9
 18383, 99131,20200323,-9999,    9
 18383, 99131,20200324,-9999,    9
 18383, 99131,20200325,-9999,    9
 18383, 99131,20200326,-9999,    9
 18383, 99131,20200327,-9999,    9
 18383, 99131,20200328,-9999,    9
 18383, 99131,20200329,-9999,    9
 18383, 99131,20200330,-9999,    9
 18383, 99131,20200331,-9999,    9
 18383, 99131,20200401,-9999,    9
 18383, 99131,20200402,-9999,    9
 18383, 99131,20200403,-9999,    9
 18383, 99131,20200404,-9999,    9
 18383, 99131,20200405,-9999,    9
 18383, 99131,20200406,-9999,    9
 18383, 99131,20200407,-9999,    9
 18383, 99131,20200408,-9999,    9
 18383, 99131,20200409,-9999,    9
 18383, 99131,20200410,-9999,    9
 18383, 99131,20200411,-9999,    9
 18383, 99131,20200412,-9999,    9
 18383, 99131,20200413,-9999,    9
 18383, 99131,20200414,-9999,    9
 18383, 99131,20200415,-9999,    9
 18383, 99131,20200416,-9999,    9
 18383, 99131,20200417,-9999,    9
 18383, 99131,20200418,-9999,    9
 18383, 99131,20200419,-9999,    9
 18383, 99131,20200420,-9999,    9
 18383, 99131,20200421,-9999,    9
 18383, 99131,20200422,-9999,    9
 18383, 99131,20200423,-9999,    9
 18383, 99131,20200424,-9999,    9
 18383, 99131,20200425,-9999,    9
 18383, 99131,20200426,-9999,    9
 18383, 99131,20200427,-9999,    9
 18383, 99131,20200428,-9999,    9
 18383, 99131,20200429,-9999,    9
 18383, 99131,20200430,-9999,    9
 18383, 99131,20200501,-9999,    9
 18383, 99131,20200502,-9999,    9
 18383, 99131,20200503,-9999,    9
 18383, 99131,20200504,-9999,    9
 18383, 99131,20200505,-9999,    9
 18383, 99131,20200506,-9999,    9
 18383, 99131,20200507,-9999,    9
 18383, 99131,20200508,-9999,    9
 18383, 99131,20200509,-9999,    9
 18383, 99131,20200510,-9999,    9
 18383, 99131,20200511,-9999,    9
 18383, 99131,20200512,-9999,    9
 18383, 99131,20200513,-9999,    9
 18383, 99131,20200514,-9999,    9
 18383, 99131,20200515,-9999,    9
 18383, 99131,20200516,-9999,    9
 18383, 99131,20200517,-9999,    9
 18383, 99131,20200518,-9999,    9
 18383, 99131,20200519,-9999,    9
 18383, 99131,20200520,-9999,    9
 18383, 99131,20200521,-9999,    9
 18383, 99131,20200522,-9999,    9
 18383, 99131,20200523,-9999,    9
 18383, 99131,20200524,-9999,    9
 18383, 99131,20200525,-9999,    9
 18383, 99131,20200526,-9999,    9
 18383, 99131,20200527,-9999,    9
 18383, 99131,20200528,-9999,    9
 18383, 99131,20200529,-9999,    9
 18383, 99131,20200530,-9999,    9
 18383, 99131,20200531,-9999,    9
 18383, 99131,20200601,-9999,    9
 18383, 99131,20200602,-9999,    9
 18383, 99131,20200603,-9999,    9
 18383, 99131,20200604,-9999,    9
 18383, 99131,20200605,-9999,    9
 18383, 99131,20200606,-9999,    9
 18383, 99131,20200607,-9999,    9
 18383, 99131,20200608,-9999,    9
 18383, 99131,20200609,-9999,    9
 18383, 99131,20200610,-9999,    9
 18383, 99131,20200611,-9999,    9
 18383, 99131,20200612,-9999,    9
 18383, 99131,20200613,-9999,    9
 18383, 99131,20200614,-9999,    9
 18383, 99131,20200615,-9999,    9
 18383, 99131,20200616,-9999,    9
 18383, 99131,20200617,-9999,    9
 18383, 99131,20200618,-9999,    9
 18383, 99131,20200619,-9999,    9
 18383, 99131,20200620,-9999,    9
 18383, 99131,20200621,-9999,    9
 18383, 99131,20200622,-9999,    9
 18383, 99131,20200623,-9999,    9
 18383, 99131,20200624,-9999,    9
 18383, 99131,20200625,-9999,    9
 18383, 99131,20200626,-9999,    9
 18383, 99131,20200627,-9999,    9
 18383, 99131,20200628,-9999,    9
 18383, 99131,20200629,-9999,    9
 18383, 99131,20200630,-9999,    9
 18383, 99131,20200701,-9999,    9
 18383, 99131,20200702,-9999,    9
 18383, 99131,20200703,-9999,    9
 18383, 99131,20200704,-9999,    9
 18383, 99131,20200705,-9999,    9
 18383, 99131,20200706,-9999,    9
 18383, 99131,20200707,-9999,    9
 18383, 99131,20200708,-9999,    9
 18383, 99131,20200709,-9999,    9
 18383, 99131,20200710,-9999,    9
 18383, 99131,20200711,-9999,    9
 18383, 99131,20200712,-9999,    9
 18383, 99131,20200713,-9999,    9
 18383, 99131,20200714,-9999,    9
 18383, 99131,20200715,-9999,    9
 18383, 99131,20200716,-9999,    9
 18383, 99131,20200717,-9999,    9
 18383, 99131,20200718,-9999,    9
 18383, 99131,20200719,-9999,    9
 18383, 99131,20200720,-9999,    9
 18383, 99131,20200721,-9999,    9
 18383, 99131,20200722,-9999,    9
 18383, 99131,20200723,-9999,    9
 18383, 99131,20200724,-9999,    9
 18383, 99131,20200725,-9999,    9
 18383, 99131,20200726,-9999,    9
 18383, 99131,20200727,-9999,    9
 18383, 99131,20200728,-9999,    9
 18383, 99131,20200729,-9999,    9
 18383, 99131,20200730,-9999,    9
 18383, 99131,20200731,-9999,    9
 18383, 99131,20200801,-9999,    9
 18383, 99131,20200802,-9999,    9
 18383, 99131,20200803,-9999,    9
 18383, 99131,20200804,-9999,    9
 18383, 99131,20200805,-9999,    9
 18383, 99131,20200806,-9999,    9
 18383, 99131,20200807,-9999,    9
 18383, 99131,20200808,-9999,    9
 18383, 99131,20200809,-9999,    9
 18383, 99131,20200810,-9999,    9
 18383, 99131,20200811,-9999,    9
 18383, 99131,20200812,-9999,    9
 18383, 99131,20200813,-9999,    9
 18383, 99131,20200814,-9999,    9
 18383, 99131,20200815,-9999,    9
 18383, 99131,20200816,-9999,    9
 18383, 99131,20200817,-9999,    9
 18383, 99131,20200818,-9999,    9
 18383, 99131,20200819,-9999,    9
 18383, 99131,20200820,-9999,    9
 18383, 99131,20200821,-9999,    9
 18383, 99131,20200822,-9999,    9
 18383, 99131,20200823,-9999,    9
 18383, 99131,20200824,-9999,    9
 18383, 99131,20200825,-9999,    9
 18383, 99131,20200826,-9999,    9
 18383, 99131,20200827,-9999,    9
 18383, 99131,20200828,-9999,    9
 18383, 99131,20200829,-9999,    9
 18383, 99131,20200830,-9999,    9
 18383, 99131,20200831,-9999,    9
 18383, 99131,20200901,-9999,    9
 18383, 99131,20200902,-9999,    9
 18383, 99131,20200903,-9999,    9
 18383, 99131,20200904,-9999,    9
 18383, 99131,20200905,-9999,    9
 18383, 99131,20200906,-9999,    9
 18383, 99131,20200907,-9999,    9
 18383, 99131,20200908,-9999,    9
 18383, 99131,20200909,-9999,    9
 18383, 99131,20200910,-9999,    9
 18383, 99131,20200911,-9999,    9
 18383, 99131,20200912,-9999,    9
 18383, 99131,20200913,-9999,    9
 18383, 99131,20200914,-9999,    9
 18383, 99131,20200915,-9999,    9
 18383, 99131,20200916,-9999,    9
 18383, 99131,20200917,-9999,    9
 18383, 99131,20200918,-9999,    9
 18383, 99131,20200919,-9999,    9
 18383, 99131,20200920,-9999,    9
 18383, 99131,20200921,-9999,    9
 18383, 99131,20200922,-9999,    9
 18383, 99131,20200923,-9999,    9
 18383, 99131,20200924,-9999,    9
 18383, 99131,20200925,-9999,    9
 18383, 99131,20200926,-9999,    9
 18383, 99131,20200927,-9999,    9
 18383, 99131,20200928,-9999,    9
 18383, 99131,20200929,-9999,    9
 18383, 99131,20200930,-9999,    9
 18383, 99131,20201001,-9999,    9
 18383, 99131,20201002,-9999,    9
 18383, 99131,20201003,-9999,    9
 18383, 99131,20201004,-9999,    9
 18383, 99131,20201005,-9999,    9
 18383, 99131,20201006,-9999,    9
 18383, 99131,20201007,-9999,    9
 18383, 99131,20201008,-9999,    9
 18383, 99131,20201009,-9999,    9
 18383, 99131,20201010,-9999,    9
 18383, 99131,20201011,-9999,    9
 18383, 99131,20201012,-9999,    9
 18383, 99131,20201013,-9999,    9
 18383, 99131,20201014,-9999,    9
 18383, 99131,20201015,-9999,    9
 18383, 99131,20201016,-9999,    9
 18383, 99131,20201017,-9999,    9
 18383, 99131,20201018,-9999,    9
 18383, 99131,20201019,-9999,    9
 18383, 99131,20201020,-9999,    9
 18383, 99131,20201021,-9999,    9
 18383, 99131,20201022,-9999,    9
 18383, 99131,20201023,-9999,    9
 18383, 99131,20201024,-9999,    9
 18383, 99131,20201025,-9999,    9
 18383, 99131,20201026,-9999,    9
 18383, 99131,20201027,-9999,    9
 18383, 99131,20201028,-9999,    9
 18383, 99131,20201029,-9999,    9
 18383, 99131,20201030,-9999,    9
 18383, 99131,20201031,-9999,    9
 18383, 99131,20201101,-9999,    9
 18383, 99131,20201102,-9999,    9
 18383, 99131,20201103,-9999,    9
 18383, 99131,20201104,-9999,    9
 18383, 99131,20201105,-9999,    9
 18383, 99131,20201106,-9999,    9
 18383, 99131,20201107,-9999,    9
 18383, 99131,20201108,-9999,    9
 18383, 99131,20201109,-9999,    9
 18383, 99131,20201110,-9999,    9
 18383, 99131,20201111,-9999,    9
 18383, 99131,20201112,-9999,    9
 18383, 99131,20201113,-9999,    9
 18383, 99131,20201114,-9999,    9
 18383, 99131,20201115,-9999,    9
 18383, 99131,20201116,-9999,    9
 18383, 99131,20201117,-9999,    9
 18383, 99131,20201118,-9999,    9
 18383, 99131,20201119,-9999,    9
 18383, 99131,20201120,-9999,    9
 18383, 99131,20201121,-9999,    9
 18383, 99131,20201122,-9999,    9
 18383, 99131,20201123,-9999,    9
 18383, 99131,20201124,-9999,    9
 18383, 99131,20201125,-9999,    9
 18383, 99131,20201126,-9999,    9
 18383, 99131,20201127,-9999,    9
 18383, 99131,20201128,-9999,    9
 18383, 99131,20201129,-9999,    9
 18383, 99131,20201130,-9999,    9
 18383, 99131,20201201,-9999,    9
 18383, 99131,20201202,-9999,    9
 18383, 99131,20201203,-9999,    9
 18383, 99131,20201204,-9999,    9
 18383, 99131,20201205,-9999,    9
 18383, 99131,20201206,-9999,    9
 18383, 99131,20201207,-9999,    9
 18383, 99131,20201208,-9999,    9
 18383, 99131,20201209,-9999,    9
 18383, 99131,20201210,-9999,    9
 18383, 99131,20201211,-9999,    9
 18383, 99131,20201212,-9999,    9
 18383, 99131,20201213,-9999,    9
 18383, 99131,20201214,-9999,    9
 18383, 99131,20201215,-9999,    9
 18383, 99131,20201216,-9999,    9
 18383, 99131,20201217,-9999,    9
 18383, 99131,20201218,-9999,    9
 18383, 99131,20201219,-9999,    9
 18383, 99131,20201220,-9999,    9
 18383, 99131,20201221,-9999,    9
 18383, 99131,20201222,-9999,    9
 18383, 99131,20201223,-9999,    9
 18383, 99131,20201224,-9999,    9
 18383, 99131,20201225,-9999,    9
 18383, 99131,20201226,-9999,    9
 18383, 99131,20201227,-9999,    9
 18383, 99131,20201228,-9999,    9
 18383, 99131,20201229,-9999,    9
 18383, 99131,20201230,-9999,    9
 18383, 99131,20201231,-9999,    9
 18383, 99131,20210101,-9999,    9
 18383, 99131,20210102,-9999,    9
 18383, 99131,20210103,-9999,    9
 18383, 99131,20210104,-9999,    9
 18383, 99131,20210105,-9999,    9
 18383, 99131,20210106,-9999,    9
 18383, 99131,20210107,-9999,    9
 18383, 99131,20210108,-9999,    9
 18383, 99131,20210109,-9999,    9
 18383, 99131,20210110,-9999,    9
 18383, 99131,20210111,-9999,    9
 18383, 99131,20210112,-9999,    9
 18383, 99131,20210113,-9999,    9
 18383, 99131,20210114,-9999,    9
 18383, 99131,20210115,-9999,    9
 18383, 99131,20210116,-9999,    9
 18383, 99131,20210117,-9999,    9
 18383, 99131,20210118,-9999,    9
 18383, 99131,20210119,-9999,    9
 18383, 99131,20210120,-9999,    9
 18383, 99131,20210121,-9999,    9
 18383, 99131,20210122,-9999,    9
 18383, 99131,20210123,-9999,    9
 18383, 99131,20210124,-9999,    9
 18383, 99131,20210125,-9999,    9
 18383, 99131,20210126,-9999,    9
 18383, 99131,20210127,-9999,    9
 18383, 99131,20210128,-9999,    9
 18383, 99131,20210129,-9999,    9
 18383, 99131,20210130,-9999,    9
 18383, 99131,20210131,-9999,    9
 18383, 99131,20210201,-9999,    9
 18383, 99131,20210202,-9999,    9
 18383, 99131,20210203,-9999,    9
 18383, 99131,20210204,-9999,    9
 18383, 99131,20210205,-9999,    9
 18383, 99131,20210206,-9999,    9
 18383, 99131,20210207,-9999,    9
 18383, 99131,20210208,-9999,    9
 18383, 99131,20210209,-9999,    9
 18383, 99131,20210210,-9999,    9
 18383, 99131,20210211,-9999,    9
 18383, 99131,20210212,-9999,    9
 18383, 99131,20210213,-9999,    9
 18383, 99131,20210214,-9999,    9
 18383, 99131,20210215,-9999,    9
 18383, 99131,20210216,-9999,    9
 18383, 99131,20210217,-9999,    9
 18383, 99131,20210218,-9999,    9
 18383, 99131,20210219,-9999,    9
 18383, 99131,20210220,-9999,    9
 18383, 99131,20210221,-9999,    9
 18383, 99131,20210222,-9999,    9
 18383, 99131,20210223,-9999,    9
 18383, 99131,20210224,-9999,    9
 18383, 99131,20210225,-9999,    9
 18383, 99131,20210226,-9999,    9
 18383, 99131,20210227,-9999,    9
 18383, 99131,20210228,-9999,    9
 18383, 99131,20210301,-9999,    9
 18383, 99131,20210302,-9999,    9
 18383, 99131,20210303,-9999,    9
 18383, 99131,20210304,-9999,    9
 18383, 99131,20210305,-9999,    9
 18383, 99131,20210306,-9999,    9
 18383, 99131,20210307,-9999,    9
 18383, 99131,20210308,-9999,    9
 18383, 99131,20210309,-9999,    9
 18383, 99131,20210310,-9999,    9
 18383, 99131,20210311,-9999,    9
 18383, 99131,20210312,-9999,    9
 18383, 99131,20210313,-9999,    9
 18383, 99131,20210314,-9999,    9
 18383, 99131,20210315,-9999,    9
 18383, 99131,20210316,-9999,    9
 18383, 99131,20210317,-9999,    9
 18383, 99131,20210318,-9999,    9
 18383, 99131,20210319,-9999,    9
 18383, 99131,20210320,-9999,    9
 18383, 99131,20210321,-9999,    9
 18383, 99131,20210322,-9999,    9
 18383, 99131,20210323,-9999,    9
 18383, 99131,20210324,-9999,    9
 18383, 99131,20210325,-9999,    9
 18383, 99131,20210326,-9999,    9
 18383, 99131,20210327,-9999,    9
 18383, 99131,20210328,-9999,    9
 18383, 99131,20210329,-9999,    9
 18383, 99131,20210330,-9999,    9
 18383, 99131,20210331,-9999,    9
 18383, 99131,20210401,-9999,    9
 18383, 99131,20210402,-9999,    9
 18383, 99131,20210403,-9999,    9
 18383, 99131,20210404,-9999,    9
 18383, 99131,20210405,-9999,    9
 18383, 99131,20210406,-9999,    9
 18383, 99131,20210407,-9999,    9
 18383, 99131,20210408,-9999,    9
 18383, 99131,20210409,-9999,    9
 18383, 99131,20210410,-9999,    9
 18383, 99131,20210411,-9999,    9
 18383, 99131,20210412,-9999,    9
 18383, 99131,20210413,-9999,    9
 18383, 99131,20210414,-9999,    9
 18383, 99131,20210415,-9999,    9
 18383, 99131,20210416,-9999,    9
 18383, 99131,20210417,-9999,    9
 18383, 99131,20210418,-9999,    9
 18383, 99131,20210419,-9999,    9
 18383, 99131,20210420,-9999,    9
 18383, 99131,20210421,-9999,    9
 18383, 99131,20210422,-9999,    9
 18383, 99131,20210423,-9999,    9
 18383, 99131,20210424,-9999,    9
 18383, 99131,20210425,-9999,    9
 18383, 99131,20210426,-9999,    9
 18383, 99131,20210427,-9999,    9
 18383, 99131,20210428,-9999,    9
 18383, 99131,20210429,-9999,    9
 18383, 99131,20210430,-9999,    9
 18383, 99131,20210501,-9999,    9
 18383, 99131,20210502,-9999,    9
 18383, 99131,20210503,-9999,    9
 18383, 99131,20210504,-9999,    9
 18383, 99131,20210505,-9999,    9
 18383, 99131,20210506,-9999,    9
 18383, 99131,20210507,-9999,    9
 18383, 99131,20210508,-9999,    9
 18383, 99131,20210509,-9999,    9
 18383, 99131,20210510,-9999,    9
 18383, 99131,20210511,-9999,    9
 18383, 99131,20210512,-9999,    9
 18383, 99131,20210513,-9999,    9
 18383, 99131,20210514,-9999,    9
 18383, 99131,20210515,-9999,    9
 18383, 99131,20210516,-9999,    9
 18383, 99131,20210517,-9999,    9
 18383, 99131,20210518,-9999,    9
 18383, 99131,20210519,-9999,    9
 18383, 99131,20210520,-9999,    9
 18383, 99131,20210521,-9999,    9
 18383, 99131,20210522,-9999,    9
 18383, 99131,20210523,-9999,    9
 18383, 99131,20210524,-9999,    9
 18383, 99131,20210525,-9999,    9
 18383, 99131,20210526,-9999,    9
 18383, 99131,20210527,-9999,    9
 18383, 99131,20210528,-9999,    9
 18383, 99131,20210529,-9999,    9
 18383, 99131,20210530,-9999,    9
 18383, 99131,20210531,-9999,    9
 18383, 99131,20210601,-9999,    9
 18383, 99131,20210602,-9999,    9
 18383, 99131,20210603,-9999,    9
 18383, 99131,20210604,-9999,    9
 18383, 99131,20210605,-9999,    9
 18383, 99131,20210606,-9999,    9
 18383, 99131,20210607,-9999,    9
 18383, 99131,20210608,-9999,    9
 18383, 99131,20210609,-9999,    9
 18383, 99131,20210610,-9999,    9
 18383, 99131,20210611,-9999,    9
 18383, 99131,20210612,-9999,    9
 18383, 99131,20210613,-9999,    9
 18383, 99131,20210614,-9999,    9
 18383, 99131,20210615,-9999,    9
 18383, 99131,20210616,-9999,    9
 18383, 99131,20210617,-9999,    9
 18383, 99131,20210618,-9999,    9
 18383, 99131,20210619,-9999,    9
 18383, 99131,20210620,-9999,    9
 18383, 99131,20210621,-9999,    9
 18383, 99131,20210622,-9999,    9
 18383, 99131,20210623,-9999,    9
 18383, 99131,20210624,-9999,    9
 18383, 99131,20210625,-9999,    9
 18383, 99131,20210626,-9999,    9
 18383, 99131,20210627,-9999,    9
 18383, 99131,20210628,-9999,    9
 18383, 99131,20210629,-9999,    9
 18383, 99131,20210630,-9999,    9
 18383, 99131,20210701,-9999,    9
 18383, 99131,20210702,-9999,    9
 18383, 99131,20210703,-9999,    9
 18383, 99131,20210704,-9999,    9
 18383, 99131,20210705,-9999,    9
 18383, 99131,20210706,-9999,    9
 18383, 99131,20210707,-9999,    9
 18383, 99131,20210708,-9999,    9
 18383, 99131,20210709,-9999,    9
 18383, 99131,20210710,-9999,    9
 18383, 99131,20210711,-9999,    9
 18383, 99131,20210712,-9999,    9
 18383, 99131,20210713,-9999,    9
 18383, 99131,20210714,-9999,    9
 18383, 99131,20210715,-9999,    9
 18383, 99131,20210716,-9999,    9
 18383, 99131,20210717,-9999,    9
 18383, 99131,20210718,-9999,    9
 18383, 99131,20210719,-9999,    9
 18383, 99131,20210720,-9999,    9
 18383, 99131,20210721,-9999,    9
 18383, 99131,20210722,-9999,    9
 18383, 99131,20210723,-9999,    9
 18383, 99131,20210724,-9999,    9
 18383, 99131,20210725,-9999,    9
 18383, 99131,20210726,-9999,    9
 18383, 99131,20210727,-9999,    9
 18383, 99131,20210728,-9999,    9
 18383, 99131,20210729,-9999,    9
 18383, 99131,20210730,-9999,    9
 18383, 99131,20210731,-9999,    9
 18383, 99131,20210801,-9999,    9
 18383, 99131,20210802,-9999,    9
 18383, 99131,20210803,-9999,    9
 18383, 99131,20210804,-9999,    9
 18383, 99131,20210805,-9999,    9
 18383, 99131,20210806,-9999,    9
 18383, 99131,20210807,-9999,    9
 18383, 99131,20210808,-9999,    9
 18383, 99131,20210809,-9999,    9
 18383, 99131,20210810,-9999,    9
 18383, 99131,20210811,-9999,    9
 18383, 99131,20210812,-9999,    9
 18383, 99131,20210813,-9999,    9
 18383, 99131,20210814,-9999,    9
 18383, 99131,20210815,-9999,    9
 18383, 99131,20210816,-9999,    9
 18383, 99131,20210817,-9999,    9
 18383, 99131,20210818,-9999,    9
 18383, 99131,20210819,-9999,    9
 18383, 99131,20210820,-9999,    9
 18383, 99131,20210821,-9999,    9
 18383, 99131,20210822,-9999,    9
 18383, 99131,20210823,-9999,    9
 18383, 99131,20210824,-9999,    9
 18383, 99131,20210825,-9999,    9
 18383, 99131,20210826,-9999,    9
 18383, 99131,20210827,-9999,    9
 18383, 99131,20210828,-9999,    9
 18383, 99131,20210829,-9999,    9
 18383, 99131,20210830,-9999,    9
 18383, 99131,20210831,-9999,    9
 18383, 99131,20210901,-9999,    9
 18383, 99131,20210902,-9999,    9
 18383, 99131,20210903,-9999,    9
 18383, 99131,20210904,-9999,    9
 18383, 99131,20210905,-9999,    9
 18383, 99131,20210906,-9999,    9
 18383, 99131,20210907,-9999,    9
 18383, 99131,20210908,-9999,    9
 18383, 99131,20210909,-9999,    9
 18383, 99131,20210910,-9999,    9
 18383, 99131,20210911,-9999,    9
 18383, 99131,20210912,-9999,    9
 18383, 99131,20210913,-9999,    9
 18383, 99131,20210914,-9999,    9
 18383, 99131,20210915,-9999,    9
 18383, 99131,20210916,-9999,    9
 18383, 99131,20210917,-9999,    9
 18383, 99131,20210918,-9999,    9
 18383, 99131,20210919,-9999,    9
 18383, 99131,20210920,-9999,    9
 18383, 99131,20210921,-9999,    9
 18383, 99131,20210922,-9999,    9
 18383, 99131,20210923,-9999,    9
 18383, 99131,20210924,-9999,    9
 18383, 99131,20210925,-9999,    9
 18383, 99131,20210926,-9999,    9
 18383, 99131,20210927,-9999,    9
 18383, 99131,20210928,-9999,    9
 18383, 99131,20210929,-9999,    9
 18383, 99131,20210930,-9999,    9
 18383, 99131,20211001,-9999,    9
 18383, 99131,20211002,-9999,    9
 18383, 99131,20211003,-9999,    9
 18383, 99131,20211004,-9999,    9
 18383, 99131,20211005,-9999,    9
 18383, 99131,20211006,-9999,    9
 18383, 99131,20211007,-9999,    9
 18383, 99131,20211008,-9999,    9
 18383, 99131,20211009,-9999,    9
 18383, 99131,20211010,-9999,    9
 18383, 99131,20211011,-9999,    9
 18383, 99131,20211012,-9999,    9
 18383, 99131,20211013,-9999,    9
 18383, 99131,20211014,-9999,    9
 18383, 99131,20211015,-9999,    9
 18383, 99131,20211016,-9999,    9
 18383, 99131,20211017,-9999,    9
 18383, 99131,20211018,-9999,    9
 18383, 99131,20211019,-9999,    9
 18383, 99131,20211020,-9999,    9
 18383, 99131,20211021,-9999,    9
 18383, 99131,20211022,-9999,    9
 18383, 99131,20211023,-9999,    9
 18383, 99131,20211024,-9999,    9
 18383, 99131,20211025,-9999,    9
 18383, 99131,20211026,-9999,    9
 18383, 99131,20211027,-9999,    9
 18383, 99131,20211028,-9999,    9
 18383, 99131,20211029,-9999,    9
 18383, 99131,20211030,-9999,    9
 18383, 99131,20211031,-9999,    9
 18383, 99131,20211101,-9999,    9
 18383, 99131,20211102,-9999,    9
 18383, 99131,20211103,-9999,    9
 18383, 99131,20211104,-9999,    9
 18383, 99131,20211105,-9999,    9
 18383, 99131,20211106,-9999,    9
 18383, 99131,20211107,-9999,    9
 18383, 99131,20211108,-9999,    9
 18383, 99131,20211109,-9999,    9
 18383, 99131,20211110,-9999,    9
 18383, 99131,20211111,-9999,    9
 18383, 99131,20211112,-9999,    9
 18383, 99131,20211113,-9999,    9
 18383, 99131,20211114,-9999,    9
 18383, 99131,20211115,-9999,    9
 18383, 99131,20211116,-9999,    9
 18383, 99131,20211117,-9999,    9
 18383, 99131,20211118,-9999,    9
 18383, 99131,20211119,-9999,    9
 18383, 99131,20211120,-9999,    9
 18383, 99131,20211121,-9999,    9
 18383, 99131,20211122,-9999,    9
 18383, 99131,20211123,-9999,    9
 18383, 99131,20211124,-9999,    9
 18383, 99131,20211125,-9999,    9
 18383, 99131,20211126,-9999,    9
 18383, 99131,20211127,-9999,    9
 18383, 99131,20211128,-9999,    9
 18383, 99131,20211129,-9999,    9
 18383, 99131,20211130,-9999,    9
 18383, 99131,20211201,-9999,    9
 18383, 99131,20211202,-9999,    9
 18383, 99131,20211203,-9999,    9
 18383, 99131,20211204,-9999,    9
 18383, 99131,20211205,-9999,    9
 18383, 99131,20211206,-9999,    9
 18383, 99131,20211207,-9999,    9
 18383, 99131,20211208,-9999,    9
 18383, 99131,20211209,-9999,    9
 18383, 99131,20211210,-9999,    9
 18383, 99131,20211211,-9999,    9
 18383, 99131,20211212,-9999,    9
 18383, 99131,20211213,-9999,    9
 18383, 99131,20211214,-9999,    9
 18383, 99131,20211215,-9999,    9
 18383, 99131,20211216,-9999,    9
 18383, 99131,20211217,-9999,    9
 18383, 99131,20211218,-9999,    9
 18383, 99131,20211219,-9999,    9
 18383, 99131,20211220,-9999,    9
 18383, 99131,20211221,-9999,    9
 18383, 99131,20211222,-9999,    9
 18383, 99131,20211223,-9999,    9
 18383, 99131,20211224,-9999,    9
 18383, 99131,20211225,-9999,    9
 18383, 99131,20211226,-9999,    9
 18383, 99131,20211227,-9999,    9
 18383, 99131,20211228,-9999,    9
 18383, 99131,20211229,-9999,    9
 18383, 99131,20211230,-9999,    9
 18383, 99131,20211231,-9999,    9
 18383, 99131,20220101,-9999,    9
 18383, 99131,20220102,-9999,    9
 18383, 99131,20220103,-9999,    9
 18383, 99131,20220104,-9999,    9
 18383, 99131,20220105,-9999,    9
 18383, 99131,20220106,-9999,    9
 18383, 99131,20220107,-9999,    9
 18383, 99131,20220108,-9999,    9
 18383, 99131,20220109,-9999,    9
 18383, 99131,20220110,-9999,    9
 18383, 99131,20220111,-9999,    9
 18383, 99131,20220112,-9999,    9
 18383, 99131,20220113,-9999,    9
 18383, 99131,20220114,-9999,    9
 18383, 99131,20220115,-9999,    9
 18383, 99131,20220116,-9999,    9
 18383, 99131,20220117,-9999,    9
 18383, 99131,20220118,-9999,    9
 18383, 99131,20220119,-9999,    9
 18383, 99131,20220120,-9999,    9
 18383, 99131,20220121,-9999,    9
 18383, 99131,20220122,-9999,    9
 18383, 99131,20220123,-9999,    9
 18383, 99131,20220124,-9999,    9
 18383, 99131,20220125,-9999,    9
 18383, 99131,20220126,-9999,    9
 18383, 99131,20220127,-9999,    9
 18383, 99131,20220128,-9999,    9
 18383, 99131,20220129,-9999,    9
 18383, 99131,20220130,-9999,    9
 18383, 99131,20220131,-9999,    9
 18383, 99131,20220201,-9999,    9
 18383, 99131,20220202,-9999,    9
 18383, 99131,20220203,-9999,    9
 18383, 99131,20220204,-9999,    9
 18383, 99131,20220205,-9999,    9
 18383, 99131,20220206,-9999,    9
 18383, 99131,20220207,-9999,    9
 18383, 99131,20220208,-9999,    9
 18383, 99131,20220209,-9999,    9
 18383, 99131,20220210,-9999,    9
 18383, 99131,20220211,-9999,    9
 18383, 99131,20220212,-9999,    9
 18383, 99131,20220213,-9999,    9
 18383, 99131,20220214,-9999,    9
 18383, 99131,20220215,-9999,    9
 18383, 99131,20220216,-9999,    9
 18383, 99131,20220217,-9999,    9
 18383, 99131,20220218,-9999,    9
 18383, 99131,20220219,-9999,    9
 18383, 99131,20220220,-9999,    9
 18383, 99131,20220221,-9999,    9
 18383, 99131,20220222,-9999,    9
 18383, 99131,20220223,-9999,    9
 18383, 99131,20220224,-9999,    9
 18383, 99131,20220225,-9999,    9
 18383, 99131,20220226,-9999,    9
 18383, 99131,20220227,-9999,    9
 18383, 99131,20220228,-9999,    9
 18383, 99131,20220301,-9999,    9
 18383, 99131,20220302,-9999,    9
 18383, 99131,20220303,-9999,    9
 18383, 99131,20220304,-9999,    9
 18383, 99131,20220305,-9999,    9
 18383, 99131,20220306,-9999,    9
 18383, 99131,20220307,-9999,    9
 18383, 99131,20220308,-9999,    9
 18383, 99131,20220309,-9999,    9
 18383, 99131,20220310,-9999,    9
 18383, 99131,20220311,-9999,    9
 18383, 99131,20220312,-9999,    9
 18383, 99131,20220313,-9999,    9
 18383, 99131,20220314,-9999,    9
 18383, 99131,20220315,-9999,    9
 18383, 99131,20220316,-9999,    9
 18383, 99131,20220317,-9999,    9
 18383, 99131,20220318,-9999,    9
 18383, 99131,20220319,-9999,    9
 18383, 99131,20220320,-9999,    9
 18383, 99131,20220321,-9999,    9
 18383, 99131,20220322,-9999,    9
 18383, 99131,20220323,-9999,    9
 18383, 99131,20220324,-9999,    9
 18383, 99131,20220325,-9999,    9
 18383, 99131,20220326,-9999,    9
 18383, 99131,20220327,-9999,    9
 18383, 99131,20220328,-9999,    9
 18383, 99131,20220329,-9999,    9
 18383, 99131,20220330,-9999,    9
 18383, 99131,20220331,-9999,    9
 18383, 99131,20220401,-9999,    9
 18383, 99131,20220402,-9999,    9
 18383, 99131,20220403,-9999,    9
 18383, 99131,20220404,-9999,    9
 18383, 99131,20220405,-9999,    9
 18383, 99131,20220406,-9999,    9
 18383, 99131,20220407,-9999,    9
 18383, 99131,20220408,-9999,    9
 18383, 99131,20220409,-9999,    9
 18383, 99131,20220410,-9999,    9
 18383, 99131,20220411,-9999,    9
 18383, 99131,20220412,-9999,    9
 18383, 99131,20220413,-9999,    9
 18383, 99131,20220414,-9999,    9
 18383, 99131,20220415,-9999,    9
 18383, 99131,20220416,-9999,    9
 18383, 99131,20220417,-9999,    9
 18383, 99131,20220418,-9999,    9
 18383, 99131,20220419,-9999,    9
 18383, 99131,20220420,-9999,    9
 18383, 99131,20220421,-9999,    9
 18383, 99131,20220422,-9999,    9
 18383, 99131,20220423,-9999,    9
 18383, 99131,20220424,-9999,    9
 18383, 99131,20220425,-9999,    9
 18383, 99131,20220426,-9999,    9
 18383, 99131,20220427,-9999,    9
 18383, 99131,20220428,-9999,    9
 18383, 99131,20220429,-9999,    9
 18383, 99131,20220430,-9999,    9
 18383, 99131,20220501,-9999,    9
 18383, 99131,20220502,-9999,    9
 18383, 99131,20220503,-9999,    9
 18383, 99131,20220504,-9999,    9
 18383, 99131,20220505,-9999,    9
 18383, 99131,20220506,-9999,    9
 18383, 99131,20220507,-9999,    9
 18383, 99131,20220508,-9999,    9
 18383, 99131,20220509,-9999,    9
 18383, 99131,20220510,-9999,    9
 18383, 99131,20220511,-9999,    9
 18383, 99131,20220512,-9999,    9
 18383, 99131,20220513,-9999,    9
 18383, 99131,20220514,-9999,    9
 18383, 99131,20220515,-9999,    9
 18383, 99131,20220516,-9999,    9
 18383, 99131,20220517,-9999,    9
 18383, 99131,20220518,-9999,    9
 18383, 99131,20220519,-9999,    9
 18383, 99131,20220520,-9999,    9
 18383, 99131,20220521,-9999,    9
 18383, 99131,20220522,-9999,    9
 18383, 99131,20220523,-9999,    9
 18383, 99131,20220524,-9999,    9
 18383, 99131,20220525,-9999,    9
 18383, 99131,20220526,-9999,    9
 18383, 99131,20220527,-9999,    9
 18383, 99131,20220528,-9999,    9
 18383, 99131,20220529,-9999,    9
 18383, 99131,20220530,-9999,    9
 18383, 99131,20220531,-9999,    9
 18383, 99131,20220601,-9999,    9
 18383, 99131,20220602,-9999,    9
 18383, 99131,20220603,-9999,    9
 18383, 99131,20220604,-9999,    9
 18383, 99131,20220605,-9999,    9
 18383, 99131,20220606,-9999,    9
 18383, 99131,20220607,-9999,    9
 18383, 99131,20220608,-9999,    9
 18383, 99131,20220609,-9999,    9
 18383, 99131,20220610,-9999,    9
 18383, 99131,20220611,-9999,    9
 18383, 99131,20220612,-9999,    9
 18383, 99131,20220613,-9999,    9
 18383, 99131,20220614,-9999,    9
 18383, 99131,20220615,-9999,    9
 18383, 99131,20220616,-9999,    9
 18383, 99131,20220617,-9999,    9
 18383, 99131,20220618,-9999,    9
 18383, 99131,20220619,-9999,    9
 18383, 99131,20220620,-9999,    9
 18383, 99131,20220621,-9999,    9
 18383, 99131,20220622,-9999,    9
 18383, 99131,20220623,-9999,    9
 18383, 99131,20220624,-9999,    9
 18383, 99131,20220625,-9999,    9
 18383, 99131,20220626,-9999,    9
 18383, 99131,20220627,-9999,    9
 18383, 99131,20220628,-9999,    9
 18383, 99131,20220629,-9999,    9
 18383, 99131,20220630,-9999,    9
 18383, 99131,20220701,-9999,    9
 18383, 99131,20220702,-9999,    9
 18383, 99131,20220703,-9999,    9
 18383, 99131,20220704,-9999,    9
 18383, 99131,20220705,-9999,    9
 18383, 99131,20220706,-9999,    9
 18383, 99131,20220707,-9999,    9
 18383, 99131,20220708,-9999,    9
 18383, 99131,20220709,-9999,    9
 18383, 99131,20220710,-9999,    9
 18383, 99131,20220711,-9999,    9
 18383, 99131,20220712,-9999,    9
 18383, 99131,20220713,-9999,    9
 18383, 99131,20220714,-9999,    9
 18383, 99131,20220715,-9999,    9
 18383, 99131,20220716,-9999,    9
 18383, 99131,20220717,-9999,    9
 18383, 99131,20220718,-9999,    9
 18383, 99131,20220719,-9999,    9
 18383, 99131,20220720,-9999,    9
 18383, 99131,20220721,-9999,    9
 18383, 99131,20220722,-9999,    9
 18383, 99131,20220723,-9999,    9
 18383, 99131,20220724,-9999,    9
 18383, 99131,20220725,-9999,    9
 18383, 99131,20220726,-9999,    9
 18383, 99131,20220727,-9999,    9
 18383, 99131,20220728,-9999,    9
 18383, 99131,20220729,-9999,    9
 18383, 99131,20220730,-9999,    9
 18383, 99131,20220731,-9999,    9
 18383, 99131,20220801,-9999,    9
 18383, 99131,20220802,-9999,    9
 18383, 99131,20220803,-9999,    9
 18383, 99131,20220804,-9999,    9
 18383, 99131,20220805,-9999,    9
 18383, 99131,20220806,-9999,    9
 18383, 99131,20220807,-9999,    9
 18383, 99131,20220808,-9999,    9
 18383, 99131,20220809,-9999,    9
 18383, 99131,20220810,-9999,    9
 18383, 99131,20220811,-9999,    9
 18383, 99131,20220812,-9999,    9
 18383, 99131,20220813,-9999,    9
 18383, 99131,20220814,-9999,    9
 18383, 99131,20220815,-9999,    9
 18383, 99131,20220816,-9999,    9
 18383, 99131,20220817,-9999,    9
 18383, 99131,20220818,-9999,    9
 18383, 99131,20220819,-9999,    9
 18383, 99131,20220820,-9999,    9
 18383, 99131,20220821,-9999,    9
 18383, 99131,20220822,-9999,    9
 18383, 99131,20220823,-9999,    9
 18383, 99131,20220824,-9999,    9
 18383, 99131,20220825,-9999,    9
 18383, 99131,20220826,-9999,    9
 18383, 99131,20220827,-9999,    9
 18383, 99131,20220828,-9999,    9
 18383, 99131,20220829,-9999,    9
 18383, 99131,20220830,-9999,    9
 18383, 99131,20220831,-9999,    9
 18383, 99131,20220901,-9999,    9
 18383, 99131,20220902,-9999,    9
 18383, 99131,20220903,-9999,    9
 18383, 99131,20220904,-9999,    9
 18383, 99131,20220905,-9999,    9
 18383, 99131,20220906,-9999,    9
 18383, 99131,20220907,-9999,    9
 18383, 99131,20220908,-9999,    9
 18383, 99131,20220909,-9999,    9
 18383, 99131,20220910,-9999,    9
 18383, 99131,20220911,-9999,    9
 18383, 99131,20220912,-9999,    9
 18383, 99131,20220913,-9999,    9
 18383, 99131,20220914,-9999,    9
 18383, 99131,20220915,-9999,    9
 18383, 99131,20220916,-9999,    9
 18383, 99131,20220917,-9999,    9
 18383, 99131,20220918,-9999,    9
 18383, 99131,20220919,-9999,    9
 18383, 99131,20220920,-9999,    9
 18383, 99131,20220921,-9999,    9
 18383, 99131,20220922,-9999,    9
 18383, 99131,20220923,-9999,    9
 18383, 99131,20220924,-9999,    9
 18383, 99131,20220925,-9999,    9
 18383, 99131,20220926,-9999,    9
 18383, 99131,20220927,-9999,    9
 18383, 99131,20220928,-9999,    9
 18383, 99131,20220929,-9999,    9
 18383, 99131,20220930,-9999,    9
 18383, 99131,20221001,-9999,    9
 18383, 99131,20221002,-9999,    9
 18383, 99131,20221003,-9999,    9
 18383, 99131,20221004,-9999,    9
 18383, 99131,20221005,-9999,    9
 18383, 99131,20221006,-9999,    9
 18383, 99131,20221007,-9999,    9
 18383, 99131,20221008,-9999,    9
 18383, 99131,20221009,-9999,    9
 18383, 99131,20221010,-9999,    9
 18383, 99131,20221011,-9999,    9
 18383, 99131,20221012,-9999,    9
 18383, 99131,20221013,-9999,    9
 18383, 99131,20221014,-9999,    9
 18383, 99131,20221015,-9999,    9
 18383, 99131,20221016,-9999,    9
 18383, 99131,20221017,-9999,    9
 18383, 99131,20221018,-9999,    9
 18383, 99131,20221019,-9999,    9
 18383, 99131,20221020,-9999,    9
 18383, 99131,20221021,-9999,    9
 18383, 99131,20221022,-9999,    9
 18383, 99131,20221023,-9999,    9
 18383, 99131,20221024,-9999,    9
 18383, 99131,20221025,-9999,    9
 18383, 99131,20221026,-9999,    9
 18383, 99131,20221027,-9999,    9
 18383, 99131,20221028,-9999,    9
 18383, 99131,20221029,-9999,    9
 18383, 99131,20221030,-9999,    9
 18383, 99131,20221031,-9999,    9
