EUROPEAN CLIMATE ASSESSMENT & DATASET (ECA&D), file created on: 16-11-2022
THESE DATA CAN BE USED FOR NON-COMMERCIAL RESEARCH AND EDUCATION PROVIDED THAT THE FOLLOWING SOURCE IS ACKNOWLEDGED: 

Klein Tank, A.M.G. and Coauthors, 2002. Daily dataset of 20th-century surface
air temperature and precipitation series for the European Climate Assessment.
Int. J. of Climatol., 22, 1441-1453.
Data and metadata available at http://www.ecad.eu

FILE FORMAT (MISSING VALUE CODE = -9999):

01-06 STAID: Station identifier
08-13 SOUID: Source identifier
15-22 DATE : Date YYYYMMDD
24-28 TG   : Mean temperature in 0.1 &#176;C
30-34 Q_TG : quality code for TG (0='valid'; 1='suspect'; 9='missing')

This is the blended series of station OSLO - VESTLI, NORWAY (STAID: 5097)
Blended and updated with sources:34264 99261 
See files sources.txt and stations.txt for more info.

STAID, SOUID,    DATE,   TG, Q_TG
  5097, 99261,20151101,-9999,    9
  5097, 99261,20151102,-9999,    9
  5097, 99261,20151103,-9999,    9
  5097, 99261,20151104,-9999,    9
  5097, 99261,20151105,-9999,    9
  5097, 99261,20151106,-9999,    9
  5097, 99261,20151107,-9999,    9
  5097, 99261,20151108,-9999,    9
  5097, 99261,20151109,-9999,    9
  5097, 99261,20151110,-9999,    9
  5097, 99261,20151111,-9999,    9
  5097, 99261,20151112,-9999,    9
  5097, 99261,20151113,-9999,    9
  5097, 99261,20151114,-9999,    9
  5097, 99261,20151115,-9999,    9
  5097, 99261,20151116,-9999,    9
  5097, 99261,20151117,-9999,    9
  5097, 99261,20151118,   -4,    0
  5097, 99261,20151119,  -16,    0
  5097, 99261,20151120,  -45,    0
  5097, 99261,20151121,-9999,    9
  5097, 99261,20151122,  -52,    0
  5097, 99261,20151123,  -62,    0
  5097, 99261,20151124,   18,    0
  5097, 99261,20151125,   11,    0
  5097, 99261,20151126,   -7,    0
  5097, 99261,20151127,   81,    0
  5097, 99261,20151128,   30,    0
  5097, 99261,20151129,   23,    0
  5097, 99261,20151130,    2,    0
  5097, 99261,20151201,   11,    0
  5097, 99261,20151202,   12,    0
  5097, 99261,20151203,   18,    0
  5097, 99261,20151204,   22,    0
  5097, 99261,20151205,   83,    0
  5097, 99261,20151206,   73,    0
  5097, 99261,20151207,   30,    0
  5097, 99261,20151208,   30,    0
  5097, 99261,20151209,   59,    0
  5097, 99261,20151210,   63,    0
  5097, 99261,20151211,    1,    0
  5097, 99261,20151212,  -13,    0
  5097, 99261,20151213,  -31,    0
  5097, 99261,20151214,  -81,    0
  5097, 99261,20151215,  -81,    0
  5097, 99261,20151216,  -65,    0
  5097, 99261,20151217,   -7,    0
  5097, 99261,20151218,   40,    0
  5097, 99261,20151219,   67,    0
  5097, 99261,20151220,-9999,    9
  5097, 99261,20151221,-9999,    9
  5097, 99261,20151222,-9999,    9
  5097, 99261,20151223,   35,    0
  5097, 99261,20151224,   57,    0
  5097, 99261,20151225,   36,    0
  5097, 99261,20151226,-9999,    9
  5097, 99261,20151227,  -53,    0
  5097, 99261,20151228,  -28,    0
  5097, 99261,20151229,  -24,    0
  5097, 99261,20151230,    6,    0
  5097, 99261,20151231,   -4,    0
  5097, 99261,20160101,-9999,    9
  5097, 99261,20160102,-9999,    9
  5097, 99261,20160103,-9999,    9
  5097, 99261,20160104,-9999,    9
  5097, 99261,20160105,-9999,    9
  5097, 99261,20160106,-9999,    9
  5097, 99261,20160107,-9999,    9
  5097, 99261,20160108,-9999,    9
  5097, 99261,20160109,-9999,    9
  5097, 99261,20160110,-9999,    9
  5097, 99261,20160111,-9999,    9
  5097, 99261,20160112,-9999,    9
  5097, 99261,20160113,-9999,    9
  5097, 99261,20160114,-9999,    9
  5097, 99261,20160115,-9999,    9
  5097, 99261,20160116,-9999,    9
  5097, 99261,20160117,-9999,    9
  5097, 99261,20160118,-9999,    9
  5097, 99261,20160119,-9999,    9
  5097, 99261,20160120,-9999,    9
  5097, 99261,20160121,-9999,    9
  5097, 99261,20160122,-9999,    9
  5097, 99261,20160123,-9999,    9
  5097, 99261,20160124,-9999,    9
  5097, 99261,20160125,-9999,    9
  5097, 99261,20160126,-9999,    9
  5097, 99261,20160127,-9999,    9
  5097, 99261,20160128,-9999,    9
  5097, 99261,20160129,-9999,    9
  5097, 99261,20160130,-9999,    9
  5097, 99261,20160131,-9999,    9
  5097, 99261,20160201,-9999,    9
  5097, 99261,20160202,-9999,    9
  5097, 99261,20160203,-9999,    9
  5097, 99261,20160204,-9999,    9
  5097, 99261,20160205,-9999,    9
  5097, 99261,20160206,-9999,    9
  5097, 99261,20160207,-9999,    9
  5097, 99261,20160208,-9999,    9
  5097, 99261,20160209,-9999,    9
  5097, 99261,20160210,-9999,    9
  5097, 99261,20160211,-9999,    9
  5097, 99261,20160212,-9999,    9
  5097, 99261,20160213,-9999,    9
  5097, 99261,20160214,-9999,    9
  5097, 99261,20160215,-9999,    9
  5097, 99261,20160216,-9999,    9
  5097, 99261,20160217,-9999,    9
  5097, 99261,20160218,-9999,    9
  5097, 99261,20160219,-9999,    9
  5097, 99261,20160220,-9999,    9
  5097, 99261,20160221,-9999,    9
  5097, 99261,20160222,-9999,    9
  5097, 99261,20160223,-9999,    9
  5097, 99261,20160224,-9999,    9
  5097, 99261,20160225,-9999,    9
  5097, 99261,20160226,-9999,    9
  5097, 99261,20160227,-9999,    9
  5097, 99261,20160228,-9999,    9
  5097, 99261,20160229,-9999,    9
  5097, 99261,20160301,-9999,    9
  5097, 99261,20160302,-9999,    9
  5097, 99261,20160303,-9999,    9
  5097, 99261,20160304,-9999,    9
  5097, 99261,20160305,-9999,    9
  5097, 99261,20160306,-9999,    9
  5097, 99261,20160307,-9999,    9
  5097, 99261,20160308,-9999,    9
  5097, 99261,20160309,-9999,    9
  5097, 99261,20160310,-9999,    9
  5097, 99261,20160311,-9999,    9
  5097, 99261,20160312,-9999,    9
  5097, 99261,20160313,-9999,    9
  5097, 99261,20160314,-9999,    9
  5097, 99261,20160315,-9999,    9
  5097, 99261,20160316,-9999,    9
  5097, 99261,20160317,-9999,    9
  5097, 99261,20160318,-9999,    9
  5097, 99261,20160319,-9999,    9
  5097, 99261,20160320,-9999,    9
  5097, 99261,20160321,-9999,    9
  5097, 99261,20160322,-9999,    9
  5097, 99261,20160323,-9999,    9
  5097, 99261,20160324,-9999,    9
  5097, 99261,20160325,-9999,    9
  5097, 99261,20160326,-9999,    9
  5097, 99261,20160327,-9999,    9
  5097, 99261,20160328,-9999,    9
  5097, 99261,20160329,-9999,    9
  5097, 99261,20160330,-9999,    9
  5097, 99261,20160331,-9999,    9
  5097, 99261,20160401,-9999,    9
  5097, 99261,20160402,-9999,    9
  5097, 99261,20160403,-9999,    9
  5097, 99261,20160404,-9999,    9
  5097, 99261,20160405,-9999,    9
  5097, 99261,20160406,-9999,    9
  5097, 99261,20160407,-9999,    9
  5097, 99261,20160408,-9999,    9
  5097, 99261,20160409,-9999,    9
  5097, 99261,20160410,-9999,    9
  5097, 99261,20160411,-9999,    9
  5097, 99261,20160412,-9999,    9
  5097, 99261,20160413,-9999,    9
  5097, 99261,20160414,-9999,    9
  5097, 99261,20160415,-9999,    9
  5097, 99261,20160416,-9999,    9
  5097, 99261,20160417,-9999,    9
  5097, 99261,20160418,-9999,    9
  5097, 99261,20160419,-9999,    9
  5097, 99261,20160420,-9999,    9
  5097, 99261,20160421,-9999,    9
  5097, 99261,20160422,-9999,    9
  5097, 99261,20160423,-9999,    9
  5097, 99261,20160424,-9999,    9
  5097, 99261,20160425,-9999,    9
  5097, 99261,20160426,-9999,    9
  5097, 99261,20160427,-9999,    9
  5097, 99261,20160428,-9999,    9
  5097, 99261,20160429,-9999,    9
  5097, 99261,20160430,-9999,    9
  5097, 99261,20160501,-9999,    9
  5097, 99261,20160502,-9999,    9
  5097, 99261,20160503,-9999,    9
  5097, 99261,20160504,-9999,    9
  5097, 99261,20160505,-9999,    9
  5097, 99261,20160506,-9999,    9
  5097, 99261,20160507,-9999,    9
  5097, 99261,20160508,-9999,    9
  5097, 99261,20160509,-9999,    9
  5097, 99261,20160510,-9999,    9
  5097, 99261,20160511,-9999,    9
  5097, 99261,20160512,-9999,    9
  5097, 99261,20160513,-9999,    9
  5097, 99261,20160514,-9999,    9
  5097, 99261,20160515,-9999,    9
  5097, 99261,20160516,-9999,    9
  5097, 99261,20160517,-9999,    9
  5097, 99261,20160518,-9999,    9
  5097, 99261,20160519,-9999,    9
  5097, 99261,20160520,-9999,    9
  5097, 99261,20160521,-9999,    9
  5097, 99261,20160522,-9999,    9
  5097, 99261,20160523,-9999,    9
  5097, 99261,20160524,-9999,    9
  5097, 99261,20160525,-9999,    9
  5097, 99261,20160526,-9999,    9
  5097, 99261,20160527,-9999,    9
  5097, 99261,20160528,-9999,    9
  5097, 99261,20160529,-9999,    9
  5097, 99261,20160530,-9999,    9
  5097, 99261,20160531,-9999,    9
  5097, 99261,20160601,-9999,    9
  5097, 99261,20160602,-9999,    9
  5097, 99261,20160603,-9999,    9
  5097, 99261,20160604,-9999,    9
  5097, 99261,20160605,-9999,    9
  5097, 99261,20160606,-9999,    9
  5097, 99261,20160607,-9999,    9
  5097, 99261,20160608,-9999,    9
  5097, 99261,20160609,-9999,    9
  5097, 99261,20160610,-9999,    9
  5097, 99261,20160611,-9999,    9
  5097, 99261,20160612,-9999,    9
  5097, 99261,20160613,-9999,    9
  5097, 99261,20160614,-9999,    9
  5097, 99261,20160615,-9999,    9
  5097, 99261,20160616,-9999,    9
  5097, 99261,20160617,-9999,    9
  5097, 99261,20160618,-9999,    9
  5097, 99261,20160619,-9999,    9
  5097, 99261,20160620,-9999,    9
  5097, 99261,20160621,-9999,    9
  5097, 99261,20160622,-9999,    9
  5097, 99261,20160623,-9999,    9
  5097, 99261,20160624,-9999,    9
  5097, 99261,20160625,-9999,    9
  5097, 99261,20160626,-9999,    9
  5097, 99261,20160627,-9999,    9
  5097, 99261,20160628,-9999,    9
  5097, 99261,20160629,-9999,    9
  5097, 99261,20160630,-9999,    9
  5097, 99261,20160701,-9999,    9
  5097, 99261,20160702,-9999,    9
  5097, 99261,20160703,-9999,    9
  5097, 99261,20160704,-9999,    9
  5097, 99261,20160705,-9999,    9
  5097, 99261,20160706,-9999,    9
  5097, 99261,20160707,-9999,    9
  5097, 99261,20160708,-9999,    9
  5097, 99261,20160709,-9999,    9
  5097, 99261,20160710,-9999,    9
  5097, 99261,20160711,-9999,    9
  5097, 99261,20160712,-9999,    9
  5097, 99261,20160713,-9999,    9
  5097, 99261,20160714,-9999,    9
  5097, 99261,20160715,-9999,    9
  5097, 99261,20160716,-9999,    9
  5097, 99261,20160717,-9999,    9
  5097, 99261,20160718,-9999,    9
  5097, 99261,20160719,-9999,    9
  5097, 99261,20160720,-9999,    9
  5097, 99261,20160721,-9999,    9
  5097, 99261,20160722,-9999,    9
  5097, 99261,20160723,-9999,    9
  5097, 99261,20160724,-9999,    9
  5097, 99261,20160725,-9999,    9
  5097, 99261,20160726,-9999,    9
  5097, 99261,20160727,-9999,    9
  5097, 99261,20160728,-9999,    9
  5097, 99261,20160729,-9999,    9
  5097, 99261,20160730,-9999,    9
  5097, 99261,20160731,-9999,    9
  5097, 99261,20160801,-9999,    9
  5097, 99261,20160802,-9999,    9
  5097, 99261,20160803,-9999,    9
  5097, 99261,20160804,-9999,    9
  5097, 99261,20160805,-9999,    9
  5097, 99261,20160806,-9999,    9
  5097, 99261,20160807,-9999,    9
  5097, 99261,20160808,-9999,    9
  5097, 99261,20160809,-9999,    9
  5097, 99261,20160810,-9999,    9
  5097, 99261,20160811,-9999,    9
  5097, 99261,20160812,-9999,    9
  5097, 99261,20160813,-9999,    9
  5097, 99261,20160814,-9999,    9
  5097, 99261,20160815,-9999,    9
  5097, 99261,20160816,-9999,    9
  5097, 99261,20160817,-9999,    9
  5097, 99261,20160818,-9999,    9
  5097, 99261,20160819,-9999,    9
  5097, 99261,20160820,-9999,    9
  5097, 99261,20160821,-9999,    9
  5097, 99261,20160822,-9999,    9
  5097, 99261,20160823,-9999,    9
  5097, 99261,20160824,-9999,    9
  5097, 99261,20160825,-9999,    9
  5097, 99261,20160826,-9999,    9
  5097, 99261,20160827,-9999,    9
  5097, 99261,20160828,-9999,    9
  5097, 99261,20160829,-9999,    9
  5097, 99261,20160830,-9999,    9
  5097, 99261,20160831,-9999,    9
  5097, 99261,20160901,-9999,    9
  5097, 99261,20160902,-9999,    9
  5097, 99261,20160903,-9999,    9
  5097, 99261,20160904,-9999,    9
  5097, 99261,20160905,-9999,    9
  5097, 99261,20160906,-9999,    9
  5097, 99261,20160907,-9999,    9
  5097, 99261,20160908,-9999,    9
  5097, 99261,20160909,-9999,    9
  5097, 99261,20160910,-9999,    9
  5097, 99261,20160911,-9999,    9
  5097, 99261,20160912,-9999,    9
  5097, 99261,20160913,-9999,    9
  5097, 99261,20160914,-9999,    9
  5097, 99261,20160915,-9999,    9
  5097, 99261,20160916,-9999,    9
  5097, 99261,20160917,-9999,    9
  5097, 99261,20160918,-9999,    9
  5097, 99261,20160919,-9999,    9
  5097, 99261,20160920,-9999,    9
  5097, 99261,20160921,-9999,    9
  5097, 99261,20160922,-9999,    9
  5097, 99261,20160923,-9999,    9
  5097, 99261,20160924,-9999,    9
  5097, 99261,20160925,-9999,    9
  5097, 99261,20160926,-9999,    9
  5097, 99261,20160927,-9999,    9
  5097, 99261,20160928,-9999,    9
  5097, 99261,20160929,-9999,    9
  5097, 99261,20160930,-9999,    9
  5097, 99261,20161001,-9999,    9
  5097, 99261,20161002,-9999,    9
  5097, 99261,20161003,-9999,    9
  5097, 99261,20161004,-9999,    9
  5097, 99261,20161005,-9999,    9
  5097, 99261,20161006,-9999,    9
  5097, 99261,20161007,-9999,    9
  5097, 99261,20161008,-9999,    9
  5097, 99261,20161009,-9999,    9
  5097, 99261,20161010,-9999,    9
  5097, 99261,20161011,-9999,    9
  5097, 99261,20161012,-9999,    9
  5097, 99261,20161013,-9999,    9
  5097, 99261,20161014,-9999,    9
  5097, 99261,20161015,-9999,    9
  5097, 99261,20161016,-9999,    9
  5097, 99261,20161017,-9999,    9
  5097, 99261,20161018,-9999,    9
  5097, 99261,20161019,-9999,    9
  5097, 99261,20161020,-9999,    9
  5097, 99261,20161021,-9999,    9
  5097, 99261,20161022,-9999,    9
  5097, 99261,20161023,-9999,    9
  5097, 99261,20161024,-9999,    9
  5097, 99261,20161025,-9999,    9
  5097, 99261,20161026,-9999,    9
  5097, 99261,20161027,-9999,    9
  5097, 99261,20161028,-9999,    9
  5097, 99261,20161029,-9999,    9
  5097, 99261,20161030,-9999,    9
  5097, 99261,20161031,-9999,    9
  5097, 99261,20161101,-9999,    9
  5097, 99261,20161102,-9999,    9
  5097, 99261,20161103,-9999,    9
  5097, 99261,20161104,-9999,    9
  5097, 99261,20161105,-9999,    9
  5097, 99261,20161106,-9999,    9
  5097, 99261,20161107,-9999,    9
  5097, 99261,20161108,-9999,    9
  5097, 99261,20161109,-9999,    9
  5097, 99261,20161110,-9999,    9
  5097, 99261,20161111,-9999,    9
  5097, 99261,20161112,-9999,    9
  5097, 99261,20161113,-9999,    9
  5097, 99261,20161114,-9999,    9
  5097, 99261,20161115,-9999,    9
  5097, 99261,20161116,-9999,    9
  5097, 99261,20161117,-9999,    9
  5097, 99261,20161118,-9999,    9
  5097, 99261,20161119,-9999,    9
  5097, 99261,20161120,-9999,    9
  5097, 99261,20161121,-9999,    9
  5097, 99261,20161122,-9999,    9
  5097, 99261,20161123,-9999,    9
  5097, 99261,20161124,-9999,    9
  5097, 99261,20161125,-9999,    9
  5097, 99261,20161126,-9999,    9
  5097, 99261,20161127,-9999,    9
  5097, 99261,20161128,-9999,    9
  5097, 99261,20161129,-9999,    9
  5097, 99261,20161130,-9999,    9
  5097, 99261,20161201,-9999,    9
  5097, 99261,20161202,-9999,    9
  5097, 99261,20161203,-9999,    9
  5097, 99261,20161204,-9999,    9
  5097, 99261,20161205,-9999,    9
  5097, 99261,20161206,-9999,    9
  5097, 99261,20161207,-9999,    9
  5097, 99261,20161208,-9999,    9
  5097, 99261,20161209,-9999,    9
  5097, 99261,20161210,-9999,    9
  5097, 99261,20161211,-9999,    9
  5097, 99261,20161212,-9999,    9
  5097, 99261,20161213,-9999,    9
  5097, 99261,20161214,-9999,    9
  5097, 99261,20161215,-9999,    9
  5097, 99261,20161216,-9999,    9
  5097, 99261,20161217,-9999,    9
  5097, 99261,20161218,-9999,    9
  5097, 99261,20161219,-9999,    9
  5097, 99261,20161220,-9999,    9
  5097, 99261,20161221,-9999,    9
  5097, 99261,20161222,-9999,    9
  5097, 99261,20161223,-9999,    9
  5097, 99261,20161224,-9999,    9
  5097, 99261,20161225,-9999,    9
  5097, 99261,20161226,-9999,    9
  5097, 99261,20161227,-9999,    9
  5097, 99261,20161228,-9999,    9
  5097, 99261,20161229,-9999,    9
  5097, 99261,20161230,-9999,    9
  5097, 99261,20161231,-9999,    9
  5097, 99261,20170101,-9999,    9
  5097, 99261,20170102,-9999,    9
  5097, 99261,20170103,-9999,    9
  5097, 99261,20170104,-9999,    9
  5097, 99261,20170105,-9999,    9
  5097, 99261,20170106,-9999,    9
  5097, 99261,20170107,-9999,    9
  5097, 99261,20170108,-9999,    9
  5097, 99261,20170109,-9999,    9
  5097, 99261,20170110,-9999,    9
  5097, 99261,20170111,-9999,    9
  5097, 99261,20170112,-9999,    9
  5097, 99261,20170113,-9999,    9
  5097, 99261,20170114,-9999,    9
  5097, 99261,20170115,-9999,    9
  5097, 99261,20170116,-9999,    9
  5097, 99261,20170117,-9999,    9
  5097, 99261,20170118,-9999,    9
  5097, 99261,20170119,-9999,    9
  5097, 99261,20170120,-9999,    9
  5097, 99261,20170121,-9999,    9
  5097, 99261,20170122,-9999,    9
  5097, 34264,20170123,-9999,    9
  5097, 34264,20170124,  -54,    0
  5097, 34264,20170125,  -10,    0
  5097, 34264,20170126,   13,    0
  5097, 34264,20170127,   -4,    0
  5097, 34264,20170128,   -7,    0
  5097, 34264,20170129,   -6,    0
  5097, 34264,20170130,   11,    0
  5097, 34264,20170131,  -10,    0
  5097, 34264,20170201,   -6,    0
  5097, 34264,20170202,   -8,    0
  5097, 34264,20170203,   -6,    0
  5097, 34264,20170204,  -12,    0
  5097, 34264,20170205,   -7,    0
  5097, 34264,20170206,  -18,    0
  5097, 34264,20170207,  -70,    0
  5097, 34264,20170208,  -77,    0
  5097, 34264,20170209,  -67,    0
  5097, 34264,20170210,  -52,    0
  5097, 34264,20170211,  -45,    0
  5097, 34264,20170212,  -55,    0
  5097, 34264,20170213,  -50,    0
  5097, 34264,20170214,  -67,    0
  5097, 34264,20170215,  -51,    0
  5097, 34264,20170216,  -26,    0
  5097, 34264,20170217,  -28,    0
  5097, 34264,20170218,  -40,    0
  5097, 34264,20170219,   11,    0
  5097, 34264,20170220,   19,    0
  5097, 34264,20170221,    9,    0
  5097, 34264,20170222,    1,    0
  5097, 34264,20170223,  -38,    0
  5097, 34264,20170224,  -55,    0
  5097, 34264,20170225,  -56,    0
  5097, 34264,20170226,   -7,    0
  5097, 34264,20170227,   15,    0
  5097, 34264,20170228,   20,    0
  5097, 34264,20170301,   10,    0
  5097, 34264,20170302,   -4,    0
  5097, 34264,20170303,  -10,    0
  5097, 34264,20170304,  -12,    0
  5097, 34264,20170305,  -23,    0
  5097, 34264,20170306,  -34,    0
  5097, 34264,20170307,  -40,    0
  5097, 34264,20170308,  -34,    0
  5097, 34264,20170309,    0,    0
  5097, 34264,20170310,    7,    0
  5097, 34264,20170311,   -8,    0
  5097, 34264,20170312,   16,    0
  5097, 99261,20170313,   18,    0
  5097, 34264,20170314,   35,    0
  5097, 34264,20170315,   39,    0
  5097, 34264,20170316,   43,    0
  5097, 34264,20170317,   39,    0
  5097, 34264,20170318,   -8,    0
  5097, 34264,20170319,   -5,    0
  5097, 34264,20170320,   13,    0
  5097, 34264,20170321,   26,    0
  5097, 34264,20170322,   14,    0
  5097, 34264,20170323,    0,    0
  5097, 34264,20170324,   12,    0
  5097, 34264,20170325,   42,    0
  5097, 34264,20170326,   82,    0
  5097, 34264,20170327,   68,    0
  5097, 34264,20170328,   55,    0
  5097, 34264,20170329,   22,    0
  5097, 34264,20170330,   12,    0
  5097, 34264,20170331,   21,    0
  5097, 34264,20170401,   47,    0
  5097, 34264,20170402,   58,    0
  5097, 99261,20170403,   56,    0
  5097, 99261,20170404,   48,    0
  5097, 99261,20170405,   61,    0
  5097, 99261,20170406,   58,    0
  5097, 99261,20170407,   92,    0
  5097, 99261,20170408,   85,    0
  5097, 99261,20170409,   83,    0
  5097, 99261,20170410,   81,    0
  5097, 99261,20170411,   56,    0
  5097, 99261,20170412,   43,    0
  5097, 99261,20170413,   19,    0
  5097, 99261,20170414,   -6,    0
  5097, 99261,20170415,  -16,    0
  5097, 99261,20170416,    6,    0
  5097, 99261,20170417,   15,    0
  5097, 99261,20170418,   15,    0
  5097, 99261,20170419,   38,    0
  5097, 99261,20170420,   69,    0
  5097, 99261,20170421,   70,    0
  5097, 99261,20170422,   57,    0
  5097, 99261,20170423,   40,    0
  5097, 99261,20170424,    3,    0
  5097, 99261,20170425,   17,    0
  5097, 99261,20170426,   40,    0
  5097, 34264,20170427,   19,    0
  5097, 99261,20170428,   29,    0
  5097, 99261,20170429,   46,    0
  5097, 99261,20170430,   58,    0
  5097, 99261,20170501,   73,    0
  5097, 99261,20170502,  104,    0
  5097, 99261,20170503,  107,    0
  5097, 99261,20170504,  101,    0
  5097, 99261,20170505,  137,    0
  5097, 99261,20170506,  150,    0
  5097, 99261,20170507,   78,    0
  5097, 99261,20170508,   47,    0
  5097, 99261,20170509,   47,    0
  5097, 99261,20170510,   13,    0
  5097, 99261,20170511,   19,    0
  5097, 99261,20170512,   48,    0
  5097, 99261,20170513,   72,    0
  5097, 99261,20170514,   80,    0
  5097, 99261,20170515,   88,    0
  5097, 99261,20170516,   74,    0
  5097, 99261,20170517,  110,    0
  5097, 99261,20170518,  137,    0
  5097, 99261,20170519,  142,    0
  5097, 34264,20170520,  146,    0
  5097, 99261,20170521,  133,    0
  5097, 99261,20170522,  114,    0
  5097, 99261,20170523,  132,    0
  5097, 34264,20170524,  135,    0
  5097, 99261,20170525,  157,    0
  5097, 99261,20170526,  178,    0
  5097, 99261,20170527,  183,    0
  5097, 99261,20170528,  160,    0
  5097, 99261,20170529,  167,    0
  5097, 99261,20170530,  128,    0
  5097, 99261,20170531,  119,    0
  5097, 99261,20170601,  117,    0
  5097, 99261,20170602,   95,    0
  5097, 99261,20170603,  105,    0
  5097, 99261,20170604,  120,    0
  5097, 99261,20170605,  138,    0
  5097, 99261,20170606,  144,    0
  5097, 99261,20170607,  126,    0
  5097, 99261,20170608,  127,    0
  5097, 34264,20170609,  114,    0
  5097, 99261,20170610,  138,    0
  5097, 99261,20170611,  129,    0
  5097, 99261,20170612,  151,    0
  5097, 99261,20170613,  154,    0
  5097, 99261,20170614,  161,    0
  5097, 99261,20170615,  167,    0
  5097, 99261,20170616,  150,    0
  5097, 99261,20170617,  173,    0
  5097, 99261,20170618,  188,    0
  5097, 99261,20170619,  155,    0
  5097, 99261,20170620,  146,    0
  5097, 99261,20170621,  144,    0
  5097, 99261,20170622,  139,    0
  5097, 99261,20170623,  145,    0
  5097, 99261,20170624,  154,    0
  5097, 99261,20170625,  137,    0
  5097, 99261,20170626,  136,    0
  5097, 99261,20170627,  139,    0
  5097, 99261,20170628,  153,    0
  5097, 99261,20170629,  162,    0
  5097, 99261,20170630,  180,    0
  5097, 99261,20170701,  193,    0
  5097, 99261,20170702,  174,    0
  5097, 99261,20170703,  151,    0
  5097, 99261,20170704,  148,    0
  5097, 34264,20170705,  132,    0
  5097, 34264,20170706,  141,    0
  5097, 99261,20170707,  160,    0
  5097, 99261,20170708,  146,    0
  5097, 34264,20170709,  158,    0
  5097, 34264,20170710,  139,    0
  5097, 34264,20170711,  146,    0
  5097, 99261,20170712,  129,    0
  5097, 99261,20170713,  139,    0
  5097, 99261,20170714,  154,    0
  5097, 99261,20170715,  159,    0
  5097, 99261,20170716,  152,    0
  5097, 99261,20170717,  150,    0
  5097, 34264,20170718,  141,    0
  5097, 34264,20170719,  144,    0
  5097, 34264,20170720,  158,    0
  5097, 34264,20170721,  150,    0
  5097, 34264,20170722,  164,    0
  5097, 34264,20170723,  167,    0
  5097, 34264,20170724,  160,    0
  5097, 34264,20170725,  169,    0
  5097, 34264,20170726,  165,    0
  5097, 34264,20170727,  160,    0
  5097, 34264,20170728,  150,    0
  5097, 34264,20170729,  142,    0
  5097, 34264,20170730,  151,    0
  5097, 34264,20170731,  152,    0
  5097, 34264,20170801,  154,    0
  5097, 34264,20170802,  139,    0
  5097, 34264,20170803,  128,    0
  5097, 99261,20170804,  150,    0
  5097, 99261,20170805,  149,    0
  5097, 99261,20170806,  144,    0
  5097, 99261,20170807,  140,    0
  5097, 99261,20170808,  159,    0
  5097, 99261,20170809,  134,    0
  5097, 99261,20170810,  171,    0
  5097, 99261,20170811,  162,    0
  5097, 99261,20170812,  156,    0
  5097, 99261,20170813,  140,    0
  5097, 99261,20170814,  140,    0
  5097, 99261,20170815,  148,    0
  5097, 99261,20170816,  169,    0
  5097, 99261,20170817,  155,    0
  5097, 99261,20170818,  156,    0
  5097, 99261,20170819,  145,    0
  5097, 99261,20170820,  141,    0
  5097, 99261,20170821,  144,    0
  5097, 99261,20170822,  122,    0
  5097, 99261,20170823,  129,    0
  5097, 99261,20170824,  129,    0
  5097, 99261,20170825,  136,    0
  5097, 99261,20170826,  126,    0
  5097, 99261,20170827,  127,    0
  5097, 99261,20170828,  149,    0
  5097, 99261,20170829,  160,    0
  5097, 99261,20170830,  134,    0
  5097, 99261,20170831,  114,    0
  5097, 99261,20170901,  114,    0
  5097, 99261,20170902,  120,    0
  5097, 99261,20170903,  128,    0
  5097, 99261,20170904,  102,    0
  5097, 99261,20170905,  113,    0
  5097, 99261,20170906,  113,    0
  5097, 99261,20170907,  101,    0
  5097, 99261,20170908,   98,    0
  5097, 99261,20170909,  108,    0
  5097, 99261,20170910,  121,    0
  5097, 99261,20170911,  120,    0
  5097, 99261,20170912,  122,    0
  5097, 99261,20170913,  113,    0
  5097, 99261,20170914,  111,    0
  5097, 99261,20170915,  110,    0
  5097, 99261,20170916,  108,    0
  5097, 99261,20170917,  105,    0
  5097, 99261,20170918,  113,    0
  5097, 99261,20170919,  107,    0
  5097, 99261,20170920,   88,    0
  5097, 99261,20170921,   77,    0
  5097, 99261,20170922,  101,    0
  5097, 99261,20170923,  108,    0
  5097, 99261,20170924,  122,    0
  5097, 99261,20170925,  126,    0
  5097, 99261,20170926,  121,    0
  5097, 99261,20170927,  126,    0
  5097, 99261,20170928,  118,    0
  5097, 99261,20170929,  104,    0
  5097, 99261,20170930,  110,    0
  5097, 99261,20171001,  103,    0
  5097, 99261,20171002,  107,    0
  5097, 99261,20171003,  112,    0
  5097, 34264,20171004,   72,    0
  5097, 99261,20171005,   70,    0
  5097, 99261,20171006,   95,    0
  5097, 99261,20171007,   70,    0
  5097, 99261,20171008,   70,    0
  5097, 99261,20171009,   60,    0
  5097, 99261,20171010,   42,    0
  5097, 99261,20171011,   43,    0
  5097, 99261,20171012,   81,    0
  5097, 99261,20171013,   70,    0
  5097, 34264,20171014,  102,    0
  5097, 99261,20171015,  100,    0
  5097, 99261,20171016,  116,    0
  5097, 34264,20171017,   88,    0
  5097, 34264,20171018,   39,    0
  5097, 34264,20171019,   24,    0
  5097, 34264,20171020,   54,    0
  5097, 34264,20171021,   62,    0
  5097, 34264,20171022,   42,    0
  5097, 34264,20171023,   28,    0
  5097, 34264,20171024,   35,    0
  5097, 99261,20171025,   36,    0
  5097, 99261,20171026,   35,    0
  5097, 99261,20171027,   51,    0
  5097, 99261,20171028,   73,    0
  5097, 99261,20171029,   44,    0
  5097, 99261,20171030,   18,    0
  5097, 99261,20171031,   36,    0
  5097, 34264,20171101,   37,    0
  5097, 34264,20171102,   29,    0
  5097, 99261,20171103,   30,    0
  5097, 99261,20171104,   34,    0
  5097, 99261,20171105,   60,    0
  5097, 99261,20171106,   29,    0
  5097, 99261,20171107,   29,    0
  5097, 99261,20171108,   50,    0
  5097, 99261,20171109,   63,    0
  5097, 99261,20171110,   16,    0
  5097, 99261,20171111,   -7,    0
  5097, 99261,20171112,  -11,    0
  5097, 99261,20171113,   10,    0
  5097, 99261,20171114,  -18,    0
  5097, 99261,20171115,    7,    0
  5097, 99261,20171116,   13,    0
  5097, 99261,20171117,   29,    0
  5097, 99261,20171118,    4,    0
  5097, 99261,20171119,  -15,    0
  5097, 99261,20171120,  -56,    0
  5097, 99261,20171121,  -61,    0
  5097, 99261,20171122,  -59,    0
  5097, 99261,20171123,   60,    0
  5097, 99261,20171124,   19,    0
  5097, 34264,20171125,    0,    0
  5097, 99261,20171126,   11,    0
  5097, 99261,20171127,  -11,    0
  5097, 34264,20171128,  -15,    0
  5097, 34264,20171129,   -6,    0
  5097, 99261,20171130,  -17,    0
  5097, 99261,20171201,  -39,    0
  5097, 99261,20171202,  -49,    0
  5097, 99261,20171203,  -12,    0
  5097, 99261,20171204,  -23,    0
  5097, 99261,20171205,  -14,    0
  5097, 99261,20171206,  -13,    0
  5097, 99261,20171207,   47,    0
  5097, 99261,20171208,   34,    0
  5097, 99261,20171209,   15,    0
  5097, 99261,20171210,  -63,    0
  5097, 99261,20171211,  -38,    0
  5097, 99261,20171212,  -59,    0
  5097, 99261,20171213,  -82,    0
  5097, 99261,20171214,  -28,    0
  5097, 99261,20171215,  -28,    0
  5097, 99261,20171216,  -36,    0
  5097, 99261,20171217, -108,    0
  5097, 99261,20171218,  -49,    0
  5097, 99261,20171219,  -69,    0
  5097, 99261,20171220,  -19,    0
  5097, 99261,20171221,  -26,    0
  5097, 99261,20171222,  -10,    0
  5097, 99261,20171223,   13,    0
  5097, 99261,20171224,   -6,    0
  5097, 99261,20171225,  -13,    0
  5097, 99261,20171226,    0,    0
  5097, 99261,20171227,    9,    0
  5097, 99261,20171228,    1,    0
  5097, 99261,20171229,   -9,    0
  5097, 99261,20171230,  -52,    0
  5097, 99261,20171231,  -37,    0
  5097, 99261,20180101,   10,    0
  5097, 99261,20180102,  -11,    0
  5097, 99261,20180103,  -27,    0
  5097, 34264,20180104,    0,    0
  5097, 99261,20180105,  -32,    0
  5097, 99261,20180106,  -52,    0
  5097, 99261,20180107,  -59,    0
  5097, 99261,20180108,  -28,    0
  5097, 99261,20180109,  -87,    0
  5097, 99261,20180110,  -88,    0
  5097, 99261,20180111,  -42,    0
  5097, 99261,20180112,  -49,    0
  5097, 99261,20180113,  -40,    0
  5097, 99261,20180114,  -42,    0
  5097, 99261,20180115,  -29,    0
  5097, 99261,20180116,  -10,    0
  5097, 99261,20180117,  -10,    0
  5097, 99261,20180118,  -43,    0
  5097, 99261,20180119,  -40,    0
  5097, 99261,20180120,  -39,    0
  5097, 99261,20180121,  -48,    0
  5097, 99261,20180122,  -62,    0
  5097, 99261,20180123,  -21,    0
  5097, 99261,20180124,   23,    0
  5097, 99261,20180125,   32,    0
  5097, 99261,20180126,   -9,    0
  5097, 99261,20180127,  -72,    0
  5097, 99261,20180128,  -11,    0
  5097, 99261,20180129,  -37,    0
  5097, 99261,20180130,  -59,    0
  5097, 99261,20180131,   -1,    0
  5097, 99261,20180201,   -5,    0
  5097, 99261,20180202,  -81,    0
  5097, 99261,20180203,  -92,    0
  5097, 99261,20180204, -103,    0
  5097, 99261,20180205, -113,    0
  5097, 99261,20180206,  -71,    0
  5097, 99261,20180207,  -74,    0
  5097, 99261,20180208,  -58,    0
  5097, 99261,20180209,  -11,    0
  5097, 99261,20180210,  -25,    0
  5097, 99261,20180211,  -31,    0
  5097, 99261,20180212,  -22,    0
  5097, 99261,20180213,  -44,    0
  5097, 99261,20180214,   -2,    0
  5097, 34264,20180215,  -10,    0
  5097, 99261,20180216,  -24,    0
  5097, 99261,20180217,  -54,    0
  5097, 99261,20180218,  -29,    0
  5097, 99261,20180219,  -27,    0
  5097, 99261,20180220,  -48,    0
  5097, 99261,20180221,  -48,    0
  5097, 99261,20180222,  -61,    0
  5097, 99261,20180223,  -67,    0
  5097, 99261,20180224,  -50,    0
  5097, 99261,20180225,  -82,    0
  5097, 99261,20180226, -117,    0
  5097, 99261,20180227, -110,    0
  5097, 99261,20180228, -131,    0
  5097, 99261,20180301, -136,    0
  5097, 99261,20180302, -104,    0
  5097, 34264,20180303,  -75,    0
  5097, 99261,20180304,  -62,    0
  5097, 99261,20180305,  -62,    0
  5097, 99261,20180306,  -54,    0
  5097, 99261,20180307,  -27,    0
  5097, 99261,20180308,  -32,    0
  5097, 99261,20180309,  -41,    0
  5097, 34264,20180310,  -45,    0
  5097, 99261,20180311,  -46,    0
  5097, 99261,20180312,  -18,    0
  5097, 99261,20180313,   -4,    0
  5097, 99261,20180314,  -28,    0
  5097, 99261,20180315,  -46,    0
  5097, 99261,20180316,  -86,    0
  5097, 34264,20180317, -106,    0
  5097, 99261,20180318,  -80,    0
  5097, 99261,20180319,  -16,    0
  5097, 99261,20180320,   10,    0
  5097, 99261,20180321,   14,    0
  5097, 99261,20180322,   15,    0
  5097, 99261,20180323,   -5,    0
  5097, 99261,20180324,   22,    0
  5097, 99261,20180325,   30,    0
  5097, 99261,20180326,  -22,    0
  5097, 99261,20180327,  -53,    0
  5097, 99261,20180328,  -51,    0
  5097, 99261,20180329,  -46,    0
  5097, 99261,20180330,  -42,    0
  5097, 99261,20180331,  -28,    0
  5097, 99261,20180401,  -25,    0
  5097, 99261,20180402,  -23,    0
  5097, 99261,20180403,  -21,    0
  5097, 99261,20180404,   16,    0
  5097, 99261,20180405,   19,    0
  5097, 99261,20180406,   33,    0
  5097, 34264,20180407,   18,    0
  5097, 99261,20180408,   22,    0
  5097, 99261,20180409,   15,    0
  5097, 99261,20180410,   28,    0
  5097, 99261,20180411,   27,    0
  5097, 99261,20180412,   41,    0
  5097, 99261,20180413,   56,    0
  5097, 99261,20180414,   80,    0
  5097, 99261,20180415,   81,    0
  5097, 99261,20180416,   65,    0
  5097, 99261,20180417,   51,    0
  5097, 99261,20180418,   97,    0
  5097, 99261,20180419,   99,    0
  5097, 99261,20180420,  -78,    0
  5097, 99261,20180421,  102,    0
  5097, 99261,20180422,   87,    0
  5097, 99261,20180423,   65,    0
  5097, 99261,20180424,   75,    0
  5097, 99261,20180425,   73,    0
  5097, 99261,20180426,   74,    0
  5097, 99261,20180427,   65,    0
  5097, 99261,20180428,   54,    0
  5097, 99261,20180429,   67,    0
  5097, 99261,20180430,   81,    0
  5097, 99261,20180501,   32,    0
  5097, 99261,20180502,   78,    0
  5097, 99261,20180503,   72,    0
  5097, 99261,20180504,   81,    0
  5097, 34264,20180505,  120,    0
  5097, 99261,20180506,  134,    0
  5097, 99261,20180507,  137,    0
  5097, 99261,20180508,  156,    0
  5097, 99261,20180509,  172,    0
  5097, 99261,20180510,  169,    0
  5097, 99261,20180511,   76,    0
  5097, 99261,20180512,  132,    0
  5097, 99261,20180513,  163,    0
  5097, 99261,20180514,  186,    0
  5097, 99261,20180515,  195,    0
  5097, 34264,20180516,  176,    0
  5097, 99261,20180517,  112,    0
  5097, 99261,20180518,  135,    0
  5097, 34264,20180519,  162,    0
  5097, 99261,20180520,  157,    0
  5097, 99261,20180521,  161,    0
  5097, 99261,20180522,  166,    0
  5097, 99261,20180523,  185,    0
  5097, 99261,20180524,  199,    0
  5097, 99261,20180525,  212,    0
  5097, 34264,20180526,  220,    0
  5097, 99261,20180527,  216,    0
  5097, 99261,20180528,  184,    0
  5097, 99261,20180529,  200,    0
  5097, 34264,20180530,  237,    0
  5097, 99261,20180531,  226,    0
  5097, 99261,20180601,  217,    0
  5097, 99261,20180602,  227,    0
  5097, 99261,20180603,  235,    0
  5097, 99261,20180604,  182,    0
  5097, 99261,20180605,  122,    0
  5097, 34264,20180606,  137,    0
  5097, 99261,20180607,  195,    0
  5097, 99261,20180608,  204,    0
  5097, 99261,20180609,  209,    0
  5097, 99261,20180610,  203,    0
  5097, 99261,20180611,  158,    0
  5097, 99261,20180612,  167,    0
  5097, 99261,20180613,  154,    0
  5097, 99261,20180614,  138,    0
  5097, 99261,20180615,  146,    0
  5097, 99261,20180616,  149,    0
  5097, 99261,20180617,  120,    0
  5097, 99261,20180618,  137,    0
  5097, 99261,20180619,  154,    0
  5097, 99261,20180620,  115,    0
  5097, 99261,20180621,  106,    0
  5097, 99261,20180622,  121,    0
  5097, 99261,20180623,  155,    0
  5097, 99261,20180624,  178,    0
  5097, 99261,20180625,  219,    0
  5097, 99261,20180626,  231,    0
  5097, 99261,20180627,  220,    0
  5097, 99261,20180628,  215,    0
  5097, 99261,20180629,  157,    0
  5097, 99261,20180630,  156,    0
  5097, 99261,20180701,  192,    0
  5097, 99261,20180702,  210,    0
  5097, 99261,20180703,  225,    0
  5097, 99261,20180704,  216,    0
  5097, 99261,20180705,  190,    0
  5097, 99261,20180706,  204,    0
  5097, 99261,20180707,  185,    0
  5097, 99261,20180708,  204,    0
  5097, 99261,20180709,  167,    0
  5097, 99261,20180710,  222,    0
  5097, 99261,20180711,  236,    0
  5097, 99261,20180712,  206,    0
  5097, 99261,20180713,  224,    0
  5097, 99261,20180714,  207,    0
  5097, 99261,20180715,  204,    0
  5097, 99261,20180716,  217,    0
  5097, 99261,20180717,  236,    0
  5097, 99261,20180718,  219,    0
  5097, 99261,20180719,  220,    0
  5097, 99261,20180720,  211,    0
  5097, 99261,20180721,  194,    0
  5097, 99261,20180722,  204,    0
  5097, 99261,20180723,  224,    0
  5097, 99261,20180724,  231,    0
  5097, 99261,20180725,  228,    0
  5097, 99261,20180726,  235,    0
  5097, 99261,20180727,  250,    0
  5097, 99261,20180728,  231,    0
  5097, 99261,20180729,  123,    0
  5097, 99261,20180730,  197,    0
  5097, 99261,20180731,  181,    0
  5097, 99261,20180801,  126,    0
  5097, 99261,20180802,  190,    0
  5097, 99261,20180803,  193,    0
  5097, 99261,20180804,  207,    0
  5097, 99261,20180805,  187,    0
  5097, 99261,20180806,  163,    0
  5097, 99261,20180807,  177,    0
  5097, 99261,20180808,   15,    0
  5097, 99261,20180809,  201,    0
  5097, 99261,20180810,  -23,    0
  5097, 99261,20180811,  148,    0
  5097, 99261,20180812,  115,    0
  5097, 99261,20180813,  141,    0
  5097, 99261,20180814,  138,    0
  5097, 99261,20180815,  150,    0
  5097, 99261,20180816,  171,    0
  5097, 99261,20180817,  139,    0
  5097, 99261,20180818,  138,    0
  5097, 99261,20180819,  152,    0
  5097, 99261,20180820,  126,    0
  5097, 99261,20180821,  135,    0
  5097, 99261,20180822,  131,    0
  5097, 99261,20180823,   65,    0
  5097, 99261,20180824,  141,    0
  5097, 99261,20180825,  119,    0
  5097, 99261,20180826,   65,    0
  5097, 99261,20180827,  116,    0
  5097, 99261,20180828,  140,    0
  5097, 99261,20180829,  132,    0
  5097, 99261,20180830,   -2,    0
  5097, 99261,20180831,  132,    0
  5097, 99261,20180901,  136,    0
  5097, 99261,20180902,  142,    0
  5097, 99261,20180903,  100,    0
  5097, 99261,20180904,   76,    0
  5097, 99261,20180905,  154,    0
  5097, 99261,20180906,   85,    0
  5097, 99261,20180907,  149,    0
  5097, 99261,20180908,   -6,    0
  5097, 99261,20180909,  -98,    0
  5097, 99261,20180910,  -35,    0
  5097, 99261,20180911, -156,    0
  5097, 99261,20180912,  118,    0
  5097, 99261,20180913,  119,    0
  5097, 99261,20180914,  115,    0
  5097, 99261,20180915,  113,    0
  5097, 99261,20180916,  -77,    0
  5097, 99261,20180917,  -65,    0
  5097, 99261,20180918,  -32,    0
  5097, 99261,20180919,  165,    0
  5097, 99261,20180920,  130,    0
  5097, 99261,20180921, -214,    0
  5097, 99261,20180922,  110,    0
  5097, 99261,20180923,   92,    0
  5097, 99261,20180924,   69,    0
  5097, 99261,20180925,   79,    0
  5097, 34264,20180926,  127,    0
  5097, 34264,20180927,   74,    0
  5097, 34264,20180928,   32,    0
  5097, 34264,20180929,   66,    0
  5097, 34264,20180930,   73,    0
  5097, 34264,20181001,   29,    0
  5097, 34264,20181002,   29,    0
  5097, 34264,20181003,   43,    0
  5097, 99261,20181004,   48,    0
  5097, 99261,20181005,   87,    0
  5097, 99261,20181006,   64,    0
  5097, 99261,20181007,   49,    0
  5097, 99261,20181008,   97,    0
  5097, 99261,20181009,  111,    0
  5097, 99261,20181010,    6,    0
  5097, 34264,20181011,  106,    0
  5097, 99261,20181012, -399,    0
  5097, 99261,20181013,  149,    0
  5097, 99261,20181014,  144,    0
  5097, 99261,20181015, -216,    0
  5097, 99261,20181016, -331,    0
  5097, 34264,20181017,  101,    0
  5097, 34264,20181018,   52,    0
  5097, 99261,20181019,   40,    0
  5097, 99261,20181020, -165,    0
  5097, 99261,20181021,   42,    0
  5097, 34264,20181022,   66,    0
  5097, 99261,20181023,   67,    0
  5097, 99261,20181024,   43,    0
  5097, 99261,20181025,   32,    0
  5097, 99261,20181026,    2,    0
  5097, 99261,20181027,   -1,    0
  5097, 99261,20181028,   -9,    0
  5097, 99261,20181029,  -23,    0
  5097, 99261,20181030, -380,    0
  5097, 99261,20181031, -322,    0
  5097, 99261,20181101,  -87,    0
  5097, 99261,20181102,   54,    0
  5097, 99261,20181103,   39,    0
  5097, 99261,20181104,   71,    0
  5097, 99261,20181105,   51,    0
  5097, 99261,20181106,   58,    0
  5097, 99261,20181107,   55,    0
  5097, 99261,20181108,   67,    0
  5097, 99261,20181109,   66,    0
  5097, 99261,20181110,   65,    0
  5097, 99261,20181111,   77,    0
  5097, 99261,20181112,   81,    0
  5097, 99261,20181113,   71,    0
  5097, 99261,20181114,   46,    0
  5097, 99261,20181115,   93,    0
  5097, 99261,20181116,   72,    0
  5097, 99261,20181117,   45,    0
  5097, 99261,20181118,   14,    0
  5097, 99261,20181119,  -10,    0
  5097, 99261,20181120,  -27,    0
  5097, 99261,20181121,    4,    0
  5097, 99261,20181122,  -37,    0
  5097, 99261,20181123,  -76,    0
  5097, 99261,20181124,  -47,    0
  5097, 99261,20181125,  -20,    0
  5097, 99261,20181126,  -52,    0
  5097, 99261,20181127,  -68,    0
  5097, 99261,20181128,  -77,    0
  5097, 99261,20181129,    5,    0
  5097, 99261,20181130,   54,    0
  5097, 99261,20181201,   46,    0
  5097, 99261,20181202,   34,    0
  5097, 99261,20181203,   43,    0
  5097, 99261,20181204,   17,    0
  5097, 99261,20181205,  -18,    0
  5097, 99261,20181206,  -39,    0
  5097, 99261,20181207,  -15,    0
  5097, 99261,20181208,  -15,    0
  5097, 99261,20181209,  -13,    0
  5097, 99261,20181210,   17,    0
  5097, 99261,20181211,   15,    0
  5097, 99261,20181212,  -50,    0
  5097, 99261,20181213,  -75,    0
  5097, 99261,20181214, -109,    0
  5097, 99261,20181215,  -91,    0
  5097, 99261,20181216,  -29,    0
  5097, 99261,20181217,  -27,    0
  5097, 99261,20181218,  -61,    0
  5097, 99261,20181219,  -19,    0
  5097, 99261,20181220,   -1,    0
  5097, 99261,20181221,  -24,    0
  5097, 99261,20181222,  -45,    0
  5097, 99261,20181223,  -68,    0
  5097, 99261,20181224,  -92,    0
  5097, 99261,20181225,   -2,    0
  5097, 99261,20181226,   -5,    0
  5097, 99261,20181227,  -13,    0
  5097, 99261,20181228,  -57,    0
  5097, 99261,20181229,  -54,    0
  5097, 99261,20181230,  -35,    0
  5097, 99261,20181231,   12,    0
  5097, 99261,20190101,   38,    0
  5097, 99261,20190102,   -1,    0
  5097, 99261,20190103,    6,    0
  5097, 99261,20190104,   37,    0
  5097, 99261,20190105,   15,    0
  5097, 99261,20190106,  -19,    0
  5097, 99261,20190107,  -26,    0
  5097, 99261,20190108,    1,    0
  5097, 99261,20190109,   -5,    0
  5097, 99261,20190110,  -24,    0
  5097, 99261,20190111,    9,    0
  5097, 99261,20190112,  -59,    0
  5097, 99261,20190113,  -51,    0
  5097, 99261,20190114,  -13,    0
  5097, 99261,20190115,  -45,    0
  5097, 99261,20190116,  -73,    0
  5097, 99261,20190117,  -69,    0
  5097, 34264,20190118, -105,    0
  5097, 34264,20190119,  -82,    0
  5097, 99261,20190120, -107,    0
  5097, 99261,20190121,  -78,    0
  5097, 99261,20190122,  -62,    0
  5097, 99261,20190123,  -38,    0
  5097, 99261,20190124,  -41,    0
  5097, 99261,20190125,  -42,    0
  5097, 99261,20190126,  -62,    0
  5097, 99261,20190127,  -75,    0
  5097, 99261,20190128,  -64,    0
  5097, 99261,20190129, -132,    0
  5097, 34264,20190130,  -83,    0
  5097, 99261,20190131,  -87,    0
  5097, 99261,20190201,  -40,    0
  5097, 99261,20190202,  -51,    0
  5097, 99261,20190203,  -61,    0
  5097, 99261,20190204, -114,    0
  5097, 99261,20190205,  -43,    0
  5097, 99261,20190206, -104,    0
  5097, 99261,20190207,  -51,    0
  5097, 99261,20190208,  -15,    0
  5097, 99261,20190209,   22,    0
  5097, 99261,20190210,   11,    0
  5097, 99261,20190211,   -6,    0
  5097, 99261,20190212,  -18,    0
  5097, 34264,20190213,   19,    0
  5097, 34264,20190214,    0,    0
  5097, 34264,20190215,   20,    0
  5097, 99261,20190216,   15,    0
  5097, 99261,20190217,    1,    0
  5097, 99261,20190218,   34,    0
  5097, 99261,20190219,   33,    0
  5097, 99261,20190220,   15,    0
  5097, 99261,20190221,  -13,    0
  5097, 99261,20190222,   -3,    0
  5097, 99261,20190223,   15,    0
  5097, 99261,20190224,   28,    0
  5097, 99261,20190225,   28,    0
  5097, 99261,20190226,   47,    0
  5097, 99261,20190227,   37,    0
  5097, 99261,20190228,   41,    0
  5097, 99261,20190301,   10,    0
  5097, 99261,20190302,   -6,    0
  5097, 99261,20190303,   12,    0
  5097, 99261,20190304,    1,    0
  5097, 99261,20190305,  -28,    0
  5097, 99261,20190306,  -29,    0
  5097, 99261,20190307,   -3,    0
  5097, 99261,20190308,  -11,    0
  5097, 99261,20190309,  -32,    0
  5097, 99261,20190310,  -38,    0
  5097, 99261,20190311,  -32,    0
  5097, 99261,20190312,  -54,    0
  5097, 99261,20190313,    3,    0
  5097, 99261,20190314,  -34,    0
  5097, 99261,20190315,   -9,    0
  5097, 99261,20190316,   -6,    0
  5097, 99261,20190317,    1,    0
  5097, 99261,20190318,   15,    0
  5097, 99261,20190319,   20,    0
  5097, 99261,20190320,   58,    0
  5097, 99261,20190321,   69,    0
  5097, 99261,20190322,   28,    0
  5097, 99261,20190323,   56,    0
  5097, 99261,20190324,   36,    0
  5097, 99261,20190325,   27,    0
  5097, 99261,20190326,   38,    0
  5097, 99261,20190327,   50,    0
  5097, 99261,20190328,   72,    0
  5097, 99261,20190329,   86,    0
  5097, 99261,20190330,   54,    0
  5097, 99261,20190331,   27,    0
  5097, 99261,20190401,   15,    0
  5097, 99261,20190402,   38,    0
  5097, 99261,20190403,   18,    0
  5097, 99261,20190404,   59,    0
  5097, 99261,20190405,   37,    0
  5097, 99261,20190406,   42,    0
  5097, 99261,20190407,   46,    0
  5097, 99261,20190408,   28,    0
  5097, 34264,20190409,   15,    0
  5097, 34264,20190410,   11,    0
  5097, 34264,20190411,    5,    0
  5097, 99261,20190412,   18,    0
  5097, 99261,20190413,   33,    0
  5097, 99261,20190414,   35,    0
  5097, 99261,20190415,   49,    0
  5097, 99261,20190416,   50,    0
  5097, 99261,20190417,   63,    0
  5097, 99261,20190418,   86,    0
  5097, 99261,20190419,   97,    0
  5097, 99261,20190420,  109,    0
  5097, 99261,20190421,  123,    0
  5097, 99261,20190422,  119,    0
  5097, 99261,20190423,  116,    0
  5097, 99261,20190424,  134,    0
  5097, 99261,20190425,  134,    0
  5097, 99261,20190426,  135,    0
  5097, 99261,20190427,  128,    0
  5097, 99261,20190428,  134,    0
  5097, 99261,20190429,  154,    0
  5097, 99261,20190430,  158,    0
  5097, 99261,20190501,  117,    0
  5097, 99261,20190502,   54,    0
  5097, 99261,20190503,   33,    0
  5097, 99261,20190504,   41,    0
  5097, 99261,20190505,   49,    0
  5097, 99261,20190506,   21,    0
  5097, 99261,20190507,   37,    0
  5097, 99261,20190508,   50,    0
  5097, 99261,20190509,   53,    0
  5097, 99261,20190510,   80,    0
  5097, 99261,20190511,   69,    0
  5097, 99261,20190512,   67,    0
  5097, 99261,20190513,   73,    0
  5097, 99261,20190514,  100,    0
  5097, 99261,20190515,  121,    0
  5097, 99261,20190516,  148,    0
  5097, 99261,20190517,  162,    0
  5097, 99261,20190518,  107,    0
  5097, 99261,20190519,  132,    0
  5097, 99261,20190520,  121,    0
  5097, 99261,20190521,  168,    0
  5097, 99261,20190522,  172,    0
  5097, 99261,20190523,  114,    0
  5097, 99261,20190524,   94,    0
  5097, 99261,20190525,  127,    0
  5097, 99261,20190526,  101,    0
  5097, 99261,20190527,   96,    0
  5097, 99261,20190528,   98,    0
  5097, 34264,20190529,   93,    0
  5097, 34264,20190530,   78,    0
  5097, 34264,20190531,  111,    0
  5097, 99261,20190601,  111,    0
  5097, 99261,20190602,  124,    0
  5097, 99261,20190603,  131,    0
  5097, 99261,20190604,  134,    0
  5097, 99261,20190605,  116,    0
  5097, 99261,20190606,  183,    0
  5097, 34264,20190607,  149,    0
  5097, 34264,20190608,  130,    0
  5097, 34264,20190609,  121,    0
  5097, 34264,20190610,  124,    0
  5097, 34264,20190611,  135,    0
  5097, 34264,20190612,   92,    0
  5097, 34264,20190613,  106,    0
  5097, 34264,20190614,  135,    0
  5097, 34264,20190615,  166,    0
  5097, 34264,20190616,  152,    0
  5097, 34264,20190617,  159,    0
  5097, 34264,20190618,  147,    0
  5097, 34264,20190619,  144,    0
  5097, 34264,20190620,  147,    0
  5097, 34264,20190621,  135,    0
  5097, 34264,20190622,  132,    0
  5097, 34264,20190623,  127,    0
  5097, 34264,20190624,  156,    0
  5097, 34264,20190625,  137,    0
  5097, 34264,20190626,  155,    0
  5097, 34264,20190627,  153,    0
  5097, 34264,20190628,  170,    0
  5097, 34264,20190629,  195,    0
  5097, 34264,20190630,  187,    0
  5097, 34264,20190701,  162,    0
  5097, 34264,20190702,  128,    0
  5097, 34264,20190703,  113,    0
  5097, 34264,20190704,  105,    0
  5097, 34264,20190705,  132,    0
  5097, 34264,20190706,  121,    0
  5097, 34264,20190707,  133,    0
  5097, 34264,20190708,  140,    0
  5097, 34264,20190709,  152,    0
  5097, 34264,20190710,  161,    0
  5097, 34264,20190711,  177,    0
  5097, 34264,20190712,  177,    0
  5097, 34264,20190713,  176,    0
  5097, 34264,20190714,  173,    0
  5097, 34264,20190715,  154,    0
  5097, 34264,20190716,  141,    0
  5097, 34264,20190717,  159,    0
  5097, 34264,20190718,  154,    0
  5097, 34264,20190719,  145,    0
  5097, 34264,20190720,  167,    0
  5097, 34264,20190721,  157,    0
  5097, 34264,20190722,  159,    0
  5097, 34264,20190723,  190,    0
  5097, 34264,20190724,  195,    0
  5097, 34264,20190725,  197,    0
  5097, 34264,20190726,  215,    0
  5097, 34264,20190727,  215,    0
  5097, 34264,20190728,  218,    0
  5097, 34264,20190729,  209,    0
  5097, 99261,20190730,  129,    0
  5097, 99261,20190731,  132,    0
  5097, 99261,20190801,  170,    0
  5097, 99261,20190802,  193,    0
  5097, 99261,20190803,  185,    0
  5097, 99261,20190804,  168,    0
  5097, 99261,20190805,  156,    0
  5097, 99261,20190806,  152,    0
  5097, 99261,20190807,  168,    0
  5097, 99261,20190808,  171,    0
  5097, 99261,20190809,  167,    0
  5097, 99261,20190810,  152,    0
  5097, 99261,20190811,  167,    0
  5097, 99261,20190812,  171,    0
  5097, 99261,20190813,  157,    0
  5097, 99261,20190814,  133,    0
  5097, 99261,20190815,  132,    0
  5097, 99261,20190816,  149,    0
  5097, 99261,20190817,  142,    0
  5097, 99261,20190818,  148,    0
  5097, 99261,20190819,  142,    0
  5097, 99261,20190820,  151,    0
  5097, 99261,20190821,  150,    0
  5097, 34264,20190822,  112,    0
  5097, 99261,20190823,  169,    0
  5097, 99261,20190824,  164,    0
  5097, 99261,20190825,  185,    0
  5097, 99261,20190826,  186,    0
  5097, 99261,20190827,  186,    0
  5097, 99261,20190828,  178,    0
  5097, 99261,20190829,  174,    0
  5097, 99261,20190830,  153,    0
  5097, 99261,20190831,  169,    0
  5097, 99261,20190901,  149,    0
  5097, 99261,20190902,  122,    0
  5097, 99261,20190903,  116,    0
  5097, 99261,20190904,   93,    0
  5097, 99261,20190905,  110,    0
  5097, 99261,20190906,   99,    0
  5097, 99261,20190907,   96,    0
  5097, 99261,20190908,   94,    0
  5097, 99261,20190909,  107,    0
  5097, 34264,20190910,  136,    0
  5097, 99261,20190911,  135,    0
  5097, 99261,20190912,  125,    0
  5097, 99261,20190913,  121,    0
  5097, 99261,20190914,  100,    0
  5097, 99261,20190915,  127,    0
  5097, 99261,20190916,  108,    0
  5097, 99261,20190917,   89,    0
  5097, 99261,20190918,   98,    0
  5097, 99261,20190919,   83,    0
  5097, 99261,20190920,  119,    0
  5097, 99261,20190921,  137,    0
  5097, 99261,20190922,  114,    0
  5097, 99261,20190923,   90,    0
  5097, 99261,20190924,   89,    0
  5097, 99261,20190925,   95,    0
  5097, 99261,20190926,   91,    0
  5097, 99261,20190927,   85,    0
  5097, 99261,20190928,  100,    0
  5097, 99261,20190929,  101,    0
  5097, 99261,20190930,   56,    0
  5097, 99261,20191001,   80,    0
  5097, 99261,20191002,   70,    0
  5097, 99261,20191003,   40,    0
  5097, 99261,20191004,   28,    0
  5097, 99261,20191005,   14,    0
  5097, 99261,20191006,   10,    0
  5097, 99261,20191007,   17,    0
  5097, 99261,20191008,   19,    0
  5097, 99261,20191009,   33,    0
  5097, 99261,20191010,   62,    0
  5097, 99261,20191011,   63,    0
  5097, 99261,20191012,  101,    0
  5097, 99261,20191013,  121,    0
  5097, 99261,20191014,   63,    0
  5097, 99261,20191015,   52,    0
  5097, 99261,20191016,   52,    0
  5097, 99261,20191017,   57,    0
  5097, 99261,20191018,   67,    0
  5097, 99261,20191019,   58,    0
  5097, 99261,20191020,   42,    0
  5097, 99261,20191021,   34,    0
  5097, 99261,20191022,   69,    0
  5097, 34264,20191023,   82,    0
  5097, 34264,20191024,   75,    0
  5097, 34264,20191025,   89,    0
  5097, 34264,20191026,   42,    0
  5097, 99261,20191027,   51,    0
  5097, 99261,20191028,  146,    0
  5097, 99261,20191029,  148,    0
  5097, 99261,20191030,  122,    0
  5097, 99261,20191031,  147,    0
  5097, 99261,20191101,  122,    0
  5097, 99261,20191102,  122,    0
  5097, 99261,20191103,   90,    0
  5097, 99261,20191104,   72,    0
  5097, 99261,20191105,   59,    0
  5097, 99261,20191106,   61,    0
  5097, 99261,20191107,   69,    0
  5097, 99261,20191108,   70,    0
  5097, 99261,20191109,   74,    0
  5097, 99261,20191110,   95,    0
  5097, 99261,20191111,   76,    0
  5097, 99261,20191112,  114,    0
  5097, 99261,20191113,  132,    0
  5097, 99261,20191114,  136,    0
  5097, 99261,20191115,  134,    0
  5097, 99261,20191116,  113,    0
  5097, 99261,20191117,  136,    0
  5097, 99261,20191118,  121,    0
  5097, 99261,20191119,  157,    0
  5097, 99261,20191120,  107,    0
  5097, 99261,20191121,  132,    0
  5097, 99261,20191122,  140,    0
  5097, 99261,20191123,  136,    0
  5097, 99261,20191124,  127,    0
  5097, 99261,20191125,  130,    0
  5097, 99261,20191126,  135,    0
  5097, 99261,20191127,  117,    0
  5097, 99261,20191128,   88,    0
  5097, 99261,20191129,   87,    0
  5097, 99261,20191130,   68,    0
  5097, 99261,20191201,   62,    0
  5097, 99261,20191202,   51,    0
  5097, 99261,20191203,   36,    0
  5097, 99261,20191204,    6,    0
  5097, 99261,20191205,   43,    0
  5097, 99261,20191206,   27,    0
  5097, 34264,20191207,   -9,    0
  5097, 99261,20191208,  -11,    0
  5097, 34264,20191209,    0,    0
  5097, 99261,20191210,  -39,    0
  5097, 99261,20191211,   35,    0
  5097, 99261,20191212,   28,    0
  5097, 99261,20191213,   10,    0
  5097, 34264,20191214,    7,    0
  5097, 99261,20191215,    5,    0
  5097, 99261,20191216,   -3,    0
  5097, 99261,20191217,  -31,    0
  5097, 99261,20191218,  -60,    0
  5097, 99261,20191219,  -63,    0
  5097, 99261,20191220,    1,    0
  5097, 34264,20191221,   19,    0
  5097, 34264,20191222,    8,    0
  5097, 34264,20191223,    4,    0
  5097, 99261,20191224,   -3,    0
  5097, 99261,20191225,  -20,    0
  5097, 99261,20191226,  -47,    0
  5097, 99261,20191227,  -64,    0
  5097, 99261,20191228,  -19,    0
  5097, 99261,20191229,   45,    0
  5097, 99261,20191230,   53,    0
  5097, 99261,20191231,   18,    0
  5097, 99261,20200101,   24,    0
  5097, 99261,20200102,   42,    0
  5097, 99261,20200103,   39,    0
  5097, 99261,20200104,    6,    0
  5097, 34264,20200105,   -8,    0
  5097, 34264,20200106,   25,    0
  5097, 99261,20200107,   43,    0
  5097, 99261,20200108,   52,    0
  5097, 99261,20200109,    8,    0
  5097, 99261,20200110,  -26,    0
  5097, 99261,20200111,   31,    0
  5097, 34264,20200112,   -2,    0
  5097, 34264,20200113,  -11,    0
  5097, 34264,20200114,   38,    0
  5097, 34264,20200115,   37,    0
  5097, 99261,20200116,   50,    0
  5097, 99261,20200117,   52,    0
  5097, 99261,20200118,   37,    0
  5097, 99261,20200119,    9,    0
  5097, 99261,20200120,   39,    0
  5097, 99261,20200121,   57,    0
  5097, 99261,20200122,   24,    0
  5097, 99261,20200123,   14,    0
  5097, 99261,20200124,   34,    0
  5097, 99261,20200125,   24,    0
  5097, 99261,20200126,   41,    0
  5097, 34264,20200127,   35,    0
  5097, 34264,20200128,   16,    0
  5097, 99261,20200129,    4,    0
  5097, 99261,20200130,   -9,    0
  5097, 99261,20200131,    1,    0
  5097, 99261,20200201,   44,    0
  5097, 99261,20200202,   14,    0
  5097, 99261,20200203,  -15,    0
  5097, 99261,20200204,  -27,    0
  5097, 99261,20200205,    0,    0
  5097, 99261,20200206,   27,    0
  5097, 99261,20200207,   -1,    0
  5097, 99261,20200208,   26,    0
  5097, 99261,20200209,   39,    0
  5097, 99261,20200210,   46,    0
  5097, 99261,20200211,   20,    0
  5097, 99261,20200212,   25,    0
  5097, 99261,20200213,    2,    0
  5097, 99261,20200214,  -17,    0
  5097, 99261,20200215,   43,    0
  5097, 99261,20200216,   54,    0
  5097, 99261,20200217,   54,    0
  5097, 99261,20200218,   42,    0
  5097, 99261,20200219,   13,    0
  5097, 99261,20200220,   19,    0
  5097, 99261,20200221,   31,    0
  5097, 99261,20200222,   50,    0
  5097, 99261,20200223,   34,    0
  5097, 99261,20200224,    9,    0
  5097, 99261,20200225,   -9,    0
  5097, 99261,20200226,  -37,    0
  5097, 99261,20200227,  -59,    0
  5097, 99261,20200228,  -40,    0
  5097, 99261,20200229,  -31,    0
  5097, 99261,20200301,    1,    0
  5097, 99261,20200302,   29,    0
  5097, 99261,20200303,    5,    0
  5097, 99261,20200304,   -2,    0
  5097, 99261,20200305,   -7,    0
  5097, 99261,20200306,  -36,    0
  5097, 99261,20200307,  -28,    0
  5097, 99261,20200308,   37,    0
  5097, 99261,20200309,   42,    0
  5097, 99261,20200310,   27,    0
  5097, 99261,20200311,   41,    0
  5097, 99261,20200312,   27,    0
  5097, 34264,20200313,    0,    0
  5097, 99261,20200314,  -14,    0
  5097, 99261,20200315,   38,    0
  5097, 99261,20200316,   34,    0
  5097, 99261,20200317,   65,    0
  5097, 99261,20200318,   55,    0
  5097, 99261,20200319,   39,    0
  5097, 34264,20200320,   10,    0
  5097, 34264,20200321,    1,    0
  5097, 34264,20200322,   -4,    0
  5097, 34264,20200323,   28,    0
  5097, 34264,20200324,   36,    0
  5097, 34264,20200325,   53,    0
  5097, 34264,20200326,   53,    0
  5097, 99261,20200327,   44,    0
  5097, 99261,20200328,   23,    0
  5097, 99261,20200329,    8,    0
  5097, 99261,20200330,    6,    0
  5097, 99261,20200331,   44,    0
  5097, 99261,20200401,   63,    0
  5097, 99261,20200402,   27,    0
  5097, 99261,20200403,   25,    0
  5097, 99261,20200404,   21,    0
  5097, 99261,20200405,   44,    0
  5097, 99261,20200406,   73,    0
  5097, 99261,20200407,   85,    0
  5097, 99261,20200408,   69,    0
  5097, 99261,20200409,   57,    0
  5097, 99261,20200410,   49,    0
  5097, 34264,20200411,   22,    0
  5097, 34264,20200412,   67,    0
  5097, 34264,20200413,   29,    0
  5097, 34264,20200414,   29,    0
  5097, 34264,20200415,  106,    0
  5097, 34264,20200416,   69,    0
  5097, 99261,20200417,   53,    0
  5097, 99261,20200418,   60,    0
  5097, 99261,20200419,   87,    0
  5097, 99261,20200420,  115,    0
  5097, 99261,20200421,  126,    0
  5097, 99261,20200422,  128,    0
  5097, 99261,20200423,  123,    0
  5097, 99261,20200424,   81,    0
  5097, 99261,20200425,   78,    0
  5097, 99261,20200426,   77,    0
  5097, 99261,20200427,   42,    0
  5097, 99261,20200428,   32,    0
  5097, 99261,20200429,   44,    0
  5097, 99261,20200430,   41,    0
  5097, 99261,20200501,   48,    0
  5097, 99261,20200502,   81,    0
  5097, 99261,20200503,   71,    0
  5097, 99261,20200504,   59,    0
  5097, 99261,20200505,   74,    0
  5097, 99261,20200506,   98,    0
  5097, 99261,20200507,   88,    0
  5097, 99261,20200508,  101,    0
  5097, 99261,20200509,   97,    0
  5097, 99261,20200510,   28,    0
  5097, 99261,20200511,   44,    0
  5097, 99261,20200512,   36,    0
  5097, 99261,20200513,   47,    0
  5097, 99261,20200514,   59,    0
  5097, 99261,20200515,   65,    0
  5097, 99261,20200516,   59,    0
  5097, 99261,20200517,   81,    0
  5097, 99261,20200518,   88,    0
  5097, 99261,20200519,   83,    0
  5097, 99261,20200520,   99,    0
  5097, 99261,20200521,  113,    0
  5097, 99261,20200522,  125,    0
  5097, 99261,20200523,  100,    0
  5097, 99261,20200524,  107,    0
  5097, 99261,20200525,  141,    0
  5097, 99261,20200526,  136,    0
  5097, 99261,20200527,  128,    0
  5097, 99261,20200528,  126,    0
  5097, 99261,20200529,  151,    0
  5097, 99261,20200530,  167,    0
  5097, 99261,20200531,  177,    0
  5097, 99261,20200601,  195,    0
  5097, 99261,20200602,  182,    0
  5097, 99261,20200603,  169,    0
  5097, 99261,20200604,  151,    0
  5097, 99261,20200605,  122,    0
  5097, 99261,20200606,   97,    0
  5097, 99261,20200607,  107,    0
  5097, 99261,20200608,  108,    0
  5097, 99261,20200609,  143,    0
  5097, 99261,20200610,  140,    0
  5097, 99261,20200611,  189,    0
  5097, 99261,20200612,  202,    0
  5097, 99261,20200613,  197,    0
  5097, 99261,20200614,  192,    0
  5097, 99261,20200615,  215,    0
  5097, 99261,20200616,  207,    0
  5097, 99261,20200617,  206,    0
  5097, 99261,20200618,  219,    0
  5097, 99261,20200619,  236,    0
  5097, 99261,20200620,  211,    0
  5097, 99261,20200621,  177,    0
  5097, 99261,20200622,  139,    0
  5097, 99261,20200623,  189,    0
  5097, 99261,20200624,  213,    0
  5097, 99261,20200625,  214,    0
  5097, 99261,20200626,  217,    0
  5097, 34264,20200627,  205,    0
  5097, 99261,20200628,  193,    0
  5097, 99261,20200629,  161,    0
  5097, 34264,20200630,  139,    0
  5097, 99261,20200701,  124,    0
  5097, 99261,20200702,  128,    0
  5097, 99261,20200703,  112,    0
  5097, 99261,20200704,  127,    0
  5097, 99261,20200705,  127,    0
  5097, 99261,20200706,  121,    0
  5097, 99261,20200707,  105,    0
  5097, 99261,20200708,  122,    0
  5097, 99261,20200709,  137,    0
  5097, 99261,20200710,  131,    0
  5097, 99261,20200711,  145,    0
  5097, 99261,20200712,  147,    0
  5097, 99261,20200713,  150,    0
  5097, 99261,20200714,  131,    0
  5097, 99261,20200715,  161,    0
  5097, 99261,20200716,  150,    0
  5097, 99261,20200717,  160,    0
  5097, 99261,20200718,  154,    0
  5097, 99261,20200719,  154,    0
  5097, 99261,20200720,  153,    0
  5097, 99261,20200721,  135,    0
  5097, 99261,20200722,  124,    0
  5097, 99261,20200723,  134,    0
  5097, 99261,20200724,  140,    0
  5097, 99261,20200725,  149,    0
  5097, 99261,20200726,  145,    0
  5097, 99261,20200727,  160,    0
  5097, 99261,20200728,  130,    0
  5097, 99261,20200729,  128,    0
  5097, 99261,20200730,  171,    0
  5097, 99261,20200731,  191,    0
  5097, 99261,20200801,  187,    0
  5097, 99261,20200802,  154,    0
  5097, 99261,20200803,  156,    0
  5097, 99261,20200804,  147,    0
  5097, 99261,20200805,  137,    0
  5097, 99261,20200806,  177,    0
  5097, 99261,20200807,  190,    0
  5097, 99261,20200808,  198,    0
  5097, 99261,20200809,  180,    0
  5097, 99261,20200810,  174,    0
  5097, 99261,20200811,  191,    0
  5097, 99261,20200812,  198,    0
  5097, 99261,20200813,  191,    0
  5097, 99261,20200814,  193,    0
  5097, 99261,20200815,  190,    0
  5097, 99261,20200816,  177,    0
  5097, 99261,20200817,  191,    0
  5097, 99261,20200818,  202,    0
  5097, 99261,20200819,  186,    0
  5097, 99261,20200820,  191,    0
  5097, 99261,20200821,  171,    0
  5097, 99261,20200822,  173,    0
  5097, 99261,20200823,  151,    0
  5097, 34264,20200824,  106,    0
  5097, 34264,20200825,   96,    0
  5097, 99261,20200826,  113,    0
  5097, 99261,20200827,  117,    0
  5097, 99261,20200828,  126,    0
  5097, 99261,20200829,  123,    0
  5097, 99261,20200830,  111,    0
  5097, 99261,20200831,  110,    0
  5097, 99261,20200901,  117,    0
  5097, 99261,20200902,  129,    0
  5097, 99261,20200903,  131,    0
  5097, 99261,20200904,  144,    0
  5097, 99261,20200905,  116,    0
  5097, 99261,20200906,  108,    0
  5097, 99261,20200907,  112,    0
  5097, 99261,20200908,  141,    0
  5097, 99261,20200909,  120,    0
  5097, 99261,20200910,  107,    0
  5097, 99261,20200911,  101,    0
  5097, 99261,20200912,  120,    0
  5097, 99261,20200913,  111,    0
  5097, 99261,20200914,  161,    0
  5097, 99261,20200915,  149,    0
  5097, 99261,20200916,  119,    0
  5097, 99261,20200917,   99,    0
  5097, 99261,20200918,  139,    0
  5097, 99261,20200919,  117,    0
  5097, 99261,20200920,  127,    0
  5097, 99261,20200921,  140,    0
  5097, 99261,20200922,  124,    0
  5097, 99261,20200923,  142,    0
  5097, 99261,20200924,  126,    0
  5097, 99261,20200925,   86,    0
  5097, 99261,20200926,   68,    0
  5097, 99261,20200927,   99,    0
  5097, 99261,20200928,  116,    0
  5097, 99261,20200929,  114,    0
  5097, 99261,20200930,  115,    0
  5097, 99261,20201001,  108,    0
  5097, 99261,20201002,  117,    0
  5097, 99261,20201003,  116,    0
  5097, 99261,20201004,  123,    0
  5097, 99261,20201005,  120,    0
  5097, 99261,20201006,   99,    0
  5097, 99261,20201007,  106,    0
  5097, 99261,20201008,  101,    0
  5097, 99261,20201009,   89,    0
  5097, 99261,20201010,   65,    0
  5097, 99261,20201011,   83,    0
  5097, 34264,20201012,   43,    0
  5097, 99261,20201013,   42,    0
  5097, 99261,20201014,   37,    0
  5097, 34264,20201015,   38,    0
  5097, 99261,20201016,   67,    0
  5097, 99261,20201017,   42,    0
  5097, 99261,20201018,   45,    0
  5097, 99261,20201019,   30,    0
  5097, 99261,20201020,    7,    0
  5097, 99261,20201021,   47,    0
  5097, 99261,20201022,   59,    0
  5097, 99261,20201023,   36,    0
  5097, 99261,20201024,   41,    0
  5097, 99261,20201025,   94,    0
  5097, 99261,20201026,   73,    0
  5097, 99261,20201027,   77,    0
  5097, 99261,20201028,   78,    0
  5097, 99261,20201029,   62,    0
  5097, 99261,20201030,   20,    0
  5097, 99261,20201031,   55,    0
  5097, 99261,20201101,   92,    0
  5097, 99261,20201102,  106,    0
  5097, 99261,20201103,   65,    0
  5097, 99261,20201104,   48,    0
  5097, 99261,20201105,   99,    0
  5097, 99261,20201106,  109,    0
  5097, 99261,20201107,   44,    0
  5097, 99261,20201108,    9,    0
  5097, 99261,20201109,    6,    0
  5097, 99261,20201110,   30,    0
  5097, 99261,20201111,   53,    0
  5097, 99261,20201112,   48,    0
  5097, 99261,20201113,   43,    0
  5097, 99261,20201114,   58,    0
  5097, 99261,20201115,   83,    0
  5097, 99261,20201116,   82,    0
  5097, 99261,20201117,   75,    0
  5097, 99261,20201118,   98,    0
  5097, 99261,20201119,   29,    0
  5097, 99261,20201120,    0,    0
  5097, 99261,20201121,   47,    0
  5097, 99261,20201122,   43,    0
  5097, 99261,20201123,   42,    0
  5097, 99261,20201124,   60,    0
  5097, 99261,20201125,   87,    0
  5097, 99261,20201126,   19,    0
  5097, 99261,20201127,  -33,    0
  5097, 99261,20201128,  -39,    0
  5097, 99261,20201129,  -38,    0
  5097, 99261,20201130,   13,    0
  5097, 99261,20201201,    0,    0
  5097, 99261,20201202,    5,    0
  5097, 99261,20201203,    6,    0
  5097, 99261,20201204,   -1,    0
  5097, 99261,20201205,    7,    0
  5097, 99261,20201206,   18,    0
  5097, 34264,20201207,   36,    0
  5097, 34264,20201208,   17,    0
  5097, 99261,20201209,    6,    0
  5097, 99261,20201210,    5,    0
  5097, 99261,20201211,   -2,    0
  5097, 99261,20201212,    1,    0
  5097, 99261,20201213,    8,    0
  5097, 34264,20201214,   13,    0
  5097, 99261,20201215,    8,    0
  5097, 99261,20201216,   -6,    0
  5097, 99261,20201217,    6,    0
  5097, 99261,20201218,    8,    0
  5097, 99261,20201219,   57,    0
  5097, 99261,20201220,   60,    0
  5097, 99261,20201221,   41,    0
  5097, 34264,20201222,   34,    0
  5097, 99261,20201223,    6,    0
  5097, 99261,20201224,  -11,    0
  5097, 99261,20201225,  -21,    0
  5097, 99261,20201226,   -6,    0
  5097, 34264,20201227,   20,    0
  5097, 99261,20201228,   -1,    0
  5097, 99261,20201229,    6,    0
  5097, 99261,20201230,    2,    0
  5097, 99261,20201231,  -13,    0
  5097, 99261,20210101,  -13,    0
  5097, 99261,20210102,   -7,    0
  5097, 99261,20210103,  -43,    0
  5097, 99261,20210104,  -67,    0
  5097, 99261,20210105,  -86,    0
  5097, 99261,20210106, -107,    0
  5097, 99261,20210107,  -69,    0
  5097, 99261,20210108,  -66,    0
  5097, 99261,20210109,  -65,    0
  5097, 99261,20210110,  -45,    0
  5097, 99261,20210111,  -75,    0
  5097, 99261,20210112,  -75,    0
  5097, 99261,20210113,  -54,    0
  5097, 99261,20210114,  -72,    0
  5097, 99261,20210115, -115,    0
  5097, 99261,20210116, -125,    0
  5097, 99261,20210117,  -90,    0
  5097, 99261,20210118,  -59,    0
  5097, 99261,20210119,  -27,    0
  5097, 99261,20210120,   -7,    0
  5097, 99261,20210121,   15,    0
  5097, 99261,20210122,   21,    0
  5097, 99261,20210123,    4,    0
  5097, 99261,20210124,  -28,    0
  5097, 99261,20210125,  -70,    0
  5097, 99261,20210126, -102,    0
  5097, 99261,20210127, -107,    0
  5097, 99261,20210128, -118,    0
  5097, 99261,20210129, -132,    0
  5097, 99261,20210130, -151,    0
  5097, 99261,20210131, -144,    0
  5097, 99261,20210201, -120,    0
  5097, 99261,20210202,  -91,    0
  5097, 99261,20210203,  -95,    0
  5097, 99261,20210204, -117,    0
  5097, 99261,20210205, -110,    0
  5097, 99261,20210206, -100,    0
  5097, 99261,20210207,  -91,    0
  5097, 99261,20210208,  -74,    0
  5097, 99261,20210209,  -86,    0
  5097, 99261,20210210, -102,    0
  5097, 99261,20210211, -116,    0
  5097, 99261,20210212, -106,    0
  5097, 99261,20210213, -116,    0
  5097, 99261,20210214, -125,    0
  5097, 99261,20210215, -102,    0
  5097, 99261,20210216,  -47,    0
  5097, 99261,20210217,  -40,    0
  5097, 99261,20210218,  -36,    0
  5097, 99261,20210219,   -7,    0
  5097, 99261,20210220,   21,    0
  5097, 99261,20210221,   22,    0
  5097, 99261,20210222,   20,    0
  5097, 99261,20210223,   14,    0
  5097, 99261,20210224,   39,    0
  5097, 99261,20210225,   34,    0
  5097, 99261,20210226,   48,    0
  5097, 99261,20210227,   24,    0
  5097, 99261,20210228,   44,    0
  5097, 99261,20210301,   34,    0
  5097, 99261,20210302,   55,    0
  5097, 99261,20210303,  -12,    0
  5097, 99261,20210304,    7,    0
  5097, 99261,20210305,    2,    0
  5097, 99261,20210306,   23,    0
  5097, 99261,20210307,    3,    0
  5097, 99261,20210308,  -11,    0
  5097, 99261,20210309,    9,    0
  5097, 99261,20210310,  -27,    0
  5097, 99261,20210311,   -5,    0
  5097, 99261,20210312,   14,    0
  5097, 99261,20210313,    8,    0
  5097, 99261,20210314,   20,    0
  5097, 99261,20210315,   23,    0
  5097, 99261,20210316,   15,    0
  5097, 99261,20210317,    0,    0
  5097, 99261,20210318,   25,    0
  5097, 99261,20210319,    1,    0
  5097, 99261,20210320,   25,    0
  5097, 34264,20210321,   27,    0
  5097, 99261,20210322,   61,    0
  5097, 99261,20210323,   59,    0
  5097, 99261,20210324,   57,    0
  5097, 99261,20210325,   44,    0
  5097, 99261,20210326,   36,    0
  5097, 99261,20210327,   40,    0
  5097, 99261,20210328,   27,    0
  5097, 99261,20210329,   69,    0
  5097, 99261,20210330,  112,    0
  5097, 99261,20210331,   55,    0
  5097, 99261,20210401,   40,    0
  5097, 99261,20210402,   41,    0
  5097, 99261,20210403,   38,    0
  5097, 99261,20210404,   49,    0
  5097, 99261,20210405,   17,    0
  5097, 99261,20210406,   28,    0
  5097, 99261,20210407,   34,    0
  5097, 99261,20210408,   19,    0
  5097, 99261,20210409,   44,    0
  5097, 99261,20210410,   31,    0
  5097, 99261,20210411,   17,    0
  5097, 99261,20210412,    3,    0
  5097, 99261,20210413,   19,    0
  5097, 99261,20210414,   36,    0
  5097, 99261,20210415,   59,    0
  5097, 99261,20210416,   63,    0
  5097, 34264,20210417,   83,    0
  5097, 99261,20210418,   92,    0
  5097, 99261,20210419,   95,    0
  5097, 99261,20210420,   90,    0
  5097, 99261,20210421,   55,    0
  5097, 99261,20210422,   50,    0
  5097, 99261,20210423,   45,    0
  5097, 99261,20210424,   31,    0
  5097, 99261,20210425,   31,    0
  5097, 99261,20210426,   41,    0
  5097, 99261,20210427,   43,    0
  5097, 99261,20210428,   44,    0
  5097, 99261,20210429,   53,    0
  5097, 99261,20210430,   62,    0
  5097, 99261,20210501,   57,    0
  5097, 99261,20210502,   66,    0
  5097, 99261,20210503,   51,    0
  5097, 99261,20210504,   47,    0
  5097, 99261,20210505,   25,    0
  5097, 99261,20210506,   47,    0
  5097, 99261,20210507,   57,    0
  5097, 99261,20210508,   68,    0
  5097, 99261,20210509,   49,    0
  5097, 34264,20210510,   84,    0
  5097, 34264,20210511,   93,    0
  5097, 99261,20210512,   89,    0
  5097, 99261,20210513,  128,    0
  5097, 99261,20210514,  130,    0
  5097, 99261,20210515,   96,    0
  5097, 99261,20210516,   92,    0
  5097, 99261,20210517,   77,    0
  5097, 99261,20210518,  104,    0
  5097, 99261,20210519,  106,    0
  5097, 99261,20210520,  106,    0
  5097, 99261,20210521,   96,    0
  5097, 99261,20210522,   89,    0
  5097, 99261,20210523,   99,    0
  5097, 99261,20210524,   97,    0
  5097, 99261,20210525,  100,    0
  5097, 99261,20210526,   91,    0
  5097, 99261,20210527,  115,    0
  5097, 99261,20210528,  152,    0
  5097, 99261,20210529,  173,    0
  5097, 99261,20210530,  187,    0
  5097, 99261,20210531,  199,    0
  5097, 99261,20210601,  183,    0
  5097, 99261,20210602,  173,    0
  5097, 99261,20210603,  180,    0
  5097, 99261,20210604,  179,    0
  5097, 99261,20210605,  194,    0
  5097, 99261,20210606,  185,    0
  5097, 99261,20210607,  171,    0
  5097, 99261,20210608,  171,    0
  5097, 99261,20210609,  174,    0
  5097, 99261,20210610,  178,    0
  5097, 99261,20210611,  170,    0
  5097, 99261,20210612,  160,    0
  5097, 99261,20210613,  155,    0
  5097, 99261,20210614,  142,    0
  5097, 99261,20210615,  151,    0
  5097, 99261,20210616,  140,    0
  5097, 99261,20210617,  183,    0
  5097, 99261,20210618,  189,    0
  5097, 99261,20210619,  166,    0
  5097, 99261,20210620,  145,    0
  5097, 99261,20210621,  140,    0
  5097, 99261,20210622,  132,    0
  5097, 99261,20210623,  171,    0
  5097, 99261,20210624,  168,    0
  5097, 99261,20210625,  163,    0
  5097, 99261,20210626,  187,    0
  5097, 99261,20210627,  156,    0
  5097, 99261,20210628,  163,    0
  5097, 99261,20210629,  167,    0
  5097, 99261,20210630,  166,    0
  5097, 99261,20210701,  185,    0
  5097, 99261,20210702,  208,    0
  5097, 99261,20210703,  222,    0
  5097, 99261,20210704,  197,    0
  5097, 99261,20210705,  201,    0
  5097, 99261,20210706,  187,    0
  5097, 99261,20210707,  174,    0
  5097, 99261,20210708,  181,    0
  5097, 99261,20210709,  170,    0
  5097, 99261,20210710,  151,    0
  5097, 99261,20210711,  179,    0
  5097, 99261,20210712,  180,    0
  5097, 99261,20210713,  205,    0
  5097, 99261,20210714,  196,    0
  5097, 99261,20210715,  226,    0
  5097, 99261,20210716,  211,    0
  5097, 99261,20210717,  214,    0
  5097, 99261,20210718,  178,    0
  5097, 99261,20210719,  171,    0
  5097, 99261,20210720,  191,    0
  5097, 99261,20210721,  172,    0
  5097, 99261,20210722,  208,    0
  5097, 99261,20210723,  193,    0
  5097, 99261,20210724,  211,    0
  5097, 99261,20210725,  220,    0
  5097, 99261,20210726,  202,    0
  5097, 99261,20210727,  168,    0
  5097, 99261,20210728,  176,    0
  5097, 99261,20210729,  148,    0
  5097, 99261,20210730,  183,    0
  5097, 99261,20210731,  167,    0
  5097, 99261,20210801,  135,    0
  5097, 99261,20210802,  133,    0
  5097, 99261,20210803,  134,    0
  5097, 99261,20210804,  141,    0
  5097, 99261,20210805,  151,    0
  5097, 99261,20210806,  162,    0
  5097, 99261,20210807,  154,    0
  5097, 99261,20210808,  160,    0
  5097, 99261,20210809,  160,    0
  5097, 99261,20210810,  175,    0
  5097, 99261,20210811,  165,    0
  5097, 34264,20210812,  169,    0
  5097, 99261,20210813,  168,    0
  5097, 99261,20210814,  147,    0
  5097, 99261,20210815,  146,    0
  5097, 99261,20210816,  143,    0
  5097, 99261,20210817,  152,    0
  5097, 99261,20210818,  154,    0
  5097, 99261,20210819,  145,    0
  5097, 99261,20210820,  139,    0
  5097, 99261,20210821,  136,    0
  5097, 99261,20210822,  141,    0
  5097, 99261,20210823,  152,    0
  5097, 99261,20210824,  159,    0
  5097, 99261,20210825,  167,    0
  5097, 99261,20210826,  130,    0
  5097, 99261,20210827,  139,    0
  5097, 99261,20210828,  158,    0
  5097, 99261,20210829,  168,    0
  5097, 99261,20210830,  172,    0
  5097, 34264,20210831,  147,    0
  5097, 99261,20210901,  167,    0
  5097, 99261,20210902,  172,    0
  5097, 99261,20210903,  127,    0
  5097, 99261,20210904,  108,    0
  5097, 99261,20210905,  123,    0
  5097, 99261,20210906,  137,    0
  5097, 99261,20210907,  158,    0
  5097, 99261,20210908,  184,    0
  5097, 99261,20210909,  179,    0
  5097, 99261,20210910,  166,    0
  5097, 99261,20210911,  153,    0
  5097, 99261,20210912,  149,    0
  5097, 99261,20210913,  118,    0
  5097, 99261,20210914,  112,    0
  5097, 99261,20210915,  117,    0
  5097, 99261,20210916,  102,    0
  5097, 99261,20210917,   89,    0
  5097, 99261,20210918,   91,    0
  5097, 99261,20210919,   92,    0
  5097, 99261,20210920,   79,    0
  5097, 99261,20210921,  108,    0
  5097, 99261,20210922,  126,    0
  5097, 99261,20210923,  112,    0
  5097, 99261,20210924,   88,    0
  5097, 99261,20210925,  114,    0
  5097, 99261,20210926,   98,    0
  5097, 99261,20210927,  109,    0
  5097, 99261,20210928,  120,    0
  5097, 99261,20210929,  102,    0
  5097, 99261,20210930,   97,    0
  5097, 99261,20211001,  111,    0
  5097, 99261,20211002,  110,    0
  5097, 99261,20211003,  113,    0
  5097, 99261,20211004,  117,    0
  5097, 99261,20211005,  113,    0
  5097, 99261,20211006,   94,    0
  5097, 99261,20211007,  109,    0
  5097, 99261,20211008,  126,    0
  5097, 99261,20211009,  124,    0
  5097, 99261,20211010,  101,    0
  5097, 99261,20211011,   70,    0
  5097, 99261,20211012,   54,    0
  5097, 99261,20211013,   38,    0
  5097, 99261,20211014,   90,    0
  5097, 99261,20211015,   76,    0
  5097, 99261,20211016,   62,    0
  5097, 34264,20211017,    0,    0
  5097, 99261,20211018,   18,    0
  5097, 99261,20211019,    8,    0
  5097, 99261,20211020,   72,    0
  5097, 99261,20211021,   65,    0
  5097, 99261,20211022,   56,    0
  5097, 99261,20211023,   49,    0
  5097, 99261,20211024,   83,    0
  5097, 99261,20211025,   96,    0
  5097, 99261,20211026,   70,    0
  5097, 99261,20211027,   99,    0
  5097, 99261,20211028,  115,    0
  5097, 99261,20211029,  105,    0
  5097, 99261,20211030,   96,    0
  5097, 99261,20211031,   84,    0
  5097, 34264,20211101,   93,    0
  5097, 99261,20211102,   84,    0
  5097, 99261,20211103,   63,    0
  5097, 99261,20211104,   36,    0
  5097, 99261,20211105,   16,    0
  5097, 99261,20211106,   27,    0
  5097, 34264,20211107,   22,    0
  5097, 34264,20211108,   12,    0
  5097, 99261,20211109,   65,    0
  5097, 99261,20211110,   63,    0
  5097, 99261,20211111,   49,    0
  5097, 34264,20211112,    0,    0
  5097, 99261,20211113,   20,    0
  5097, 99261,20211114,    1,    0
  5097, 99261,20211115,   35,    0
  5097, 99261,20211116,   72,    0
  5097, 99261,20211117,   50,    0
  5097, 99261,20211118,   24,    0
  5097, 99261,20211119,   76,    0
  5097, 99261,20211120,   48,    0
  5097, 99261,20211121,    7,    0
  5097, 99261,20211122,  -10,    0
  5097, 99261,20211123,   10,    0
  5097, 99261,20211124,   54,    0
  5097, 99261,20211125,    1,    0
  5097, 99261,20211126,  -49,    0
  5097, 99261,20211127,  -54,    0
  5097, 99261,20211128,  -49,    0
  5097, 99261,20211129,  -83,    0
  5097, 34264,20211130,  -90,    0
  5097, 99261,20211201, -111,    0
  5097, 99261,20211202,  -83,    0
  5097, 99261,20211203, -108,    0
  5097, 99261,20211204,  -75,    0
  5097, 99261,20211205,  -76,    0
  5097, 99261,20211206, -117,    0
  5097, 99261,20211207, -111,    0
  5097, 99261,20211208,  -64,    0
  5097, 99261,20211209,  -25,    0
  5097, 99261,20211210,  -23,    0
  5097, 34264,20211211,    0,    0
  5097, 99261,20211212,    1,    0
  5097, 99261,20211213,   17,    0
  5097, 99261,20211214,    6,    0
  5097, 99261,20211215,   32,    0
  5097, 99261,20211216,   42,    0
  5097, 99261,20211217,   -1,    0
  5097, 99261,20211218,   38,    0
  5097, 99261,20211219,   23,    0
  5097, 99261,20211220,    0,    0
  5097, 99261,20211221,  -50,    0
  5097, 99261,20211222,  -30,    0
  5097, 99261,20211223,  -47,    0
  5097, 99261,20211224,  -78,    0
  5097, 99261,20211225,  -61,    0
  5097, 99261,20211226,  -64,    0
  5097, 99261,20211227, -118,    0
  5097, 99261,20211228,  -64,    0
  5097, 99261,20211229,  -73,    0
  5097, 99261,20211230,  -22,    0
  5097, 99261,20211231,  -37,    0
  5097, 99261,20220101,  -59,    0
  5097, 99261,20220102,   -8,    0
  5097, 99261,20220103,   10,    0
  5097, 99261,20220104,  -36,    0
  5097, 99261,20220105,  -36,    0
  5097, 99261,20220106,  -68,    0
  5097, 99261,20220107,  -73,    0
  5097, 99261,20220108,  -48,    0
  5097, 99261,20220109,  -30,    0
  5097, 99261,20220110,  -24,    0
  5097, 99261,20220111,    9,    0
  5097, 99261,20220112,    9,    0
  5097, 99261,20220113,   52,    0
  5097, 99261,20220114,   32,    0
  5097, 99261,20220115,  -24,    0
  5097, 99261,20220116,    1,    0
  5097, 99261,20220117,    1,    0
  5097, 99261,20220118,  -15,    0
  5097, 99261,20220119,   20,    0
  5097, 99261,20220120,  -18,    0
  5097, 99261,20220121,   -8,    0
  5097, 99261,20220122,   -5,    0
  5097, 99261,20220123,  -11,    0
  5097, 99261,20220124,    1,    0
  5097, 99261,20220125,  -10,    0
  5097, 99261,20220126,   22,    0
  5097, 99261,20220127,   36,    0
  5097, 99261,20220128,    7,    0
  5097, 99261,20220129,   43,    0
  5097, 99261,20220130,   19,    0
  5097, 99261,20220131,  -58,    0
  5097, 99261,20220201,  -73,    0
  5097, 99261,20220202,  -68,    0
  5097, 99261,20220203,  -84,    0
  5097, 99261,20220204,    4,    0
  5097, 99261,20220205,    1,    0
  5097, 99261,20220206,    0,    0
  5097, 99261,20220207,   13,    0
  5097, 99261,20220208,   31,    0
  5097, 99261,20220209,   22,    0
  5097, 99261,20220210,    9,    0
  5097, 99261,20220211,  -13,    0
  5097, 99261,20220212,   20,    0
  5097, 99261,20220213,   42,    0
  5097, 99261,20220214,    7,    0
  5097, 99261,20220215,   10,    0
  5097, 99261,20220216,    8,    0
  5097, 34264,20220217,    0,    0
  5097, 99261,20220218,    4,    0
  5097, 99261,20220219,  -14,    0
  5097, 99261,20220220,  -26,    0
  5097, 99261,20220221,  -16,    0
  5097, 99261,20220222,  -28,    0
  5097, 99261,20220223,    7,    0
  5097, 99261,20220224,   12,    0
  5097, 99261,20220225,    2,    0
  5097, 99261,20220226,   -7,    0
  5097, 99261,20220227,   30,    0
  5097, 99261,20220228,   18,    0
  5097, 99261,20220301,   35,    0
  5097, 99261,20220302,   35,    0
  5097, 34264,20220303,  -17,    0
  5097, 99261,20220304,  -15,    0
  5097, 99261,20220305,  -10,    0
  5097, 99261,20220306,   20,    0
  5097, 99261,20220307,   29,    0
  5097, 99261,20220308,  -12,    0
  5097, 99261,20220309,  -34,    0
  5097, 34264,20220310,    0,    0
  5097, 99261,20220311,    9,    0
  5097, 99261,20220312,  -18,    0
  5097, 99261,20220313,   -3,    0
  5097, 99261,20220314,    7,    0
  5097, 99261,20220315,    9,    0
  5097, 99261,20220316,   16,    0
  5097, 99261,20220317,   10,    0
  5097, 99261,20220318,   37,    0
  5097, 99261,20220319,   39,    0
  5097, 99261,20220320,   30,    0
  5097, 99261,20220321,   22,    0
  5097, 99261,20220322,   29,    0
  5097, 99261,20220323,   37,    0
  5097, 99261,20220324,   37,    0
  5097, 99261,20220325,   92,    0
  5097, 99261,20220326,   51,    0
  5097, 99261,20220327,   62,    0
  5097, 99261,20220328,   69,    0
  5097, 99261,20220329,   -1,    0
  5097, 99261,20220330,  -11,    0
  5097, 99261,20220331,   -1,    0
  5097, 99261,20220401,  -15,    0
  5097, 99261,20220402,    5,    0
  5097, 99261,20220403,   30,    0
  5097, 99261,20220404,    9,    0
  5097, 99261,20220405,    3,    0
  5097, 99261,20220406,    6,    0
  5097, 99261,20220407,    2,    0
  5097, 99261,20220408,    6,    0
  5097, 99261,20220409,   37,    0
  5097, 99261,20220410,   68,    0
  5097, 99261,20220411,   44,    0
  5097, 99261,20220412,   45,    0
  5097, 99261,20220413,   26,    0
  5097, 99261,20220414,   34,    0
  5097, 99261,20220415,   60,    0
  5097, 99261,20220416,   65,    0
  5097, 99261,20220417,   59,    0
  5097, 99261,20220418,   59,    0
  5097, 99261,20220419,   89,    0
  5097, 99261,20220420,  112,    0
  5097, 99261,20220421,  115,    0
  5097, 99261,20220422,  125,    0
  5097, 99261,20220423,   86,    0
  5097, 99261,20220424,   69,    0
  5097, 99261,20220425,   94,    0
  5097, 99261,20220426,   64,    0
  5097, 99261,20220427,   36,    0
  5097, 99261,20220428,   76,    0
  5097, 99261,20220429,   73,    0
  5097, 99261,20220430,   80,    0
  5097, 34264,20220501,   87,    0
  5097, 34264,20220502,   79,    0
  5097, 34264,20220503,   59,    0
  5097, 34264,20220504,   71,    0
  5097, 34264,20220505,  102,    0
  5097, 34264,20220506,  101,    0
  5097, 34264,20220507,  109,    0
  5097, 34264,20220508,   75,    0
  5097, 34264,20220509,  103,    0
  5097, 34264,20220510,   94,    0
  5097, 34264,20220511,   80,    0
  5097, 34264,20220512,  104,    0
  5097, 34264,20220513,   90,    0
  5097, 34264,20220514,  110,    0
  5097, 99261,20220515,  120,    0
  5097, 99261,20220516,  103,    0
  5097, 99261,20220517,  107,    0
  5097, 99261,20220518,  111,    0
  5097, 34264,20220519,  127,    0
  5097, 34264,20220520,  145,    0
  5097, 99261,20220521,   97,    0
  5097, 99261,20220522,  116,    0
  5097, 99261,20220523,  133,    0
  5097, 99261,20220524,  118,    0
  5097, 99261,20220525,  118,    0
  5097, 99261,20220526,   98,    0
  5097, 99261,20220527,   85,    0
  5097, 99261,20220528,  125,    0
  5097, 99261,20220529,   93,    0
  5097, 99261,20220530,  117,    0
  5097, 99261,20220531,  125,    0
  5097, 99261,20220601,  121,    0
  5097, 99261,20220602,  123,    0
  5097, 99261,20220603,  133,    0
  5097, 99261,20220604,  151,    0
  5097, 99261,20220605,  155,    0
  5097, 99261,20220606,  175,    0
  5097, 99261,20220607,  154,    0
  5097, 99261,20220608,  136,    0
  5097, 99261,20220609,  144,    0
  5097, 99261,20220610,  153,    0
  5097, 99261,20220611,  138,    0
  5097, 99261,20220612,  139,    0
  5097, 99261,20220613,  146,    0
  5097, 99261,20220614,  170,    0
  5097, 99261,20220615,  163,    0
  5097, 99261,20220616,  166,    0
  5097, 99261,20220617,  157,    0
  5097, 99261,20220618,  155,    0
  5097, 99261,20220619,  134,    0
  5097, 99261,20220620,  167,    0
  5097, 99261,20220621,  160,    0
  5097, 99261,20220622,  170,    0
  5097, 99261,20220623,  186,    0
  5097, 99261,20220624,  205,    0
  5097, 99261,20220625,  217,    0
  5097, 99261,20220626,  187,    0
  5097, 99261,20220627,  178,    0
  5097, 99261,20220628,  176,    0
  5097, 99261,20220629,  168,    0
  5097, 99261,20220630,  208,    0
  5097, 99261,20220701,  204,    0
  5097, 99261,20220702,  169,    0
  5097, 99261,20220703,  154,    0
  5097, 99261,20220704,  149,    0
  5097, 99261,20220705,  154,    0
  5097, 99261,20220706,  144,    0
  5097, 99261,20220707,  161,    0
  5097, 99261,20220708,  175,    0
  5097, 99261,20220709,  159,    0
  5097, 99261,20220710,  157,    0
  5097, 99261,20220711,  170,    0
  5097, 99261,20220712,  177,    0
  5097, 99261,20220713,  170,    0
  5097, 99261,20220714,  147,    0
  5097, 99261,20220715,  145,    0
  5097, 99261,20220716,  153,    0
  5097, 99261,20220717,  163,    0
  5097, 99261,20220718,  170,    0
  5097, 99261,20220719,  191,    0
  5097, 99261,20220720,  224,    0
  5097, 99261,20220721,  211,    0
  5097, 99261,20220722,  153,    0
  5097, 99261,20220723,  159,    0
  5097, 99261,20220724,  158,    0
  5097, 99261,20220725,  160,    0
  5097, 99261,20220726,  169,    0
  5097, 99261,20220727,  163,    0
  5097, 99261,20220728,  154,    0
  5097, 99261,20220729,  173,    0
  5097, 99261,20220730,  172,    0
  5097, 99261,20220731,  170,    0
  5097, 99261,20220801,  158,    0
  5097, 99261,20220802,  128,    0
  5097, 99261,20220803,  177,    0
  5097, 99261,20220804,  161,    0
  5097, 99261,20220805,  164,    0
  5097, 99261,20220806,  151,    0
  5097, 99261,20220807,  139,    0
  5097, 99261,20220808,  163,    0
  5097, 34264,20220809,  148,    0
  5097, 99261,20220810,  197,    0
  5097, 99261,20220811,  199,    0
  5097, 99261,20220812,  198,    0
  5097, 99261,20220813,  192,    0
  5097, 99261,20220814,  203,    0
  5097, 34264,20220815,  195,    0
  5097, 99261,20220816,  187,    0
  5097, 34264,20220817,  190,    0
  5097, 99261,20220818,  152,    0
  5097, 99261,20220819,  185,    0
  5097, 99261,20220820,  174,    0
  5097, 99261,20220821,  145,    0
  5097, 99261,20220822,  140,    0
  5097, 99261,20220823,  141,    0
  5097, 99261,20220824,  155,    0
  5097, 99261,20220825,  184,    0
  5097, 99261,20220826,  159,    0
  5097, 99261,20220827,  173,    0
  5097, 99261,20220828,  155,    0
  5097, 99261,20220829,  132,    0
  5097, 99261,20220830,  119,    0
  5097, 99261,20220831,  127,    0
  5097, 99261,20220901,  127,    0
  5097, 99261,20220902,  114,    0
  5097, 99261,20220903,  112,    0
  5097, 99261,20220904,  108,    0
  5097, 99261,20220905,  136,    0
  5097, 99261,20220906,  133,    0
  5097, 99261,20220907,  129,    0
  5097, 99261,20220908,  121,    0
  5097, 99261,20220909,  118,    0
  5097, 99261,20220910,  112,    0
  5097, 99261,20220911,  127,    0
  5097, 99261,20220912,  138,    0
  5097, 99261,20220913,  122,    0
  5097, 99261,20220914,  115,    0
  5097, 99261,20220915,  118,    0
  5097, 99261,20220916,  123,    0
  5097, 99261,20220917,  119,    0
  5097, 99261,20220918,  111,    0
  5097, 99261,20220919,  101,    0
  5097, 99261,20220920,   88,    0
  5097, 99261,20220921,   74,    0
  5097, 99261,20220922,   97,    0
  5097, 99261,20220923,  118,    0
  5097, 99261,20220924,  103,    0
  5097, 99261,20220925,   98,    0
  5097, 99261,20220926,   90,    0
  5097, 99261,20220927,   99,    0
  5097, 99261,20220928,  107,    0
  5097, 99261,20220929,   77,    0
  5097, 99261,20220930,   76,    0
  5097, 99261,20221001,   95,    0
  5097, 99261,20221002,   90,    0
  5097, 99261,20221003,   81,    0
  5097, 99261,20221004,   84,    0
  5097, 99261,20221005,  131,    0
  5097, 99261,20221006,  102,    0
  5097, 99261,20221007,  116,    0
  5097, 99261,20221008,   84,    0
  5097, 99261,20221009,   88,    0
  5097, 99261,20221010,   97,    0
  5097, 99261,20221011,   70,    0
  5097, 99261,20221012,   69,    0
  5097, 99261,20221013,   97,    0
  5097, 99261,20221014,   90,    0
  5097, 99261,20221015,   89,    0
  5097, 99261,20221016,   64,    0
  5097, 99261,20221017,   56,    0
  5097, 99261,20221018,   63,    0
  5097, 99261,20221019,   29,    0
  5097, 99261,20221020,   18,    0
  5097, 99261,20221021,   27,    0
  5097, 99261,20221022,   38,    0
  5097, 99261,20221023,   19,    0
  5097, 99261,20221024,   51,    0
  5097, 99261,20221025,   71,    0
  5097, 99261,20221026,   38,    0
  5097, 99261,20221027,   95,    0
  5097, 99261,20221028,  110,    0
  5097, 99261,20221029,   98,    0
  5097, 99261,20221030,   33,    0
  5097, 99261,20221031,   88,    0
