EUROPEAN CLIMATE ASSESSMENT & DATASET (ECA&D), file created on: 16-11-2022
THESE DATA CAN BE USED FOR NON-COMMERCIAL RESEARCH AND EDUCATION PROVIDED THAT THE FOLLOWING SOURCE IS ACKNOWLEDGED: 

Klein Tank, A.M.G. and Coauthors, 2002. Daily dataset of 20th-century surface
air temperature and precipitation series for the European Climate Assessment.
Int. J. of Climatol., 22, 1441-1453.
Data and metadata available at http://www.ecad.eu

FILE FORMAT (MISSING VALUE CODE = -9999):

01-06 STAID: Station identifier
08-13 SOUID: Source identifier
15-22 DATE : Date YYYYMMDD
24-28 TG   : Mean temperature in 0.1 &#176;C
30-34 Q_TG : quality code for TG (0='valid'; 1='suspect'; 9='missing')

This is the blended series of station AS - RUSTADSKOGEN, NORWAY (STAID: 4985)
Blended and updated with sources:32920 
See files sources.txt and stations.txt for more info.

STAID, SOUID,    DATE,   TG, Q_TG
  4985, 32920,20170123,-9999,    9
  4985, 32920,20170124,  -38,    0
  4985, 32920,20170125,    4,    0
  4985, 32920,20170126,   17,    0
  4985, 32920,20170127,    1,    0
  4985, 32920,20170128,   -3,    0
  4985, 32920,20170129,   -3,    0
  4985, 32920,20170130,   11,    0
  4985, 32920,20170131,   -2,    0
  4985, 32920,20170201,   -5,    0
  4985, 32920,20170202,   -7,    0
  4985, 32920,20170203,   -3,    0
  4985, 32920,20170204,  -12,    0
  4985, 32920,20170205,   -3,    0
  4985, 32920,20170206,  -17,    0
  4985, 32920,20170207,  -69,    0
  4985, 32920,20170208,  -70,    0
  4985, 32920,20170209,  -61,    0
  4985, 32920,20170210,  -41,    0
  4985, 32920,20170211,  -43,    0
  4985, 32920,20170212,  -62,    0
  4985, 32920,20170213,  -56,    0
  4985, 32920,20170214,  -58,    0
  4985, 32920,20170215,  -38,    0
  4985, 32920,20170216,  -14,    0
  4985, 32920,20170217,  -17,    0
  4985, 32920,20170218,  -23,    0
  4985, 32920,20170219,   31,    0
  4985, 32920,20170220,   33,    0
  4985, 32920,20170221,   17,    0
  4985, 32920,20170222,   13,    0
  4985, 32920,20170223,  -26,    0
  4985, 32920,20170224,  -35,    0
  4985, 32920,20170225,  -35,    0
  4985, 32920,20170226,  -11,    0
  4985, 32920,20170227,   20,    0
  4985, 32920,20170228,   24,    0
  4985, 32920,20170301,   15,    0
  4985, 32920,20170302,   -8,    0
  4985, 32920,20170303,   -4,    0
  4985, 32920,20170304,    0,    0
  4985, 32920,20170305,  -18,    0
  4985, 32920,20170306,  -31,    0
  4985, 32920,20170307,  -36,    0
  4985, 32920,20170308,  -27,    0
  4985, 32920,20170309,    9,    0
  4985, 32920,20170310,   11,    0
  4985, 32920,20170311,    3,    0
  4985, 32920,20170312,   22,    0
  4985, 32920,20170313,   21,    0
  4985, 32920,20170314,   39,    0
  4985, 32920,20170315,   39,    0
  4985, 32920,20170316,   40,    0
  4985, 32920,20170317,   43,    0
  4985, 32920,20170318,    7,    0
  4985, 32920,20170319,   -3,    0
  4985, 32920,20170320,   19,    0
  4985, 32920,20170321,   33,    0
  4985, 32920,20170322,   28,    0
  4985, 32920,20170323,   15,    0
  4985, 32920,20170324,   29,    0
  4985, 32920,20170325,   53,    0
  4985, 32920,20170326,   77,    0
  4985, 32920,20170327,   63,    0
  4985, 32920,20170328,   54,    0
  4985, 32920,20170329,   29,    0
  4985, 32920,20170330,   27,    0
  4985, 32920,20170331,   37,    0
  4985, 32920,20170401,   60,    0
  4985, 32920,20170402,   73,    0
  4985, 32920,20170403,   51,    0
  4985, 32920,20170404,   51,    0
  4985, 32920,20170405,   63,    0
  4985, 32920,20170406,   50,    0
  4985, 32920,20170407,   91,    0
  4985, 32920,20170408,   85,    0
  4985, 32920,20170409,   71,    0
  4985, 32920,20170410,   85,    0
  4985, 32920,20170411,   61,    0
  4985, 32920,20170412,   52,    0
  4985, 32920,20170413,   28,    0
  4985, 32920,20170414,    1,    0
  4985, 32920,20170415,  -11,    0
  4985, 32920,20170416,   11,    0
  4985, 32920,20170417,   17,    0
  4985, 32920,20170418,   14,    0
  4985, 32920,20170419,   34,    0
  4985, 32920,20170420,   65,    0
  4985, 32920,20170421,   69,    0
  4985, 32920,20170422,   61,    0
  4985, 32920,20170423,   46,    0
  4985, 32920,20170424,   12,    0
  4985, 32920,20170425,   28,    0
  4985, 32920,20170426,   41,    0
  4985, 32920,20170427,   21,    0
  4985, 32920,20170428,   31,    0
  4985, 32920,20170429,   55,    0
  4985, 32920,20170430,   58,    0
  4985, 32920,20170501,   77,    0
  4985, 32920,20170502,  102,    0
  4985, 32920,20170503,  109,    0
  4985, 32920,20170504,  102,    0
  4985, 32920,20170505,  136,    0
  4985, 32920,20170506,  156,    0
  4985, 32920,20170507,   87,    0
  4985, 32920,20170508,   59,    0
  4985, 32920,20170509,   46,    0
  4985, 32920,20170510,   15,    0
  4985, 32920,20170511,   31,    0
  4985, 32920,20170512,   59,    0
  4985, 32920,20170513,   69,    0
  4985, 32920,20170514,   84,    0
  4985, 32920,20170515,   89,    0
  4985, 32920,20170516,   81,    0
  4985, 32920,20170517,  110,    0
  4985, 32920,20170518,  136,    0
  4985, 32920,20170519,  135,    0
  4985, 32920,20170520,  149,    0
  4985, 32920,20170521,  138,    0
  4985, 32920,20170522,  119,    0
  4985, 32920,20170523,  125,    0
  4985, 32920,20170524,  141,    0
  4985, 32920,20170525,  152,    0
  4985, 32920,20170526,  170,    0
  4985, 32920,20170527,  162,    0
  4985, 32920,20170528,  151,    0
  4985, 32920,20170529,  161,    0
  4985, 32920,20170530,  124,    0
  4985, 32920,20170531,  129,    0
  4985, 32920,20170601,  113,    0
  4985, 32920,20170602,   98,    0
  4985, 32920,20170603,  107,    0
  4985, 32920,20170604,  119,    0
  4985, 32920,20170605,  144,    0
  4985, 32920,20170606,  149,    0
  4985, 32920,20170607,  122,    0
  4985, 32920,20170608,  118,    0
  4985, 32920,20170609,  115,    0
  4985, 32920,20170610,  140,    0
  4985, 32920,20170611,  128,    0
  4985, 32920,20170612,  146,    0
  4985, 32920,20170613,  156,    0
  4985, 32920,20170614,  161,    0
  4985, 32920,20170615,  157,    0
  4985, 32920,20170616,  146,    0
  4985, 32920,20170617,  169,    0
  4985, 32920,20170618,  192,    0
  4985, 32920,20170619,  157,    0
  4985, 32920,20170620,  149,    0
  4985, 32920,20170621,  140,    0
  4985, 32920,20170622,  141,    0
  4985, 32920,20170623,  131,    0
  4985, 32920,20170624,  142,    0
  4985, 32920,20170625,  135,    0
  4985, 32920,20170626,  132,    0
  4985, 32920,20170627,  136,    0
  4985, 32920,20170628,  142,    0
  4985, 32920,20170629,  156,    0
  4985, 32920,20170630,  166,    0
  4985, 32920,20170701,  181,    0
  4985, 32920,20170702,  172,    0
  4985, 32920,20170703,  157,    0
  4985, 32920,20170704,  143,    0
  4985, 32920,20170705,  144,    0
  4985, 32920,20170706,  142,    0
  4985, 32920,20170707,  150,    0
  4985, 32920,20170708,  153,    0
  4985, 32920,20170709,  159,    0
  4985, 32920,20170710,  143,    0
  4985, 32920,20170711,  148,    0
  4985, 32920,20170712,  138,    0
  4985, 32920,20170713,  143,    0
  4985, 32920,20170714,  151,    0
  4985, 32920,20170715,  161,    0
  4985, 32920,20170716,  158,    0
  4985, 32920,20170717,  147,    0
  4985, 32920,20170718,  159,    0
  4985, 32920,20170719,  159,    0
  4985, 32920,20170720,  166,    0
  4985, 32920,20170721,  153,    0
  4985, 32920,20170722,  175,    0
  4985, 32920,20170723,  176,    0
  4985, 32920,20170724,  166,    0
  4985, 32920,20170725,  171,    0
  4985, 32920,20170726,  166,    0
  4985, 32920,20170727,  156,    0
  4985, 32920,20170728,  152,    0
  4985, 32920,20170729,  144,    0
  4985, 32920,20170730,  151,    0
  4985, 32920,20170731,  150,    0
  4985, 32920,20170801,  150,    0
  4985, 32920,20170802,  146,    0
  4985, 32920,20170803,  132,    0
  4985, 32920,20170804,  150,    0
  4985, 32920,20170805,  155,    0
  4985, 32920,20170806,  146,    0
  4985, 32920,20170807,  127,    0
  4985, 32920,20170808,  150,    0
  4985, 32920,20170809,  139,    0
  4985, 32920,20170810,  166,    0
  4985, 32920,20170811,  155,    0
  4985, 32920,20170812,  155,    0
  4985, 32920,20170813,  136,    0
  4985, 32920,20170814,  125,    0
  4985, 32920,20170815,  139,    0
  4985, 32920,20170816,  163,    0
  4985, 32920,20170817,  146,    0
  4985, 32920,20170818,  156,    0
  4985, 32920,20170819,  146,    0
  4985, 32920,20170820,  132,    0
  4985, 32920,20170821,  135,    0
  4985, 32920,20170822,  113,    0
  4985, 32920,20170823,  119,    0
  4985, 32920,20170824,  125,    0
  4985, 32920,20170825,  136,    0
  4985, 32920,20170826,  132,    0
  4985, 32920,20170827,  130,    0
  4985, 32920,20170828,  149,    0
  4985, 32920,20170829,  162,    0
  4985, 32920,20170830,  135,    0
  4985, 32920,20170831,  118,    0
  4985, 32920,20170901,  124,    0
  4985, 32920,20170902,  115,    0
  4985, 32920,20170903,  116,    0
  4985, 32920,20170904,  107,    0
  4985, 32920,20170905,  123,    0
  4985, 32920,20170906,  120,    0
  4985, 32920,20170907,  104,    0
  4985, 32920,20170908,  106,    0
  4985, 32920,20170909,  119,    0
  4985, 32920,20170910,  117,    0
  4985, 32920,20170911,  121,    0
  4985, 32920,20170912,  121,    0
  4985, 32920,20170913,  106,    0
  4985, 32920,20170914,  111,    0
  4985, 32920,20170915,  103,    0
  4985, 32920,20170916,  100,    0
  4985, 32920,20170917,  100,    0
  4985, 32920,20170918,  117,    0
  4985, 32920,20170919,  107,    0
  4985, 32920,20170920,   89,    0
  4985, 32920,20170921,   86,    0
  4985, 32920,20170922,  110,    0
  4985, 32920,20170923,  114,    0
  4985, 32920,20170924,  124,    0
  4985, 32920,20170925,  126,    0
  4985, 32920,20170926,  120,    0
  4985, 32920,20170927,  126,    0
  4985, 32920,20170928,  118,    0
  4985, 32920,20170929,  105,    0
  4985, 32920,20170930,  103,    0
  4985, 32920,20171001,  103,    0
  4985, 32920,20171002,  110,    0
  4985, 32920,20171003,  114,    0
  4985, 32920,20171004,   69,    0
  4985, 32920,20171005,   56,    0
  4985, 32920,20171006,   74,    0
  4985, 32920,20171007,   65,    0
  4985, 32920,20171008,   65,    0
  4985, 32920,20171009,   49,    0
  4985, 32920,20171010,   35,    0
  4985, 32920,20171011,   51,    0
  4985, 32920,20171012,   80,    0
  4985, 32920,20171013,   70,    0
  4985, 32920,20171014,  110,    0
  4985, 32920,20171015,   98,    0
  4985, 32920,20171016,  116,    0
  4985, 32920,20171017,   99,    0
  4985, 32920,20171018,   45,    0
  4985, 32920,20171019,   28,    0
  4985, 32920,20171020,   61,    0
  4985, 32920,20171021,   64,    0
  4985, 32920,20171022,   48,    0
  4985, 32920,20171023,   32,    0
  4985, 32920,20171024,   39,    0
  4985, 32920,20171025,   47,    0
  4985, 32920,20171026,   55,    0
  4985, 32920,20171027,   51,    0
  4985, 32920,20171028,   83,    0
  4985, 32920,20171029,   55,    0
  4985, 32920,20171030,   12,    0
  4985, 32920,20171031,   33,    0
  4985, 32920,20171101,   47,    0
  4985, 32920,20171102,   42,    0
  4985, 32920,20171103,   37,    0
  4985, 32920,20171104,   46,    0
  4985, 32920,20171105,   54,    0
  4985, 32920,20171106,   18,    0
  4985, 32920,20171107,   34,    0
  4985, 32920,20171108,   45,    0
  4985, 32920,20171109,   64,    0
  4985, 32920,20171110,   23,    0
  4985, 32920,20171111,  -14,    0
  4985, 32920,20171112,  -21,    0
  4985, 32920,20171113,   -8,    0
  4985, 32920,20171114,  -15,    0
  4985, 32920,20171115,   11,    0
  4985, 32920,20171116,   10,    0
  4985, 32920,20171117,   34,    0
  4985, 32920,20171118,   10,    0
  4985, 32920,20171119,  -13,    0
  4985, 32920,20171120,  -45,    0
  4985, 32920,20171121,  -45,    0
  4985, 32920,20171122,  -33,    0
  4985, 32920,20171123,   63,    0
  4985, 32920,20171124,   20,    0
  4985, 32920,20171125,    1,    0
  4985, 32920,20171126,   13,    0
  4985, 32920,20171127,    2,    0
  4985, 32920,20171128,  -14,    0
  4985, 32920,20171129,   -4,    0
  4985, 32920,20171130,  -12,    0
  4985, 32920,20171201,  -35,    0
  4985, 32920,20171202,  -43,    0
  4985, 32920,20171203,  -33,    0
  4985, 32920,20171204,  -44,    0
  4985, 32920,20171205,   -2,    0
  4985, 32920,20171206,    1,    0
  4985, 32920,20171207,   60,    0
  4985, 32920,20171208,   36,    0
  4985, 32920,20171209,   12,    0
  4985, 32920,20171210,  -59,    0
  4985, 32920,20171211,  -25,    0
  4985, 32920,20171212,  -62,    0
  4985, 32920,20171213,  -45,    0
  4985, 32920,20171214,  -17,    0
  4985, 32920,20171215,  -24,    0
  4985, 32920,20171216,  -39,    0
  4985, 32920,20171217, -104,    0
  4985, 32920,20171218,  -23,    0
  4985, 32920,20171219,  -49,    0
  4985, 32920,20171220,   -4,    0
  4985, 32920,20171221,  -43,    0
  4985, 32920,20171222,  -11,    0
  4985, 32920,20171223,   18,    0
  4985, 32920,20171224,  -15,    0
  4985, 32920,20171225,    8,    0
  4985, 32920,20171226,   18,    0
  4985, 32920,20171227,   16,    0
  4985, 32920,20171228,    4,    0
  4985, 32920,20171229,  -10,    0
  4985, 32920,20171230,  -36,    0
  4985, 32920,20171231,  -17,    0
  4985, 32920,20180101,   28,    0
  4985, 32920,20180102,  -20,    0
  4985, 32920,20180103,   -6,    0
  4985, 32920,20180104,    1,    0
  4985, 32920,20180105,  -24,    0
  4985, 32920,20180106,  -63,    0
  4985, 32920,20180107,  -63,    0
  4985, 32920,20180108,  -29,    0
  4985, 32920,20180109,  -60,    0
  4985, 32920,20180110,  -50,    0
  4985, 32920,20180111,  -28,    0
  4985, 32920,20180112,  -36,    0
  4985, 32920,20180113,  -31,    0
  4985, 32920,20180114,  -37,    0
  4985, 32920,20180115,  -23,    0
  4985, 32920,20180116,   -4,    0
  4985, 32920,20180117,  -22,    0
  4985, 32920,20180118,  -41,    0
  4985, 32920,20180119,  -36,    0
  4985, 32920,20180120,  -33,    0
  4985, 32920,20180121,  -38,    0
  4985, 32920,20180122,  -46,    0
  4985, 32920,20180123,  -12,    0
  4985, 32920,20180124,   32,    0
  4985, 32920,20180125,   35,    0
  4985, 32920,20180126,   -8,    0
  4985, 32920,20180127,  -53,    0
  4985, 32920,20180128,   -5,    0
  4985, 32920,20180129,  -27,    0
  4985, 32920,20180130,  -47,    0
  4985, 32920,20180131,    9,    0
  4985, 32920,20180201,   -1,    0
  4985, 32920,20180202,  -68,    0
  4985, 32920,20180203,  -79,    0
  4985, 32920,20180204,  -95,    0
  4985, 32920,20180205, -101,    0
  4985, 32920,20180206,  -62,    0
  4985, 32920,20180207,  -59,    0
  4985, 32920,20180208,  -38,    0
  4985, 32920,20180209,   -4,    0
  4985, 32920,20180210,  -19,    0
  4985, 32920,20180211,  -22,    0
  4985, 32920,20180212,  -10,    0
  4985, 32920,20180213,  -51,    0
  4985, 32920,20180214,    0,    0
  4985, 32920,20180215,  -11,    0
  4985, 32920,20180216,  -21,    0
  4985, 32920,20180217,  -51,    0
  4985, 32920,20180218,   -5,    0
  4985, 32920,20180219,  -17,    0
  4985, 32920,20180220,  -44,    0
  4985, 32920,20180221,  -34,    0
  4985, 32920,20180222,  -51,    0
  4985, 32920,20180223,  -44,    0
  4985, 32920,20180224,  -45,    0
  4985, 32920,20180225,  -84,    0
  4985, 32920,20180226, -111,    0
  4985, 32920,20180227, -102,    0
  4985, 32920,20180228, -125,    0
  4985, 32920,20180301, -120,    0
  4985, 32920,20180302,  -81,    0
  4985, 32920,20180303,  -69,    0
  4985, 32920,20180304,  -53,    0
  4985, 32920,20180305,  -52,    0
  4985, 32920,20180306,  -42,    0
  4985, 32920,20180307,  -18,    0
  4985, 32920,20180308,  -22,    0
  4985, 32920,20180309,  -41,    0
  4985, 32920,20180310,  -46,    0
  4985, 32920,20180311,  -29,    0
  4985, 32920,20180312,   -8,    0
  4985, 32920,20180313,    2,    0
  4985, 32920,20180314,  -32,    0
  4985, 32920,20180315,  -50,    0
  4985, 32920,20180316,  -80,    0
  4985, 32920,20180317,  -90,    0
  4985, 32920,20180318,  -89,    0
  4985, 32920,20180319,  -28,    0
  4985, 32920,20180320,    8,    0
  4985, 32920,20180321,    9,    0
  4985, 32920,20180322,    4,    0
  4985, 32920,20180323,   -5,    0
  4985, 32920,20180324,   17,    0
  4985, 32920,20180325,   15,    0
  4985, 32920,20180326,  -16,    0
  4985, 32920,20180327,  -40,    0
  4985, 32920,20180328,  -52,    0
  4985, 32920,20180329,  -45,    0
  4985, 32920,20180330,  -36,    0
  4985, 32920,20180331,  -34,    0
  4985, 32920,20180401,  -13,    0
  4985, 32920,20180402,  -13,    0
  4985, 32920,20180403,  -17,    0
  4985, 32920,20180404,   20,    0
  4985, 32920,20180405,   24,    0
  4985, 32920,20180406,   40,    0
  4985, 32920,20180407,   20,    0
  4985, 32920,20180408,   26,    0
  4985, 32920,20180409,   24,    0
  4985, 32920,20180410,   24,    0
  4985, 32920,20180411,   25,    0
  4985, 32920,20180412,   35,    0
  4985, 32920,20180413,   53,    0
  4985, 32920,20180414,   79,    0
  4985, 32920,20180415,   89,    0
  4985, 32920,20180416,   63,    0
  4985, 32920,20180417,   63,    0
  4985, 32920,20180418,   91,    0
  4985, 32920,20180419,   87,    0
  4985, 32920,20180420,   78,    0
  4985, 32920,20180421,  100,    0
  4985, 32920,20180422,   78,    0
  4985, 32920,20180423,   67,    0
  4985, 32920,20180424,   66,    0
  4985, 32920,20180425,   72,    0
  4985, 32920,20180426,   61,    0
  4985, 32920,20180427,   62,    0
  4985, 32920,20180428,   63,    0
  4985, 32920,20180429,   72,    0
  4985, 32920,20180430,   78,    0
  4985, 32920,20180501,   46,    0
  4985, 32920,20180502,   77,    0
  4985, 32920,20180503,   67,    0
  4985, 32920,20180504,   73,    0
  4985, 32920,20180505,  113,    0
  4985, 32920,20180506,  121,    0
  4985, 32920,20180507,  127,    0
  4985, 32920,20180508,  143,    0
  4985, 32920,20180509,  155,    0
  4985, 32920,20180510,  164,    0
  4985, 32920,20180511,  140,    0
  4985, 32920,20180512,  124,    0
  4985, 32920,20180513,  155,    0
  4985, 32920,20180514,  178,    0
  4985, 32920,20180515,  185,    0
  4985, 32920,20180516,  180,    0
  4985, 32920,20180517,  123,    0
  4985, 32920,20180518,  136,    0
  4985, 32920,20180519,  142,    0
  4985, 32920,20180520,  153,    0
  4985, 32920,20180521,  155,    0
  4985, 32920,20180522,  160,    0
  4985, 32920,20180523,  174,    0
  4985, 32920,20180524,  184,    0
  4985, 32920,20180525,  198,    0
  4985, 32920,20180526,  198,    0
  4985, 32920,20180527,  203,    0
  4985, 32920,20180528,  168,    0
  4985, 32920,20180529,  194,    0
  4985, 32920,20180530,  219,    0
  4985, 32920,20180531,  210,    0
  4985, 32920,20180601,  201,    0
  4985, 32920,20180602,  215,    0
  4985, 32920,20180603,  224,    0
  4985, 32920,20180604,  192,    0
  4985, 32920,20180605,  133,    0
  4985, 32920,20180606,  145,    0
  4985, 32920,20180607,  187,    0
  4985, 32920,20180608,  199,    0
  4985, 32920,20180609,  196,    0
  4985, 32920,20180610,  191,    0
  4985, 32920,20180611,  149,    0
  4985, 32920,20180612,  169,    0
  4985, 32920,20180613,  153,    0
  4985, 32920,20180614,  133,    0
  4985, 32920,20180615,  141,    0
  4985, 32920,20180616,  144,    0
  4985, 32920,20180617,  125,    0
  4985, 32920,20180618,  134,    0
  4985, 32920,20180619,  154,    0
  4985, 32920,20180620,  111,    0
  4985, 32920,20180621,  117,    0
  4985, 32920,20180622,  126,    0
  4985, 32920,20180623,  147,    0
  4985, 32920,20180624,  174,    0
  4985, 32920,20180625,  217,    0
  4985, 32920,20180626,  214,    0
  4985, 32920,20180627,  203,    0
  4985, 32920,20180628,  217,    0
  4985, 32920,20180629,  165,    0
  4985, 32920,20180630,  158,    0
  4985, 32920,20180701,  187,    0
  4985, 32920,20180702,  199,    0
  4985, 32920,20180703,  212,    0
  4985, 32920,20180704,  208,    0
  4985, 32920,20180705,  176,    0
  4985, 32920,20180706,  211,    0
  4985, 32920,20180707,  192,    0
  4985, 32920,20180708,  193,    0
  4985, 32920,20180709,  167,    0
  4985, 32920,20180710,  219,    0
  4985, 32920,20180711,  223,    0
  4985, 32920,20180712,  197,    0
  4985, 32920,20180713,  205,    0
  4985, 32920,20180714,  185,    0
  4985, 32920,20180715,  188,    0
  4985, 32920,20180716,  201,    0
  4985, 32920,20180717,  219,    0
  4985, 32920,20180718,  205,    0
  4985, 32920,20180719,  206,    0
  4985, 32920,20180720,  189,    0
  4985, 32920,20180721,  180,    0
  4985, 32920,20180722,  189,    0
  4985, 32920,20180723,  211,    0
  4985, 32920,20180724,  210,    0
  4985, 32920,20180725,  211,    0
  4985, 32920,20180726,  219,    0
  4985, 32920,20180727,  231,    0
  4985, 32920,20180728,  238,    0
  4985, 32920,20180729,  203,    0
  4985, 32920,20180730,  190,    0
  4985, 32920,20180731,  222,    0
  4985, 32920,20180801,  195,    0
  4985, 32920,20180802,  185,    0
  4985, 32920,20180803,  186,    0
  4985, 32920,20180804,  206,    0
  4985, 32920,20180805,  188,    0
  4985, 32920,20180806,  158,    0
  4985, 32920,20180807,  171,    0
  4985, 32920,20180808,  174,    0
  4985, 32920,20180809,  192,    0
  4985, 32920,20180810,  157,    0
  4985, 32920,20180811,  144,    0
  4985, 32920,20180812,  122,    0
  4985, 32920,20180813,  138,    0
  4985, 32920,20180814,  130,    0
  4985, 32920,20180815,  151,    0
  4985, 32920,20180816,  171,    0
  4985, 32920,20180817,  155,    0
  4985, 32920,20180818,  145,    0
  4985, 32920,20180819,  154,    0
  4985, 32920,20180820,  127,    0
  4985, 32920,20180821,  128,    0
  4985, 32920,20180822,  152,    0
  4985, 32920,20180823,  149,    0
  4985, 32920,20180824,  141,    0
  4985, 32920,20180825,  118,    0
  4985, 32920,20180826,  122,    0
  4985, 32920,20180827,  126,    0
  4985, 32920,20180828,  143,    0
  4985, 32920,20180829,  138,    0
  4985, 32920,20180830,  139,    0
  4985, 32920,20180831,  129,    0
  4985, 32920,20180901,  139,    0
  4985, 32920,20180902,  139,    0
  4985, 32920,20180903,  146,    0
  4985, 32920,20180904,  149,    0
  4985, 32920,20180905,  151,    0
  4985, 32920,20180906,  145,    0
  4985, 32920,20180907,  153,    0
  4985, 32920,20180908,  134,    0
  4985, 32920,20180909,  134,    0
  4985, 32920,20180910,  143,    0
  4985, 32920,20180911,  122,    0
  4985, 32920,20180912,  128,    0
  4985, 32920,20180913,  115,    0
  4985, 32920,20180914,  121,    0
  4985, 32920,20180915,  110,    0
  4985, 32920,20180916,   91,    0
  4985, 32920,20180917,  121,    0
  4985, 32920,20180918,  155,    0
  4985, 32920,20180919,  162,    0
  4985, 32920,20180920,  132,    0
  4985, 32920,20180921,  110,    0
  4985, 32920,20180922,  109,    0
  4985, 32920,20180923,   91,    0
  4985, 32920,20180924,   71,    0
  4985, 32920,20180925,   75,    0
  4985, 32920,20180926,  129,    0
  4985, 32920,20180927,   79,    0
  4985, 32920,20180928,   53,    0
  4985, 32920,20180929,   75,    0
  4985, 32920,20180930,   95,    0
  4985, 32920,20181001,   41,    0
  4985, 32920,20181002,   38,    0
  4985, 32920,20181003,   55,    0
  4985, 32920,20181004,   53,    0
  4985, 32920,20181005,   92,    0
  4985, 32920,20181006,   56,    0
  4985, 32920,20181007,   49,    0
  4985, 32920,20181008,  105,    0
  4985, 32920,20181009,  126,    0
  4985, 32920,20181010,  126,    0
  4985, 32920,20181011,  103,    0
  4985, 32920,20181012,  105,    0
  4985, 32920,20181013,  150,    0
  4985, 32920,20181014,  138,    0
  4985, 32920,20181015,  119,    0
  4985, 32920,20181016,   70,    0
  4985, 32920,20181017,  108,    0
  4985, 32920,20181018,   64,    0
  4985, 32920,20181019,   42,    0
  4985, 32920,20181020,   51,    0
  4985, 32920,20181021,  103,    0
  4985, 32920,20181022,   79,    0
  4985, 32920,20181023,   71,    0
  4985, 32920,20181024,   37,    0
  4985, 32920,20181025,   26,    0
  4985, 32920,20181026,    9,    0
  4985, 32920,20181027,   -2,    0
  4985, 32920,20181028,  -16,    0
  4985, 32920,20181029,  -22,    0
  4985, 32920,20181030,    9,    0
  4985, 32920,20181031,   55,    0
  4985, 32920,20181101,   51,    0
  4985, 32920,20181102,   55,    0
  4985, 32920,20181103,   38,    0
  4985, 32920,20181104,   74,    0
  4985, 32920,20181105,   61,    0
  4985, 32920,20181106,   66,    0
  4985, 32920,20181107,   56,    0
  4985, 32920,20181108,   69,    0
  4985, 32920,20181109,   70,    0
  4985, 32920,20181110,   71,    0
  4985, 32920,20181111,   82,    0
  4985, 32920,20181112,   86,    0
  4985, 32920,20181113,   72,    0
  4985, 32920,20181114,   52,    0
  4985, 32920,20181115,   93,    0
  4985, 32920,20181116,   72,    0
  4985, 32920,20181117,   50,    0
  4985, 32920,20181118,   24,    0
  4985, 32920,20181119,   -1,    0
  4985, 32920,20181120,  -20,    0
  4985, 32920,20181121,    7,    0
  4985, 32920,20181122,  -26,    0
  4985, 32920,20181123,  -52,    0
  4985, 32920,20181124,  -27,    0
  4985, 32920,20181125,  -20,    0
  4985, 32920,20181126,  -68,    0
  4985, 32920,20181127,  -81,    0
  4985, 32920,20181128,  -56,    0
  4985, 32920,20181129,   10,    0
  4985, 32920,20181130,   56,    0
  4985, 32920,20181201,   46,    0
  4985, 32920,20181202,   36,    0
  4985, 32920,20181203,   53,    0
  4985, 32920,20181204,   22,    0
  4985, 32920,20181205,  -26,    0
  4985, 32920,20181206,  -22,    0
  4985, 32920,20181207,   -4,    0
  4985, 32920,20181208,   -6,    0
  4985, 32920,20181209,  -22,    0
  4985, 32920,20181210,   10,    0
  4985, 32920,20181211,    5,    0
  4985, 32920,20181212,  -55,    0
  4985, 32920,20181213,  -55,    0
  4985, 32920,20181214,  -76,    0
  4985, 32920,20181215,  -55,    0
  4985, 32920,20181216,  -10,    0
  4985, 32920,20181217,  -32,    0
  4985, 32920,20181218,  -41,    0
  4985, 32920,20181219,   -4,    0
  4985, 32920,20181220,    3,    0
  4985, 32920,20181221,  -15,    0
  4985, 32920,20181222,  -35,    0
  4985, 32920,20181223,  -53,    0
  4985, 32920,20181224,  -80,    0
  4985, 32920,20181225,  -11,    0
  4985, 32920,20181226,  -15,    0
  4985, 32920,20181227,  -12,    0
  4985, 32920,20181228,  -53,    0
  4985, 32920,20181229,  -42,    0
  4985, 32920,20181230,  -26,    0
  4985, 32920,20181231,   19,    0
  4985, 32920,20190101,   45,    0
  4985, 32920,20190102,   -8,    0
  4985, 32920,20190103,  -16,    0
  4985, 32920,20190104,    6,    0
  4985, 32920,20190105,   -1,    0
  4985, 32920,20190106,  -30,    0
  4985, 32920,20190107,  -22,    0
  4985, 32920,20190108,    4,    0
  4985, 32920,20190109,  -11,    0
  4985, 32920,20190110,  -30,    0
  4985, 32920,20190111,  -17,    0
  4985, 32920,20190112,  -68,    0
  4985, 32920,20190113,  -42,    0
  4985, 32920,20190114,   -9,    0
  4985, 32920,20190115,  -54,    0
  4985, 32920,20190116,  -55,    0
  4985, 32920,20190117,  -79,    0
  4985, 32920,20190118,  -86,    0
  4985, 32920,20190119,  -52,    0
  4985, 32920,20190120,  -83,    0
  4985, 32920,20190121,  -57,    0
  4985, 32920,20190122,  -43,    0
  4985, 32920,20190123,  -28,    0
  4985, 32920,20190124,  -37,    0
  4985, 32920,20190125,  -38,    0
  4985, 32920,20190126,  -53,    0
  4985, 32920,20190127,  -58,    0
  4985, 32920,20190128,  -55,    0
  4985, 32920,20190129, -143,    0
  4985, 32920,20190130,  -62,    0
  4985, 32920,20190131,  -63,    0
  4985, 32920,20190201,  -28,    0
  4985, 32920,20190202,  -37,    0
  4985, 32920,20190203,  -63,    0
  4985, 32920,20190204,  -75,    0
  4985, 32920,20190205,  -34,    0
  4985, 32920,20190206,  -69,    0
  4985, 32920,20190207,  -18,    0
  4985, 32920,20190208,   -6,    0
  4985, 32920,20190209,   26,    0
  4985, 32920,20190210,   20,    0
  4985, 32920,20190211,    0,    0
  4985, 32920,20190212,  -18,    0
  4985, 32920,20190213,   40,    0
  4985, 32920,20190214,   31,    0
  4985, 32920,20190215,   29,    0
  4985, 32920,20190216,   20,    0
  4985, 32920,20190217,   18,    0
  4985, 32920,20190218,   36,    0
  4985, 32920,20190219,   34,    0
  4985, 32920,20190220,    2,    0
  4985, 32920,20190221,   -4,    0
  4985, 32920,20190222,    0,    0
  4985, 32920,20190223,   25,    0
  4985, 32920,20190224,   29,    0
  4985, 32920,20190225,   20,    0
  4985, 32920,20190226,   37,    0
  4985, 32920,20190227,   10,    0
  4985, 32920,20190228,   12,    0
  4985, 32920,20190301,    8,    0
  4985, 32920,20190302,   -5,    0
  4985, 32920,20190303,   27,    0
  4985, 32920,20190304,   17,    0
  4985, 32920,20190305,  -17,    0
  4985, 32920,20190306,  -15,    0
  4985, 32920,20190307,    9,    0
  4985, 32920,20190308,   -1,    0
  4985, 32920,20190309,  -15,    0
  4985, 32920,20190310,  -46,    0
  4985, 32920,20190311,  -52,    0
  4985, 32920,20190312,  -49,    0
  4985, 32920,20190313,    6,    0
  4985, 32920,20190314,  -18,    0
  4985, 32920,20190315,   -1,    0
  4985, 32920,20190316,    4,    0
  4985, 32920,20190317,   13,    0
  4985, 32920,20190318,   22,    0
  4985, 32920,20190319,   15,    0
  4985, 32920,20190320,   61,    0
  4985, 32920,20190321,   72,    0
  4985, 32920,20190322,   25,    0
  4985, 32920,20190323,   62,    0
  4985, 32920,20190324,   37,    0
  4985, 32920,20190325,   28,    0
  4985, 32920,20190326,   35,    0
  4985, 32920,20190327,   48,    0
  4985, 32920,20190328,   77,    0
  4985, 32920,20190329,   92,    0
  4985, 32920,20190330,   59,    0
  4985, 32920,20190331,   27,    0
  4985, 32920,20190401,    7,    0
  4985, 32920,20190402,   33,    0
  4985, 32920,20190403,   32,    0
  4985, 32920,20190404,   61,    0
  4985, 32920,20190405,   56,    0
  4985, 32920,20190406,   54,    0
  4985, 32920,20190407,   51,    0
  4985, 32920,20190408,   36,    0
  4985, 32920,20190409,   15,    0
  4985, 32920,20190410,   14,    0
  4985, 32920,20190411,    9,    0
  4985, 32920,20190412,   14,    0
  4985, 32920,20190413,   31,    0
  4985, 32920,20190414,   37,    0
  4985, 32920,20190415,   44,    0
  4985, 32920,20190416,   40,    0
  4985, 32920,20190417,   60,    0
  4985, 32920,20190418,   89,    0
  4985, 32920,20190419,  100,    0
  4985, 32920,20190420,   99,    0
  4985, 32920,20190421,  108,    0
  4985, 32920,20190422,  105,    0
  4985, 32920,20190423,  104,    0
  4985, 32920,20190424,  135,    0
  4985, 32920,20190425,  129,    0
  4985, 32920,20190426,  140,    0
  4985, 32920,20190427,  137,    0
  4985, 32920,20190428,  129,    0
  4985, 32920,20190429,  148,    0
  4985, 32920,20190430,  159,    0
  4985, 32920,20190501,  129,    0
  4985, 32920,20190502,   65,    0
  4985, 32920,20190503,   32,    0
  4985, 32920,20190504,   45,    0
  4985, 32920,20190505,   48,    0
  4985, 32920,20190506,   25,    0
  4985, 32920,20190507,   40,    0
  4985, 32920,20190508,   41,    0
  4985, 32920,20190509,   61,    0
  4985, 32920,20190510,   83,    0
  4985, 32920,20190511,   82,    0
  4985, 32920,20190512,   76,    0
  4985, 32920,20190513,   75,    0
  4985, 32920,20190514,   94,    0
  4985, 32920,20190515,  115,    0
  4985, 32920,20190516,  143,    0
  4985, 32920,20190517,  144,    0
  4985, 32920,20190518,  116,    0
  4985, 32920,20190519,  137,    0
  4985, 32920,20190520,  124,    0
  4985, 32920,20190521,  169,    0
  4985, 32920,20190522,  157,    0
  4985, 32920,20190523,  109,    0
  4985, 32920,20190524,   96,    0
  4985, 32920,20190525,  115,    0
  4985, 32920,20190526,  107,    0
  4985, 32920,20190527,   96,    0
  4985, 32920,20190528,  103,    0
  4985, 32920,20190529,   98,    0
  4985, 32920,20190530,   87,    0
  4985, 32920,20190531,  109,    0
  4985, 32920,20190601,  112,    0
  4985, 32920,20190602,  119,    0
  4985, 32920,20190603,  130,    0
  4985, 32920,20190604,  128,    0
  4985, 32920,20190605,  123,    0
  4985, 32920,20190606,  179,    0
  4985, 32920,20190607,  145,    0
  4985, 32920,20190608,  131,    0
  4985, 32920,20190609,  127,    0
  4985, 32920,20190610,  130,    0
  4985, 32920,20190611,  133,    0
  4985, 32920,20190612,   92,    0
  4985, 32920,20190613,  116,    0
  4985, 32920,20190614,  134,    0
  4985, 32920,20190615,  176,    0
  4985, 32920,20190616,  155,    0
  4985, 32920,20190617,  151,    0
  4985, 32920,20190618,  146,    0
  4985, 32920,20190619,  147,    0
  4985, 32920,20190620,  147,    0
  4985, 32920,20190621,  136,    0
  4985, 32920,20190622,  141,    0
  4985, 32920,20190623,  138,    0
  4985, 32920,20190624,  165,    0
  4985, 32920,20190625,  141,    0
  4985, 32920,20190626,  164,    0
  4985, 32920,20190627,  165,    0
  4985, 32920,20190628,  168,    0
  4985, 32920,20190629,  189,    0
  4985, 32920,20190630,  182,    0
  4985, 32920,20190701,  167,    0
  4985, 32920,20190702,  139,    0
  4985, 32920,20190703,  130,    0
  4985, 32920,20190704,  126,    0
  4985, 32920,20190705,  141,    0
  4985, 32920,20190706,  122,    0
  4985, 32920,20190707,  136,    0
  4985, 32920,20190708,  150,    0
  4985, 32920,20190709,  161,    0
  4985, 32920,20190710,  180,    0
  4985, 32920,20190711,  175,    0
  4985, 32920,20190712,  180,    0
  4985, 32920,20190713,  175,    0
  4985, 32920,20190714,  165,    0
  4985, 32920,20190715,  156,    0
  4985, 32920,20190716,  150,    0
  4985, 32920,20190717,  156,    0
  4985, 32920,20190718,  155,    0
  4985, 32920,20190719,  156,    0
  4985, 32920,20190720,  167,    0
  4985, 32920,20190721,  161,    0
  4985, 32920,20190722,  156,    0
  4985, 32920,20190723,  192,    0
  4985, 32920,20190724,  196,    0
  4985, 32920,20190725,  204,    0
  4985, 32920,20190726,  229,    0
  4985, 32920,20190727,  219,    0
  4985, 32920,20190728,  222,    0
  4985, 32920,20190729,  220,    0
  4985, 32920,20190730,  137,    0
  4985, 32920,20190731,  136,    0
  4985, 32920,20190801,  174,    0
  4985, 32920,20190802,  183,    0
  4985, 32920,20190803,  175,    0
  4985, 32920,20190804,  160,    0
  4985, 32920,20190805,  151,    0
  4985, 32920,20190806,  146,    0
  4985, 32920,20190807,  159,    0
  4985, 32920,20190808,  160,    0
  4985, 32920,20190809,  160,    0
  4985, 32920,20190810,  152,    0
  4985, 32920,20190811,  165,    0
  4985, 32920,20190812,  164,    0
  4985, 32920,20190813,  152,    0
  4985, 32920,20190814,  131,    0
  4985, 32920,20190815,  126,    0
  4985, 32920,20190816,  147,    0
  4985, 32920,20190817,  144,    0
  4985, 32920,20190818,  143,    0
  4985, 32920,20190819,  146,    0
  4985, 32920,20190820,  146,    0
  4985, 32920,20190821,  142,    0
  4985, 32920,20190822,  124,    0
  4985, 32920,20190823,  163,    0
  4985, 32920,20190824,  157,    0
  4985, 32920,20190825,  179,    0
  4985, 32920,20190826,  175,    0
  4985, 32920,20190827,  183,    0
  4985, 32920,20190828,  176,    0
  4985, 32920,20190829,  170,    0
  4985, 32920,20190830,  154,    0
  4985, 32920,20190831,  163,    0
  4985, 32920,20190901,  152,    0
  4985, 32920,20190902,  113,    0
  4985, 32920,20190903,  121,    0
  4985, 32920,20190904,  101,    0
  4985, 32920,20190905,  109,    0
  4985, 32920,20190906,   93,    0
  4985, 32920,20190907,  101,    0
  4985, 32920,20190908,   98,    0
  4985, 32920,20190909,  111,    0
  4985, 32920,20190910,  137,    0
  4985, 32920,20190911,  131,    0
  4985, 32920,20190912,  127,    0
  4985, 32920,20190913,  122,    0
  4985, 32920,20190914,   99,    0
  4985, 32920,20190915,  134,    0
  4985, 32920,20190916,  104,    0
  4985, 32920,20190917,   90,    0
  4985, 32920,20190918,   85,    0
  4985, 32920,20190919,   73,    0
  4985, 32920,20190920,  115,    0
  4985, 32920,20190921,  114,    0
  4985, 32920,20190922,  120,    0
  4985, 32920,20190923,   97,    0
  4985, 32920,20190924,   98,    0
  4985, 32920,20190925,   95,    0
  4985, 32920,20190926,  100,    0
  4985, 32920,20190927,   96,    0
  4985, 32920,20190928,  104,    0
  4985, 32920,20190929,   95,    0
  4985, 32920,20190930,   61,    0
  4985, 32920,20191001,   72,    0
  4985, 32920,20191002,   67,    0
  4985, 32920,20191003,   43,    0
  4985, 32920,20191004,   25,    0
  4985, 32920,20191005,   11,    0
  4985, 32920,20191006,    8,    0
  4985, 32920,20191007,    7,    0
  4985, 32920,20191008,   30,    0
  4985, 32920,20191009,   48,    0
  4985, 32920,20191010,   67,    0
  4985, 32920,20191011,   66,    0
  4985, 32920,20191012,   78,    0
  4985, 32920,20191013,   65,    0
  4985, 32920,20191014,   64,    0
  4985, 32920,20191015,   59,    0
  4985, 32920,20191016,   59,    0
  4985, 32920,20191017,   65,    0
  4985, 32920,20191018,   74,    0
  4985, 32920,20191019,   59,    0
  4985, 32920,20191020,   46,    0
  4985, 32920,20191021,   35,    0
  4985, 32920,20191022,   77,    0
  4985, 32920,20191023,   92,    0
  4985, 32920,20191024,   92,    0
  4985, 32920,20191025,   89,    0
  4985, 32920,20191026,   37,    0
  4985, 32920,20191027,   19,    0
  4985, 32920,20191028,    9,    0
  4985, 32920,20191029,    6,    0
  4985, 32920,20191030,  -11,    0
  4985, 32920,20191031,   15,    0
  4985, 32920,20191101,   -7,    0
  4985, 32920,20191102,    7,    0
  4985, 32920,20191103,    0,    0
  4985, 32920,20191104,  -13,    0
  4985, 32920,20191105,  -38,    0
  4985, 32920,20191106,  -53,    0
  4985, 32920,20191107,  -45,    0
  4985, 32920,20191108,  -24,    0
  4985, 32920,20191109,  -14,    0
  4985, 32920,20191110,  -23,    0
  4985, 32920,20191111,  -30,    0
  4985, 32920,20191112,    6,    0
  4985, 32920,20191113,   13,    0
  4985, 32920,20191114,   14,    0
  4985, 32920,20191115,   17,    0
  4985, 32920,20191116,   12,    0
  4985, 32920,20191117,   15,    0
  4985, 32920,20191118,   21,    0
  4985, 32920,20191119,   49,    0
  4985, 32920,20191120,    7,    0
  4985, 32920,20191121,   44,    0
  4985, 32920,20191122,   49,    0
  4985, 32920,20191123,   48,    0
  4985, 32920,20191124,   25,    0
  4985, 32920,20191125,   12,    0
  4985, 32920,20191126,    7,    0
  4985, 32920,20191127,    3,    0
  4985, 32920,20191128,   -4,    0
  4985, 32920,20191129,  -41,    0
  4985, 32920,20191130,  -93,    0
  4985, 32920,20191201,  -84,    0
  4985, 32920,20191202,  -86,    0
  4985, 32920,20191203,  -24,    0
  4985, 32920,20191204,    2,    0
  4985, 32920,20191205,   51,    0
  4985, 32920,20191206,   29,    0
  4985, 32920,20191207,    4,    0
  4985, 32920,20191208,    2,    0
  4985, 32920,20191209,   11,    0
  4985, 32920,20191210,  -27,    0
  4985, 32920,20191211,   42,    0
  4985, 32920,20191212,   30,    0
  4985, 32920,20191213,   12,    0
  4985, 32920,20191214,   12,    0
  4985, 32920,20191215,   12,    0
  4985, 32920,20191216,   -3,    0
  4985, 32920,20191217,  -12,    0
  4985, 32920,20191218,  -44,    0
  4985, 32920,20191219,  -28,    0
  4985, 32920,20191220,   11,    0
  4985, 32920,20191221,   24,    0
  4985, 32920,20191222,   14,    0
  4985, 32920,20191223,   11,    0
  4985, 32920,20191224,    7,    0
  4985, 32920,20191225,  -13,    0
  4985, 32920,20191226,  -41,    0
  4985, 32920,20191227,  -55,    0
  4985, 32920,20191228,  -13,    0
  4985, 32920,20191229,   49,    0
  4985, 32920,20191230,   59,    0
  4985, 32920,20191231,   19,    0
  4985, 32920,20200101,   40,    0
  4985, 32920,20200102,   51,    0
  4985, 32920,20200103,   47,    0
  4985, 32920,20200104,    7,    0
  4985, 32920,20200105,    1,    0
  4985, 32920,20200106,   35,    0
  4985, 32920,20200107,   49,    0
  4985, 32920,20200108,   57,    0
  4985, 32920,20200109,   15,    0
  4985, 32920,20200110,  -20,    0
  4985, 32920,20200111,   40,    0
  4985, 32920,20200112,   32,    0
  4985, 32920,20200113,   10,    0
  4985, 32920,20200114,   45,    0
  4985, 32920,20200115,   52,    0
  4985, 32920,20200116,   56,    0
  4985, 32920,20200117,   54,    0
  4985, 32920,20200118,   37,    0
  4985, 32920,20200119,   -5,    0
  4985, 32920,20200120,   50,    0
  4985, 32920,20200121,   56,    0
  4985, 32920,20200122,   14,    0
  4985, 32920,20200123,   21,    0
  4985, 32920,20200124,   40,    0
  4985, 32920,20200125,   25,    0
  4985, 32920,20200126,   46,    0
  4985, 32920,20200127,   42,    0
  4985, 32920,20200128,   25,    0
  4985, 32920,20200129,   11,    0
  4985, 32920,20200130,   -5,    0
  4985, 32920,20200131,    6,    0
  4985, 32920,20200201,   55,    0
  4985, 32920,20200202,   13,    0
  4985, 32920,20200203,  -17,    0
  4985, 32920,20200204,  -29,    0
  4985, 32920,20200205,   -5,    0
  4985, 32920,20200206,    5,    0
  4985, 32920,20200207,    8,    0
  4985, 32920,20200208,   31,    0
  4985, 32920,20200209,   46,    0
  4985, 32920,20200210,   50,    0
  4985, 32920,20200211,   27,    0
  4985, 32920,20200212,   24,    0
  4985, 32920,20200213,   -5,    0
  4985, 32920,20200214,  -10,    0
  4985, 32920,20200215,   49,    0
  4985, 32920,20200216,   57,    0
  4985, 32920,20200217,   57,    0
  4985, 32920,20200218,   46,    0
  4985, 32920,20200219,    5,    0
  4985, 32920,20200220,   29,    0
  4985, 32920,20200221,   35,    0
  4985, 32920,20200222,   54,    0
  4985, 32920,20200223,   35,    0
  4985, 32920,20200224,    6,    0
  4985, 32920,20200225,   -3,    0
  4985, 32920,20200226,  -31,    0
  4985, 32920,20200227,  -54,    0
  4985, 32920,20200228,  -24,    0
  4985, 32920,20200229,  -12,    0
  4985, 32920,20200301,   14,    0
  4985, 32920,20200302,   26,    0
  4985, 32920,20200303,    9,    0
  4985, 32920,20200304,    3,    0
  4985, 32920,20200305,  -19,    0
  4985, 32920,20200306,  -22,    0
  4985, 32920,20200307,  -13,    0
  4985, 32920,20200308,   46,    0
  4985, 32920,20200309,   45,    0
  4985, 32920,20200310,   29,    0
  4985, 32920,20200311,   48,    0
  4985, 32920,20200312,   27,    0
  4985, 32920,20200313,    3,    0
  4985, 32920,20200314,  -11,    0
  4985, 32920,20200315,   43,    0
  4985, 32920,20200316,   40,    0
  4985, 32920,20200317,   66,    0
  4985, 32920,20200318,   57,    0
  4985, 32920,20200319,   38,    0
  4985, 32920,20200320,   12,    0
  4985, 32920,20200321,   -3,    0
  4985, 32920,20200322,    4,    0
  4985, 32920,20200323,   29,    0
  4985, 32920,20200324,   39,    0
  4985, 32920,20200325,   53,    0
  4985, 32920,20200326,   49,    0
  4985, 32920,20200327,   36,    0
  4985, 32920,20200328,   20,    0
  4985, 32920,20200329,   10,    0
  4985, 32920,20200330,    8,    0
  4985, 32920,20200331,   42,    0
  4985, 32920,20200401,   54,    0
  4985, 32920,20200402,   35,    0
  4985, 32920,20200403,   27,    0
  4985, 32920,20200404,   22,    0
  4985, 32920,20200405,   47,    0
  4985, 32920,20200406,   71,    0
  4985, 32920,20200407,   84,    0
  4985, 32920,20200408,   69,    0
  4985, 32920,20200409,   58,    0
  4985, 32920,20200410,   47,    0
  4985, 32920,20200411,   29,    0
  4985, 32920,20200412,   69,    0
  4985, 32920,20200413,   35,    0
  4985, 32920,20200414,   38,    0
  4985, 32920,20200415,  110,    0
  4985, 32920,20200416,   73,    0
  4985, 32920,20200417,   48,    0
  4985, 32920,20200418,   57,    0
  4985, 32920,20200419,   84,    0
  4985, 32920,20200420,  105,    0
  4985, 32920,20200421,  115,    0
  4985, 32920,20200422,  122,    0
  4985, 32920,20200423,  114,    0
  4985, 32920,20200424,   90,    0
  4985, 32920,20200425,   83,    0
  4985, 32920,20200426,   81,    0
  4985, 32920,20200427,   52,    0
  4985, 32920,20200428,   34,    0
  4985, 32920,20200429,   46,    0
  4985, 32920,20200430,   42,    0
  4985, 32920,20200501,   59,    0
  4985, 32920,20200502,   79,    0
  4985, 32920,20200503,   86,    0
  4985, 32920,20200504,   66,    0
  4985, 32920,20200505,   76,    0
  4985, 32920,20200506,  102,    0
  4985, 32920,20200507,   90,    0
  4985, 32920,20200508,  102,    0
  4985, 32920,20200509,   96,    0
  4985, 32920,20200510,   40,    0
  4985, 32920,20200511,   47,    0
  4985, 32920,20200512,   34,    0
  4985, 32920,20200513,   51,    0
  4985, 32920,20200514,   52,    0
  4985, 32920,20200515,   69,    0
  4985, 32920,20200516,   68,    0
  4985, 32920,20200517,   88,    0
  4985, 32920,20200518,   84,    0
  4985, 32920,20200519,   98,    0
  4985, 32920,20200520,   98,    0
  4985, 32920,20200521,  113,    0
  4985, 32920,20200522,  126,    0
  4985, 32920,20200523,   99,    0
  4985, 32920,20200524,  112,    0
  4985, 32920,20200525,  141,    0
  4985, 32920,20200526,  121,    0
  4985, 32920,20200527,  125,    0
  4985, 32920,20200528,  126,    0
  4985, 32920,20200529,  138,    0
  4985, 32920,20200530,  160,    0
  4985, 32920,20200531,  168,    0
  4985, 32920,20200601,  182,    0
  4985, 32920,20200602,  170,    0
  4985, 32920,20200603,  158,    0
  4985, 32920,20200604,  140,    0
  4985, 32920,20200605,  113,    0
  4985, 32920,20200606,   94,    0
  4985, 32920,20200607,  112,    0
  4985, 32920,20200608,  110,    0
  4985, 32920,20200609,  132,    0
  4985, 32920,20200610,  147,    0
  4985, 32920,20200611,  177,    0
  4985, 32920,20200612,  184,    0
  4985, 32920,20200613,  183,    0
  4985, 32920,20200614,  181,    0
  4985, 32920,20200615,  206,    0
  4985, 32920,20200616,  216,    0
  4985, 32920,20200617,  202,    0
  4985, 32920,20200618,  211,    0
  4985, 32920,20200619,  225,    0
  4985, 32920,20200620,  202,    0
  4985, 32920,20200621,  164,    0
  4985, 32920,20200622,  150,    0
  4985, 32920,20200623,  181,    0
  4985, 32920,20200624,  198,    0
  4985, 32920,20200625,  202,    0
  4985, 32920,20200626,  208,    0
  4985, 32920,20200627,  213,    0
  4985, 32920,20200628,  170,    0
  4985, 32920,20200629,  150,    0
  4985, 32920,20200630,  140,    0
  4985, 32920,20200701,  130,    0
  4985, 32920,20200702,  139,    0
  4985, 32920,20200703,  123,    0
  4985, 32920,20200704,  134,    0
  4985, 32920,20200705,  134,    0
  4985, 32920,20200706,  124,    0
  4985, 32920,20200707,  113,    0
  4985, 32920,20200708,  128,    0
  4985, 32920,20200709,  131,    0
  4985, 32920,20200710,  131,    0
  4985, 32920,20200711,  147,    0
  4985, 32920,20200712,  132,    0
  4985, 32920,20200713,  142,    0
  4985, 32920,20200714,  134,    0
  4985, 32920,20200715,  160,    0
  4985, 32920,20200716,  154,    0
  4985, 32920,20200717,  156,    0
  4985, 32920,20200718,  155,    0
  4985, 32920,20200719,  153,    0
  4985, 32920,20200720,  157,    0
  4985, 32920,20200721,  133,    0
  4985, 32920,20200722,  129,    0
  4985, 32920,20200723,  130,    0
  4985, 32920,20200724,  139,    0
  4985, 32920,20200725,  153,    0
  4985, 32920,20200726,  147,    0
  4985, 32920,20200727,  153,    0
  4985, 32920,20200728,  133,    0
  4985, 32920,20200729,  128,    0
  4985, 32920,20200730,  160,    0
  4985, 32920,20200731,  185,    0
  4985, 32920,20200801,  178,    0
  4985, 32920,20200802,  151,    0
  4985, 32920,20200803,  152,    0
  4985, 32920,20200804,  141,    0
  4985, 32920,20200805,  137,    0
  4985, 32920,20200806,  171,    0
  4985, 32920,20200807,  182,    0
  4985, 32920,20200808,  187,    0
  4985, 32920,20200809,  178,    0
  4985, 32920,20200810,  171,    0
  4985, 32920,20200811,  186,    0
  4985, 32920,20200812,  190,    0
  4985, 32920,20200813,  180,    0
  4985, 32920,20200814,  187,    0
  4985, 32920,20200815,  183,    0
  4985, 32920,20200816,  176,    0
  4985, 32920,20200817,  179,    0
  4985, 32920,20200818,  187,    0
  4985, 32920,20200819,  182,    0
  4985, 32920,20200820,  181,    0
  4985, 32920,20200821,  170,    0
  4985, 32920,20200822,  177,    0
  4985, 32920,20200823,  152,    0
  4985, 32920,20200824,  122,    0
  4985, 32920,20200825,  107,    0
  4985, 32920,20200826,  112,    0
  4985, 32920,20200827,  116,    0
  4985, 32920,20200828,  123,    0
  4985, 32920,20200829,  118,    0
  4985, 32920,20200830,  109,    0
  4985, 32920,20200831,   99,    0
  4985, 32920,20200901,  106,    0
  4985, 32920,20200902,  118,    0
  4985, 32920,20200903,  130,    0
  4985, 32920,20200904,  146,    0
  4985, 32920,20200905,  122,    0
  4985, 32920,20200906,  108,    0
  4985, 32920,20200907,  106,    0
  4985, 32920,20200908,  144,    0
  4985, 32920,20200909,  123,    0
  4985, 32920,20200910,  103,    0
  4985, 32920,20200911,  103,    0
  4985, 32920,20200912,  125,    0
  4985, 32920,20200913,  116,    0
  4985, 32920,20200914,  156,    0
  4985, 32920,20200915,  143,    0
  4985, 32920,20200916,  125,    0
  4985, 32920,20200917,   92,    0
  4985, 32920,20200918,  127,    0
  4985, 32920,20200919,  111,    0
  4985, 32920,20200920,  127,    0
  4985, 32920,20200921,  135,    0
  4985, 32920,20200922,  122,    0
  4985, 32920,20200923,  141,    0
  4985, 32920,20200924,  128,    0
  4985, 32920,20200925,   88,    0
  4985, 32920,20200926,   73,    0
  4985, 32920,20200927,  104,    0
  4985, 32920,20200928,  119,    0
  4985, 32920,20200929,  114,    0
  4985, 32920,20200930,  113,    0
  4985, 32920,20201001,  109,    0
  4985, 32920,20201002,  121,    0
  4985, 32920,20201003,  121,    0
  4985, 32920,20201004,  127,    0
  4985, 32920,20201005,  115,    0
  4985, 32920,20201006,  106,    0
  4985, 32920,20201007,  105,    0
  4985, 32920,20201008,   98,    0
  4985, 32920,20201009,   93,    0
  4985, 32920,20201010,   68,    0
  4985, 32920,20201011,   72,    0
  4985, 32920,20201012,   49,    0
  4985, 32920,20201013,   40,    0
  4985, 32920,20201014,   44,    0
  4985, 32920,20201015,   47,    0
  4985, 32920,20201016,   54,    0
  4985, 32920,20201017,   39,    0
  4985, 32920,20201018,   48,    0
  4985, 32920,20201019,   17,    0
  4985, 32920,20201020,   34,    0
  4985, 32920,20201021,   70,    0
  4985, 32920,20201022,   72,    0
  4985, 32920,20201023,   38,    0
  4985, 32920,20201024,   51,    0
  4985, 32920,20201025,   96,    0
  4985, 32920,20201026,   75,    0
  4985, 32920,20201027,   78,    0
  4985, 32920,20201028,   80,    0
  4985, 32920,20201029,   50,    0
  4985, 32920,20201030,   39,    0
  4985, 32920,20201031,   65,    0
  4985, 32920,20201101,   99,    0
  4985, 32920,20201102,  109,    0
  4985, 32920,20201103,   73,    0
  4985, 32920,20201104,   54,    0
  4985, 32920,20201105,   92,    0
  4985, 32920,20201106,   91,    0
  4985, 32920,20201107,   49,    0
  4985, 32920,20201108,    7,    0
  4985, 32920,20201109,   18,    0
  4985, 32920,20201110,   42,    0
  4985, 32920,20201111,   55,    0
  4985, 32920,20201112,   47,    0
  4985, 32920,20201113,   51,    0
  4985, 32920,20201114,   67,    0
  4985, 32920,20201115,   87,    0
  4985, 32920,20201116,   84,    0
  4985, 32920,20201117,   83,    0
  4985, 32920,20201118,  104,    0
  4985, 32920,20201119,   35,    0
  4985, 32920,20201120,    5,    0
  4985, 32920,20201121,   57,    0
  4985, 32920,20201122,   47,    0
  4985, 32920,20201123,   40,    0
  4985, 32920,20201124,   72,    0
  4985, 32920,20201125,   90,    0
  4985, 32920,20201126,    6,    0
  4985, 32920,20201127,  -40,    0
  4985, 32920,20201128,  -34,    0
  4985, 32920,20201129,  -28,    0
  4985, 32920,20201130,   22,    0
  4985, 32920,20201201,    0,    0
  4985, 32920,20201202,    7,    0
  4985, 32920,20201203,    8,    0
  4985, 32920,20201204,    4,    0
  4985, 32920,20201205,   15,    0
  4985, 32920,20201206,   33,    0
  4985, 32920,20201207,   43,    0
  4985, 32920,20201208,   27,    0
  4985, 32920,20201209,   20,    0
  4985, 32920,20201210,   15,    0
  4985, 32920,20201211,    8,    0
  4985, 32920,20201212,   12,    0
  4985, 32920,20201213,   21,    0
  4985, 32920,20201214,   21,    0
  4985, 32920,20201215,   26,    0
  4985, 32920,20201216,   -5,    0
  4985, 32920,20201217,   31,    0
  4985, 32920,20201218,   23,    0
  4985, 32920,20201219,   63,    0
  4985, 32920,20201220,   67,    0
  4985, 32920,20201221,   45,    0
  4985, 32920,20201222,   35,    0
  4985, 32920,20201223,    2,    0
  4985, 32920,20201224,   -9,    0
  4985, 32920,20201225,  -26,    0
  4985, 32920,20201226,    1,    0
  4985, 32920,20201227,   22,    0
  4985, 32920,20201228,    3,    0
  4985, 32920,20201229,   13,    0
  4985, 32920,20201230,    7,    0
  4985, 32920,20201231,   -4,    0
  4985, 32920,20210101,   -4,    0
  4985, 32920,20210102,   -5,    0
  4985, 32920,20210103,  -32,    0
  4985, 32920,20210104,  -52,    0
  4985, 32920,20210105,  -76,    0
  4985, 32920,20210106,  -98,    0
  4985, 32920,20210107,  -56,    0
  4985, 32920,20210108,  -53,    0
  4985, 32920,20210109,  -53,    0
  4985, 32920,20210110,  -23,    0
  4985, 32920,20210111,  -51,    0
  4985, 32920,20210112,  -86,    0
  4985, 32920,20210113,  -51,    0
  4985, 32920,20210114,  -66,    0
  4985, 32920,20210115, -117,    0
  4985, 32920,20210116, -127,    0
  4985, 32920,20210117,  -73,    0
  4985, 32920,20210118,  -21,    0
  4985, 32920,20210119,   -3,    0
  4985, 32920,20210120,    1,    0
  4985, 32920,20210121,   22,    0
  4985, 32920,20210122,   23,    0
  4985, 32920,20210123,   11,    0
  4985, 32920,20210124,   -4,    0
  4985, 32920,20210125,  -57,    0
  4985, 32920,20210126,  -97,    0
  4985, 32920,20210127, -104,    0
  4985, 32920,20210128, -105,    0
  4985, 32920,20210129, -125,    0
  4985, 32920,20210130, -124,    0
  4985, 32920,20210131, -118,    0
  4985, 32920,20210201,  -83,    0
  4985, 32920,20210202,  -71,    0
  4985, 32920,20210203,  -90,    0
  4985, 32920,20210204, -108,    0
  4985, 32920,20210205,  -94,    0
  4985, 32920,20210206,  -89,    0
  4985, 32920,20210207,  -85,    0
  4985, 32920,20210208,  -62,    0
  4985, 32920,20210209,  -80,    0
  4985, 32920,20210210,  -99,    0
  4985, 32920,20210211, -104,    0
  4985, 32920,20210212,  -96,    0
  4985, 32920,20210213, -114,    0
  4985, 32920,20210214, -127,    0
  4985, 32920,20210215,  -60,    0
  4985, 32920,20210216,  -25,    0
  4985, 32920,20210217,  -27,    0
  4985, 32920,20210218,  -22,    0
  4985, 32920,20210219,    3,    0
  4985, 32920,20210220,   21,    0
  4985, 32920,20210221,   20,    0
  4985, 32920,20210222,   19,    0
  4985, 32920,20210223,   12,    0
  4985, 32920,20210224,   38,    0
  4985, 32920,20210225,   33,    0
  4985, 32920,20210226,   50,    0
  4985, 32920,20210227,   14,    0
  4985, 32920,20210228,   28,    0
  4985, 32920,20210301,   24,    0
  4985, 32920,20210302,   48,    0
  4985, 32920,20210303,  -11,    0
  4985, 32920,20210304,    6,    0
  4985, 32920,20210305,   -6,    0
  4985, 32920,20210306,   28,    0
  4985, 32920,20210307,    9,    0
  4985, 32920,20210308,  -20,    0
  4985, 32920,20210309,    8,    0
  4985, 32920,20210310,  -19,    0
  4985, 32920,20210311,   -1,    0
  4985, 32920,20210312,   19,    0
  4985, 32920,20210313,    6,    0
  4985, 32920,20210314,   14,    0
  4985, 32920,20210315,   26,    0
  4985, 32920,20210316,   19,    0
  4985, 32920,20210317,    2,    0
  4985, 32920,20210318,   20,    0
  4985, 32920,20210319,    0,    0
  4985, 32920,20210320,   26,    0
  4985, 32920,20210321,   42,    0
  4985, 32920,20210322,   44,    0
  4985, 32920,20210323,   43,    0
  4985, 32920,20210324,   59,    0
  4985, 32920,20210325,   45,    0
  4985, 32920,20210326,   41,    0
  4985, 32920,20210327,   37,    0
  4985, 32920,20210328,   21,    0
  4985, 32920,20210329,   76,    0
  4985, 32920,20210330,  110,    0
  4985, 32920,20210331,   55,    0
  4985, 32920,20210401,   34,    0
  4985, 32920,20210402,   41,    0
  4985, 32920,20210403,   32,    0
  4985, 32920,20210404,   50,    0
  4985, 32920,20210405,   23,    0
  4985, 32920,20210406,   35,    0
  4985, 32920,20210407,   31,    0
  4985, 32920,20210408,   25,    0
  4985, 32920,20210409,   51,    0
  4985, 32920,20210410,   32,    0
  4985, 32920,20210411,   13,    0
  4985, 32920,20210412,   12,    0
  4985, 32920,20210413,   22,    0
  4985, 32920,20210414,   32,    0
  4985, 32920,20210415,   52,    0
  4985, 32920,20210416,   64,    0
  4985, 32920,20210417,   86,    0
  4985, 32920,20210418,   91,    0
  4985, 32920,20210419,   88,    0
  4985, 32920,20210420,   84,    0
  4985, 32920,20210421,   57,    0
  4985, 32920,20210422,   58,    0
  4985, 32920,20210423,   52,    0
  4985, 32920,20210424,   38,    0
  4985, 32920,20210425,   37,    0
  4985, 32920,20210426,   43,    0
  4985, 32920,20210427,   46,    0
  4985, 32920,20210428,   46,    0
  4985, 32920,20210429,   53,    0
  4985, 32920,20210430,   63,    0
  4985, 32920,20210501,   58,    0
  4985, 32920,20210502,   69,    0
  4985, 32920,20210503,   53,    0
  4985, 32920,20210504,   50,    0
  4985, 32920,20210505,   28,    0
  4985, 32920,20210506,   50,    0
  4985, 32920,20210507,   58,    0
  4985, 32920,20210508,   63,    0
  4985, 32920,20210509,   55,    0
  4985, 32920,20210510,   89,    0
  4985, 32920,20210511,   94,    0
  4985, 32920,20210512,   94,    0
  4985, 32920,20210513,  137,    0
  4985, 32920,20210514,  142,    0
  4985, 32920,20210515,  103,    0
  4985, 32920,20210516,   94,    0
  4985, 32920,20210517,   81,    0
  4985, 32920,20210518,  100,    0
  4985, 32920,20210519,   99,    0
  4985, 32920,20210520,  106,    0
  4985, 32920,20210521,   95,    0
  4985, 32920,20210522,   97,    0
  4985, 32920,20210523,   98,    0
  4985, 32920,20210524,  101,    0
  4985, 32920,20210525,  112,    0
  4985, 32920,20210526,   91,    0
  4985, 32920,20210527,  112,    0
  4985, 32920,20210528,  147,    0
  4985, 32920,20210529,  170,    0
  4985, 32920,20210530,  168,    0
  4985, 32920,20210531,  154,    0
  4985, 32920,20210601,  166,    0
  4985, 32920,20210602,  159,    0
  4985, 32920,20210603,  162,    0
  4985, 32920,20210604,  174,    0
  4985, 32920,20210605,  184,    0
  4985, 32920,20210606,  179,    0
  4985, 32920,20210607,  156,    0
  4985, 32920,20210608,  153,    0
  4985, 32920,20210609,  146,    0
  4985, 32920,20210610,  165,    0
  4985, 32920,20210611,  164,    0
  4985, 32920,20210612,  163,    0
  4985, 32920,20210613,  156,    0
  4985, 32920,20210614,  142,    0
  4985, 32920,20210615,  149,    0
  4985, 32920,20210616,  136,    0
  4985, 32920,20210617,  175,    0
  4985, 32920,20210618,  179,    0
  4985, 32920,20210619,  174,    0
  4985, 32920,20210620,  148,    0
  4985, 32920,20210621,  137,    0
  4985, 32920,20210622,  134,    0
  4985, 32920,20210623,  164,    0
  4985, 32920,20210624,  156,    0
  4985, 32920,20210625,  150,    0
  4985, 32920,20210626,  168,    0
  4985, 32920,20210627,  149,    0
  4985, 32920,20210628,  154,    0
  4985, 32920,20210629,  159,    0
  4985, 32920,20210630,  170,    0
  4985, 32920,20210701,  167,    0
  4985, 32920,20210702,  200,    0
  4985, 32920,20210703,  211,    0
  4985, 32920,20210704,  187,    0
  4985, 32920,20210705,  184,    0
  4985, 32920,20210706,  176,    0
  4985, 32920,20210707,  168,    0
  4985, 32920,20210708,  166,    0
  4985, 32920,20210709,  174,    0
  4985, 32920,20210710,  153,    0
  4985, 32920,20210711,  175,    0
  4985, 32920,20210712,  180,    0
  4985, 32920,20210713,  199,    0
  4985, 32920,20210714,  208,    0
  4985, 32920,20210715,  221,    0
  4985, 32920,20210716,  209,    0
  4985, 32920,20210717,  208,    0
  4985, 32920,20210718,  177,    0
  4985, 32920,20210719,  164,    0
  4985, 32920,20210720,  184,    0
  4985, 32920,20210721,  173,    0
  4985, 32920,20210722,  190,    0
  4985, 32920,20210723,  184,    0
  4985, 32920,20210724,  196,    0
  4985, 32920,20210725,  203,    0
  4985, 32920,20210726,  195,    0
  4985, 32920,20210727,  171,    0
  4985, 32920,20210728,  173,    0
  4985, 32920,20210729,  143,    0
  4985, 32920,20210730,  178,    0
  4985, 32920,20210731,  161,    0
  4985, 32920,20210801,  141,    0
  4985, 32920,20210802,  130,    0
  4985, 32920,20210803,  127,    0
  4985, 32920,20210804,  146,    0
  4985, 32920,20210805,  146,    0
  4985, 32920,20210806,  151,    0
  4985, 32920,20210807,  154,    0
  4985, 32920,20210808,  157,    0
  4985, 32920,20210809,  152,    0
  4985, 32920,20210810,  163,    0
  4985, 32920,20210811,  160,    0
  4985, 32920,20210812,  169,    0
  4985, 32920,20210813,  161,    0
  4985, 32920,20210814,  139,    0
  4985, 32920,20210815,  143,    0
  4985, 32920,20210816,  134,    0
  4985, 32920,20210817,  154,    0
  4985, 32920,20210818,  146,    0
  4985, 32920,20210819,  137,    0
  4985, 32920,20210820,  132,    0
  4985, 32920,20210821,  129,    0
  4985, 32920,20210822,  136,    0
  4985, 32920,20210823,  141,    0
  4985, 32920,20210824,  157,    0
  4985, 32920,20210825,  173,    0
  4985, 32920,20210826,  137,    0
  4985, 32920,20210827,  141,    0
  4985, 32920,20210828,  155,    0
  4985, 32920,20210829,  158,    0
  4985, 32920,20210830,  153,    0
  4985, 32920,20210831,  153,    0
  4985, 32920,20210901,  156,    0
  4985, 32920,20210902,  149,    0
  4985, 32920,20210903,  130,    0
  4985, 32920,20210904,  106,    0
  4985, 32920,20210905,  129,    0
  4985, 32920,20210906,  131,    0
  4985, 32920,20210907,  159,    0
  4985, 32920,20210908,  174,    0
  4985, 32920,20210909,  173,    0
  4985, 32920,20210910,  156,    0
  4985, 32920,20210911,  158,    0
  4985, 32920,20210912,  146,    0
  4985, 32920,20210913,  111,    0
  4985, 32920,20210914,  107,    0
  4985, 32920,20210915,  114,    0
  4985, 32920,20210916,  100,    0
  4985, 32920,20210917,   91,    0
  4985, 32920,20210918,   93,    0
  4985, 32920,20210919,   88,    0
  4985, 32920,20210920,   81,    0
  4985, 32920,20210921,  106,    0
  4985, 32920,20210922,  119,    0
  4985, 32920,20210923,  105,    0
  4985, 32920,20210924,   90,    0
  4985, 32920,20210925,  107,    0
  4985, 32920,20210926,  103,    0
  4985, 32920,20210927,  116,    0
  4985, 32920,20210928,  119,    0
  4985, 32920,20210929,  108,    0
  4985, 32920,20210930,   99,    0
  4985, 32920,20211001,  111,    0
  4985, 32920,20211002,  111,    0
  4985, 32920,20211003,  113,    0
  4985, 32920,20211004,  119,    0
  4985, 32920,20211005,  113,    0
  4985, 32920,20211006,   97,    0
  4985, 32920,20211007,  111,    0
  4985, 32920,20211008,  126,    0
  4985, 32920,20211009,  126,    0
  4985, 32920,20211010,  103,    0
  4985, 32920,20211011,   62,    0
  4985, 32920,20211012,   43,    0
  4985, 32920,20211013,   39,    0
  4985, 32920,20211014,   95,    0
  4985, 32920,20211015,   80,    0
  4985, 32920,20211016,   70,    0
  4985, 32920,20211017,   18,    0
  4985, 32920,20211018,    8,    0
  4985, 32920,20211019,   20,    0
  4985, 32920,20211020,   85,    0
  4985, 32920,20211021,   73,    0
  4985, 32920,20211022,   56,    0
  4985, 32920,20211023,   31,    0
  4985, 32920,20211024,   87,    0
  4985, 32920,20211025,   96,    0
  4985, 32920,20211026,   68,    0
  4985, 32920,20211027,  106,    0
  4985, 32920,20211028,  116,    0
  4985, 32920,20211029,  104,    0
  4985, 32920,20211030,   99,    0
  4985, 32920,20211031,   85,    0
  4985, 32920,20211101,   95,    0
  4985, 32920,20211102,   78,    0
  4985, 32920,20211103,   52,    0
  4985, 32920,20211104,   17,    0
  4985, 32920,20211105,    6,    0
  4985, 32920,20211106,   24,    0
  4985, 32920,20211107,   30,    0
  4985, 32920,20211108,   12,    0
  4985, 32920,20211109,   72,    0
  4985, 32920,20211110,   66,    0
  4985, 32920,20211111,   50,    0
  4985, 32920,20211112,    9,    0
  4985, 32920,20211113,   25,    0
  4985, 32920,20211114,    4,    0
  4985, 32920,20211115,   41,    0
  4985, 32920,20211116,   74,    0
  4985, 32920,20211117,   53,    0
  4985, 32920,20211118,   22,    0
  4985, 32920,20211119,   89,    0
  4985, 32920,20211120,   50,    0
  4985, 32920,20211121,    4,    0
  4985, 32920,20211122,  -26,    0
  4985, 32920,20211123,   10,    0
  4985, 32920,20211124,   48,    0
  4985, 32920,20211125,   -6,    0
  4985, 32920,20211126,  -42,    0
  4985, 32920,20211127,  -43,    0
  4985, 32920,20211128,  -49,    0
  4985, 32920,20211129,  -73,    0
  4985, 32920,20211130,  -67,    0
  4985, 32920,20211201,  -96,    0
  4985, 32920,20211202,  -95,    0
  4985, 32920,20211203, -101,    0
  4985, 32920,20211204,  -67,    0
  4985, 32920,20211205,  -79,    0
  4985, 32920,20211206, -110,    0
  4985, 32920,20211207,  -83,    0
  4985, 32920,20211208,  -43,    0
  4985, 32920,20211209,  -16,    0
  4985, 32920,20211210,  -16,    0
  4985, 32920,20211211,    1,    0
  4985, 32920,20211212,    1,    0
  4985, 32920,20211213,   19,    0
  4985, 32920,20211214,    9,    0
  4985, 32920,20211215,   36,    0
  4985, 32920,20211216,   32,    0
  4985, 32920,20211217,  -15,    0
  4985, 32920,20211218,   16,    0
  4985, 32920,20211219,   17,    0
  4985, 32920,20211220,  -18,    0
  4985, 32920,20211221,  -38,    0
  4985, 32920,20211222,  -24,    0
  4985, 32920,20211223,  -39,    0
  4985, 32920,20211224,  -82,    0
  4985, 32920,20211225,  -97,    0
  4985, 32920,20211226,  -92,    0
  4985, 32920,20211227,  -97,    0
  4985, 32920,20211228,  -59,    0
  4985, 32920,20211229,  -69,    0
  4985, 32920,20211230,    1,    0
  4985, 32920,20211231,  -30,    0
  4985, 32920,20220101,  -43,    0
  4985, 32920,20220102,    5,    0
  4985, 32920,20220103,   17,    0
  4985, 32920,20220104,  -19,    0
  4985, 32920,20220105,  -35,    0
  4985, 32920,20220106,  -88,    0
  4985, 32920,20220107,  -44,    0
  4985, 32920,20220108,  -40,    0
  4985, 32920,20220109,  -25,    0
  4985, 32920,20220110,  -20,    0
  4985, 32920,20220111,   10,    0
  4985, 32920,20220112,   23,    0
  4985, 32920,20220113,   60,    0
  4985, 32920,20220114,   33,    0
  4985, 32920,20220115,  -29,    0
  4985, 32920,20220116,   21,    0
  4985, 32920,20220117,    1,    0
  4985, 32920,20220118,  -18,    0
  4985, 32920,20220119,   28,    0
  4985, 32920,20220120,   -9,    0
  4985, 32920,20220121,  -22,    0
  4985, 32920,20220122,   -5,    0
  4985, 32920,20220123,   -3,    0
  4985, 32920,20220124,   20,    0
  4985, 32920,20220125,    3,    0
  4985, 32920,20220126,   34,    0
  4985, 32920,20220127,   39,    0
  4985, 32920,20220128,   10,    0
  4985, 32920,20220129,   51,    0
  4985, 32920,20220130,   23,    0
  4985, 32920,20220131,  -53,    0
  4985, 32920,20220201,  -58,    0
  4985, 32920,20220202,  -75,    0
  4985, 32920,20220203,  -57,    0
  4985, 32920,20220204,   16,    0
  4985, 32920,20220205,   11,    0
  4985, 32920,20220206,    0,    0
  4985, 32920,20220207,   10,    0
  4985, 32920,20220208,   39,    0
  4985, 32920,20220209,   31,    0
  4985, 32920,20220210,    5,    0
  4985, 32920,20220211,  -10,    0
  4985, 32920,20220212,   27,    0
  4985, 32920,20220213,   47,    0
  4985, 32920,20220214,   15,    0
  4985, 32920,20220215,   23,    0
  4985, 32920,20220216,   12,    0
  4985, 32920,20220217,    6,    0
  4985, 32920,20220218,    8,    0
  4985, 32920,20220219,   -6,    0
  4985, 32920,20220220,  -20,    0
  4985, 32920,20220221,   -9,    0
  4985, 32920,20220222,  -32,    0
  4985, 32920,20220223,   13,    0
  4985, 32920,20220224,   18,    0
  4985, 32920,20220225,    6,    0
  4985, 32920,20220226,   -6,    0
  4985, 32920,20220227,   29,    0
  4985, 32920,20220228,   25,    0
  4985, 32920,20220301,   36,    0
  4985, 32920,20220302,   26,    0
  4985, 32920,20220303,   -2,    0
  4985, 32920,20220304,  -16,    0
  4985, 32920,20220305,   -5,    0
  4985, 32920,20220306,    7,    0
  4985, 32920,20220307,   16,    0
  4985, 32920,20220308,   -6,    0
  4985, 32920,20220309,  -29,    0
  4985, 32920,20220310,    2,    0
  4985, 32920,20220311,    6,    0
  4985, 32920,20220312,  -11,    0
  4985, 32920,20220313,    2,    0
  4985, 32920,20220314,    7,    0
  4985, 32920,20220315,    7,    0
  4985, 32920,20220316,   21,    0
  4985, 32920,20220317,   14,    0
  4985, 32920,20220318,   36,    0
  4985, 32920,20220319,   27,    0
  4985, 32920,20220320,   16,    0
  4985, 32920,20220321,   16,    0
  4985, 32920,20220322,   29,    0
  4985, 32920,20220323,   24,    0
  4985, 32920,20220324,   39,    0
  4985, 32920,20220325,   87,    0
  4985, 32920,20220326,   52,    0
  4985, 32920,20220327,   73,    0
  4985, 32920,20220328,   72,    0
  4985, 32920,20220329,   -5,    0
  4985, 32920,20220330,  -15,    0
  4985, 32920,20220331,   -6,    0
  4985, 32920,20220401,  -17,    0
  4985, 32920,20220402,   -6,    0
  4985, 32920,20220403,   31,    0
  4985, 32920,20220404,   18,    0
  4985, 32920,20220405,    3,    0
  4985, 32920,20220406,   -5,    0
  4985, 32920,20220407,    3,    0
  4985, 32920,20220408,   14,    0
  4985, 32920,20220409,   44,    0
  4985, 32920,20220410,   69,    0
  4985, 32920,20220411,   38,    0
  4985, 32920,20220412,   37,    0
  4985, 32920,20220413,   33,    0
  4985, 32920,20220414,   39,    0
  4985, 32920,20220415,   57,    0
  4985, 32920,20220416,   51,    0
  4985, 32920,20220417,   50,    0
  4985, 32920,20220418,   56,    0
  4985, 32920,20220419,   77,    0
  4985, 32920,20220420,  101,    0
  4985, 32920,20220421,  109,    0
  4985, 32920,20220422,  115,    0
  4985, 32920,20220423,   94,    0
  4985, 32920,20220424,   64,    0
  4985, 32920,20220425,   90,    0
  4985, 32920,20220426,   74,    0
  4985, 32920,20220427,   48,    0
  4985, 32920,20220428,   68,    0
  4985, 32920,20220429,   76,    0
  4985, 32920,20220430,   86,    0
  4985, 32920,20220501,   94,    0
  4985, 32920,20220502,   92,    0
  4985, 32920,20220503,   64,    0
  4985, 32920,20220504,   73,    0
  4985, 32920,20220505,  104,    0
  4985, 32920,20220506,  103,    0
  4985, 32920,20220507,  107,    0
  4985, 32920,20220508,   82,    0
  4985, 32920,20220509,  101,    0
  4985, 32920,20220510,   98,    0
  4985, 32920,20220511,   94,    0
  4985, 32920,20220512,  113,    0
  4985, 32920,20220513,   98,    0
  4985, 32920,20220514,  118,    0
  4985, 32920,20220515,  114,    0
  4985, 32920,20220516,  105,    0
  4985, 32920,20220517,  111,    0
  4985, 32920,20220518,  101,    0
  4985, 32920,20220519,  125,    0
  4985, 32920,20220520,  144,    0
  4985, 32920,20220521,  106,    0
  4985, 32920,20220522,  117,    0
  4985, 32920,20220523,  124,    0
  4985, 32920,20220524,  114,    0
  4985, 32920,20220525,  118,    0
  4985, 32920,20220526,  120,    0
  4985, 32920,20220527,   89,    0
  4985, 32920,20220528,  128,    0
  4985, 32920,20220529,   98,    0
  4985, 32920,20220530,  112,    0
  4985, 32920,20220531,  132,    0
  4985, 32920,20220601,  117,    0
  4985, 32920,20220602,  119,    0
  4985, 32920,20220603,  129,    0
  4985, 32920,20220604,  143,    0
  4985, 32920,20220605,  145,    0
  4985, 32920,20220606,  159,    0
  4985, 32920,20220607,  150,    0
  4985, 32920,20220608,  139,    0
  4985, 32920,20220609,  144,    0
  4985, 32920,20220610,  153,    0
  4985, 32920,20220611,  143,    0
  4985, 32920,20220612,  133,    0
  4985, 32920,20220613,  133,    0
  4985, 32920,20220614,  160,    0
  4985, 32920,20220615,  156,    0
  4985, 32920,20220616,  165,    0
  4985, 32920,20220617,  150,    0
  4985, 32920,20220618,  160,    0
  4985, 32920,20220619,  127,    0
  4985, 32920,20220620,  160,    0
  4985, 32920,20220621,  154,    0
  4985, 32920,20220622,  165,    0
  4985, 32920,20220623,  173,    0
  4985, 32920,20220624,  200,    0
  4985, 32920,20220625,  205,    0
  4985, 32920,20220626,  181,    0
  4985, 32920,20220627,  175,    0
  4985, 32920,20220628,  172,    0
  4985, 32920,20220629,  172,    0
  4985, 32920,20220630,  195,    0
  4985, 32920,20220701,  202,    0
  4985, 32920,20220702,  167,    0
  4985, 32920,20220703,  151,    0
  4985, 32920,20220704,  150,    0
  4985, 32920,20220705,  151,    0
  4985, 32920,20220706,  144,    0
  4985, 32920,20220707,  165,    0
  4985, 32920,20220708,  170,    0
  4985, 32920,20220709,  161,    0
  4985, 32920,20220710,  154,    0
  4985, 32920,20220711,  159,    0
  4985, 32920,20220712,  163,    0
  4985, 32920,20220713,  173,    0
  4985, 32920,20220714,  149,    0
  4985, 32920,20220715,  139,    0
  4985, 32920,20220716,  148,    0
  4985, 32920,20220717,  160,    0
  4985, 32920,20220718,  168,    0
  4985, 32920,20220719,  176,    0
  4985, 32920,20220720,  203,    0
  4985, 32920,20220721,  198,    0
  4985, 32920,20220722,  148,    0
  4985, 32920,20220723,  152,    0
  4985, 32920,20220724,  154,    0
  4985, 32920,20220725,  160,    0
  4985, 32920,20220726,  171,    0
  4985, 32920,20220727,  162,    0
  4985, 32920,20220728,  158,    0
  4985, 32920,20220729,  174,    0
  4985, 32920,20220730,  161,    0
  4985, 32920,20220731,  166,    0
  4985, 32920,20220801,  164,    0
  4985, 32920,20220802,  135,    0
  4985, 32920,20220803,  174,    0
  4985, 32920,20220804,  158,    0
  4985, 32920,20220805,  163,    0
  4985, 32920,20220806,  146,    0
  4985, 32920,20220807,  142,    0
  4985, 32920,20220808,  151,    0
  4985, 32920,20220809,  148,    0
  4985, 32920,20220810,  188,    0
  4985, 32920,20220811,  180,    0
  4985, 32920,20220812,  179,    0
  4985, 32920,20220813,  179,    0
  4985, 32920,20220814,  193,    0
  4985, 32920,20220815,  198,    0
  4985, 32920,20220816,  189,    0
  4985, 32920,20220817,  190,    0
  4985, 32920,20220818,  165,    0
  4985, 32920,20220819,  175,    0
  4985, 32920,20220820,  169,    0
  4985, 32920,20220821,  147,    0
  4985, 32920,20220822,  131,    0
  4985, 32920,20220823,  135,    0
  4985, 32920,20220824,  154,    0
  4985, 32920,20220825,  175,    0
  4985, 32920,20220826,  160,    0
  4985, 32920,20220827,  167,    0
  4985, 32920,20220828,  152,    0
  4985, 32920,20220829,  128,    0
  4985, 32920,20220830,  113,    0
  4985, 32920,20220831,  118,    0
  4985, 32920,20220901,  116,    0
  4985, 32920,20220902,  119,    0
  4985, 32920,20220903,  115,    0
  4985, 32920,20220904,  120,    0
  4985, 32920,20220905,  123,    0
  4985, 32920,20220906,  122,    0
  4985, 32920,20220907,  116,    0
  4985, 32920,20220908,  124,    0
  4985, 32920,20220909,  125,    0
  4985, 32920,20220910,  116,    0
  4985, 32920,20220911,  123,    0
  4985, 32920,20220912,  135,    0
  4985, 32920,20220913,  123,    0
  4985, 32920,20220914,  117,    0
  4985, 32920,20220915,  119,    0
  4985, 32920,20220916,  128,    0
  4985, 32920,20220917,  114,    0
  4985, 32920,20220918,  107,    0
  4985, 32920,20220919,  106,    0
  4985, 32920,20220920,   78,    0
  4985, 32920,20220921,   76,    0
  4985, 32920,20220922,   99,    0
  4985, 32920,20220923,  120,    0
  4985, 32920,20220924,   99,    0
  4985, 32920,20220925,   85,    0
  4985, 32920,20220926,   92,    0
  4985, 32920,20220927,  102,    0
  4985, 32920,20220928,  106,    0
  4985, 32920,20220929,   74,    0
  4985, 32920,20220930,   71,    0
  4985, 32920,20221001,   94,    0
  4985, 32920,20221002,   86,    0
  4985, 32920,20221003,   68,    0
  4985, 32920,20221004,   93,    0
  4985, 32920,20221005,  131,    0
  4985, 32920,20221006,  107,    0
  4985, 32920,20221007,  117,    0
  4985, 32920,20221008,   89,    0
  4985, 32920,20221009,   86,    0
  4985, 32920,20221010,   99,    0
  4985, 32920,20221011,   70,    0
  4985, 32920,20221012,   62,    0
  4985, 32920,20221013,   99,    0
  4985, 32920,20221014,   87,    0
  4985, 32920,20221015,   95,    0
  4985, 32920,20221016,   65,    0
  4985, 32920,20221017,   61,    0
  4985, 32920,20221018,   61,    0
  4985, 32920,20221019,   20,    0
  4985, 32920,20221020,   28,    0
  4985, 32920,20221021,   37,    0
  4985, 32920,20221022,   38,    0
  4985, 32920,20221023,   34,    0
  4985, 32920,20221024,   64,    0
  4985, 32920,20221025,   71,    0
  4985, 32920,20221026,   51,    0
  4985, 32920,20221027,  109,    0
  4985, 32920,20221028,  116,    0
  4985, 32920,20221029,   95,    0
  4985, 32920,20221030,   50,    0
  4985, 32920,20221031,   98,    0
