EUROPEAN CLIMATE ASSESSMENT & DATASET (ECA&D), file created on: 16-11-2022
THESE DATA CAN BE USED FOR NON-COMMERCIAL RESEARCH AND EDUCATION PROVIDED THAT THE FOLLOWING SOURCE IS ACKNOWLEDGED: 

Klein Tank, A.M.G. and Coauthors, 2002. Daily dataset of 20th-century surface
air temperature and precipitation series for the European Climate Assessment.
Int. J. of Climatol., 22, 1441-1453.
Data and metadata available at http://www.ecad.eu

FILE FORMAT (MISSING VALUE CODE = -9999):

01-06 STAID: Station identifier
08-13 SOUID: Source identifier
15-22 DATE : Date YYYYMMDD
24-28 TG   : Mean temperature in 0.1 &#176;C
30-34 Q_TG : quality code for TG (0='valid'; 1='suspect'; 9='missing')

This is the blended series of station SANDHORNOEYA - VATVIKFJELLET, NORWAY (STAID: 18110)
Blended and updated with sources:99148 
See files sources.txt and stations.txt for more info.

STAID, SOUID,    DATE,   TG, Q_TG
 18110, 99148,20150901,   47,    0
 18110, 99148,20150902,   71,    0
 18110, 99148,20150903,   56,    0
 18110, 99148,20150904,   47,    0
 18110, 99148,20150905,   50,    0
 18110, 99148,20150906,   39,    0
 18110, 99148,20150907,   45,    0
 18110, 99148,20150908,   53,    0
 18110, 99148,20150909,   67,    0
 18110, 99148,20150910,  117,    0
 18110, 99148,20150911,  173,    0
 18110, 99148,20150912,  135,    0
 18110, 99148,20150913,  116,    0
 18110, 99148,20150914,  112,    0
 18110, 99148,20150915,  116,    0
 18110, 99148,20150916,  106,    0
 18110, 99148,20150917,  101,    0
 18110, 99148,20150918,  106,    0
 18110, 99148,20150919,   72,    0
 18110, 99148,20150920,   72,    0
 18110, 99148,20150921,   91,    0
 18110, 99148,20150922,   86,    0
 18110, 99148,20150923,   69,    0
 18110, 99148,20150924,   87,    0
 18110, 99148,20150925,   82,    0
 18110, 99148,20150926,   61,    0
 18110, 99148,20150927,   57,    0
 18110, 99148,20150928,   63,    0
 18110, 99148,20150929,   80,    0
 18110, 99148,20150930,   46,    0
 18110, 99148,20151001,   35,    0
 18110, 99148,20151002,   32,    0
 18110, 99148,20151003,    3,    0
 18110, 99148,20151004,   19,    0
 18110, 99148,20151005,    9,    0
 18110, 99148,20151006,    6,    0
 18110, 99148,20151007,   16,    0
 18110, 99148,20151008,   24,    0
 18110, 99148,20151009,   22,    0
 18110, 99148,20151010,   45,    0
 18110, 99148,20151011,   52,    0
 18110, 99148,20151012,   55,    0
 18110, 99148,20151013,   41,    0
 18110, 99148,20151014,   49,    0
 18110, 99148,20151015,   47,    0
 18110, 99148,20151016,   37,    0
 18110, 99148,20151017,   47,    0
 18110, 99148,20151018,   40,    0
 18110, 99148,20151019,   33,    0
 18110, 99148,20151020,   35,    0
 18110, 99148,20151021,   28,    0
 18110, 99148,20151022,   38,    0
 18110, 99148,20151023,   23,    0
 18110, 99148,20151024,   54,    0
 18110, 99148,20151025,   22,    0
 18110, 99148,20151026,   -9,    0
 18110, 99148,20151027,  -29,    0
 18110, 99148,20151028,   -4,    0
 18110, 99148,20151029,    3,    0
 18110, 99148,20151030,   30,    0
 18110, 99148,20151031,   57,    0
 18110, 99148,20151101,   39,    0
 18110, 99148,20151102,   41,    0
 18110, 99148,20151103,   44,    0
 18110, 99148,20151104,   25,    0
 18110, 99148,20151105,   13,    0
 18110, 99148,20151106,   27,    0
 18110, 99148,20151107,   43,    0
 18110, 99148,20151108,   29,    0
 18110, 99148,20151109,   32,    0
 18110, 99148,20151110,   21,    0
 18110, 99148,20151111,    6,    0
 18110, 99148,20151112,    9,    0
 18110, 99148,20151113,    4,    0
 18110, 99148,20151114,    4,    0
 18110, 99148,20151115,   -3,    0
 18110, 99148,20151116,  -25,    0
 18110, 99148,20151117,  -14,    0
 18110, 99148,20151118,  -14,    0
 18110, 99148,20151119,  -33,    0
 18110, 99148,20151120,  -38,    0
 18110, 99148,20151121,  -62,    0
 18110, 99148,20151122,  -53,    0
 18110, 99148,20151123,  -20,    0
 18110, 99148,20151124,   13,    0
 18110, 99148,20151125,    5,    0
 18110, 99148,20151126,   -4,    0
 18110, 99148,20151127,   -2,    0
 18110, 99148,20151128,  -16,    0
 18110, 99148,20151129,  -19,    0
 18110, 99148,20151130,  -18,    0
 18110, 99148,20151201,  -12,    0
 18110, 99148,20151202,   -8,    0
 18110, 99148,20151203,    4,    0
 18110, 99148,20151204,   -1,    0
 18110, 99148,20151205,   -3,    0
 18110, 99148,20151206,   -8,    0
 18110, 99148,20151207,  -10,    0
 18110, 99148,20151208,  -10,    0
 18110, 99148,20151209,   22,    0
 18110, 99148,20151210,   -4,    0
 18110, 99148,20151211,   -5,    0
 18110, 99148,20151212,  -31,    0
 18110, 99148,20151213,  -42,    0
 18110, 99148,20151214,  -45,    0
 18110, 99148,20151215,  -42,    0
 18110, 99148,20151216,  -33,    0
 18110, 99148,20151217,  -21,    0
 18110, 99148,20151218,   23,    0
 18110, 99148,20151219,  -12,    0
 18110, 99148,20151220,   42,    0
 18110, 99148,20151221,   17,    0
 18110, 99148,20151222,  -18,    0
 18110, 99148,20151223,    0,    0
 18110, 99148,20151224,   17,    0
 18110, 99148,20151225,   -8,    0
 18110, 99148,20151226,  -82,    0
 18110, 99148,20151227,  -26,    0
 18110, 99148,20151228,  -26,    0
 18110, 99148,20151229,  -11,    0
 18110, 99148,20151230,   -3,    0
 18110, 99148,20151231,   15,    0
 18110, 99148,20160101,    6,    0
 18110, 99148,20160102,  -25,    0
 18110, 99148,20160103,  -59,    0
 18110, 99148,20160104, -137,    0
 18110, 99148,20160105, -106,    0
 18110, 99148,20160106,  -76,    0
 18110, 99148,20160107, -113,    0
 18110, 99148,20160108, -126,    0
 18110, 99148,20160109,  -89,    0
 18110, 99148,20160110,  -82,    0
 18110, 99148,20160111,  -90,    0
 18110, 99148,20160112,  -85,    0
 18110, 99148,20160113, -114,    0
 18110, 99148,20160114, -113,    0
 18110, 99148,20160115,  -81,    0
 18110, 99148,20160116,  -74,    0
 18110, 99148,20160117,  -60,    0
 18110, 99148,20160118,  -63,    0
 18110, 99148,20160119,  -55,    0
 18110, 99148,20160120,  -69,    0
 18110, 99148,20160121,  -41,    0
 18110, 99148,20160122,  -18,    0
 18110, 99148,20160123,  -16,    0
 18110, 99148,20160124,    2,    0
 18110, 99148,20160125,    0,    0
 18110, 99148,20160126,   12,    0
 18110, 99148,20160127,   -8,    0
 18110, 99148,20160128,  -16,    0
 18110, 99148,20160129,   -3,    0
 18110, 99148,20160130,   -9,    0
 18110, 99148,20160131,  -22,    0
 18110, 99148,20160201,  -21,    0
 18110, 99148,20160202,  -47,    0
 18110, 99148,20160203,  -33,    0
 18110, 99148,20160204,  -30,    0
 18110, 99148,20160205,  -42,    0
 18110, 99148,20160206,  -42,    0
 18110, 99148,20160207,  -22,    0
 18110, 99148,20160208,  -15,    0
 18110, 99148,20160209,  -17,    0
 18110, 99148,20160210,  -36,    0
 18110, 99148,20160211,  -45,    0
 18110, 99148,20160212,  -75,    0
 18110, 99148,20160213,  -79,    0
 18110, 99148,20160214,  -71,    0
 18110, 99148,20160215,  -56,    0
 18110, 99148,20160216,  -51,    0
 18110, 99148,20160217,    3,    0
 18110, 99148,20160218,  -20,    0
 18110, 99148,20160219,  -20,    1
 18110, 99148,20160220,  -28,    0
 18110, 99148,20160221,  -23,    0
 18110, 99148,20160222,  -34,    0
 18110, 99148,20160223,  -31,    0
 18110, 99148,20160224,  -41,    0
 18110, 99148,20160225,  -73,    0
 18110, 99148,20160226,  -75,    0
 18110, 99148,20160227,  -46,    0
 18110, 99148,20160228,  -39,    0
 18110, 99148,20160229,  -27,    0
 18110, 99148,20160301,  -19,    0
 18110, 99148,20160302,  -45,    0
 18110, 99148,20160303,  -50,    0
 18110, 99148,20160304,  -21,    0
 18110, 99148,20160305,  -36,    0
 18110, 99148,20160306,  -28,    0
 18110, 99148,20160307,  -36,    0
 18110, 99148,20160308,  -39,    0
 18110, 99148,20160309,  -43,    0
 18110, 99148,20160310,  -10,    0
 18110, 99148,20160311,    2,    0
 18110, 99148,20160312,   17,    0
 18110, 99148,20160313,    8,    0
 18110, 99148,20160314,   22,    0
 18110, 99148,20160315,   25,    0
 18110, 99148,20160316,   12,    1
 18110, 99148,20160317,  -49,    0
 18110, 99148,20160318,  -66,    0
 18110, 99148,20160319,  -53,    0
 18110, 99148,20160320,  -46,    0
 18110, 99148,20160321,  -76,    0
 18110, 99148,20160322,  -67,    0
 18110, 99148,20160323,  -45,    0
 18110, 99148,20160324,  -32,    0
 18110, 99148,20160325,  -13,    0
 18110, 99148,20160326,    1,    0
 18110, 99148,20160327,   26,    0
 18110, 99148,20160328,   25,    0
 18110, 99148,20160329,   36,    0
 18110, 99148,20160330,  -10,    0
 18110, 99148,20160331,  -16,    0
 18110, 99148,20160401,  -26,    0
 18110, 99148,20160402,  -17,    0
 18110, 99148,20160403,    7,    0
 18110, 99148,20160404,   11,    0
 18110, 99148,20160405,    2,    0
 18110, 99148,20160406,    1,    0
 18110, 99148,20160407,  -13,    0
 18110, 99148,20160408,   -8,    0
 18110, 99148,20160409,    0,    0
 18110, 99148,20160410,   -3,    0
 18110, 99148,20160411,  -11,    0
 18110, 99148,20160412,  -29,    0
 18110, 99148,20160413,  -54,    0
 18110, 99148,20160414,  -46,    0
 18110, 99148,20160415,   -7,    0
 18110, 99148,20160416,  -12,    0
 18110, 99148,20160417,   -5,    0
 18110, 99148,20160418,    1,    0
 18110, 99148,20160419,  -11,    0
 18110, 99148,20160420,   -8,    0
 18110, 99148,20160421,   -1,    0
 18110, 99148,20160422,  -16,    0
 18110, 99148,20160423,  -25,    0
 18110, 99148,20160424,  -36,    0
 18110, 99148,20160425,  -25,    0
 18110, 99148,20160426,   -8,    0
 18110, 99148,20160427,    8,    0
 18110, 99148,20160428,   26,    0
 18110, 99148,20160429,   47,    0
 18110, 99148,20160430,   40,    0
 18110, 99148,20160501,   48,    0
 18110, 99148,20160502,   50,    0
 18110, 99148,20160503,   69,    0
 18110, 99148,20160504,   30,    0
 18110, 99148,20160505,   53,    0
 18110, 99148,20160506,   50,    0
 18110, 99148,20160507,   52,    0
 18110, 99148,20160508,   17,    0
 18110, 99148,20160509,    7,    0
 18110, 99148,20160510,   -2,    0
 18110, 99148,20160511,   10,    0
 18110, 99148,20160512,   -4,    0
 18110, 99148,20160513,  -12,    0
 18110, 99148,20160514,    1,    0
 18110, 99148,20160515,    3,    0
 18110, 99148,20160516,   -2,    0
 18110, 99148,20160517,  -20,    0
 18110, 99148,20160518,  -20,    0
 18110, 99148,20160519,  -12,    0
 18110, 99148,20160520,   16,    0
 18110, 99148,20160521,   48,    0
 18110, 99148,20160522,   78,    0
 18110, 99148,20160523,   46,    0
 18110, 99148,20160524,   27,    0
 18110, 99148,20160525,   17,    0
 18110, 99148,20160526,   57,    0
 18110, 99148,20160527,  109,    0
 18110, 99148,20160528,  138,    0
 18110, 99148,20160529,  129,    0
 18110, 99148,20160530,  138,    0
 18110, 99148,20160531,  129,    0
 18110, 99148,20160601,   80,    0
 18110, 99148,20160602,   77,    0
 18110, 99148,20160603,   29,    0
 18110, 99148,20160604,   16,    0
 18110, 99148,20160605,   26,    0
 18110, 99148,20160606,   37,    0
 18110, 99148,20160607,   30,    0
 18110, 99148,20160608,   15,    0
 18110, 99148,20160609,   24,    0
 18110, 99148,20160610,   45,    0
 18110, 99148,20160611,   48,    0
 18110, 99148,20160612,   32,    0
 18110, 99148,20160613,   32,    0
 18110, 99148,20160614,   31,    0
 18110, 99148,20160615,-9999,    9
 18110, 99148,20160616,   74,    0
 18110, 99148,20160617,   85,    0
 18110, 99148,20160618,   49,    0
 18110, 99148,20160619,   36,    0
 18110, 99148,20160620,   37,    0
 18110, 99148,20160621,   79,    0
 18110, 99148,20160622,   70,    0
 18110, 99148,20160623,  110,    0
 18110, 99148,20160624,   75,    0
 18110, 99148,20160625,   70,    0
 18110, 99148,20160626,  104,    0
 18110, 99148,20160627,  138,    0
 18110, 99148,20160628,   80,    0
 18110, 99148,20160629,   81,    0
 18110, 99148,20160630,  138,    0
 18110, 99148,20160701,  106,    0
 18110, 99148,20160702,  123,    0
 18110, 99148,20160703,   85,    0
 18110, 99148,20160704,   82,    0
 18110, 99148,20160705,   74,    0
 18110, 99148,20160706,   67,    0
 18110, 99148,20160707,   69,    0
 18110, 99148,20160708,   66,    0
 18110, 99148,20160709,   70,    0
 18110, 99148,20160710,   72,    0
 18110, 99148,20160711,  105,    0
 18110, 99148,20160712,  137,    0
 18110, 99148,20160713,  102,    0
 18110, 99148,20160714,   72,    0
 18110, 99148,20160715,   67,    0
 18110, 99148,20160716,   70,    0
 18110, 99148,20160717,   76,    0
 18110, 99148,20160718,   60,    0
 18110, 99148,20160719,   74,    0
 18110, 99148,20160720,   95,    0
 18110, 99148,20160721,  155,    0
 18110, 99148,20160722,  177,    0
 18110, 99148,20160723,  151,    0
 18110, 99148,20160724,  113,    0
 18110, 99148,20160725,  130,    0
 18110, 99148,20160726,  154,    0
 18110, 99148,20160727,  102,    0
 18110, 99148,20160728,  126,    0
 18110, 99148,20160729,  103,    0
 18110, 99148,20160730,  133,    0
 18110, 99148,20160731,  115,    0
 18110, 99148,20160801,   93,    0
 18110, 99148,20160802,   98,    0
 18110, 99148,20160803,   90,    0
 18110, 99148,20160804,  108,    0
 18110, 99148,20160805,  111,    0
 18110, 99148,20160806,   77,    0
 18110, 99148,20160807,   79,    0
 18110, 99148,20160808,  103,    0
 18110, 99148,20160809,-9999,    9
 18110, 99148,20160810,   55,    0
 18110, 99148,20160811,   55,    0
 18110, 99148,20160812,   52,    0
 18110, 99148,20160813,   67,    0
 18110, 99148,20160814,   79,    0
 18110, 99148,20160815,   61,    0
 18110, 99148,20160816,   64,    0
 18110, 99148,20160817,  102,    0
 18110, 99148,20160818,  127,    0
 18110, 99148,20160819,  126,    0
 18110, 99148,20160820,  119,    0
 18110, 99148,20160821,  113,    0
 18110, 99148,20160822,  109,    0
 18110, 99148,20160823,   71,    0
 18110, 99148,20160824,   80,    0
 18110, 99148,20160825,   67,    0
 18110, 99148,20160826,   80,    0
 18110, 99148,20160827,   57,    0
 18110, 99148,20160828,   48,    0
 18110, 99148,20160829,   68,    0
 18110, 99148,20160830,   54,    0
 18110, 99148,20160831,   84,    0
 18110, 99148,20160901,   74,    0
 18110, 99148,20160902,   48,    0
 18110, 99148,20160903,   52,    0
 18110, 99148,20160904,   52,    0
 18110, 99148,20160905,   41,    0
 18110, 99148,20160906,   58,    0
 18110, 99148,20160907,   77,    0
 18110, 99148,20160908,   68,    0
 18110, 99148,20160909,   97,    0
 18110, 99148,20160910,  107,    0
 18110, 99148,20160911,   78,    0
 18110, 99148,20160912,   66,    0
 18110, 99148,20160913,  118,    0
 18110, 99148,20160914,   93,    0
 18110, 99148,20160915,   61,    0
 18110, 99148,20160916,-9999,    9
 18110, 99148,20160917,-9999,    9
 18110, 99148,20160918,  106,    0
 18110, 99148,20160919,  104,    0
 18110, 99148,20160920,   82,    0
 18110, 99148,20160921,   90,    0
 18110, 99148,20160922,   91,    0
 18110, 99148,20160923,   81,    0
 18110, 99148,20160924,   64,    0
 18110, 99148,20160925,   94,    0
 18110, 99148,20160926,   91,    0
 18110, 99148,20160927,   67,    0
 18110, 99148,20160928,   77,    0
 18110, 99148,20160929,   42,    0
 18110, 99148,20160930,   38,    0
 18110, 99148,20161001,   37,    0
 18110, 99148,20161002,   25,    0
 18110, 99148,20161003,    7,    0
 18110, 99148,20161004,   13,    0
 18110, 99148,20161005,   53,    0
 18110, 99148,20161006,   43,    0
 18110, 99148,20161007,   16,    0
 18110, 99148,20161008,    9,    0
 18110, 99148,20161009,    5,    0
 18110, 99148,20161010,    4,    0
 18110, 99148,20161011,   21,    0
 18110, 99148,20161012,-9999,    9
 18110, 99148,20161013,    8,    0
 18110, 99148,20161014,   -6,    0
 18110, 99148,20161015,  -11,    0
 18110, 99148,20161016,  -22,    0
 18110, 99148,20161017,  -26,    0
 18110, 99148,20161018,  -13,    0
 18110, 99148,20161019,  -19,    0
 18110, 99148,20161020,  -18,    0
 18110, 99148,20161021,   -5,    0
 18110, 99148,20161022,  -21,    0
 18110, 99148,20161023,  -16,    0
 18110, 99148,20161024,  -10,    0
 18110, 99148,20161025,  -11,    0
 18110, 99148,20161026,    6,    0
 18110, 99148,20161027,   22,    0
 18110, 99148,20161028,    4,    0
 18110, 99148,20161029,   12,    0
 18110, 99148,20161030,   -9,    0
 18110, 99148,20161031,  -22,    0
 18110, 99148,20161101,    3,    0
 18110, 99148,20161102,  -12,    0
 18110, 99148,20161103,  -29,    0
 18110, 99148,20161104,  -49,    0
 18110, 99148,20161105,  -63,    0
 18110, 99148,20161106,  -61,    0
 18110, 99148,20161107,  -61,    0
 18110, 99148,20161108,  -52,    0
 18110, 99148,20161109,  -43,    0
 18110, 99148,20161110,  -63,    0
 18110, 99148,20161111,  -16,    0
 18110, 99148,20161112,   22,    0
 18110, 99148,20161113,   28,    0
 18110, 99148,20161114,   35,    0
 18110, 99148,20161115,   29,    0
 18110, 99148,20161116,   29,    0
 18110, 99148,20161117,    7,    0
 18110, 99148,20161118,    0,    0
 18110, 99148,20161119,   -2,    0
 18110, 99148,20161120,    9,    0
 18110, 99148,20161121,   -4,    0
 18110, 99148,20161122,  -12,    0
 18110, 99148,20161123,  -14,    0
 18110, 99148,20161124,  -20,    0
 18110, 99148,20161125,   -8,    0
 18110, 99148,20161126,  -11,    0
 18110, 99148,20161127,  -31,    0
 18110, 99148,20161128,    7,    0
 18110, 99148,20161129,   11,    0
 18110, 99148,20161130,  -27,    0
 18110, 99148,20161201,   -5,    0
 18110, 99148,20161202,  -34,    0
 18110, 99148,20161203,  -44,    0
 18110, 99148,20161204,    6,    0
 18110, 99148,20161205,  -21,    0
 18110, 99148,20161206,   -8,    0
 18110, 99148,20161207,    8,    0
 18110, 99148,20161208,   -4,    0
 18110, 99148,20161209,  -51,    0
 18110, 99148,20161210,  -64,    0
 18110, 99148,20161211,  -56,    0
 18110, 99148,20161212,  -27,    0
 18110, 99148,20161213,   -3,    0
 18110, 99148,20161214,   13,    0
 18110, 99148,20161215,   18,    0
 18110, 99148,20161216,   32,    0
 18110, 99148,20161217,   18,    0
 18110, 99148,20161218,   25,    0
 18110, 99148,20161219,   45,    0
 18110, 99148,20161220,   21,    0
 18110, 99148,20161221,   25,    0
 18110, 99148,20161222,  -16,    0
 18110, 99148,20161223,  -24,    0
 18110, 99148,20161224,  -20,    0
 18110, 99148,20161225,  -28,    0
 18110, 99148,20161226,  -16,    0
 18110, 99148,20161227,  -26,    0
 18110, 99148,20161228,    6,    0
 18110, 99148,20161229,   -2,    0
 18110, 99148,20161230,    6,    0
 18110, 99148,20161231,  -13,    0
 18110, 99148,20170101,  -38,    0
 18110, 99148,20170102,  -70,    0
 18110, 99148,20170103, -104,    0
 18110, 99148,20170104, -129,    0
 18110, 99148,20170105,  -76,    0
 18110, 99148,20170106,  -11,    0
 18110, 99148,20170107,  -17,    0
 18110, 99148,20170108,   -4,    0
 18110, 99148,20170109,  -29,    0
 18110, 99148,20170110,    4,    0
 18110, 99148,20170111,  -13,    0
 18110, 99148,20170112,  -35,    0
 18110, 99148,20170113,  -50,    0
 18110, 99148,20170114,  -52,    0
 18110, 99148,20170115,  -35,    0
 18110, 99148,20170116,  -28,    0
 18110, 99148,20170117,   -6,    0
 18110, 99148,20170118,    7,    0
 18110, 99148,20170119,  -41,    0
 18110, 99148,20170120,  -38,    0
 18110, 99148,20170121,  -22,    0
 18110, 99148,20170122,    7,    0
 18110, 99148,20170123,  -20,    0
 18110, 99148,20170124,  -19,    0
 18110, 99148,20170125,   30,    0
 18110, 99148,20170126,   29,    0
 18110, 99148,20170127,   25,    0
 18110, 99148,20170128,   15,    0
 18110, 99148,20170129,   13,    0
 18110, 99148,20170130,  -26,    0
 18110, 99148,20170131,  -24,    0
 18110, 99148,20170201,  -14,    0
 18110, 99148,20170202,  -34,    0
 18110, 99148,20170203,   -9,    0
 18110, 99148,20170204,   -7,    0
 18110, 99148,20170205,  -35,    0
 18110, 99148,20170206,  -49,    0
 18110, 99148,20170207,  -32,    0
 18110, 99148,20170208,  -11,    0
 18110, 99148,20170209,   -4,    0
 18110, 99148,20170210,  -30,    0
 18110, 99148,20170211,  -30,    0
 18110, 99148,20170212,    7,    0
 18110, 99148,20170213,   21,    0
 18110, 99148,20170214,   10,    0
 18110, 99148,20170215,   -9,    0
 18110, 99148,20170216,   12,    0
 18110, 99148,20170217,  -19,    0
 18110, 99148,20170218,  -47,    0
 18110, 99148,20170219,  -56,    0
 18110, 99148,20170220,  -69,    0
 18110, 99148,20170221,  -81,    0
 18110, 99148,20170222,  -92,    0
 18110, 99148,20170223,  -79,    0
 18110, 99148,20170224,  -62,    0
 18110, 99148,20170225,  -54,    0
 18110, 99148,20170226,  -78,    0
 18110, 99148,20170227,  -82,    0
 18110, 99148,20170228,  -42,    0
 18110, 99148,20170301,  -43,    0
 18110, 99148,20170302,  -61,    0
 18110, 99148,20170303,  -71,    0
 18110, 99148,20170304,  -69,    0
 18110, 99148,20170305,  -68,    0
 18110, 99148,20170306,  -39,    0
 18110, 99148,20170307,  -53,    0
 18110, 99148,20170308,  -59,    0
 18110, 99148,20170309,  -63,    0
 18110, 99148,20170310,  -25,    0
 18110, 99148,20170311,  -25,    0
 18110, 99148,20170312,    3,    0
 18110, 99148,20170313,   13,    0
 18110, 99148,20170314,    7,    0
 18110, 99148,20170315,  -13,    0
 18110, 99148,20170316,  -24,    0
 18110, 99148,20170317,  -15,    0
 18110, 99148,20170318,  -63,    0
 18110, 99148,20170319,  -56,    0
 18110, 99148,20170320,  -20,    0
 18110, 99148,20170321,   -7,    0
 18110, 99148,20170322,  -21,    0
 18110, 99148,20170323,  -55,    0
 18110, 99148,20170324,  -25,    0
 18110, 99148,20170325,   -3,    0
 18110, 99148,20170326,  -10,    0
 18110, 99148,20170327,  -36,    0
 18110, 99148,20170328,  -70,    0
 18110, 99148,20170329,  -71,    0
 18110, 99148,20170330,  -59,    0
 18110, 99148,20170331,  -43,    0
 18110, 99148,20170401,  -30,    0
 18110, 99148,20170402,  -22,    0
 18110, 99148,20170403,   14,    0
 18110, 99148,20170404,   12,    0
 18110, 99148,20170405,   -8,    0
 18110, 99148,20170406,  -35,    0
 18110, 99148,20170407,  -49,    0
 18110, 99148,20170408,  -42,    0
 18110, 99148,20170409,    4,    0
 18110, 99148,20170410,   -9,    0
 18110, 99148,20170411,  -33,    0
 18110, 99148,20170412,  -36,    0
 18110, 99148,20170413,  -60,    0
 18110, 99148,20170414,  -83,    0
 18110, 99148,20170415,  -72,    0
 18110, 99148,20170416,  -65,    0
 18110, 99148,20170417,  -42,    0
 18110, 99148,20170418,  -35,    0
 18110, 99148,20170419,  -18,    0
 18110, 99148,20170420,  -19,    0
 18110, 99148,20170421,  -16,    0
 18110, 99148,20170422,  -32,    0
 18110, 99148,20170423,  -27,    0
 18110, 99148,20170424,  -35,    0
 18110, 99148,20170425,  -27,    0
 18110, 99148,20170426,  -29,    0
 18110, 99148,20170427,  -23,    0
 18110, 99148,20170428,   -8,    0
 18110, 99148,20170429,  -14,    0
 18110, 99148,20170430,  -12,    0
 18110, 99148,20170501,   -6,    0
 18110, 99148,20170502,   -3,    0
 18110, 99148,20170503,   -3,    0
 18110, 99148,20170504,    5,    0
 18110, 99148,20170505,   27,    0
 18110, 99148,20170506,  -13,    0
 18110, 99148,20170507,  -36,    0
 18110, 99148,20170508,  -39,    0
 18110, 99148,20170509,  -38,    0
 18110, 99148,20170510,  -30,    0
 18110, 99148,20170511,  -26,    0
 18110, 99148,20170512,   -6,    0
 18110, 99148,20170513,   -3,    0
 18110, 99148,20170514,   -3,    0
 18110, 99148,20170515,    8,    0
 18110, 99148,20170516,   45,    0
 18110, 99148,20170517,   50,    0
 18110, 99148,20170518,   59,    0
 18110, 99148,20170519,   31,    0
 18110, 99148,20170520,   17,    0
 18110, 99148,20170521,   25,    0
 18110, 99148,20170522,   15,    0
 18110, 99148,20170523,   20,    0
 18110, 99148,20170524,   16,    0
 18110, 99148,20170525,   16,    0
 18110, 99148,20170526,   18,    0
 18110, 99148,20170527,   36,    0
 18110, 99148,20170528,   22,    0
 18110, 99148,20170529,   -5,    0
 18110, 99148,20170530,  -15,    0
 18110, 99148,20170531,  -10,    0
 18110, 99148,20170601,    0,    0
 18110, 99148,20170602,   15,    0
 18110, 99148,20170603,   54,    0
 18110, 99148,20170604,   65,    0
 18110, 99148,20170605,   53,    0
 18110, 99148,20170606,   65,    0
 18110, 99148,20170607,  122,    0
 18110, 99148,20170608,  135,    0
 18110, 99148,20170609,  127,    0
 18110, 99148,20170610,  130,    0
 18110, 99148,20170611,  127,    0
 18110, 99148,20170612,  113,    0
 18110, 99148,20170613,  110,    0
 18110, 99148,20170614,   69,    0
 18110, 99148,20170615,   69,    0
 18110, 99148,20170616,  103,    0
 18110, 99148,20170617,   77,    0
 18110, 99148,20170618,   62,    0
 18110, 99148,20170619,   50,    0
 18110, 99148,20170620,   51,    0
 18110, 99148,20170621,   54,    0
 18110, 99148,20170622,   45,    0
 18110, 99148,20170623,   92,    0
 18110, 99148,20170624,   78,    0
 18110, 99148,20170625,   67,    0
 18110, 99148,20170626,   67,    0
 18110, 99148,20170627,   33,    0
 18110, 99148,20170628,   41,    0
 18110, 99148,20170629,   61,    0
 18110, 99148,20170630,  126,    0
 18110, 99148,20170701,  137,    0
 18110, 99148,20170702,   72,    0
 18110, 99148,20170703,   47,    0
 18110, 99148,20170704,   43,    0
 18110, 99148,20170705,   32,    0
 18110, 99148,20170706,   48,    0
 18110, 99148,20170707,   72,    0
 18110, 99148,20170708,  106,    0
 18110, 99148,20170709,   88,    0
 18110, 99148,20170710,   82,    0
 18110, 99148,20170711,   84,    0
 18110, 99148,20170712,   70,    0
 18110, 99148,20170713,   59,    0
 18110, 99148,20170714,   56,    0
 18110, 99148,20170715,   57,    0
 18110, 99148,20170716,   93,    0
 18110, 99148,20170717,   75,    0
 18110, 99148,20170718,   71,    0
 18110, 99148,20170719,   59,    0
 18110, 99148,20170720,   69,    0
 18110, 99148,20170721,  121,    0
 18110, 99148,20170722,  137,    0
 18110, 99148,20170723,  138,    0
 18110, 99148,20170724,  151,    0
 18110, 99148,20170725,  170,    0
 18110, 99148,20170726,  167,    0
 18110, 99148,20170727,  177,    0
 18110, 99148,20170728,  164,    0
 18110, 99148,20170729,  148,    0
 18110, 99148,20170730,   94,    0
 18110, 99148,20170731,  120,    0
 18110, 99148,20170801,  103,    0
 18110, 99148,20170802,  106,    0
 18110, 99148,20170803,   99,    0
 18110, 99148,20170804,  136,    0
 18110, 99148,20170805,  135,    0
 18110, 99148,20170806,  116,    0
 18110, 99148,20170807,   85,    0
 18110, 99148,20170808,  102,    0
 18110, 99148,20170809,   85,    0
 18110, 99148,20170810,   96,    0
 18110, 99148,20170811,   86,    0
 18110, 99148,20170812,   87,    0
 18110, 99148,20170813,   59,    0
 18110, 99148,20170814,   61,    0
 18110, 99148,20170815,   82,    0
 18110, 99148,20170816,   96,    0
 18110, 99148,20170817,  108,    0
 18110, 99148,20170818,  123,    0
 18110, 99148,20170819,  127,    0
 18110, 99148,20170820,   88,    0
 18110, 99148,20170821,   49,    0
 18110, 99148,20170822,   47,    0
 18110, 99148,20170823,   55,    0
 18110, 99148,20170824,   62,    0
 18110, 99148,20170825,   49,    0
 18110, 99148,20170826,   46,    0
 18110, 99148,20170827,   54,    0
 18110, 99148,20170828,   92,    0
 18110, 99148,20170829,   92,    0
 18110, 99148,20170830,   70,    0
 18110, 99148,20170831,   66,    0
 18110, 99148,20170901,   62,    0
 18110, 99148,20170902,   67,    0
 18110, 99148,20170903,  100,    0
 18110, 99148,20170904,  117,    0
 18110, 99148,20170905,   98,    0
 18110, 99148,20170906,   96,    0
 18110, 99148,20170907,   98,    0
 18110, 99148,20170908,   82,    0
 18110, 99148,20170909,   75,    0
 18110, 99148,20170910,   81,    0
 18110, 99148,20170911,   93,    0
 18110, 99148,20170912,  104,    0
 18110, 99148,20170913,   93,    0
 18110, 99148,20170914,   84,    0
 18110, 99148,20170915,   68,    0
 18110, 99148,20170916,   47,    0
 18110, 99148,20170917,   56,    0
 18110, 99148,20170918,   72,    0
 18110, 99148,20170919,   52,    0
 18110, 99148,20170920,   40,    0
 18110, 99148,20170921,   50,    0
 18110, 99148,20170922,   90,    0
 18110, 99148,20170923,   92,    0
 18110, 99148,20170924,  100,    0
 18110, 99148,20170925,  105,    0
 18110, 99148,20170926,  113,    0
 18110, 99148,20170927,  134,    0
 18110, 99148,20170928,  126,    0
 18110, 99148,20170929,  138,    0
 18110, 99148,20170930,  131,    0
 18110, 99148,20171001,   75,    0
 18110, 99148,20171002,   76,    0
 18110, 99148,20171003,   70,    0
 18110, 99148,20171004,   63,    0
 18110, 99148,20171005,   56,    0
 18110, 99148,20171006,   31,    0
 18110, 99148,20171007,   22,    0
 18110, 99148,20171008,   37,    0
 18110, 99148,20171009,   20,    0
 18110, 99148,20171010,   17,    0
 18110, 99148,20171011,   35,    0
 18110, 99148,20171012,   33,    0
 18110, 99148,20171013,   30,    0
 18110, 99148,20171014,   45,    0
 18110, 99148,20171015,   41,    0
 18110, 99148,20171016,   30,    0
 18110, 99148,20171017,   21,    0
 18110, 99148,20171018,   22,    0
 18110, 99148,20171019,   14,    0
 18110, 99148,20171020,   -7,    0
 18110, 99148,20171021,   17,    0
 18110, 99148,20171022,   23,    0
 18110, 99148,20171023,  -17,    0
 18110, 99148,20171024,   -8,    0
 18110, 99148,20171025,    6,    0
 18110, 99148,20171026,    9,    0
 18110, 99148,20171027,   26,    0
 18110, 99148,20171028,  -11,    0
 18110, 99148,20171029,  -24,    0
 18110, 99148,20171030,  -33,    0
 18110, 99148,20171031,  -10,    0
 18110, 99148,20171101,   10,    0
 18110, 99148,20171102,  -14,    0
 18110, 99148,20171103,   26,    0
 18110, 99148,20171104,   17,    0
 18110, 99148,20171105,   17,    0
 18110, 99148,20171106,   -1,    0
 18110, 99148,20171107,   23,    0
 18110, 99148,20171108,   31,    0
 18110, 99148,20171109,   16,    0
 18110, 99148,20171110,  -10,    0
 18110, 99148,20171111,   -6,    0
 18110, 99148,20171112,  -15,    0
 18110, 99148,20171113,   -3,    0
 18110, 99148,20171114,  -17,    0
 18110, 99148,20171115,  -12,    0
 18110, 99148,20171116,   -9,    0
 18110, 99148,20171117,  -22,    0
 18110, 99148,20171118,  -34,    0
 18110, 99148,20171119,  -73,    0
 18110, 99148,20171120,  -86,    0
 18110, 99148,20171121,  -83,    0
 18110, 99148,20171122,  -68,    0
 18110, 99148,20171123,  -43,    0
 18110, 99148,20171124,  -15,    0
 18110, 99148,20171125,   -1,    0
 18110, 99148,20171126,  -24,    0
 18110, 99148,20171127,  -27,    0
 18110, 99148,20171128,  -28,    0
 18110, 99148,20171129,  -57,    0
 18110, 99148,20171130,  -50,    0
 18110, 99148,20171201,  -23,    0
 18110, 99148,20171202,   -5,    0
 18110, 99148,20171203,  -19,    0
 18110, 99148,20171204,  -34,    0
 18110, 99148,20171205,  -32,    0
 18110, 99148,20171206,  -36,    0
 18110, 99148,20171207,  -47,    0
 18110, 99148,20171208,  -27,    0
 18110, 99148,20171209,  -21,    0
 18110, 99148,20171210,  -18,    0
 18110, 99148,20171211,  -33,    0
 18110, 99148,20171212,  -63,    0
 18110, 99148,20171213,  -58,    0
 18110, 99148,20171214,  -43,    0
 18110, 99148,20171215,  -45,    0
 18110, 99148,20171216,  -36,    0
 18110, 99148,20171217,  -30,    0
 18110, 99148,20171218,  -25,    0
 18110, 99148,20171219,   23,    0
 18110, 99148,20171220,    9,    0
 18110, 99148,20171221,  -15,    0
 18110, 99148,20171222,  -33,    0
 18110, 99148,20171223,  -34,    0
 18110, 99148,20171224,  -26,    0
 18110, 99148,20171225,  -34,    0
 18110, 99148,20171226,  -77,    0
 18110, 99148,20171227,  -89,    0
 18110, 99148,20171228,  -85,    0
 18110, 99148,20171229,  -52,    0
 18110, 99148,20171230,  -36,    0
 18110, 99148,20171231,  -32,    0
 18110, 99148,20180101,  -43,    0
 18110, 99148,20180102,  -39,    0
 18110, 99148,20180103,  -46,    0
 18110, 99148,20180104,  -68,    0
 18110, 99148,20180105,  -72,    0
 18110, 99148,20180106,  -71,    0
 18110, 99148,20180107,  -66,    0
 18110, 99148,20180108,  -34,    0
 18110, 99148,20180109,    9,    0
 18110, 99148,20180110,   18,    0
 18110, 99148,20180111,   33,    0
 18110, 99148,20180112,    3,    0
 18110, 99148,20180113,   11,    0
 18110, 99148,20180114,  -38,    0
 18110, 99148,20180115,  -51,    0
 18110, 99148,20180116,  -36,    0
 18110, 99148,20180117,  -80,    0
 18110, 99148,20180118, -111,    0
 18110, 99148,20180119, -103,    0
 18110, 99148,20180120,  -98,    0
 18110, 99148,20180121,  -79,    0
 18110, 99148,20180122,  -80,    0
 18110, 99148,20180123,  -61,    0
 18110, 99148,20180124,  -71,    0
 18110, 99148,20180125,  -57,    0
 18110, 99148,20180126,  -40,    0
 18110, 99148,20180127,  -67,    0
 18110, 99148,20180128,  -64,    0
 18110, 99148,20180129,  -57,    0
 18110, 99148,20180130,  -46,    0
 18110, 99148,20180131,  -57,    0
 18110, 99148,20180201,  -82,    0
 18110, 99148,20180202, -110,    0
 18110, 99148,20180203, -106,    0
 18110, 99148,20180204,  -69,    0
 18110, 99148,20180205,    0,    0
 18110, 99148,20180206,  -31,    0
 18110, 99148,20180207,  -78,    0
 18110, 99148,20180208,  -35,    0
 18110, 99148,20180209,  -24,    0
 18110, 99148,20180210,  -26,    0
 18110, 99148,20180211,  -51,    0
 18110, 99148,20180212,  -70,    0
 18110, 99148,20180213,  -50,    0
 18110, 99148,20180214,  -46,    0
 18110, 99148,20180215,  -37,    0
 18110, 99148,20180216,  -48,    0
 18110, 99148,20180217,  -45,    0
 18110, 99148,20180218,  -20,    0
 18110, 99148,20180219,  -38,    0
 18110, 99148,20180220,  -61,    0
 18110, 99148,20180221,  -88,    0
 18110, 99148,20180222,  -55,    0
 18110, 99148,20180223,  -88,    0
 18110, 99148,20180224, -104,    0
 18110, 99148,20180225, -109,    0
 18110, 99148,20180226,  -93,    0
 18110, 99148,20180227,  -88,    0
 18110, 99148,20180228,  -72,    0
 18110, 99148,20180301,  -73,    0
 18110, 99148,20180302,  -60,    0
 18110, 99148,20180303,  -81,    0
 18110, 99148,20180304, -110,    0
 18110, 99148,20180305, -117,    0
 18110, 99148,20180306, -124,    0
 18110, 99148,20180307, -119,    0
 18110, 99148,20180308, -115,    0
 18110, 99148,20180309,  -77,    0
 18110, 99148,20180310,  -80,    0
 18110, 99148,20180311,  -59,    0
 18110, 99148,20180312,  -52,    0
 18110, 99148,20180313,  -62,    0
 18110, 99148,20180314,  -84,    0
 18110, 99148,20180315,  -77,    0
 18110, 99148,20180316,  -72,    0
 18110, 99148,20180317,  -40,    0
 18110, 99148,20180318,  -43,    0
 18110, 99148,20180319,  -47,    0
 18110, 99148,20180320,  -45,    0
 18110, 99148,20180321,  -31,    0
 18110, 99148,20180322,  -51,    0
 18110, 99148,20180323,  -69,    0
 18110, 99148,20180324,  -61,    0
 18110, 99148,20180325,  -93,    0
 18110, 99148,20180326,  -77,    0
 18110, 99148,20180327,  -51,    0
 18110, 99148,20180328,  -42,    0
 18110, 99148,20180329,  -36,    0
 18110, 99148,20180330,  -40,    0
 18110, 99148,20180331,  -45,    0
 18110, 99148,20180401,  -50,    0
 18110, 99148,20180402,  -53,    0
 18110, 99148,20180403,  -59,    0
 18110, 99148,20180404,  -53,    0
 18110, 99148,20180405,  -29,    0
 18110, 99148,20180406,  -31,    0
 18110, 99148,20180407,  -38,    0
 18110, 99148,20180408,  -44,    0
 18110, 99148,20180409,  -43,    0
 18110, 99148,20180410,  -22,    0
 18110, 99148,20180411,  -12,    0
 18110, 99148,20180412,   38,    0
 18110, 99148,20180413,   65,    0
 18110, 99148,20180414,   23,    0
 18110, 99148,20180415,   49,    0
 18110, 99148,20180416,   75,    0
 18110, 99148,20180417,   68,    0
 18110, 99148,20180418,   51,    0
 18110, 99148,20180419,   39,    0
 18110, 99148,20180420,   24,    0
 18110, 99148,20180421,   15,    0
 18110, 99148,20180422,   12,    0
 18110, 99148,20180423,   31,    0
 18110, 99148,20180424,   12,    0
 18110, 99148,20180425,   10,    0
 18110, 99148,20180426,    0,    0
 18110, 99148,20180427,    5,    0
 18110, 99148,20180428,    0,    0
 18110, 99148,20180429,   -9,    0
 18110, 99148,20180430,  -20,    0
 18110, 99148,20180501,    4,    0
 18110, 99148,20180502,   28,    0
 18110, 99148,20180503,   38,    0
 18110, 99148,20180504,   37,    0
 18110, 99148,20180505,   48,    0
 18110, 99148,20180506,   26,    0
 18110, 99148,20180507,   12,    0
 18110, 99148,20180508,   47,    0
 18110, 99148,20180509,  115,    0
 18110, 99148,20180510,  140,    0
 18110, 99148,20180511,   61,    0
 18110, 99148,20180512,   79,    0
 18110, 99148,20180513,  102,    0
 18110, 99148,20180514,  135,    0
 18110, 99148,20180515,  105,    0
 18110, 99148,20180516,   68,    0
 18110, 99148,20180517,   24,    0
 18110, 99148,20180518,   23,    0
 18110, 99148,20180519,   30,    0
 18110, 99148,20180520,   72,    0
 18110, 99148,20180521,   52,    0
 18110, 99148,20180522,   31,    0
 18110, 99148,20180523,   23,    0
 18110, 99148,20180524,   88,    0
 18110, 99148,20180525,   54,    0
 18110, 99148,20180526,   28,    0
 18110, 99148,20180527,   60,    0
 18110, 99148,20180528,  155,    0
 18110, 99148,20180529,   38,    0
 18110, 99148,20180530,   50,    0
 18110, 99148,20180531,  136,    0
 18110, 99148,20180601,   45,    0
 18110, 99148,20180602,   33,    0
 18110, 99148,20180603,   25,    0
 18110, 99148,20180604,   -5,    0
 18110, 99148,20180605,    4,    0
 18110, 99148,20180606,    7,    0
 18110, 99148,20180607,    2,    0
 18110, 99148,20180608,   22,    0
 18110, 99148,20180609,   45,    0
 18110, 99148,20180610,   40,    0
 18110, 99148,20180611,   18,    0
 18110, 99148,20180612,   21,    0
 18110, 99148,20180613,   25,    0
 18110, 99148,20180614,   89,    0
 18110, 99148,20180615,   80,    0
 18110, 99148,20180616,   50,    0
 18110, 99148,20180617,   96,    0
 18110, 99148,20180618,   95,    0
 18110, 99148,20180619,   58,    0
 18110, 99148,20180620,   47,    0
 18110, 99148,20180621,   41,    0
 18110, 99148,20180622,   41,    0
 18110, 99148,20180623,   35,    0
 18110, 99148,20180624,   54,    0
 18110, 99148,20180625,   68,    0
 18110, 99148,20180626,   57,    0
 18110, 99148,20180627,   40,    0
 18110, 99148,20180628,   38,    0
 18110, 99148,20180629,   28,    0
 18110, 99148,20180630,   45,    0
 18110, 99148,20180701,  137,    0
 18110, 99148,20180702,  162,    0
 18110, 99148,20180703,   66,    0
 18110, 99148,20180704,   53,    0
 18110, 99148,20180705,  126,    0
 18110, 99148,20180706,   71,    0
 18110, 99148,20180707,   63,    0
 18110, 99148,20180708,   86,    0
 18110, 99148,20180709,   81,    0
 18110, 99148,20180710,  109,    0
 18110, 99148,20180711,  152,    0
 18110, 99148,20180712,  108,    0
 18110, 99148,20180713,   76,    0
 18110, 99148,20180714,   64,    0
 18110, 99148,20180715,  101,    0
 18110, 99148,20180716,  171,    0
 18110, 99148,20180717,  217,    0
 18110, 99148,20180718,  226,    0
 18110, 99148,20180719,  108,    0
 18110, 99148,20180720,  135,    0
 18110, 99148,20180721,  164,    0
 18110, 99148,20180722,  116,    0
 18110, 99148,20180723,   96,    0
 18110, 99148,20180724,  129,    0
 18110, 99148,20180725,  102,    0
 18110, 99148,20180726,  109,    0
 18110, 99148,20180727,  187,    0
 18110, 99148,20180728,  209,    0
 18110, 99148,20180729,  205,    0
 18110, 99148,20180730,  213,    0
 18110, 99148,20180731,  209,    0
 18110, 99148,20180801,  165,    0
 18110, 99148,20180802,  143,    0
 18110, 99148,20180803,  114,    0
 18110, 99148,20180804,   86,    0
 18110, 99148,20180805,   89,    0
 18110, 99148,20180806,   83,    0
 18110, 99148,20180807,   99,    0
 18110, 99148,20180808,  157,    0
 18110, 99148,20180809,  117,    0
 18110, 99148,20180810,  101,    0
 18110, 99148,20180811,  103,    0
 18110, 99148,20180812,   66,    0
 18110, 99148,20180813,   51,    0
 18110, 99148,20180814,   63,    0
 18110, 99148,20180815,  105,    0
 18110, 99148,20180816,  117,    0
 18110, 99148,20180817,  105,    0
 18110, 99148,20180818,   98,    0
 18110, 99148,20180819,   74,    0
 18110, 99148,20180820,   57,    0
 18110, 99148,20180821,   51,    0
 18110, 99148,20180822,   67,    0
 18110, 99148,20180823,   71,    0
 18110, 99148,20180824,   80,    0
 18110, 99148,20180825,   66,    0
 18110, 99148,20180826,   54,    0
 18110, 99148,20180827,   56,    0
 18110, 99148,20180828,   89,    0
 18110, 99148,20180829,  125,    0
 18110, 99148,20180830,   79,    0
 18110, 99148,20180831,   56,    0
 18110, 99148,20180901,   95,    0
 18110, 99148,20180902,   95,    0
 18110, 99148,20180903,   94,    0
 18110, 99148,20180904,   62,    0
 18110, 99148,20180905,   90,    0
 18110, 99148,20180906,  115,    0
 18110, 99148,20180907,  121,    0
 18110, 99148,20180908,  130,    0
 18110, 99148,20180909,  128,    0
 18110, 99148,20180910,  132,    0
 18110, 99148,20180911,   95,    0
 18110, 99148,20180912,   82,    0
 18110, 99148,20180913,   62,    0
 18110, 99148,20180914,   59,    0
 18110, 99148,20180915,   49,    0
 18110, 99148,20180916,   51,    0
 18110, 99148,20180917,   45,    0
 18110, 99148,20180918,   60,    0
 18110, 99148,20180919,   85,    0
 18110, 99148,20180920,   74,    0
 18110, 99148,20180921,   64,    0
 18110, 99148,20180922,   61,    0
 18110, 99148,20180923,   18,    0
 18110, 99148,20180924,    3,    0
 18110, 99148,20180925,   24,    0
 18110, 99148,20180926,   18,    0
 18110, 99148,20180927,    0,    0
 18110, 99148,20180928,   -2,    0
 18110, 99148,20180929,   16,    0
 18110, 99148,20180930,   23,    0
 18110, 99148,20181001,   16,    0
 18110, 99148,20181002,    6,    0
 18110, 99148,20181003,    4,    0
 18110, 99148,20181004,    1,    0
 18110, 99148,20181005,   10,    0
 18110, 99148,20181006,   -2,    0
 18110, 99148,20181007,   -4,    0
 18110, 99148,20181008,   20,    0
 18110, 99148,20181009,   23,    0
 18110, 99148,20181010,   27,    0
 18110, 99148,20181011,   65,    0
 18110, 99148,20181012,   84,    0
 18110, 99148,20181013,   88,    0
 18110, 99148,20181014,   86,    0
 18110, 99148,20181015,   31,    0
 18110, 99148,20181016,   38,    0
 18110, 99148,20181017,   58,    0
 18110, 99148,20181018,   31,    0
 18110, 99148,20181019,   31,    0
 18110, 99148,20181020,   35,    0
 18110, 99148,20181021,   37,    0
 18110, 99148,20181022,    2,    0
 18110, 99148,20181023,  -13,    0
 18110, 99148,20181024,   -4,    0
 18110, 99148,20181025,  -33,    0
 18110, 99148,20181026,  -48,    0
 18110, 99148,20181027,  -41,    0
 18110, 99148,20181028,  -34,    0
 18110, 99148,20181029,  -36,    0
 18110, 99148,20181030,  -48,    0
 18110, 99148,20181031,   11,    0
 18110, 99148,20181101,   27,    0
 18110, 99148,20181102,   38,    0
 18110, 99148,20181103,   10,    0
 18110, 99148,20181104,   53,    0
 18110, 99148,20181105,   56,    0
 18110, 99148,20181106,   49,    0
 18110, 99148,20181107,   47,    0
 18110, 99148,20181108,   34,    0
 18110, 99148,20181109,   38,    0
 18110, 99148,20181110,   37,    0
 18110, 99148,20181111,   44,    0
 18110, 99148,20181112,   36,    0
 18110, 99148,20181113,   27,    0
 18110, 99148,20181114,   38,    0
 18110, 99148,20181115,   55,    0
 18110, 99148,20181116,   58,    0
 18110, 99148,20181117,   26,    0
 18110, 99148,20181118,   32,    0
 18110, 99148,20181119,   21,    0
 18110, 99148,20181120,    6,    0
 18110, 99148,20181121,  -24,    0
 18110, 99148,20181122,  -24,    0
 18110, 99148,20181123,  -13,    0
 18110, 99148,20181124,  -16,    0
 18110, 99148,20181125,  -23,    0
 18110, 99148,20181126,  -42,    0
 18110, 99148,20181127,  -32,    0
 18110, 99148,20181128,  -13,    0
 18110, 99148,20181129,   -3,    0
 18110, 99148,20181130,   27,    0
 18110, 99148,20181201,   27,    0
 18110, 99148,20181202,   10,    0
 18110, 99148,20181203,    7,    0
 18110, 99148,20181204,  -12,    0
 18110, 99148,20181205,  -29,    0
 18110, 99148,20181206,  -31,    0
 18110, 99148,20181207,  -74,    0
 18110, 99148,20181208,  -50,    0
 18110, 99148,20181209,  -51,    0
 18110, 99148,20181210,  -36,    0
 18110, 99148,20181211,  -29,    0
 18110, 99148,20181212,  -21,    0
 18110, 99148,20181213,   -9,    0
 18110, 99148,20181214,  -11,    0
 18110, 99148,20181215,  -26,    0
 18110, 99148,20181216,  -67,    0
 18110, 99148,20181217,  -62,    0
 18110, 99148,20181218,  -58,    0
 18110, 99148,20181219,  -39,    0
 18110, 99148,20181220,  -18,    0
 18110, 99148,20181221,  -44,    0
 18110, 99148,20181222,  -71,    0
 18110, 99148,20181223,  -31,    0
 18110, 99148,20181224,  -24,    0
 18110, 99148,20181225,   -9,    0
 18110, 99148,20181226,  -12,    0
 18110, 99148,20181227,    5,    0
 18110, 99148,20181228,    1,    0
 18110, 99148,20181229,  -15,    0
 18110, 99148,20181230,  -34,    0
 18110, 99148,20181231,   -2,    0
 18110, 99148,20190101,  -36,    0
 18110, 99148,20190102,  -53,    0
 18110, 99148,20190103,    0,    0
 18110, 99148,20190104,    2,    0
 18110, 99148,20190105,    0,    0
 18110, 99148,20190106,   11,    0
 18110, 99148,20190107,  -20,    0
 18110, 99148,20190108,  -25,    0
 18110, 99148,20190109,  -32,    0
 18110, 99148,20190110,   -6,    0
 18110, 99148,20190111,  -22,    0
 18110, 99148,20190112,  -53,    0
 18110, 99148,20190113,  -71,    0
 18110, 99148,20190114,  -71,    0
 18110, 99148,20190115,  -77,    0
 18110, 99148,20190116,  -87,    0
 18110, 99148,20190117,  -71,    0
 18110, 99148,20190118,  -60,    0
 18110, 99148,20190119,  -70,    0
 18110, 99148,20190120,  -72,    0
 18110, 99148,20190121,  -76,    0
 18110, 99148,20190122,  -63,    0
 18110, 99148,20190123,  -94,    0
 18110, 99148,20190124, -107,    0
 18110, 99148,20190125,  -95,    0
 18110, 99148,20190126, -106,    0
 18110, 99148,20190127, -107,    0
 18110, 99148,20190128, -101,    0
 18110, 99148,20190129, -110,    0
 18110, 99148,20190130,  -78,    0
 18110, 99148,20190131,  -29,    0
 18110, 99148,20190201,  -62,    0
 18110, 99148,20190202,  -89,    0
 18110, 99148,20190203, -101,    0
 18110, 99148,20190204, -124,    0
 18110, 99148,20190205,  -89,    0
 18110, 99148,20190206,  -68,    0
 18110, 99148,20190207,  -59,    0
 18110, 99148,20190208,  -36,    0
 18110, 99148,20190209,  -63,    0
 18110, 99148,20190210,  -58,    0
 18110, 99148,20190211,  -41,    0
 18110, 99148,20190212,  -56,    0
 18110, 99148,20190213,  -34,    0
 18110, 99148,20190214,   13,    0
 18110, 99148,20190215,    1,    0
 18110, 99148,20190216,   -7,    0
 18110, 99148,20190217,  -32,    0
 18110, 99148,20190218,   -4,    0
 18110, 99148,20190219,  -23,    0
 18110, 99148,20190220,  -75,    0
 18110, 99148,20190221,  -68,    0
 18110, 99148,20190222,   14,    0
 18110, 99148,20190223,   35,    0
 18110, 99148,20190224,    9,    0
 18110, 99148,20190225,   -4,    0
 18110, 99148,20190226,    1,    0
 18110, 99148,20190227,    3,    0
 18110, 99148,20190228,  -50,    0
 18110, 99148,20190301,  -44,    0
 18110, 99148,20190302,  -80,    0
 18110, 99148,20190303, -126,    0
 18110, 99148,20190304,  -89,    0
 18110, 99148,20190305, -103,    0
 18110, 99148,20190306,  -59,    0
 18110, 99148,20190307,  -71,    0
 18110, 99148,20190308,  -87,    0
 18110, 99148,20190309,  -98,    0
 18110, 99148,20190310,  -86,    0
 18110, 99148,20190311,  -86,    0
 18110, 99148,20190312,  -62,    0
 18110, 99148,20190313,  -64,    0
 18110, 99148,20190314,  -57,    0
 18110, 99148,20190315,  -43,    0
 18110, 99148,20190316,  -51,    0
 18110, 99148,20190317,  -69,    0
 18110, 99148,20190318,  -50,    0
 18110, 99148,20190319,  -25,    0
 18110, 99148,20190320,  -11,    0
 18110, 99148,20190321,  -24,    0
 18110, 99148,20190322,   -7,    0
 18110, 99148,20190323,   -9,    0
 18110, 99148,20190324,  -35,    0
 18110, 99148,20190325,  -50,    0
 18110, 99148,20190326,  -47,    0
 18110, 99148,20190327,   -4,    0
 18110, 99148,20190328,   14,    0
 18110, 99148,20190329,  -22,    0
 18110, 99148,20190330,  -41,    0
 18110, 99148,20190331,  -40,    0
 18110, 99148,20190401,  -14,    0
 18110, 99148,20190402,   -5,    0
 18110, 99148,20190403,   -9,    0
 18110, 99148,20190404,  -33,    0
 18110, 99148,20190405,  -34,    0
 18110, 99148,20190406,  -21,    0
 18110, 99148,20190407,  -38,    0
 18110, 99148,20190408,  -45,    0
 18110, 99148,20190409,  -65,    0
 18110, 99148,20190410,  -67,    0
 18110, 99148,20190411,  -49,    0
 18110, 99148,20190412,  -21,    0
 18110, 99148,20190413,  -11,    0
 18110, 99148,20190414,    0,    0
 18110, 99148,20190415,    0,    0
 18110, 99148,20190416,   34,    0
 18110, 99148,20190417,   67,    0
 18110, 99148,20190418,   33,    0
 18110, 99148,20190419,   47,    0
 18110, 99148,20190420,   63,    0
 18110, 99148,20190421,   18,    0
 18110, 99148,20190422,   49,    0
 18110, 99148,20190423,   85,    0
 18110, 99148,20190424,   93,    0
 18110, 99148,20190425,  102,    0
 18110, 99148,20190426,  107,    0
 18110, 99148,20190427,   93,    0
 18110, 99148,20190428,  102,    0
 18110, 99148,20190429,   56,    0
 18110, 99148,20190430,   -5,    0
 18110, 99148,20190501,  -18,    0
 18110, 99148,20190502,  -39,    0
 18110, 99148,20190503,  -40,    0
 18110, 99148,20190504,  -37,    0
 18110, 99148,20190505,  -32,    0
 18110, 99148,20190506,  -18,    0
 18110, 99148,20190507,    8,    0
 18110, 99148,20190508,    1,    0
 18110, 99148,20190509,   19,    0
 18110, 99148,20190510,   63,    0
 18110, 99148,20190511,   48,    0
 18110, 99148,20190512,  -13,    0
 18110, 99148,20190513,  -12,    0
 18110, 99148,20190514,    1,    0
 18110, 99148,20190515,   24,    0
 18110, 99148,20190516,   30,    0
 18110, 99148,20190517,   80,    0
 18110, 99148,20190518,  145,    0
 18110, 99148,20190519,  142,    0
 18110, 99148,20190520,  120,    0
 18110, 99148,20190521,  126,    0
 18110, 99148,20190522,  110,    0
 18110, 99148,20190523,   46,    0
 18110, 99148,20190524,   42,    0
 18110, 99148,20190525,   17,    0
 18110, 99148,20190526,   -8,    0
 18110, 99148,20190527,   10,    0
 18110, 99148,20190528,   13,    0
 18110, 99148,20190529,   13,    0
 18110, 99148,20190530,   16,    0
 18110, 99148,20190531,   11,    0
 18110, 99148,20190601,    5,    0
 18110, 99148,20190602,   15,    0
 18110, 99148,20190603,   56,    0
 18110, 99148,20190604,   66,    0
 18110, 99148,20190605,   99,    0
 18110, 99148,20190606,  128,    0
 18110, 99148,20190607,  150,    0
 18110, 99148,20190608,   74,    0
 18110, 99148,20190609,  106,    0
 18110, 99148,20190610,   32,    0
 18110, 99148,20190611,   32,    0
 18110, 99148,20190612,   75,    0
 18110, 99148,20190613,  104,    0
 18110, 99148,20190614,  119,    0
 18110, 99148,20190615,  128,    0
 18110, 99148,20190616,  122,    0
 18110, 99148,20190617,   63,    0
 18110, 99148,20190618,   79,    0
 18110, 99148,20190619,   74,    0
 18110, 99148,20190620,  102,    0
 18110, 99148,20190621,   83,    0
 18110, 99148,20190622,   57,    0
 18110, 99148,20190623,   53,    0
 18110, 99148,20190624,   43,    0
 18110, 99148,20190625,   51,    0
 18110, 99148,20190626,   46,    0
 18110, 99148,20190627,   39,    0
 18110, 99148,20190628,   49,    0
 18110, 99148,20190629,   30,    0
 18110, 99148,20190630,   45,    0
 18110, 99148,20190701,   41,    0
 18110, 99148,20190702,   34,    0
 18110, 99148,20190703,   55,    0
 18110, 99148,20190704,   54,    0
 18110, 99148,20190705,   55,    0
 18110, 99148,20190706,   47,    0
 18110, 99148,20190707,   71,    0
 18110, 99148,20190708,  120,    0
 18110, 99148,20190709,  144,    0
 18110, 99148,20190710,  119,    0
 18110, 99148,20190711,   81,    0
 18110, 99148,20190712,   81,    0
 18110, 99148,20190713,   80,    0
 18110, 99148,20190714,   65,    0
 18110, 99148,20190715,   56,    0
 18110, 99148,20190716,   62,    0
 18110, 99148,20190717,   66,    0
 18110, 99148,20190718,  130,    0
 18110, 99148,20190719,  159,    0
 18110, 99148,20190720,  140,    0
 18110, 99148,20190721,  167,    0
 18110, 99148,20190722,  121,    0
 18110, 99148,20190723,  150,    0
 18110, 99148,20190724,  135,    0
 18110, 99148,20190725,  193,    0
 18110, 99148,20190726,  177,    0
 18110, 99148,20190727,  248,    0
 18110, 99148,20190728,  230,    0
 18110, 99148,20190729,  156,    0
 18110, 99148,20190730,  108,    0
 18110, 99148,20190731,  134,    0
 18110, 99148,20190801,  121,    0
 18110, 99148,20190802,   80,    0
 18110, 99148,20190803,   74,    0
 18110, 99148,20190804,   69,    0
 18110, 99148,20190805,   72,    0
 18110, 99148,20190806,  102,    0
 18110, 99148,20190807,  134,    0
 18110, 99148,20190808,  134,    0
 18110, 99148,20190809,  118,    0
 18110, 99148,20190810,  146,    0
 18110, 99148,20190811,  143,    0
 18110, 99148,20190812,  157,    0
 18110, 99148,20190813,  153,    0
 18110, 99148,20190814,   84,    0
 18110, 99148,20190815,   76,    0
 18110, 99148,20190816,   92,    0
 18110, 99148,20190817,  117,    0
 18110, 99148,20190818,  113,    0
 18110, 99148,20190819,  122,    0
 18110, 99148,20190820,  107,    0
 18110, 99148,20190821,   86,    0
 18110, 99148,20190822,   83,    0
 18110, 99148,20190823,   99,    0
 18110, 99148,20190824,   91,    0
 18110, 99148,20190825,   95,    0
 18110, 99148,20190826,  102,    0
 18110, 99148,20190827,  155,    0
 18110, 99148,20190828,  188,    0
 18110, 99148,20190829,  160,    0
 18110, 99148,20190830,  101,    0
 18110, 99148,20190831,  105,    0
 18110, 99148,20190901,  126,    0
 18110, 99148,20190902,   68,    0
 18110, 99148,20190903,   59,    0
 18110, 99148,20190904,   51,    0
 18110, 99148,20190905,   45,    0
 18110, 99148,20190906,   44,    0
 18110, 99148,20190907,   47,    0
 18110, 99148,20190908,   63,    0
 18110, 99148,20190909,  105,    0
 18110, 99148,20190910,  115,    0
 18110, 99148,20190911,  132,    0
 18110, 99148,20190912,   64,    0
 18110, 99148,20190913,   38,    0
 18110, 99148,20190914,   32,    0
 18110, 99148,20190915,   49,    0
 18110, 99148,20190916,   54,    0
 18110, 99148,20190917,   53,    0
 18110, 99148,20190918,   29,    0
 18110, 99148,20190919,   12,    0
 18110, 99148,20190920,   15,    0
 18110, 99148,20190921,   15,    0
 18110, 99148,20190922,   13,    0
 18110, 99148,20190923,   38,    0
 18110, 99148,20190924,   63,    0
 18110, 99148,20190925,   78,    0
 18110, 99148,20190926,  111,    0
 18110, 99148,20190927,  111,    0
 18110, 99148,20190928,   80,    0
 18110, 99148,20190929,   23,    0
 18110, 99148,20190930,    3,    0
 18110, 99148,20191001,   30,    0
 18110, 99148,20191002,    7,    0
 18110, 99148,20191003,  -14,    0
 18110, 99148,20191004,  -26,    0
 18110, 99148,20191005,    6,    0
 18110, 99148,20191006,   18,    0
 18110, 99148,20191007,   13,    0
 18110, 99148,20191008,    1,    0
 18110, 99148,20191009,  -15,    0
 18110, 99148,20191010,   -9,    0
 18110, 99148,20191011,   -6,    0
 18110, 99148,20191012,  -13,    0
 18110, 99148,20191013,  -11,    0
 18110, 99148,20191014,   -1,    0
 18110, 99148,20191015,   -6,    0
 18110, 99148,20191016,  -10,    0
 18110, 99148,20191017,   -3,    0
 18110, 99148,20191018,   -4,    0
 18110, 99148,20191019,  -19,    0
 18110, 99148,20191020,  -30,    0
 18110, 99148,20191021,   -3,    0
 18110, 99148,20191022,   21,    0
 18110, 99148,20191023,    2,    0
 18110, 99148,20191024,   33,    0
 18110, 99148,20191025,   35,    0
 18110, 99148,20191026,    1,    0
 18110, 99148,20191027,  -28,    0
 18110, 99148,20191028,  -16,    0
 18110, 99148,20191029,  -31,    0
 18110, 99148,20191030,   -8,    0
 18110, 99148,20191031,  -11,    0
 18110, 99148,20191101,  -28,    0
 18110, 99148,20191102,  -45,    0
 18110, 99148,20191103,  -20,    0
 18110, 99148,20191104,  -31,    0
 18110, 99148,20191105,  -50,    0
 18110, 99148,20191106,  -75,    0
 18110, 99148,20191107,  -75,    0
 18110, 99148,20191108,  -66,    0
 18110, 99148,20191109, -100,    0
 18110, 99148,20191110,  -92,    0
 18110, 99148,20191111,  -83,    0
 18110, 99148,20191112,  -59,    0
 18110, 99148,20191113,  -13,    0
 18110, 99148,20191114,   -5,    0
 18110, 99148,20191115,   -7,    0
 18110, 99148,20191116,  -15,    0
 18110, 99148,20191117,  -25,    0
 18110, 99148,20191118,   -8,    0
 18110, 99148,20191119,    5,    0
 18110, 99148,20191120,   19,    0
 18110, 99148,20191121,    9,    0
 18110, 99148,20191122,   16,    0
 18110, 99148,20191123,   18,    0
 18110, 99148,20191124,   13,    0
 18110, 99148,20191125,    3,    0
 18110, 99148,20191126,  -27,    0
 18110, 99148,20191127,  -55,    0
 18110, 99148,20191128,  -65,    0
 18110, 99148,20191129,  -51,    0
 18110, 99148,20191130,  -69,    0
 18110, 99148,20191201,  -47,    0
 18110, 99148,20191202,  -36,    0
 18110, 99148,20191203,   10,    0
 18110, 99148,20191204,   30,    0
 18110, 99148,20191205,  -12,    0
 18110, 99148,20191206,  -15,    0
 18110, 99148,20191207,  -10,    0
 18110, 99148,20191208,  -52,    0
 18110, 99148,20191209,  -64,    0
 18110, 99148,20191210,  -66,    0
 18110, 99148,20191211,  -16,    0
 18110, 99148,20191212,    2,    0
 18110, 99148,20191213,   -9,    0
 18110, 99148,20191214,  -15,    0
 18110, 99148,20191215,  -13,    0
 18110, 99148,20191216,  -15,    0
 18110, 99148,20191217,  -23,    0
 18110, 99148,20191218,  -15,    0
 18110, 99148,20191219,  -15,    0
 18110, 99148,20191220,  -29,    0
 18110, 99148,20191221,   -9,    0
 18110, 99148,20191222,    2,    0
 18110, 99148,20191223,   -7,    0
 18110, 99148,20191224,  -14,    0
 18110, 99148,20191225,  -38,    0
 18110, 99148,20191226,  -34,    0
 18110, 99148,20191227,  -37,    0
 18110, 99148,20191228,    7,    0
 18110, 99148,20191229,   29,    0
 18110, 99148,20191230,   -4,    0
 18110, 99148,20191231,  -26,    0
 18110, 99148,20200101,   16,    0
 18110, 99148,20200102,   28,    0
 18110, 99148,20200103,  -30,    0
 18110, 99148,20200104,  -50,    0
 18110, 99148,20200105,  -30,    0
 18110, 99148,20200106,   22,    0
 18110, 99148,20200107,   16,    0
 18110, 99148,20200108,   -3,    0
 18110, 99148,20200109,  -18,    0
 18110, 99148,20200110,  -12,    0
 18110, 99148,20200111,   -3,    0
 18110, 99148,20200112,  -14,    0
 18110, 99148,20200113,  -18,    0
 18110, 99148,20200114,  -14,    0
 18110, 99148,20200115,  -13,    0
 18110, 99148,20200116,    0,    0
 18110, 99148,20200117,    0,    0
 18110, 99148,20200118,  -22,    0
 18110, 99148,20200119,   -4,    0
 18110, 99148,20200120,   16,    0
 18110, 99148,20200121,  -27,    0
 18110, 99148,20200122,  -27,    0
 18110, 99148,20200123,   -6,    0
 18110, 99148,20200124,  -38,    0
 18110, 99148,20200125,  -42,    0
 18110, 99148,20200126,  -75,    0
 18110, 99148,20200127,  -83,    0
 18110, 99148,20200128,  -72,    0
 18110, 99148,20200129,  -58,    0
 18110, 99148,20200130,  -54,    0
 18110, 99148,20200131,  -30,    0
 18110, 99148,20200201,   -9,    0
 18110, 99148,20200202,  -27,    0
 18110, 99148,20200203,  -63,    0
 18110, 99148,20200204,  -66,    0
 18110, 99148,20200205,  -67,    0
 18110, 99148,20200206,  -55,    0
 18110, 99148,20200207,   22,    0
 18110, 99148,20200208,   19,    0
 18110, 99148,20200209,    1,    0
 18110, 99148,20200210,  -19,    0
 18110, 99148,20200211,  -15,    0
 18110, 99148,20200212,  -24,    0
 18110, 99148,20200213,  -44,    0
 18110, 99148,20200214,  -51,    0
 18110, 99148,20200215,  -33,    0
 18110, 99148,20200216,   -3,    0
 18110, 99148,20200217,   -4,    0
 18110, 99148,20200218,  -23,    0
 18110, 99148,20200219,  -56,    0
 18110, 99148,20200220,  -48,    0
 18110, 99148,20200221,  -11,    0
 18110, 99148,20200222,  -10,    0
 18110, 99148,20200223,  -28,    0
 18110, 99148,20200224,  -50,    0
 18110, 99148,20200225,  -62,    0
 18110, 99148,20200226,  -36,    0
 18110, 99148,20200227,  -44,    0
 18110, 99148,20200228,  -55,    0
 18110, 99148,20200229,  -67,    0
 18110, 99148,20200301,  -92,    0
 18110, 99148,20200302, -100,    0
 18110, 99148,20200303,  -66,    0
 18110, 99148,20200304,  -47,    0
 18110, 99148,20200305,  -63,    0
 18110, 99148,20200306,  -25,    0
 18110, 99148,20200307,  -14,    0
 18110, 99148,20200308,  -16,    0
 18110, 99148,20200309,    7,    0
 18110, 99148,20200310,  -17,    0
 18110, 99148,20200311,  -12,    0
 18110, 99148,20200312,  -49,    0
 18110, 99148,20200313,  -90,    0
 18110, 99148,20200314,  -60,    0
 18110, 99148,20200315,  -44,    0
 18110, 99148,20200316,  -40,    0
 18110, 99148,20200317,  -18,    0
 18110, 99148,20200318,  -21,    0
 18110, 99148,20200319,  -57,    0
 18110, 99148,20200320,  -62,    0
 18110, 99148,20200321,  -40,    0
 18110, 99148,20200322,  -18,    0
 18110, 99148,20200323,   -1,    0
 18110, 99148,20200324,    4,    0
 18110, 99148,20200325,  -12,    0
 18110, 99148,20200326,   -8,    0
 18110, 99148,20200327,  -13,    0
 18110, 99148,20200328,  -77,    0
 18110, 99148,20200329,  -78,    0
 18110, 99148,20200330,  -61,    0
 18110, 99148,20200331,  -19,    0
 18110, 99148,20200401,  -49,    0
 18110, 99148,20200402,  -47,    0
 18110, 99148,20200403,  -63,    0
 18110, 99148,20200404,  -75,    0
 18110, 99148,20200405,  -68,    0
 18110, 99148,20200406,   21,    0
 18110, 99148,20200407,   15,    0
 18110, 99148,20200408,   -6,    0
 18110, 99148,20200409,  -38,    0
 18110, 99148,20200410,  -46,    0
 18110, 99148,20200411,  -40,    0
 18110, 99148,20200412,  -43,    0
 18110, 99148,20200413,  -37,    0
 18110, 99148,20200414,  -23,    0
 18110, 99148,20200415,  -23,    0
 18110, 99148,20200416,  -29,    0
 18110, 99148,20200417,  -25,    0
 18110, 99148,20200418,    2,    0
 18110, 99148,20200419,   10,    0
 18110, 99148,20200420,   17,    0
 18110, 99148,20200421,    4,    0
 18110, 99148,20200422,    1,    0
 18110, 99148,20200423,   -1,    0
 18110, 99148,20200424,  -14,    0
 18110, 99148,20200425,  -21,    0
 18110, 99148,20200426,  -20,    0
 18110, 99148,20200427,  -13,    0
 18110, 99148,20200428,  -18,    0
 18110, 99148,20200429,  -23,    0
 18110, 99148,20200430,   -6,    0
 18110, 99148,20200501,    0,    0
 18110, 99148,20200502,   -2,    0
 18110, 99148,20200503,   -4,    0
 18110, 99148,20200504,  -10,    0
 18110, 99148,20200505,   -5,    0
 18110, 99148,20200506,  -16,    0
 18110, 99148,20200507,  -33,    0
 18110, 99148,20200508,  -35,    0
 18110, 99148,20200509,  -42,    0
 18110, 99148,20200510,  -42,    0
 18110, 99148,20200511,  -36,    0
 18110, 99148,20200512,  -32,    0
 18110, 99148,20200513,  -43,    0
 18110, 99148,20200514,  -37,    0
 18110, 99148,20200515,  -34,    0
 18110, 99148,20200516,   -8,    0
 18110, 99148,20200517,    2,    0
 18110, 99148,20200518,  -14,    0
 18110, 99148,20200519,   -5,    0
 18110, 99148,20200520,   -1,    0
 18110, 99148,20200521,   23,    0
 18110, 99148,20200522,   69,    0
 18110, 99148,20200523,   66,    0
 18110, 99148,20200524,   52,    0
 18110, 99148,20200525,   47,    0
 18110, 99148,20200526,   56,    0
 18110, 99148,20200527,   23,    0
 18110, 99148,20200528,   20,    0
 18110, 99148,20200529,   29,    0
 18110, 99148,20200530,   59,    0
 18110, 99148,20200531,  132,    0
 18110, 99148,20200601,  129,    0
 18110, 99148,20200602,   60,    0
 18110, 99148,20200603,   26,    0
 18110, 99148,20200604,   91,    0
 18110, 99148,20200605,  109,    0
 18110, 99148,20200606,   96,    0
 18110, 99148,20200607,   55,    0
 18110, 99148,20200608,   18,    0
 18110, 99148,20200609,   22,    0
 18110, 99148,20200610,   57,    0
 18110, 99148,20200611,   41,    0
 18110, 99148,20200612,  105,    0
 18110, 99148,20200613,  160,    0
 18110, 99148,20200614,  123,    0
 18110, 99148,20200615,   62,    0
 18110, 99148,20200616,   91,    0
 18110, 99148,20200617,  152,    0
 18110, 99148,20200618,  105,    0
 18110, 99148,20200619,  110,    0
 18110, 99148,20200620,  158,    0
 18110, 99148,20200621,  200,    0
 18110, 99148,20200622,  189,    0
 18110, 99148,20200623,  120,    0
 18110, 99148,20200624,  107,    0
 18110, 99148,20200625,   95,    0
 18110, 99148,20200626,   76,    0
 18110, 99148,20200627,  138,    0
 18110, 99148,20200628,  161,    0
 18110, 99148,20200629,  143,    0
 18110, 99148,20200630,   37,    0
 18110, 99148,20200701,   30,    0
 18110, 99148,20200702,   39,    0
 18110, 99148,20200703,   55,    0
 18110, 99148,20200704,   51,    0
 18110, 99148,20200705,   61,    0
 18110, 99148,20200706,   91,    0
 18110, 99148,20200707,   51,    0
 18110, 99148,20200708,   60,    0
 18110, 99148,20200709,   71,    0
 18110, 99148,20200710,   78,    0
 18110, 99148,20200711,   80,    0
 18110, 99148,20200712,   64,    0
 18110, 99148,20200713,   71,    0
 18110, 99148,20200714,  113,    0
 18110, 99148,20200715,  123,    0
 18110, 99148,20200716,  141,    0
 18110, 99148,20200717,  108,    0
 18110, 99148,20200718,  105,    0
 18110, 99148,20200719,  101,    0
 18110, 99148,20200720,   86,    0
 18110, 99148,20200721,   68,    0
 18110, 99148,20200722,   67,    0
 18110, 99148,20200723,   63,    0
 18110, 99148,20200724,   79,    0
 18110, 99148,20200725,   86,    0
 18110, 99148,20200726,  128,    0
 18110, 99148,20200727,  132,    0
 18110, 99148,20200728,  144,    0
 18110, 99148,20200729,  144,    0
 18110, 99148,20200730,  154,    0
 18110, 99148,20200731,  122,    0
 18110, 99148,20200801,  127,    0
 18110, 99148,20200802,  159,    0
 18110, 99148,20200803,  130,    0
 18110, 99148,20200804,   88,    0
 18110, 99148,20200805,  109,    0
 18110, 99148,20200806,  114,    0
 18110, 99148,20200807,  141,    0
 18110, 99148,20200808,  156,    0
 18110, 99148,20200809,   78,    0
 18110, 99148,20200810,   93,    0
 18110, 99148,20200811,  137,    0
 18110, 99148,20200812,   93,    0
 18110, 99148,20200813,  104,    0
 18110, 99148,20200814,   94,    0
 18110, 99148,20200815,   82,    0
 18110, 99148,20200816,   55,    0
 18110, 99148,20200817,   57,    0
 18110, 99148,20200818,   74,    0
 18110, 99148,20200819,   66,    0
 18110, 99148,20200820,   61,    0
 18110, 99148,20200821,  146,    0
 18110, 99148,20200822,  141,    0
 18110, 99148,20200823,   91,    0
 18110, 99148,20200824,   59,    0
 18110, 99148,20200825,   61,    0
 18110, 99148,20200826,   51,    0
 18110, 99148,20200827,   44,    0
 18110, 99148,20200828,   47,    0
 18110, 99148,20200829,   49,    0
 18110, 99148,20200830,   37,    0
 18110, 99148,20200831,   44,    0
 18110, 99148,20200901,   82,    0
 18110, 99148,20200902,  108,    0
 18110, 99148,20200903,  127,    0
 18110, 99148,20200904,   98,    0
 18110, 99148,20200905,   83,    0
 18110, 99148,20200906,   70,    0
 18110, 99148,20200907,   77,    0
 18110, 99148,20200908,   63,    0
 18110, 99148,20200909,   47,    0
 18110, 99148,20200910,   41,    0
 18110, 99148,20200911,   54,    0
 18110, 99148,20200912,   65,    0
 18110, 99148,20200913,   51,    0
 18110, 99148,20200914,   54,    0
 18110, 99148,20200915,   38,    0
 18110, 99148,20200916,   30,    0
 18110, 99148,20200917,   34,    0
 18110, 99148,20200918,   54,    0
 18110, 99148,20200919,   36,    0
 18110, 99148,20200920,   46,    0
 18110, 99148,20200921,   51,    0
 18110, 99148,20200922,   21,    0
 18110, 99148,20200923,   52,    0
 18110, 99148,20200924,   19,    0
 18110, 99148,20200925,   48,    0
 18110, 99148,20200926,   16,    0
 18110, 99148,20200927,   45,    0
 18110, 99148,20200928,  107,    0
 18110, 99148,20200929,  104,    0
 18110, 99148,20200930,   95,    0
 18110, 99148,20201001,   96,    0
 18110, 99148,20201002,   92,    0
 18110, 99148,20201003,   84,    0
 18110, 99148,20201004,   83,    0
 18110, 99148,20201005,   83,    0
 18110, 99148,20201006,   86,    0
 18110, 99148,20201007,   90,    0
 18110, 99148,20201008,   89,    0
 18110, 99148,20201009,   69,    0
 18110, 99148,20201010,   55,    0
 18110, 99148,20201011,   48,    0
 18110, 99148,20201012,   35,    0
 18110, 99148,20201013,   16,    0
 18110, 99148,20201014,   25,    0
 18110, 99148,20201015,   21,    0
 18110, 99148,20201016,   24,    0
 18110, 99148,20201017,   -4,    0
 18110, 99148,20201018,  -24,    0
 18110, 99148,20201019,  -29,    0
 18110, 99148,20201020,  -24,    0
 18110, 99148,20201021,  -33,    0
 18110, 99148,20201022,  -30,    0
 18110, 99148,20201023,   -9,    0
 18110, 99148,20201024,  -13,    0
 18110, 99148,20201025,  -11,    0
 18110, 99148,20201026,   38,    0
 18110, 99148,20201027,   23,    0
 18110, 99148,20201028,   17,    0
 18110, 99148,20201029,    3,    0
 18110, 99148,20201030,  -21,    0
 18110, 99148,20201031,   23,    0
 18110, 99148,20201101,   48,    0
 18110, 99148,20201102,   49,    0
 18110, 99148,20201103,   21,    0
 18110, 99148,20201104,    8,    0
 18110, 99148,20201105,   16,    0
 18110, 99148,20201106,   33,    0
 18110, 99148,20201107,   14,    0
 18110, 99148,20201108,    4,    0
 18110, 99148,20201109,    2,    0
 18110, 99148,20201110,   23,    0
 18110, 99148,20201111,   57,    0
 18110, 99148,20201112,   52,    0
 18110, 99148,20201113,   30,    0
 18110, 99148,20201114,   31,    0
 18110, 99148,20201115,   35,    0
 18110, 99148,20201116,   64,    0
 18110, 99148,20201117,   39,    0
 18110, 99148,20201118,  -13,    0
 18110, 99148,20201119,  -52,    0
 18110, 99148,20201120,  -31,    0
 18110, 99148,20201121,  -12,    0
 18110, 99148,20201122,    7,    0
 18110, 99148,20201123,   -4,    0
 18110, 99148,20201124,  -13,    0
 18110, 99148,20201125,  -11,    0
 18110, 99148,20201126,    2,    0
 18110, 99148,20201127,   18,    0
 18110, 99148,20201128,   21,    0
 18110, 99148,20201129,   22,    0
 18110, 99148,20201130,    9,    0
 18110, 99148,20201201,  -29,    0
 18110, 99148,20201202,    8,    0
 18110, 99148,20201203,  -10,    0
 18110, 99148,20201204,   -4,    0
 18110, 99148,20201205,  -12,    0
 18110, 99148,20201206,  -20,    0
 18110, 99148,20201207,   -4,    0
 18110, 99148,20201208,   10,    0
 18110, 99148,20201209,   -6,    0
 18110, 99148,20201210,   -4,    0
 18110, 99148,20201211,   -7,    0
 18110, 99148,20201212,  -28,    0
 18110, 99148,20201213,  -18,    0
 18110, 99148,20201214,   -6,    0
 18110, 99148,20201215,  -25,    0
 18110, 99148,20201216,  -30,    0
 18110, 99148,20201217,  -40,    0
 18110, 99148,20201218,  -28,    0
 18110, 99148,20201219,    4,    0
 18110, 99148,20201220,   33,    0
 18110, 99148,20201221,   20,    0
 18110, 99148,20201222,    4,    0
 18110, 99148,20201223,  -18,    0
 18110, 99148,20201224,  -19,    0
 18110, 99148,20201225,  -42,    0
 18110, 99148,20201226,  -63,    0
 18110, 99148,20201227,  -63,    0
 18110, 99148,20201228,   10,    0
 18110, 99148,20201229,  -17,    0
 18110, 99148,20201230,  -26,    0
 18110, 99148,20201231,  -40,    0
 18110, 99148,20210101,  -27,    0
 18110, 99148,20210102,  -21,    0
 18110, 99148,20210103,  -11,    0
 18110, 99148,20210104,  -12,    0
 18110, 99148,20210105,    1,    0
 18110, 99148,20210106,    1,    0
 18110, 99148,20210107,  -74,    0
 18110, 99148,20210108,  -78,    0
 18110, 99148,20210109,  -51,    0
 18110, 99148,20210110,  -48,    0
 18110, 99148,20210111,  -86,    0
 18110, 99148,20210112,  -82,    0
 18110, 99148,20210113,  -79,    0
 18110, 99148,20210114,  -44,    0
 18110, 99148,20210115,  -23,    0
 18110, 99148,20210116,  -28,    0
 18110, 99148,20210117,  -42,    0
 18110, 99148,20210118,  -47,    0
 18110, 99148,20210119,  -62,    0
 18110, 99148,20210120,  -85,    0
 18110, 99148,20210121,  -92,    0
 18110, 99148,20210122, -103,    0
 18110, 99148,20210123, -104,    0
 18110, 99148,20210124, -102,    0
 18110, 99148,20210125,  -46,    0
 18110, 99148,20210126,  -40,    0
 18110, 99148,20210127,  -64,    0
 18110, 99148,20210128,  -86,    0
 18110, 99148,20210129,  -85,    0
 18110, 99148,20210130,  -75,    0
 18110, 99148,20210131,  -83,    0
 18110, 99148,20210201,  -82,    0
 18110, 99148,20210202,  -84,    0
 18110, 99148,20210203, -102,    0
 18110, 99148,20210204,  -68,    0
 18110, 99148,20210205,  -50,    0
 18110, 99148,20210206,  -57,    0
 18110, 99148,20210207,  -50,    0
 18110, 99148,20210208,  -51,    0
 18110, 99148,20210209,  -83,    0
 18110, 99148,20210210,  -90,    0
 18110, 99148,20210211,  -46,    0
 18110, 99148,20210212,  -32,    0
 18110, 99148,20210213,  -56,    0
 18110, 99148,20210214,  -52,    0
 18110, 99148,20210215,  -41,    0
 18110, 99148,20210216,  -69,    0
 18110, 99148,20210217,  -90,    0
 18110, 99148,20210218,  -67,    0
 18110, 99148,20210219,  -63,    0
 18110, 99148,20210220,  -54,    0
 18110, 99148,20210221,  -55,    0
 18110, 99148,20210222,  -16,    0
 18110, 99148,20210223,  -26,    0
 18110, 99148,20210224,   21,    0
 18110, 99148,20210225,   17,    0
 18110, 99148,20210226,   -9,    0
 18110, 99148,20210227,    9,    0
 18110, 99148,20210228,   24,    0
 18110, 99148,20210301,   -7,    0
 18110, 99148,20210302,  -11,    0
 18110, 99148,20210303,  -38,    0
 18110, 99148,20210304,  -59,    0
 18110, 99148,20210305,  -47,    0
 18110, 99148,20210306,  -80,    0
 18110, 99148,20210307,  -61,    0
 18110, 99148,20210308,  -44,    0
 18110, 99148,20210309,  -79,    0
 18110, 99148,20210310,  -94,    0
 18110, 99148,20210311,  -48,    0
 18110, 99148,20210312,  -25,    0
 18110, 99148,20210313,   -1,    0
 18110, 99148,20210314,   -8,    0
 18110, 99148,20210315,  -26,    0
 18110, 99148,20210316,  -29,    0
 18110, 99148,20210317,  -34,    0
 18110, 99148,20210318,  -62,    0
 18110, 99148,20210319,  -19,    0
 18110, 99148,20210320,  -11,    0
 18110, 99148,20210321,  -57,    0
 18110, 99148,20210322,   -2,    0
 18110, 99148,20210323,    7,    0
 18110, 99148,20210324,    7,    0
 18110, 99148,20210325,  -17,    0
 18110, 99148,20210326,   15,    0
 18110, 99148,20210327,   11,    0
 18110, 99148,20210328,   -4,    0
 18110, 99148,20210329,    9,    0
 18110, 99148,20210330,   -5,    0
 18110, 99148,20210331,   -7,    0
 18110, 99148,20210401,  -13,    0
 18110, 99148,20210402,  -34,    0
 18110, 99148,20210403,  -10,    0
 18110, 99148,20210404,  -29,    0
 18110, 99148,20210405,  -37,    0
 18110, 99148,20210406,  -22,    0
 18110, 99148,20210407,  -48,    0
 18110, 99148,20210408,  -66,    0
 18110, 99148,20210409,  -64,    0
 18110, 99148,20210410,  -43,    0
 18110, 99148,20210411,  -28,    0
 18110, 99148,20210412,  -39,    0
 18110, 99148,20210413,  -41,    0
 18110, 99148,20210414,  -29,    0
 18110, 99148,20210415,    7,    0
 18110, 99148,20210416,   17,    0
 18110, 99148,20210417,   30,    0
 18110, 99148,20210418,   46,    0
 18110, 99148,20210419,   68,    0
 18110, 99148,20210420,   59,    0
 18110, 99148,20210421,  -27,    0
 18110, 99148,20210422,  -34,    0
 18110, 99148,20210423,  -32,    0
 18110, 99148,20210424,  -35,    0
 18110, 99148,20210425,  -30,    0
 18110, 99148,20210426,  -25,    0
 18110, 99148,20210427,  -32,    0
 18110, 99148,20210428,  -30,    0
 18110, 99148,20210429,  -27,    0
 18110, 99148,20210430,  -38,    0
 18110, 99148,20210501,  -36,    0
 18110, 99148,20210502,  -33,    0
 18110, 99148,20210503,  -31,    0
 18110, 99148,20210504,  -13,    0
 18110, 99148,20210505,    2,    0
 18110, 99148,20210506,   -5,    0
 18110, 99148,20210507,  -14,    0
 18110, 99148,20210508,  -16,    0
 18110, 99148,20210509,   -9,    0
 18110, 99148,20210510,   15,    0
 18110, 99148,20210511,   30,    0
 18110, 99148,20210512,   54,    0
 18110, 99148,20210513,   19,    0
 18110, 99148,20210514,   42,    0
 18110, 99148,20210515,   68,    0
 18110, 99148,20210516,   69,    0
 18110, 99148,20210517,   72,    0
 18110, 99148,20210518,   49,    0
 18110, 99148,20210519,   27,    0
 18110, 99148,20210520,   14,    0
 18110, 99148,20210521,   43,    0
 18110, 99148,20210522,   38,    0
 18110, 99148,20210523,   26,    0
 18110, 99148,20210524,   43,    0
 18110, 99148,20210525,   58,    0
 18110, 99148,20210526,   69,    0
 18110, 99148,20210527,   41,    0
 18110, 99148,20210528,   17,    0
 18110, 99148,20210529,   22,    0
 18110, 99148,20210530,   24,    0
 18110, 99148,20210531,   43,    0
 18110, 99148,20210601,  120,    0
 18110, 99148,20210602,  169,    0
 18110, 99148,20210603,  153,    0
 18110, 99148,20210604,  163,    0
 18110, 99148,20210605,  124,    0
 18110, 99148,20210606,  140,    0
 18110, 99148,20210607,   83,    0
 18110, 99148,20210608,   92,    0
 18110, 99148,20210609,  104,    0
 18110, 99148,20210610,  127,    0
 18110, 99148,20210611,  113,    0
 18110, 99148,20210612,   64,    0
 18110, 99148,20210613,   35,    0
 18110, 99148,20210614,   46,    0
 18110, 99148,20210615,   33,    0
 18110, 99148,20210616,   23,    0
 18110, 99148,20210617,   83,    0
 18110, 99148,20210618,   65,    0
 18110, 99148,20210619,   43,    0
 18110, 99148,20210620,   55,    0
 18110, 99148,20210621,   92,    0
 18110, 99148,20210622,   60,    0
 18110, 99148,20210623,   90,    0
 18110, 99148,20210624,   65,    0
 18110, 99148,20210625,   48,    0
 18110, 99148,20210626,   58,    0
 18110, 99148,20210627,   63,    0
 18110, 99148,20210628,   59,    0
 18110, 99148,20210629,   43,    0
 18110, 99148,20210630,   59,    0
 18110, 99148,20210701,  112,    0
 18110, 99148,20210702,  131,    0
 18110, 99148,20210703,  179,    0
 18110, 99148,20210704,  223,    0
 18110, 99148,20210705,  210,    0
 18110, 99148,20210706,  203,    0
 18110, 99148,20210707,  163,    0
 18110, 99148,20210708,  103,    0
 18110, 99148,20210709,  124,    0
 18110, 99148,20210710,  172,    0
 18110, 99148,20210711,  160,    0
 18110, 99148,20210712,  120,    0
 18110, 99148,20210713,   95,    0
 18110, 99148,20210714,  127,    0
 18110, 99148,20210715,  113,    0
 18110, 99148,20210716,   76,    0
 18110, 99148,20210717,   80,    0
 18110, 99148,20210718,   60,    0
 18110, 99148,20210719,   53,    0
 18110, 99148,20210720,   40,    0
 18110, 99148,20210721,   62,    0
 18110, 99148,20210722,   57,    0
 18110, 99148,20210723,   56,    0
 18110, 99148,20210724,   86,    0
 18110, 99148,20210725,  135,    0
 18110, 99148,20210726,  173,    0
 18110, 99148,20210727,  222,    0
 18110, 99148,20210728,  210,    0
 18110, 99148,20210729,  152,    0
 18110, 99148,20210730,  102,    0
 18110, 99148,20210731,   62,    0
 18110, 99148,20210801,   45,    0
 18110, 99148,20210802,   46,    0
 18110, 99148,20210803,   53,    0
 18110, 99148,20210804,   68,    0
 18110, 99148,20210805,   93,    0
 18110, 99148,20210806,  142,    0
 18110, 99148,20210807,  159,    0
 18110, 99148,20210808,  141,    0
 18110, 99148,20210809,  146,    0
 18110, 99148,20210810,  112,    0
 18110, 99148,20210811,   88,    0
 18110, 99148,20210812,   89,    0
 18110, 99148,20210813,  102,    0
 18110, 99148,20210814,   84,    0
 18110, 99148,20210815,   75,    0
 18110, 99148,20210816,   78,    0
 18110, 99148,20210817,   89,    0
 18110, 99148,20210818,   93,    0
 18110, 99148,20210819,   90,    0
 18110, 99148,20210820,   66,    0
 18110, 99148,20210821,   44,    0
 18110, 99148,20210822,   41,    0
 18110, 99148,20210823,   54,    0
 18110, 99148,20210824,   57,    0
 18110, 99148,20210825,   71,    0
 18110, 99148,20210826,   81,    0
 18110, 99148,20210827,   96,    0
 18110, 99148,20210828,  104,    0
 18110, 99148,20210829,   82,    0
 18110, 99148,20210830,   69,    0
 18110, 99148,20210831,   57,    0
 18110, 99148,20210901,   38,    0
 18110, 99148,20210902,   39,    0
 18110, 99148,20210903,   31,    0
 18110, 99148,20210904,   35,    0
 18110, 99148,20210905,   57,    0
 18110, 99148,20210906,   73,    0
 18110, 99148,20210907,   87,    0
 18110, 99148,20210908,   58,    0
 18110, 99148,20210909,   45,    0
 18110, 99148,20210910,   44,    0
 18110, 99148,20210911,   71,    0
 18110, 99148,20210912,   56,    0
 18110, 99148,20210913,   21,    0
 18110, 99148,20210914,   25,    0
 18110, 99148,20210915,   47,    0
 18110, 99148,20210916,   58,    0
 18110, 99148,20210917,   62,    0
 18110, 99148,20210918,   54,    0
 18110, 99148,20210919,   64,    0
 18110, 99148,20210920,   51,    0
 18110, 99148,20210921,   52,    0
 18110, 99148,20210922,   71,    0
 18110, 99148,20210923,   53,    0
 18110, 99148,20210924,   39,    0
 18110, 99148,20210925,   37,    0
 18110, 99148,20210926,   77,    0
 18110, 99148,20210927,  127,    0
 18110, 99148,20210928,   99,    0
 18110, 99148,20210929,   78,    0
 18110, 99148,20210930,   70,    0
 18110, 99148,20211001,   73,    0
 18110, 99148,20211002,   97,    0
 18110, 99148,20211003,   92,    0
 18110, 99148,20211004,  107,    0
 18110, 99148,20211005,   79,    0
 18110, 99148,20211006,   55,    0
 18110, 99148,20211007,   26,    0
 18110, 99148,20211008,   49,    0
 18110, 99148,20211009,   71,    0
 18110, 99148,20211010,   63,    0
 18110, 99148,20211011,   37,    0
 18110, 99148,20211012,    9,    0
 18110, 99148,20211013,   -9,    0
 18110, 99148,20211014,  -10,    0
 18110, 99148,20211015,   -9,    0
 18110, 99148,20211016,  -13,    0
 18110, 99148,20211017,    1,    0
 18110, 99148,20211018,  -15,    0
 18110, 99148,20211019,  -33,    0
 18110, 99148,20211020,  -21,    0
 18110, 99148,20211021,  -25,    0
 18110, 99148,20211022,  -29,    0
 18110, 99148,20211023,  -29,    0
 18110, 99148,20211024,    1,    0
 18110, 99148,20211025,   42,    0
 18110, 99148,20211026,   34,    0
 18110, 99148,20211027,   13,    0
 18110, 99148,20211028,   45,    0
 18110, 99148,20211029,   39,    0
 18110, 99148,20211030,   49,    0
 18110, 99148,20211031,   49,    0
 18110, 99148,20211101,   41,    0
 18110, 99148,20211102,   62,    0
 18110, 99148,20211103,   50,    0
 18110, 99148,20211104,   28,    0
 18110, 99148,20211105,    4,    0
 18110, 99148,20211106,   -2,    0
 18110, 99148,20211107,  -23,    0
 18110, 99148,20211108,  -34,    0
 18110, 99148,20211109,   -9,    0
 18110, 99148,20211110,    9,    0
 18110, 99148,20211111,   14,    0
 18110, 99148,20211112,   -3,    0
 18110, 99148,20211113,  -15,    0
 18110, 99148,20211114,  -10,    0
 18110, 99148,20211115,   26,    0
 18110, 99148,20211116,   30,    0
 18110, 99148,20211117,   25,    0
 18110, 99148,20211118,  -12,    0
 18110, 99148,20211119,   -1,    0
 18110, 99148,20211120,  -11,    0
 18110, 99148,20211121,  -46,    0
 18110, 99148,20211122,  -39,    0
 18110, 99148,20211123,  -15,    0
 18110, 99148,20211124,  -57,    0
 18110, 99148,20211125,  -93,    0
 18110, 99148,20211126,  -82,    0
 18110, 99148,20211127,  -93,    0
 18110, 99148,20211128,  -66,    0
 18110, 99148,20211129,  -75,    0
 18110, 99148,20211130,  -94,    0
 18110, 99148,20211201,  -97,    0
 18110, 99148,20211202,  -78,    0
 18110, 99148,20211203,  -82,    0
 18110, 99148,20211204,  -99,    0
 18110, 99148,20211205, -125,    0
 18110, 99148,20211206, -148,    0
 18110, 99148,20211207, -126,    0
 18110, 99148,20211208, -117,    0
 18110, 99148,20211209,  -79,    0
 18110, 99148,20211210,  -38,    0
 18110, 99148,20211211,  -35,    0
 18110, 99148,20211212,  -26,    0
 18110, 99148,20211213,    2,    0
 18110, 99148,20211214,    3,    0
 18110, 99148,20211215,    6,    0
 18110, 99148,20211216,    3,    0
 18110, 99148,20211217,   14,    0
 18110, 99148,20211218,    1,    0
 18110, 99148,20211219,   -5,    0
 18110, 99148,20211220,  -37,    0
 18110, 99148,20211221,  -75,    0
 18110, 99148,20211222,  -58,    0
 18110, 99148,20211223,  -84,    0
 18110, 99148,20211224,  -69,    0
 18110, 99148,20211225,  -59,    0
 18110, 99148,20211226,  -80,    0
 18110, 99148,20211227,  -65,    0
 18110, 99148,20211228,  -55,    0
 18110, 99148,20211229,  -53,    0
 18110, 99148,20211230,  -19,    0
 18110, 99148,20211231,  -56,    0
 18110, 99148,20220101,  -71,    0
 18110, 99148,20220102,  -53,    0
 18110, 99148,20220103,  -31,    0
 18110, 99148,20220104,  -71,    0
 18110, 99148,20220105,  -67,    0
 18110, 99148,20220106,  -64,    0
 18110, 99148,20220107,  -81,    0
 18110, 99148,20220108,  -97,    0
 18110, 99148,20220109,  -67,    0
 18110, 99148,20220110,  -55,    0
 18110, 99148,20220111,   -6,    0
 18110, 99148,20220112,   -1,    0
 18110, 99148,20220113,  -24,    0
 18110, 99148,20220114,  -27,    0
 18110, 99148,20220115,  -23,    0
 18110, 99148,20220116,  -30,    0
 18110, 99148,20220117,  -50,    0
 18110, 99148,20220118,    7,    0
 18110, 99148,20220119,  -30,    0
 18110, 99148,20220120,  -54,    0
 18110, 99148,20220121,  -63,    0
 18110, 99148,20220122,    8,    0
 18110, 99148,20220123,   30,    0
 18110, 99148,20220124,  -33,    0
 18110, 99148,20220125,  -46,    0
 18110, 99148,20220126,  -21,    0
 18110, 99148,20220127,  -29,    0
 18110, 99148,20220128,  -55,    0
 18110, 99148,20220129,  -49,    0
 18110, 99148,20220130,  -47,    0
 18110, 99148,20220131,  -59,    0
 18110, 99148,20220201,  -92,    0
 18110, 99148,20220202,  -99,    0
 18110, 99148,20220203, -110,    0
 18110, 99148,20220204,  -89,    0
 18110, 99148,20220205,  -28,    0
 18110, 99148,20220206,  -54,    0
 18110, 99148,20220207,  -38,    0
 18110, 99148,20220208,  -29,    0
 18110, 99148,20220209,  -36,    0
 18110, 99148,20220210,  -35,    0
 18110, 99148,20220211,  -64,    0
 18110, 99148,20220212,  -55,    0
 18110, 99148,20220213,  -59,    0
 18110, 99148,20220214,  -50,    0
 18110, 99148,20220215,  -80,    0
 18110, 99148,20220216,  -70,    0
 18110, 99148,20220217,  -56,    0
 18110, 99148,20220218,  -59,    0
 18110, 99148,20220219,  -79,    0
 18110, 99148,20220220,  -83,    0
 18110, 99148,20220221,  -84,    0
 18110, 99148,20220222,  -88,    0
 18110, 99148,20220223,  -58,    0
 18110, 99148,20220224,  -25,    0
 18110, 99148,20220225,  -54,    0
 18110, 99148,20220226,  -31,    0
 18110, 99148,20220227,   17,    0
 18110, 99148,20220228,    6,    0
 18110, 99148,20220301,   -6,    0
 18110, 99148,20220302,  -13,    0
 18110, 99148,20220303,  -35,    0
 18110, 99148,20220304,  -25,    0
 18110, 99148,20220305,  -15,    0
 18110, 99148,20220306,  -18,    0
 18110, 99148,20220307,  -14,    0
 18110, 99148,20220308,    3,    0
 18110, 99148,20220309,   30,    0
 18110, 99148,20220310,   17,    0
 18110, 99148,20220311,   32,    0
 18110, 99148,20220312,   48,    0
 18110, 99148,20220313,   43,    0
 18110, 99148,20220314,   42,    0
 18110, 99148,20220315,   36,    0
 18110, 99148,20220316,   18,    0
 18110, 99148,20220317,   26,    0
 18110, 99148,20220318,   -2,    0
 18110, 99148,20220319,   29,    0
 18110, 99148,20220320,   52,    0
 18110, 99148,20220321,   17,    0
 18110, 99148,20220322,    5,    0
 18110, 99148,20220323,   19,    0
 18110, 99148,20220324,  -31,    0
 18110, 99148,20220325,  -22,    0
 18110, 99148,20220326,  -52,    0
 18110, 99148,20220327,  -37,    0
 18110, 99148,20220328,  -71,    0
 18110, 99148,20220329,  -70,    0
 18110, 99148,20220330,  -52,    0
 18110, 99148,20220331,  -61,    0
 18110, 99148,20220401,  -57,    0
 18110, 99148,20220402,  -50,    0
 18110, 99148,20220403,  -48,    0
 18110, 99148,20220404,  -77,    0
 18110, 99148,20220405,  -89,    0
 18110, 99148,20220406,  -53,    0
 18110, 99148,20220407,  -44,    0
 18110, 99148,20220408,  -54,    0
 18110, 99148,20220409,  -14,    0
 18110, 99148,20220410,  -23,    0
 18110, 99148,20220411,  -25,    0
 18110, 99148,20220412,   -9,    0
 18110, 99148,20220413,  -19,    0
 18110, 99148,20220414,  -16,    0
 18110, 99148,20220415,   -4,    0
 18110, 99148,20220416,   24,    0
 18110, 99148,20220417,   36,    0
 18110, 99148,20220418,   45,    0
 18110, 99148,20220419,   80,    0
 18110, 99148,20220420,   63,    0
 18110, 99148,20220421,   18,    0
 18110, 99148,20220422,    0,    0
 18110, 99148,20220423,   20,    0
 18110, 99148,20220424,   17,    0
 18110, 99148,20220425,  -18,    0
 18110, 99148,20220426,  -61,    0
 18110, 99148,20220427,  -54,    0
 18110, 99148,20220428,  -51,    0
 18110, 99148,20220429,  -28,    0
 18110, 99148,20220430,  -31,    0
 18110, 99148,20220501,   -4,    0
 18110, 99148,20220502,  -31,    0
 18110, 99148,20220503,  -40,    0
 18110, 99148,20220504,  -30,    0
 18110, 99148,20220505,    1,    0
 18110, 99148,20220506,   24,    0
 18110, 99148,20220507,  -16,    0
 18110, 99148,20220508,  -21,    0
 18110, 99148,20220509,   14,    0
 18110, 99148,20220510,   34,    0
 18110, 99148,20220511,   30,    0
 18110, 99148,20220512,   31,    0
 18110, 99148,20220513,   21,    0
 18110, 99148,20220514,   17,    0
 18110, 99148,20220515,    6,    0
 18110, 99148,20220516,  -19,    0
 18110, 99148,20220517,  -11,    0
 18110, 99148,20220518,   29,    0
 18110, 99148,20220519,   60,    0
 18110, 99148,20220520,   57,    0
 18110, 99148,20220521,   93,    0
 18110, 99148,20220522,   70,    0
 18110, 99148,20220523,   92,    0
 18110, 99148,20220524,  102,    0
 18110, 99148,20220525,   83,    0
 18110, 99148,20220526,   79,    0
 18110, 99148,20220527,   53,    0
 18110, 99148,20220528,   31,    0
 18110, 99148,20220529,   72,    0
 18110, 99148,20220530,  102,    0
 18110, 99148,20220531,  101,    0
 18110, 99148,20220601,   96,    0
 18110, 99148,20220602,  106,    0
 18110, 99148,20220603,   88,    0
 18110, 99148,20220604,   36,    0
 18110, 99148,20220605,   10,    0
 18110, 99148,20220606,   36,    0
 18110, 99148,20220607,   14,    0
 18110, 99148,20220608,   19,    0
 18110, 99148,20220609,   21,    0
 18110, 99148,20220610,   74,    0
 18110, 99148,20220611,   81,    0
 18110, 99148,20220612,   87,    0
 18110, 99148,20220613,   77,    0
 18110, 99148,20220614,   59,    0
 18110, 99148,20220615,   59,    0
 18110, 99148,20220616,   68,    0
 18110, 99148,20220617,   82,    0
 18110, 99148,20220618,   72,    0
 18110, 99148,20220619,   59,    0
 18110, 99148,20220620,   60,    0
 18110, 99148,20220621,   49,    0
 18110, 99148,20220622,   47,    0
 18110, 99148,20220623,   59,    0
 18110, 99148,20220624,   82,    0
 18110, 99148,20220625,  172,    0
 18110, 99148,20220626,  198,    0
 18110, 99148,20220627,  200,    0
 18110, 99148,20220628,  214,    0
 18110, 99148,20220629,  107,    0
 18110, 99148,20220630,  155,    0
 18110, 99148,20220701,  207,    0
 18110, 99148,20220702,  165,    0
 18110, 99148,20220703,  120,    0
 18110, 99148,20220704,  125,    0
 18110, 99148,20220705,   94,    0
 18110, 99148,20220706,   61,    0
 18110, 99148,20220707,   56,    0
 18110, 99148,20220708,   64,    0
 18110, 99148,20220709,   77,    0
 18110, 99148,20220710,   84,    0
 18110, 99148,20220711,   91,    0
 18110, 99148,20220712,  144,    0
 18110, 99148,20220713,   92,    0
 18110, 99148,20220714,   70,    0
 18110, 99148,20220715,   58,    0
 18110, 99148,20220716,   58,    0
 18110, 99148,20220717,   57,    0
 18110, 99148,20220718,   68,    0
 18110, 99148,20220719,   77,    0
 18110, 99148,20220720,  111,    0
 18110, 99148,20220721,   88,    0
 18110, 99148,20220722,   65,    0
 18110, 99148,20220723,   70,    0
 18110, 99148,20220724,   89,    0
 18110, 99148,20220725,  122,    0
 18110, 99148,20220726,  110,    0
 18110, 99148,20220727,   60,    0
 18110, 99148,20220728,   59,    0
 18110, 99148,20220729,   95,    0
 18110, 99148,20220730,  144,    0
 18110, 99148,20220731,  134,    0
 18110, 99148,20220801,   92,    0
 18110, 99148,20220802,   63,    0
 18110, 99148,20220803,  104,    0
 18110, 99148,20220804,   93,    0
 18110, 99148,20220805,   76,    0
 18110, 99148,20220806,   71,    0
 18110, 99148,20220807,   60,    0
 18110, 99148,20220808,   83,    0
 18110, 99148,20220809,   92,    0
 18110, 99148,20220810,   99,    0
 18110, 99148,20220811,   68,    0
 18110, 99148,20220812,   62,    0
 18110, 99148,20220813,   70,    0
 18110, 99148,20220814,   96,    0
 18110, 99148,20220815,  167,    0
 18110, 99148,20220816,  171,    0
 18110, 99148,20220817,   71,    0
 18110, 99148,20220818,   96,    0
 18110, 99148,20220819,  139,    0
 18110, 99148,20220820,  145,    0
 18110, 99148,20220821,  141,    0
 18110, 99148,20220822,   76,    0
 18110, 99148,20220823,   59,    0
 18110, 99148,20220824,  128,    0
 18110, 99148,20220825,  163,    0
 18110, 99148,20220826,  141,    0
 18110, 99148,20220827,   77,    0
 18110, 99148,20220828,   61,    0
 18110, 99148,20220829,   57,    0
 18110, 99148,20220830,   54,    0
 18110, 99148,20220831,   47,    0
 18110, 99148,20220901,   53,    0
 18110, 99148,20220902,   60,    0
 18110, 99148,20220903,   68,    0
 18110, 99148,20220904,   85,    0
 18110, 99148,20220905,   75,    0
 18110, 99148,20220906,   45,    0
 18110, 99148,20220907,   61,    0
 18110, 99148,20220908,   91,    0
 18110, 99148,20220909,   56,    0
 18110, 99148,20220910,   52,    0
 18110, 99148,20220911,   53,    0
 18110, 99148,20220912,   63,    0
 18110, 99148,20220913,   86,    0
 18110, 99148,20220914,   83,    0
 18110, 99148,20220915,   78,    0
 18110, 99148,20220916,   81,    0
 18110, 99148,20220917,   77,    0
 18110, 99148,20220918,   55,    0
 18110, 99148,20220919,   45,    0
 18110, 99148,20220920,   32,    0
 18110, 99148,20220921,   61,    0
 18110, 99148,20220922,   97,    0
 18110, 99148,20220923,   77,    0
 18110, 99148,20220924,   65,    0
 18110, 99148,20220925,   76,    0
 18110, 99148,20220926,   82,    0
 18110, 99148,20220927,   66,    0
 18110, 99148,20220928,   64,    0
 18110, 99148,20220929,   63,    0
 18110, 99148,20220930,   36,    0
 18110, 99148,20221001,   44,    0
 18110, 99148,20221002,   69,    0
 18110, 99148,20221003,   59,    0
 18110, 99148,20221004,   65,    0
 18110, 99148,20221005,   57,    0
 18110, 99148,20221006,   42,    0
 18110, 99148,20221007,   42,    0
 18110, 99148,20221008,   21,    0
 18110, 99148,20221009,   37,    0
 18110, 99148,20221010,   59,    0
 18110, 99148,20221011,   25,    0
 18110, 99148,20221012,   16,    0
 18110, 99148,20221013,   38,    0
 18110, 99148,20221014,   25,    0
 18110, 99148,20221015,   41,    0
 18110, 99148,20221016,   31,    0
 18110, 99148,20221017,   19,    0
 18110, 99148,20221018,    6,    0
 18110, 99148,20221019,   23,    0
 18110, 99148,20221020,   23,    0
 18110, 99148,20221021,   18,    0
 18110, 99148,20221022,    2,    0
 18110, 99148,20221023,  -13,    0
 18110, 99148,20221024,  -32,    0
 18110, 99148,20221025,    6,    0
 18110, 99148,20221026,   20,    0
 18110, 99148,20221027,   25,    0
 18110, 99148,20221028,   44,    0
 18110, 99148,20221029,    5,    0
 18110, 99148,20221030,   16,    0
 18110, 99148,20221031,   46,    0
