EUROPEAN CLIMATE ASSESSMENT & DATASET (ECA&D), file created on: 16-11-2022
THESE DATA CAN BE USED FOR NON-COMMERCIAL RESEARCH AND EDUCATION PROVIDED THAT THE FOLLOWING SOURCE IS ACKNOWLEDGED: 

Klein Tank, A.M.G. and Coauthors, 2002. Daily dataset of 20th-century surface
air temperature and precipitation series for the European Climate Assessment.
Int. J. of Climatol., 22, 1441-1453.
Data and metadata available at http://www.ecad.eu

FILE FORMAT (MISSING VALUE CODE = -9999):

01-06 STAID: Station identifier
08-13 SOUID: Source identifier
15-22 DATE : Date YYYYMMDD
24-28 TG   : Mean temperature in 0.1 &#176;C
30-34 Q_TG : quality code for TG (0='valid'; 1='suspect'; 9='missing')

This is the blended series of station FYRIEGG, NORWAY (STAID: 18162)
Blended and updated with sources:99275 
See files sources.txt and stations.txt for more info.

STAID, SOUID,    DATE,   TG, Q_TG
 18162, 99275,20161231,   39,    1
 18162, 99275,20170101,  -40,    0
 18162, 99275,20170102,  -70,    0
 18162, 99275,20170103,  -39,    0
 18162, 99275,20170104,  -78,    0
 18162, 99275,20170105, -117,    0
 18162, 99275,20170106,  -55,    0
 18162, 99275,20170107,  -31,    0
 18162, 99275,20170108,    1,    0
 18162, 99275,20170109,   15,    0
 18162, 99275,20170110,  -17,    0
 18162, 99275,20170111,  -21,    0
 18162, 99275,20170112,  -35,    0
 18162, 99275,20170113,  -60,    0
 18162, 99275,20170114,  -75,    0
 18162, 99275,20170115,  -93,    0
 18162, 99275,20170116,  -69,    0
 18162, 99275,20170117,   -7,    0
 18162, 99275,20170118,   38,    0
 18162, 99275,20170119,   40,    0
 18162, 99275,20170120,   33,    0
 18162, 99275,20170121,   28,    0
 18162, 99275,20170122,    5,    0
 18162, 99275,20170123,  -14,    0
 18162, 99275,20170124,  -25,    0
 18162, 99275,20170125,   37,    0
 18162, 99275,20170126,   17,    0
 18162, 99275,20170127,   -4,    0
 18162, 99275,20170128,  -59,    0
 18162, 99275,20170129,  -43,    0
 18162, 99275,20170130,  -33,    0
 18162, 99275,20170131,  -67,    0
 18162, 99275,20170201,  -70,    0
 18162, 99275,20170202,  -50,    0
 18162, 99275,20170203,  -46,    0
 18162, 99275,20170204,  -45,    0
 18162, 99275,20170205,  -57,    0
 18162, 99275,20170206,  -74,    0
 18162, 99275,20170207, -129,    0
 18162, 99275,20170208, -147,    0
 18162, 99275,20170209, -129,    0
 18162, 99275,20170210, -109,    0
 18162, 99275,20170211,  -84,    0
 18162, 99275,20170212,  -41,    0
 18162, 99275,20170213,   24,    0
 18162, 99275,20170214,   40,    0
 18162, 99275,20170215,   18,    0
 18162, 99275,20170216,   15,    0
 18162, 99275,20170217,   -2,    0
 18162, 99275,20170218,    6,    0
 18162, 99275,20170219,   22,    0
 18162, 99275,20170220,   24,    0
 18162, 99275,20170221,  -16,    0
 18162, 99275,20170222,  -20,    0
 18162, 99275,20170223,  -66,    0
 18162, 99275,20170224,  -92,    0
 18162, 99275,20170225,  -63,    0
 18162, 99275,20170226,  -16,    0
 18162, 99275,20170227,   -7,    0
 18162, 99275,20170228,  -27,    0
 18162, 99275,20170301,  -41,    0
 18162, 99275,20170302,  -57,    0
 18162, 99275,20170303,  -36,    0
 18162, 99275,20170304,  -49,    0
 18162, 99275,20170305,  -81,    0
 18162, 99275,20170306, -104,    0
 18162, 99275,20170307, -113,    0
 18162, 99275,20170308,  -94,    0
 18162, 99275,20170309,  -23,    0
 18162, 99275,20170310,  -18,    0
 18162, 99275,20170311,  -18,    0
 18162, 99275,20170312,  -17,    0
 18162, 99275,20170313,   -7,    0
 18162, 99275,20170314,   10,    0
 18162, 99275,20170315,  -15,    0
 18162, 99275,20170316,   10,    0
 18162, 99275,20170317,  -29,    0
 18162, 99275,20170318,  -58,    0
 18162, 99275,20170319,  -59,    0
 18162, 99275,20170320,  -24,    0
 18162, 99275,20170321,  -14,    0
 18162, 99275,20170322,  -41,    0
 18162, 99275,20170323,  -42,    0
 18162, 99275,20170324,  -14,    0
 18162, 99275,20170325,   16,    0
 18162, 99275,20170326,   69,    0
 18162, 99275,20170327,   64,    0
 18162, 99275,20170328,   47,    0
 18162, 99275,20170329,   -2,    0
 18162, 99275,20170330,   -5,    0
 18162, 99275,20170331,   27,    0
 18162, 99275,20170401,   44,    0
 18162, 99275,20170402,   31,    0
 18162, 99275,20170403,   44,    0
 18162, 99275,20170404,   14,    0
 18162, 99275,20170405,  -10,    0
 18162, 99275,20170406,   21,    0
 18162, 99275,20170407,   36,    0
 18162, 99275,20170408,   31,    0
 18162, 99275,20170409,   47,    0
 18162, 99275,20170410,    3,    0
 18162, 99275,20170411,  -25,    0
 18162, 99275,20170412,    1,    0
 18162, 99275,20170413,   -9,    0
 18162, 99275,20170414,  -31,    0
 18162, 99275,20170415,  -42,    0
 18162, 99275,20170416,  -34,    0
 18162, 99275,20170417,  -41,    0
 18162, 99275,20170418,  -33,    0
 18162, 99275,20170419,  -19,    0
 18162, 99275,20170420,   26,    0
 18162, 99275,20170421,   -9,    0
 18162, 99275,20170422,  -18,    0
 18162, 99275,20170423,  -32,    0
 18162, 99275,20170424,  -41,    0
 18162, 99275,20170425,  -36,    0
 18162, 99275,20170426,  -27,    0
 18162, 99275,20170427,  -32,    0
 18162, 99275,20170428,  -33,    0
 18162, 99275,20170429,  -17,    0
 18162, 99275,20170430,    9,    0
 18162, 99275,20170501,   21,    0
 18162, 99275,20170502,   68,    0
 18162, 99275,20170503,   65,    0
 18162, 99275,20170504,   57,    0
 18162, 99275,20170505,   91,    0
 18162, 99275,20170506,  111,    0
 18162, 99275,20170507,   46,    0
 18162, 99275,20170508,    2,    0
 18162, 99275,20170509,    1,    0
 18162, 99275,20170510,  -23,    0
 18162, 99275,20170511,  -13,    0
 18162, 99275,20170512,    6,    0
 18162, 99275,20170513,   16,    0
 18162, 99275,20170514,   47,    0
 18162, 99275,20170515,   75,    0
 18162, 99275,20170516,   44,    0
 18162, 99275,20170517,   90,    0
 18162, 99275,20170518,   87,    0
 18162, 99275,20170519,   95,    0
 18162, 99275,20170520,   86,    0
 18162, 99275,20170521,   73,    0
 18162, 99275,20170522,   59,    0
 18162, 99275,20170523,   85,    0
 18162, 99275,20170524,   78,    0
 18162, 99275,20170525,   83,    0
 18162, 99275,20170526,  131,    0
 18162, 99275,20170527,  168,    0
 18162, 99275,20170528,  141,    0
 18162, 99275,20170529,  133,    0
 18162, 99275,20170530,   98,    0
 18162, 99275,20170531,   68,    0
 18162, 99275,20170601,   61,    0
 18162, 99275,20170602,   37,    0
 18162, 99275,20170603,   73,    0
 18162, 99275,20170604,   79,    0
 18162, 99275,20170605,   76,    0
 18162, 99275,20170606,   79,    0
 18162, 99275,20170607,   67,    0
 18162, 99275,20170608,   71,    0
 18162, 99275,20170609,   79,    0
 18162, 99275,20170610,   92,    0
 18162, 99275,20170611,   90,    0
 18162, 99275,20170612,   88,    0
 18162, 99275,20170613,   96,    0
 18162, 99275,20170614,  102,    0
 18162, 99275,20170615,  108,    0
 18162, 99275,20170616,   95,    0
 18162, 99275,20170617,  126,    0
 18162, 99275,20170618,  116,    0
 18162, 99275,20170619,   85,    0
 18162, 99275,20170620,   63,    0
 18162, 99275,20170621,   86,    0
 18162, 99275,20170622,   96,    0
 18162, 99275,20170623,   93,    0
 18162, 99275,20170624,   76,    0
 18162, 99275,20170625,   58,    0
 18162, 99275,20170626,   68,    0
 18162, 99275,20170627,   83,    0
 18162, 99275,20170628,  101,    0
 18162, 99275,20170629,  102,    0
 18162, 99275,20170630,  127,    0
 18162, 99275,20170701,  145,    0
 18162, 99275,20170702,  103,    0
 18162, 99275,20170703,   86,    0
 18162, 99275,20170704,   89,    0
 18162, 99275,20170705,  101,    0
 18162, 99275,20170706,  113,    0
 18162, 99275,20170707,  110,    0
 18162, 99275,20170708,  107,    0
 18162, 99275,20170709,   82,    0
 18162, 99275,20170710,   91,    0
 18162, 99275,20170711,   93,    0
 18162, 99275,20170712,   74,    0
 18162, 99275,20170713,   78,    0
 18162, 99275,20170714,   91,    0
 18162, 99275,20170715,  117,    0
 18162, 99275,20170716,   95,    0
 18162, 99275,20170717,   78,    0
 18162, 99275,20170718,   97,    0
 18162, 99275,20170719,  117,    0
 18162, 99275,20170720,  132,    0
 18162, 99275,20170721,   96,    0
 18162, 99275,20170722,  106,    0
 18162, 99275,20170723,  137,    0
 18162, 99275,20170724,  111,    0
 18162, 99275,20170725,  127,    0
 18162, 99275,20170726,  118,    0
 18162, 99275,20170727,   99,    0
 18162, 99275,20170728,   98,    0
 18162, 99275,20170729,   88,    0
 18162, 99275,20170730,   96,    0
 18162, 99275,20170731,   97,    0
 18162, 99275,20170801,  102,    0
 18162, 99275,20170802,   88,    0
 18162, 99275,20170803,   80,    0
 18162, 99275,20170804,  100,    0
 18162, 99275,20170805,  106,    0
 18162, 99275,20170806,   94,    0
 18162, 99275,20170807,   80,    0
 18162, 99275,20170808,   97,    0
 18162, 99275,20170809,   88,    0
 18162, 99275,20170810,  113,    0
 18162, 99275,20170811,  107,    0
 18162, 99275,20170812,  101,    0
 18162, 99275,20170813,   76,    0
 18162, 99275,20170814,   84,    0
 18162, 99275,20170815,   82,    0
 18162, 99275,20170816,  103,    0
 18162, 99275,20170817,   85,    0
 18162, 99275,20170818,  101,    0
 18162, 99275,20170819,   87,    0
 18162, 99275,20170820,   91,    0
 18162, 99275,20170821,   95,    0
 18162, 99275,20170822,  103,    0
 18162, 99275,20170823,  103,    0
 18162, 99275,20170824,   74,    0
 18162, 99275,20170825,  103,    0
 18162, 99275,20170826,   86,    0
 18162, 99275,20170827,  103,    0
 18162, 99275,20170828,   99,    0
 18162, 99275,20170829,  105,    0
 18162, 99275,20170830,   73,    0
 18162, 99275,20170831,   84,    0
 18162, 99275,20170901,   80,    0
 18162, 99275,20170902,   75,    0
 18162, 99275,20170903,   75,    0
 18162, 99275,20170904,   55,    0
 18162, 99275,20170905,   73,    0
 18162, 99275,20170906,   88,    0
 18162, 99275,20170907,   52,    0
 18162, 99275,20170908,   45,    0
 18162, 99275,20170909,   65,    0
 18162, 99275,20170910,   67,    0
 18162, 99275,20170911,   68,    0
 18162, 99275,20170912,   67,    0
 18162, 99275,20170913,   60,    0
 18162, 99275,20170914,   68,    0
 18162, 99275,20170915,   74,    0
 18162, 99275,20170916,   75,    0
 18162, 99275,20170917,   63,    0
 18162, 99275,20170918,   75,    0
 18162, 99275,20170919,   60,    0
 18162, 99275,20170920,   34,    0
 18162, 99275,20170921,   30,    0
 18162, 99275,20170922,   45,    0
 18162, 99275,20170923,   62,    0
 18162, 99275,20170924,   74,    0
 18162, 99275,20170925,   72,    0
 18162, 99275,20170926,   63,    0
 18162, 99275,20170927,   67,    0
 18162, 99275,20170928,   60,    0
 18162, 99275,20170929,   51,    0
 18162, 99275,20170930,   46,    0
 18162, 99275,20171001,   52,    0
 18162, 99275,20171002,   64,    0
 18162, 99275,20171003,   57,    0
 18162, 99275,20171004,   28,    0
 18162, 99275,20171005,   27,    0
 18162, 99275,20171006,   40,    0
 18162, 99275,20171007,   19,    0
 18162, 99275,20171008,   30,    0
 18162, 99275,20171009,   29,    0
 18162, 99275,20171010,   -3,    0
 18162, 99275,20171011,   25,    0
 18162, 99275,20171012,   31,    0
 18162, 99275,20171013,   53,    0
 18162, 99275,20171014,   60,    0
 18162, 99275,20171015,   77,    0
 18162, 99275,20171016,   60,    0
 18162, 99275,20171017,   47,    0
 18162, 99275,20171018,   35,    0
 18162, 99275,20171019,   12,    0
 18162, 99275,20171020,    7,    0
 18162, 99275,20171021,    6,    0
 18162, 99275,20171022,   -4,    0
 18162, 99275,20171023,  -19,    0
 18162, 99275,20171024,   -7,    0
 18162, 99275,20171025,   18,    0
 18162, 99275,20171026,   27,    0
 18162, 99275,20171027,   24,    0
 18162, 99275,20171028,   19,    0
 18162, 99275,20171029,  -20,    0
 18162, 99275,20171030,  -31,    0
 18162, 99275,20171031,   20,    0
 18162, 99275,20171101,   50,    0
 18162, 99275,20171102,   32,    0
 18162, 99275,20171103,    4,    0
 18162, 99275,20171104,    5,    0
 18162, 99275,20171105,   -2,    0
 18162, 99275,20171106,  -25,    0
 18162, 99275,20171107,   -9,    0
 18162, 99275,20171108,    4,    0
 18162, 99275,20171109,    5,    0
 18162, 99275,20171110,  -24,    0
 18162, 99275,20171111,  -28,    0
 18162, 99275,20171112,  -19,    0
 18162, 99275,20171113,  -47,    0
 18162, 99275,20171114,  -30,    0
 18162, 99275,20171115,   -8,    0
 18162, 99275,20171116,  -11,    0
 18162, 99275,20171117,   -5,    0
 18162, 99275,20171118,  -24,    0
 18162, 99275,20171119,  -46,    0
 18162, 99275,20171120,  -59,    0
 18162, 99275,20171121,  -77,    0
 18162, 99275,20171122,  -84,    0
 18162, 99275,20171123,   21,    0
 18162, 99275,20171124,  -25,    0
 18162, 99275,20171125,  -32,    0
 18162, 99275,20171126,  -41,    0
 18162, 99275,20171127,  -58,    0
 18162, 99275,20171128,  -60,    0
 18162, 99275,20171129,  -63,    0
 18162, 99275,20171130,  -73,    0
 18162, 99275,20171201,  -62,    0
 18162, 99275,20171202,    8,    0
 18162, 99275,20171203,  -27,    0
 18162, 99275,20171204,  -39,    0
 18162, 99275,20171205,   19,    0
 18162, 99275,20171206,    0,    0
 18162, 99275,20171207,   21,    0
 18162, 99275,20171208,  -20,    0
 18162, 99275,20171209,  -49,    0
 18162, 99275,20171210,  -96,    0
 18162, 99275,20171211,  -86,    0
 18162, 99275,20171212,  -84,    0
 18162, 99275,20171213,  -58,    0
 18162, 99275,20171214,  -48,    0
 18162, 99275,20171215,  -63,    0
 18162, 99275,20171216,  -76,    0
 18162, 99275,20171217,  -63,    0
 18162, 99275,20171218,  -24,    0
 18162, 99275,20171219,   27,    0
 18162, 99275,20171220,   42,    0
 18162, 99275,20171221,  -12,    0
 18162, 99275,20171222,   -1,    0
 18162, 99275,20171223,   43,    0
 18162, 99275,20171224,   -4,    0
 18162, 99275,20171225,    4,    0
 18162, 99275,20171226,  -29,    0
 18162, 99275,20171227,  -43,    0
 18162, 99275,20171228,  -53,    0
 18162, 99275,20171229,  -71,    0
 18162, 99275,20171230,  -75,    0
 18162, 99275,20171231,  -67,    0
 18162, 99275,20180101,  -17,    0
 18162, 99275,20180102,  -39,    0
 18162, 99275,20180103,  -56,    0
 18162, 99275,20180104,  -52,    0
 18162, 99275,20180105,  -66,    0
 18162, 99275,20180106,  -90,    0
 18162, 99275,20180107,  -60,    0
 18162, 99275,20180108,  -15,    0
 18162, 99275,20180109,  -24,    0
 18162, 99275,20180110,  -48,    0
 18162, 99275,20180111,  -42,    0
 18162, 99275,20180112,  -53,    0
 18162, 99275,20180113,  -90,    0
 18162, 99275,20180114,  -80,    0
 18162, 99275,20180115,  -58,    0
 18162, 99275,20180116,  -58,    0
 18162, 99275,20180117,  -92,    0
 18162, 99275,20180118,  -84,    0
 18162, 99275,20180119,  -75,    0
 18162, 99275,20180120,  -73,    0
 18162, 99275,20180121,  -90,    0
 18162, 99275,20180122,  -77,    0
 18162, 99275,20180123,  -36,    0
 18162, 99275,20180124,   -5,    0
 18162, 99275,20180125,   -8,    0
 18162, 99275,20180126,  -44,    0
 18162, 99275,20180127,  -63,    0
 18162, 99275,20180128,  -16,    0
 18162, 99275,20180129,  -30,    0
 18162, 99275,20180130,  -33,    0
 18162, 99275,20180131,  -32,    0
 18162, 99275,20180201,  -50,    0
 18162, 99275,20180202, -103,    0
 18162, 99275,20180203, -125,    0
 18162, 99275,20180204, -110,    0
 18162, 99275,20180205,  -48,    0
 18162, 99275,20180206,  -75,    0
 18162, 99275,20180207,  -74,    0
 18162, 99275,20180208,  -57,    0
 18162, 99275,20180209,  -46,    0
 18162, 99275,20180210,  -64,    0
 18162, 99275,20180211,  -72,    0
 18162, 99275,20180212,  -75,    0
 18162, 99275,20180213,  -68,    0
 18162, 99275,20180214,  -53,    0
 18162, 99275,20180215,  -64,    0
 18162, 99275,20180216,  -68,    0
 18162, 99275,20180217,  -58,    0
 18162, 99275,20180218,  -39,    0
 18162, 99275,20180219,  -59,    0
 18162, 99275,20180220,  -80,    0
 18162, 99275,20180221,  -52,    0
 18162, 99275,20180222,  -64,    0
 18162, 99275,20180223,  -54,    0
 18162, 99275,20180224,  -79,    0
 18162, 99275,20180225, -105,    0
 18162, 99275,20180226, -121,    0
 18162, 99275,20180227, -167,    0
 18162, 99275,20180228, -195,    0
 18162, 99275,20180301, -179,    0
 18162, 99275,20180302, -123,    0
 18162, 99275,20180303, -104,    0
 18162, 99275,20180304, -104,    0
 18162, 99275,20180305, -112,    0
 18162, 99275,20180306, -105,    0
 18162, 99275,20180307,  -73,    0
 18162, 99275,20180308,  -69,    0
 18162, 99275,20180309,  -76,    0
 18162, 99275,20180310,  -66,    0
 18162, 99275,20180311,  -74,    0
 18162, 99275,20180312,  -59,    0
 18162, 99275,20180313,  -62,    0
 18162, 99275,20180314,  -70,    0
 18162, 99275,20180315,  -88,    0
 18162, 99275,20180316, -132,    0
 18162, 99275,20180317, -123,    0
 18162, 99275,20180318,  -56,    0
 18162, 99275,20180319,  -37,    0
 18162, 99275,20180320,  -51,    0
 18162, 99275,20180321,  -30,    0
 18162, 99275,20180322,   -4,    0
 18162, 99275,20180323,  -22,    0
 18162, 99275,20180324,   -6,    0
 18162, 99275,20180325,  -18,    0
 18162, 99275,20180326,  -59,    0
 18162, 99275,20180327,  -95,    0
 18162, 99275,20180328,  -98,    0
 18162, 99275,20180329,  -84,    0
 18162, 99275,20180330,  -77,    0
 18162, 99275,20180331,  -70,    0
 18162, 99275,20180401,  -66,    0
 18162, 99275,20180402,  -65,    0
 18162, 99275,20180403,  -70,    0
 18162, 99275,20180404,   -1,    0
 18162, 99275,20180405,  -16,    0
 18162, 99275,20180406,  -40,    0
 18162, 99275,20180407,  -18,    0
 18162, 99275,20180408,   13,    0
 18162, 99275,20180409,    5,    0
 18162, 99275,20180410,  -22,    0
 18162, 99275,20180411,   -2,    0
 18162, 99275,20180412,   11,    0
 18162, 99275,20180413,   12,    0
 18162, 99275,20180414,   60,    0
 18162, 99275,20180415,   73,    0
 18162, 99275,20180416,   35,    0
 18162, 99275,20180417,   41,    0
 18162, 99275,20180418,   54,    0
 18162, 99275,20180419,   87,    0
 18162, 99275,20180420,   85,    0
 18162, 99275,20180421,   27,    0
 18162, 99275,20180422,   27,    0
 18162, 99275,20180423,   22,    0
 18162, 99275,20180424,   19,    0
 18162, 99275,20180425,   13,    0
 18162, 99275,20180426,   13,    0
 18162, 99275,20180427,   14,    0
 18162, 99275,20180428,   16,    0
 18162, 99275,20180429,   20,    0
 18162, 99275,20180430,   17,    0
 18162, 99275,20180501,   -6,    0
 18162, 99275,20180502,   17,    0
 18162, 99275,20180503,   10,    0
 18162, 99275,20180504,   23,    0
 18162, 99275,20180505,   79,    0
 18162, 99275,20180506,   92,    0
 18162, 99275,20180507,  103,    0
 18162, 99275,20180508,  101,    0
 18162, 99275,20180509,   99,    0
 18162, 99275,20180510,   92,    0
 18162, 99275,20180511,   81,    0
 18162, 99275,20180512,   81,    0
 18162, 99275,20180513,   93,    0
 18162, 99275,20180514,  138,    0
 18162, 99275,20180515,  151,    0
 18162, 99275,20180516,  115,    0
 18162, 99275,20180517,   86,    0
 18162, 99275,20180518,   96,    0
 18162, 99275,20180519,  116,    0
 18162, 99275,20180520,  114,    0
 18162, 99275,20180521,  117,    0
 18162, 99275,20180522,  131,    0
 18162, 99275,20180523,  144,    0
 18162, 99275,20180524,  154,    0
 18162, 99275,20180525,  157,    0
 18162, 99275,20180526,  171,    0
 18162, 99275,20180527,  170,    0
 18162, 99275,20180528,  124,    0
 18162, 99275,20180529,  139,    0
 18162, 99275,20180530,  178,    0
 18162, 99275,20180531,  177,    0
 18162, 99275,20180601,  176,    0
 18162, 99275,20180602,  190,    0
 18162, 99275,20180603,  185,    0
 18162, 99275,20180604,  152,    0
 18162, 99275,20180605,  109,    0
 18162, 99275,20180606,  117,    0
 18162, 99275,20180607,  153,    0
 18162, 99275,20180608,  161,    0
 18162, 99275,20180609,  165,    0
 18162, 99275,20180610,  144,    0
 18162, 99275,20180611,  101,    0
 18162, 99275,20180612,  122,    0
 18162, 99275,20180613,  110,    0
 18162, 99275,20180614,   86,    0
 18162, 99275,20180615,   64,    0
 18162, 99275,20180616,   79,    0
 18162, 99275,20180617,   75,    0
 18162, 99275,20180618,   82,    0
 18162, 99275,20180619,   62,    0
 18162, 99275,20180620,   54,    0
 18162, 99275,20180621,   44,    0
 18162, 99275,20180622,   63,    0
 18162, 99275,20180623,   89,    0
 18162, 99275,20180624,  115,    0
 18162, 99275,20180625,  164,    0
 18162, 99275,20180626,  187,    0
 18162, 99275,20180627,  192,    0
 18162, 99275,20180628,  151,    0
 18162, 99275,20180629,  133,    0
 18162, 99275,20180630,  132,    0
 18162, 99275,20180701,  158,    0
 18162, 99275,20180702,  168,    0
 18162, 99275,20180703,  188,    0
 18162, 99275,20180704,  192,    0
 18162, 99275,20180705,  190,    0
 18162, 99275,20180706,  145,    0
 18162, 99275,20180707,  147,    0
 18162, 99275,20180708,  160,    0
 18162, 99275,20180709,  103,    0
 18162, 99275,20180710,  151,    0
 18162, 99275,20180711,  178,    0
 18162, 99275,20180712,  168,    0
 18162, 99275,20180713,  175,    0
 18162, 99275,20180714,  179,    0
 18162, 99275,20180715,  185,    0
 18162, 99275,20180716,  177,    0
 18162, 99275,20180717,  157,    0
 18162, 99275,20180718,  141,    0
 18162, 99275,20180719,  162,    0
 18162, 99275,20180720,  167,    0
 18162, 99275,20180721,  158,    0
 18162, 99275,20180722,  165,    0
 18162, 99275,20180723,  165,    0
 18162, 99275,20180724,  174,    0
 18162, 99275,20180725,  176,    0
 18162, 99275,20180726,  177,    0
 18162, 99275,20180727,  206,    0
 18162, 99275,20180728,  169,    0
 18162, 99275,20180729,  151,    0
 18162, 99275,20180730,  129,    0
 18162, 99275,20180731,  149,    0
 18162, 99275,20180801,  148,    0
 18162, 99275,20180802,  133,    0
 18162, 99275,20180803,  134,    0
 18162, 99275,20180804,  136,    0
 18162, 99275,20180805,   99,    0
 18162, 99275,20180806,   95,    0
 18162, 99275,20180807,  126,    0
 18162, 99275,20180808,  132,    0
 18162, 99275,20180809,  115,    0
 18162, 99275,20180810,   85,    0
 18162, 99275,20180811,   81,    0
 18162, 99275,20180812,   86,    0
 18162, 99275,20180813,   99,    0
 18162, 99275,20180814,  110,    0
 18162, 99275,20180815,  120,    0
 18162, 99275,20180816,  117,    0
 18162, 99275,20180817,   90,    0
 18162, 99275,20180818,   88,    0
 18162, 99275,20180819,   95,    0
 18162, 99275,20180820,   78,    0
 18162, 99275,20180821,   89,    0
 18162, 99275,20180822,  103,    0
 18162, 99275,20180823,   93,    0
 18162, 99275,20180824,   78,    0
 18162, 99275,20180825,   61,    0
 18162, 99275,20180826,   65,    0
 18162, 99275,20180827,   61,    0
 18162, 99275,20180828,   97,    0
 18162, 99275,20180829,   92,    0
 18162, 99275,20180830,   91,    0
 18162, 99275,20180831,   84,    0
 18162, 99275,20180901,   97,    0
 18162, 99275,20180902,  117,    0
 18162, 99275,20180903,  111,    0
 18162, 99275,20180904,  112,    0
 18162, 99275,20180905,  113,    0
 18162, 99275,20180906,  102,    0
 18162, 99275,20180907,   94,    0
 18162, 99275,20180908,   76,    0
 18162, 99275,20180909,   78,    0
 18162, 99275,20180910,   77,    0
 18162, 99275,20180911,   68,    0
 18162, 99275,20180912,   55,    0
 18162, 99275,20180913,   54,    0
 18162, 99275,20180914,   57,    0
 18162, 99275,20180915,   43,    0
 18162, 99275,20180916,   42,    0
 18162, 99275,20180917,   63,    0
 18162, 99275,20180918,  115,    0
 18162, 99275,20180919,  108,    0
 18162, 99275,20180920,   50,    0
 18162, 99275,20180921,   44,    0
 18162, 99275,20180922,   38,    0
 18162, 99275,20180923,   23,    0
 18162, 99275,20180924,    1,    0
 18162, 99275,20180925,   34,    0
 18162, 99275,20180926,   68,    0
 18162, 99275,20180927,   30,    0
 18162, 99275,20180928,    5,    0
 18162, 99275,20180929,   43,    0
 18162, 99275,20180930,   30,    0
 18162, 99275,20181001,   16,    0
 18162, 99275,20181002,   -6,    0
 18162, 99275,20181003,    3,    0
 18162, 99275,20181004,   34,    0
 18162, 99275,20181005,   30,    0
 18162, 99275,20181006,   11,    0
 18162, 99275,20181007,    3,    0
 18162, 99275,20181008,   51,    0
 18162, 99275,20181009,   91,    0
 18162, 99275,20181010,  100,    0
 18162, 99275,20181011,   68,    0
 18162, 99275,20181012,   72,    0
 18162, 99275,20181013,  116,    0
 18162, 99275,20181014,  119,    0
 18162, 99275,20181015,   53,    0
 18162, 99275,20181016,   45,    0
 18162, 99275,20181017,   64,    0
 18162, 99275,20181018,   24,    0
 18162, 99275,20181019,   23,    0
 18162, 99275,20181020,   30,    0
 18162, 99275,20181021,   87,    0
 18162, 99275,20181022,   15,    0
 18162, 99275,20181023,    7,    0
 18162, 99275,20181024,   -7,    0
 18162, 99275,20181025,   12,    0
 18162, 99275,20181026,  -28,    0
 18162, 99275,20181027,  -51,    0
 18162, 99275,20181028,  -80,    0
 18162, 99275,20181029,  -72,    0
 18162, 99275,20181030,  -43,    0
 18162, 99275,20181031,    8,    0
 18162, 99275,20181101,    8,    0
 18162, 99275,20181102,    6,    0
 18162, 99275,20181103,    3,    0
 18162, 99275,20181104,   26,    0
 18162, 99275,20181105,   16,    0
 18162, 99275,20181106,   19,    0
 18162, 99275,20181107,   17,    0
 18162, 99275,20181108,   16,    0
 18162, 99275,20181109,   10,    0
 18162, 99275,20181110,   20,    0
 18162, 99275,20181111,   38,    0
 18162, 99275,20181112,   28,    0
 18162, 99275,20181113,   11,    0
 18162, 99275,20181114,   16,    0
 18162, 99275,20181115,   38,    0
 18162, 99275,20181116,   15,    0
 18162, 99275,20181117,   58,    0
 18162, 99275,20181118,   11,    0
 18162, 99275,20181119,   -7,    0
 18162, 99275,20181120,   -5,    0
 18162, 99275,20181121,  -45,    0
 18162, 99275,20181122,   13,    0
 18162, 99275,20181123,  -10,    0
 18162, 99275,20181124,  -46,    0
 18162, 99275,20181125,  -65,    0
 18162, 99275,20181126,  -46,    0
 18162, 99275,20181127,  -61,    0
 18162, 99275,20181128,  -66,    0
 18162, 99275,20181129,  -14,    0
 18162, 99275,20181130,   15,    0
 18162, 99275,20181201,   -7,    0
 18162, 99275,20181202,   -9,    0
 18162, 99275,20181203,   -8,    0
 18162, 99275,20181204,  -47,    0
 18162, 99275,20181205,  -59,    0
 18162, 99275,20181206,  -47,    0
 18162, 99275,20181207,  -40,    0
 18162, 99275,20181208,  -41,    0
 18162, 99275,20181209,  -34,    0
 18162, 99275,20181210,  -31,    0
 18162, 99275,20181211,  -40,    0
 18162, 99275,20181212,  -61,    0
 18162, 99275,20181213,  -77,    0
 18162, 99275,20181214,  -78,    0
 18162, 99275,20181215,  -73,    0
 18162, 99275,20181216,  -59,    0
 18162, 99275,20181217,  -69,    0
 18162, 99275,20181218,  -70,    0
 18162, 99275,20181219,  -45,    0
 18162, 99275,20181220,  -41,    0
 18162, 99275,20181221,  -72,    0
 18162, 99275,20181222,  -86,    0
 18162, 99275,20181223,  -51,    0
 18162, 99275,20181224,  -31,    0
 18162, 99275,20181225,    5,    0
 18162, 99275,20181226,   30,    0
 18162, 99275,20181227,   22,    0
 18162, 99275,20181228,   -2,    0
 18162, 99275,20181229,   -6,    0
 18162, 99275,20181230,  -33,    0
 18162, 99275,20181231,   11,    0
 18162, 99275,20190101,  -25,    0
 18162, 99275,20190102,  -56,    0
 18162, 99275,20190103,  -14,    0
 18162, 99275,20190104,   30,    0
 18162, 99275,20190105,   26,    0
 18162, 99275,20190106,    6,    0
 18162, 99275,20190107,  -40,    0
 18162, 99275,20190108,  -35,    0
 18162, 99275,20190109,  -54,    0
 18162, 99275,20190110,    7,    0
 18162, 99275,20190111,  -21,    0
 18162, 99275,20190112,  -37,    0
 18162, 99275,20190113,  -37,    0
 18162, 99275,20190114,  -84,    0
 18162, 99275,20190115,  -60,    0
 18162, 99275,20190116,  -30,    0
 18162, 99275,20190117,  -86,    0
 18162, 99275,20190118,  -80,    0
 18162, 99275,20190119,  -48,    0
 18162, 99275,20190120,  -68,    0
 18162, 99275,20190121,  -60,    0
 18162, 99275,20190122,  -84,    0
 18162, 99275,20190123,  -65,    0
 18162, 99275,20190124,  -74,    0
 18162, 99275,20190125,  -85,    0
 18162, 99275,20190126, -107,    0
 18162, 99275,20190127, -116,    0
 18162, 99275,20190128, -113,    0
 18162, 99275,20190129,  -93,    0
 18162, 99275,20190130,  -76,    0
 18162, 99275,20190131,  -97,    0
 18162, 99275,20190201,  -89,    0
 18162, 99275,20190202,  -93,    0
 18162, 99275,20190203,  -82,    0
 18162, 99275,20190204,  -57,    0
 18162, 99275,20190205,  -55,    0
 18162, 99275,20190206,  -57,    0
 18162, 99275,20190207,  -38,    0
 18162, 99275,20190208,  -36,    0
 18162, 99275,20190209,  -15,    0
 18162, 99275,20190210,  -24,    0
 18162, 99275,20190211,  -66,    0
 18162, 99275,20190212,  -21,    0
 18162, 99275,20190213,    6,    0
 18162, 99275,20190214,   44,    0
 18162, 99275,20190215,   75,    0
 18162, 99275,20190216,   47,    0
 18162, 99275,20190217,    7,    0
 18162, 99275,20190218,   12,    0
 18162, 99275,20190219,   -2,    0
 18162, 99275,20190220,  -25,    0
 18162, 99275,20190221,  -19,    0
 18162, 99275,20190222,  -24,    0
 18162, 99275,20190223,   68,    0
 18162, 99275,20190224,   29,    0
 18162, 99275,20190225,   36,    0
 18162, 99275,20190226,   61,    0
 18162, 99275,20190227,   29,    0
 18162, 99275,20190228,  -20,    0
 18162, 99275,20190301,  -41,    0
 18162, 99275,20190302,  -37,    0
 18162, 99275,20190303,   -9,    0
 18162, 99275,20190304,  -26,    0
 18162, 99275,20190305,  -55,    0
 18162, 99275,20190306,  -54,    0
 18162, 99275,20190307,  -33,    0
 18162, 99275,20190308,  -48,    0
 18162, 99275,20190309,  -70,    0
 18162, 99275,20190310,  -89,    0
 18162, 99275,20190311,  -78,    0
 18162, 99275,20190312,  -60,    0
 18162, 99275,20190313,  -48,    0
 18162, 99275,20190314,  -39,    0
 18162, 99275,20190315,  -38,    0
 18162, 99275,20190316,  -27,    0
 18162, 99275,20190317,  -42,    0
 18162, 99275,20190318,  -40,    0
 18162, 99275,20190319,  -20,    0
 18162, 99275,20190320,   12,    0
 18162, 99275,20190321,   35,    0
 18162, 99275,20190322,    3,    0
 18162, 99275,20190323,  -16,    0
 18162, 99275,20190324,  -16,    0
 18162, 99275,20190325,  -17,    0
 18162, 99275,20190326,  -18,    0
 18162, 99275,20190327,   25,    0
 18162, 99275,20190328,   44,    0
 18162, 99275,20190329,   37,    0
 18162, 99275,20190330,    5,    0
 18162, 99275,20190331,  -60,    0
 18162, 99275,20190401,  -33,    0
 18162, 99275,20190402,  -31,    0
 18162, 99275,20190403,  -21,    0
 18162, 99275,20190404,   29,    0
 18162, 99275,20190405,   21,    0
 18162, 99275,20190406,   41,    0
 18162, 99275,20190407,   -4,    0
 18162, 99275,20190408,  -25,    0
 18162, 99275,20190409,  -45,    0
 18162, 99275,20190410,  -50,    0
 18162, 99275,20190411,  -39,    0
 18162, 99275,20190412,  -16,    0
 18162, 99275,20190413,   -3,    0
 18162, 99275,20190414,    3,    0
 18162, 99275,20190415,   15,    0
 18162, 99275,20190416,    5,    0
 18162, 99275,20190417,   18,    0
 18162, 99275,20190418,   57,    0
 18162, 99275,20190419,   76,    0
 18162, 99275,20190420,   75,    0
 18162, 99275,20190421,   80,    0
 18162, 99275,20190422,   85,    0
 18162, 99275,20190423,   64,    0
 18162, 99275,20190424,   58,    0
 18162, 99275,20190425,   48,    0
 18162, 99275,20190426,   65,    0
 18162, 99275,20190427,   60,    0
 18162, 99275,20190428,   72,    0
 18162, 99275,20190429,  109,    0
 18162, 99275,20190430,  113,    0
 18162, 99275,20190501,   60,    0
 18162, 99275,20190502,   -5,    0
 18162, 99275,20190503,  -36,    0
 18162, 99275,20190504,  -17,    0
 18162, 99275,20190505,  -10,    0
 18162, 99275,20190506,  -24,    0
 18162, 99275,20190507,  -25,    0
 18162, 99275,20190508,  -11,    0
 18162, 99275,20190509,    0,    0
 18162, 99275,20190510,   21,    0
 18162, 99275,20190511,    6,    0
 18162, 99275,20190512,   -3,    0
 18162, 99275,20190513,   10,    0
 18162, 99275,20190514,   55,    0
 18162, 99275,20190515,   77,    0
 18162, 99275,20190516,  100,    0
 18162, 99275,20190517,  107,    0
 18162, 99275,20190518,   53,    0
 18162, 99275,20190519,   92,    0
 18162, 99275,20190520,   87,    0
 18162, 99275,20190521,  117,    0
 18162, 99275,20190522,  106,    0
 18162, 99275,20190523,   48,    0
 18162, 99275,20190524,   46,    0
 18162, 99275,20190525,   69,    0
 18162, 99275,20190526,   50,    0
 18162, 99275,20190527,   41,    0
 18162, 99275,20190528,   18,    0
 18162, 99275,20190529,   15,    0
 18162, 99275,20190530,   24,    0
 18162, 99275,20190531,   56,    0
 18162, 99275,20190601,   61,    0
 18162, 99275,20190602,   77,    0
 18162, 99275,20190603,   96,    0
 18162, 99275,20190604,   83,    0
 18162, 99275,20190605,   72,    0
 18162, 99275,20190606,  126,    0
 18162, 99275,20190607,  130,    0
 18162, 99275,20190608,   79,    0
 18162, 99275,20190609,   70,    0
 18162, 99275,20190610,   79,    0
 18162, 99275,20190611,   99,    0
 18162, 99275,20190612,   46,    0
 18162, 99275,20190613,   66,    0
 18162, 99275,20190614,   89,    0
 18162, 99275,20190615,  127,    0
 18162, 99275,20190616,  109,    0
 18162, 99275,20190617,  100,    0
 18162, 99275,20190618,   86,    0
 18162, 99275,20190619,   85,    0
 18162, 99275,20190620,   92,    0
 18162, 99275,20190621,   70,    0
 18162, 99275,20190622,   72,    0
 18162, 99275,20190623,   89,    0
 18162, 99275,20190624,  105,    0
 18162, 99275,20190625,   92,    0
 18162, 99275,20190626,  124,    0
 18162, 99275,20190627,  110,    0
 18162, 99275,20190628,  153,    0
 18162, 99275,20190629,  170,    0
 18162, 99275,20190630,  136,    0
 18162, 99275,20190701,   99,    0
 18162, 99275,20190702,   53,    0
 18162, 99275,20190703,   43,    0
 18162, 99275,20190704,   66,    0
 18162, 99275,20190705,   96,    0
 18162, 99275,20190706,   79,    0
 18162, 99275,20190707,   82,    0
 18162, 99275,20190708,  108,    0
 18162, 99275,20190709,  114,    0
 18162, 99275,20190710,  144,    0
 18162, 99275,20190711,  153,    0
 18162, 99275,20190712,  162,    0
 18162, 99275,20190713,  167,    0
 18162, 99275,20190714,  160,    0
 18162, 99275,20190715,  131,    0
 18162, 99275,20190716,  127,    0
 18162, 99275,20190717,  147,    0
 18162, 99275,20190718,  121,    0
 18162, 99275,20190719,  112,    0
 18162, 99275,20190720,  101,    0
 18162, 99275,20190721,  108,    0
 18162, 99275,20190722,  104,    0
 18162, 99275,20190723,  156,    0
 18162, 99275,20190724,  178,    0
 18162, 99275,20190725,  176,    0
 18162, 99275,20190726,  192,    0
 18162, 99275,20190727,  189,    0
 18162, 99275,20190728,  183,    0
 18162, 99275,20190729,  174,    0
 18162, 99275,20190730,  103,    0
 18162, 99275,20190731,   65,    0
 18162, 99275,20190801,  123,    0
 18162, 99275,20190802,  161,    0
 18162, 99275,20190803,  167,    0
 18162, 99275,20190804,  149,    0
 18162, 99275,20190805,  131,    0
 18162, 99275,20190806,  104,    0
 18162, 99275,20190807,  107,    0
 18162, 99275,20190808,  119,    0
 18162, 99275,20190809,  128,    0
 18162, 99275,20190810,  107,    0
 18162, 99275,20190811,  121,    0
 18162, 99275,20190812,  115,    0
 18162, 99275,20190813,   83,    0
 18162, 99275,20190814,   75,    0
 18162, 99275,20190815,   80,    0
 18162, 99275,20190816,  117,    0
 18162, 99275,20190817,  102,    0
 18162, 99275,20190818,   80,    0
 18162, 99275,20190819,   85,    0
 18162, 99275,20190820,   90,    0
 18162, 99275,20190821,   87,    0
 18162, 99275,20190822,   78,    0
 18162, 99275,20190823,  108,    0
 18162, 99275,20190824,  137,    0
 18162, 99275,20190825,  150,    0
 18162, 99275,20190826,  151,    0
 18162, 99275,20190827,  158,    0
 18162, 99275,20190828,  139,    0
 18162, 99275,20190829,  122,    0
 18162, 99275,20190830,   97,    0
 18162, 99275,20190831,  113,    0
 18162, 99275,20190901,   93,    0
 18162, 99275,20190902,   63,    0
 18162, 99275,20190903,   70,    0
 18162, 99275,20190904,   55,    0
 18162, 99275,20190905,   52,    0
 18162, 99275,20190906,   42,    0
 18162, 99275,20190907,   60,    0
 18162, 99275,20190908,   53,    0
 18162, 99275,20190909,   66,    0
 18162, 99275,20190910,   83,    0
 18162, 99275,20190911,   79,    0
 18162, 99275,20190912,   73,    0
 18162, 99275,20190913,   51,    0
 18162, 99275,20190914,   57,    0
 18162, 99275,20190915,   48,    0
 18162, 99275,20190916,   35,    0
 18162, 99275,20190917,   21,    0
 18162, 99275,20190918,   29,    0
 18162, 99275,20190919,   26,    0
 18162, 99275,20190920,   91,    0
 18162, 99275,20190921,  145,    0
 18162, 99275,20190922,  131,    0
 18162, 99275,20190923,   54,    0
 18162, 99275,20190924,   37,    0
 18162, 99275,20190925,   36,    0
 18162, 99275,20190926,   34,    0
 18162, 99275,20190927,   46,    0
 18162, 99275,20190928,   52,    0
 18162, 99275,20190929,   65,    0
 18162, 99275,20190930,   25,    0
 18162, 99275,20191001,   16,    0
 18162, 99275,20191002,   20,    0
 18162, 99275,20191003,    7,    0
 18162, 99275,20191004,  -30,    0
 18162, 99275,20191005,  -26,    0
 18162, 99275,20191006,  -15,    0
 18162, 99275,20191007,    6,    0
 18162, 99275,20191008,  -18,    0
 18162, 99275,20191009,   -7,    0
 18162, 99275,20191010,   19,    0
 18162, 99275,20191011,   17,    0
 18162, 99275,20191012,   36,    0
 18162, 99275,20191013,   28,    0
 18162, 99275,20191014,   26,    0
 18162, 99275,20191015,    5,    0
 18162, 99275,20191016,    9,    0
 18162, 99275,20191017,   14,    0
 18162, 99275,20191018,   13,    0
 18162, 99275,20191019,    8,    0
 18162, 99275,20191020,    5,    0
 18162, 99275,20191021,    4,    0
 18162, 99275,20191022,   48,    0
 18162, 99275,20191023,   46,    0
 18162, 99275,20191024,   42,    0
 18162, 99275,20191025,   18,    0
 18162, 99275,20191026,  -16,    0
 18162, 99275,20191027,  -14,    0
 18162, 99275,20191028,  -19,    0
 18162, 99275,20191029,  -24,    0
 18162, 99275,20191030,   -7,    0
 18162, 99275,20191031,   -1,    0
 18162, 99275,20191101,  -27,    0
 18162, 99275,20191102,  -35,    0
 18162, 99275,20191103,  -50,    0
 18162, 99275,20191104,  -60,    0
 18162, 99275,20191105,  -42,    0
 18162, 99275,20191106,  -58,    0
 18162, 99275,20191107,  -90,    0
 18162, 99275,20191108,  -87,    0
 18162, 99275,20191109,  -67,    0
 18162, 99275,20191110,  -82,    0
 18162, 99275,20191111,  -87,    0
 18162, 99275,20191112,  -43,    0
 18162, 99275,20191113,  -26,    0
 18162, 99275,20191114,  -28,    0
 18162, 99275,20191115,  -35,    0
 18162, 99275,20191116,  -28,    0
 18162, 99275,20191117,  -20,    0
 18162, 99275,20191118,  -30,    0
 18162, 99275,20191119,  -17,    0
 18162, 99275,20191120,  -32,    0
 18162, 99275,20191121,  -14,    0
 18162, 99275,20191122,   -6,    0
 18162, 99275,20191123,   -5,    0
 18162, 99275,20191124,  -16,    0
 18162, 99275,20191125,  -29,    0
 18162, 99275,20191126,  -22,    0
 18162, 99275,20191127,  -34,    0
 18162, 99275,20191128,  -48,    0
 18162, 99275,20191129,  -70,    0
 18162, 99275,20191130,  -62,    0
 18162, 99275,20191201,  -43,    0
 18162, 99275,20191202,  -61,    0
 18162, 99275,20191203,   17,    0
 18162, 99275,20191204,   56,    0
 18162, 99275,20191205,   15,    0
 18162, 99275,20191206,    2,    0
 18162, 99275,20191207,  -36,    0
 18162, 99275,20191208,  -24,    0
 18162, 99275,20191209,  -33,    0
 18162, 99275,20191210,  -52,    0
 18162, 99275,20191211,   -6,    0
 18162, 99275,20191212,  -26,    0
 18162, 99275,20191213,  -38,    0
 18162, 99275,20191214,  -37,    0
 18162, 99275,20191215,  -39,    0
 18162, 99275,20191216,  -35,    0
 18162, 99275,20191217,  -40,    0
 18162, 99275,20191218,  -42,    0
 18162, 99275,20191219,  -27,    0
 18162, 99275,20191220,    1,    0
 18162, 99275,20191221,  -19,    0
 18162, 99275,20191222,  -25,    0
 18162, 99275,20191223,  -18,    0
 18162, 99275,20191224,  -34,    0
 18162, 99275,20191225,  -41,    0
 18162, 99275,20191226,  -43,    0
 18162, 99275,20191227,  -68,    0
 18162, 99275,20191228,  -47,    0
 18162, 99275,20191229,   61,    0
 18162, 99275,20191230,   27,    0
 18162, 99275,20191231,  -20,    0
 18162, 99275,20200101,   24,    0
 18162, 99275,20200102,   44,    0
 18162, 99275,20200103,  -24,    0
 18162, 99275,20200104,  -59,    0
 18162, 99275,20200105,  -12,    0
 18162, 99275,20200106,   27,    0
 18162, 99275,20200107,   17,    0
 18162, 99275,20200108,    3,    0
 18162, 99275,20200109,  -30,    0
 18162, 99275,20200110,  -24,    0
 18162, 99275,20200111,   14,    0
 18162, 99275,20200112,   -8,    0
 18162, 99275,20200113,  -19,    0
 18162, 99275,20200114,  -15,    0
 18162, 99275,20200115,   -7,    0
 18162, 99275,20200116,   11,    0
 18162, 99275,20200117,    6,    0
 18162, 99275,20200118,  -13,    0
 18162, 99275,20200119,  -23,    0
 18162, 99275,20200120,   40,    0
 18162, 99275,20200121,   11,    0
 18162, 99275,20200122,  -21,    0
 18162, 99275,20200123,   26,    0
 18162, 99275,20200124,   -6,    0
 18162, 99275,20200125,   15,    0
 18162, 99275,20200126,    6,    0
 18162, 99275,20200127,   -6,    0
 18162, 99275,20200128,  -44,    0
 18162, 99275,20200129,  -40,    0
 18162, 99275,20200130,  -51,    0
 18162, 99275,20200131,  -23,    0
 18162, 99275,20200201,   16,    0
 18162, 99275,20200202,  -44,    0
 18162, 99275,20200203,  -63,    0
 18162, 99275,20200204,  -65,    0
 18162, 99275,20200205,   -8,    0
 18162, 99275,20200206,   27,    0
 18162, 99275,20200207,   31,    0
 18162, 99275,20200208,  -24,    0
 18162, 99275,20200209,  -10,    0
 18162, 99275,20200210,  -16,    0
 18162, 99275,20200211,  -22,    0
 18162, 99275,20200212,  -43,    0
 18162, 99275,20200213,  -55,    0
 18162, 99275,20200214,  -50,    0
 18162, 99275,20200215,   -4,    0
 18162, 99275,20200216,   -5,    0
 18162, 99275,20200217,   -3,    0
 18162, 99275,20200218,   -9,    0
 18162, 99275,20200219,  -39,    0
 18162, 99275,20200220,  -20,    0
 18162, 99275,20200221,   -5,    0
 18162, 99275,20200222,  -13,    0
 18162, 99275,20200223,  -35,    0
 18162, 99275,20200224,  -51,    0
 18162, 99275,20200225,  -71,    0
 18162, 99275,20200226,  -96,    0
 18162, 99275,20200227,  -95,    0
 18162, 99275,20200228,  -58,    0
 18162, 99275,20200229,  -65,    0
 18162, 99275,20200301,  -45,    0
 18162, 99275,20200302,  -21,    0
 18162, 99275,20200303,  -35,    0
 18162, 99275,20200304,  -43,    0
 18162, 99275,20200305,  -48,    0
 18162, 99275,20200306,  -50,    0
 18162, 99275,20200307,  -45,    0
 18162, 99275,20200308,    7,    0
 18162, 99275,20200309,    1,    0
 18162, 99275,20200310,  -23,    0
 18162, 99275,20200311,  -13,    0
 18162, 99275,20200312,  -30,    0
 18162, 99275,20200313,  -70,    0
 18162, 99275,20200314,  -73,    0
 18162, 99275,20200315,   -4,    0
 18162, 99275,20200316,  -17,    0
 18162, 99275,20200317,    5,    0
 18162, 99275,20200318,  -15,    0
 18162, 99275,20200319,  -17,    0
 18162, 99275,20200320,  -47,    0
 18162, 99275,20200321,  -52,    0
 18162, 99275,20200322,  -51,    0
 18162, 99275,20200323,   -8,    0
 18162, 99275,20200324,   33,    0
 18162, 99275,20200325,   55,    0
 18162, 99275,20200326,   34,    0
 18162, 99275,20200327,   11,    0
 18162, 99275,20200328,  -41,    0
 18162, 99275,20200329,  -59,    0
 18162, 99275,20200330,  -39,    0
 18162, 99275,20200331,   -7,    0
 18162, 99275,20200401,    0,    0
 18162, 99275,20200402,  -35,    0
 18162, 99275,20200403,  -59,    0
 18162, 99275,20200404,  -40,    0
 18162, 99275,20200405,    5,    0
 18162, 99275,20200406,   37,    0
 18162, 99275,20200407,   20,    0
 18162, 99275,20200408,   21,    0
 18162, 99275,20200409,  -29,    0
 18162, 99275,20200410,   -9,    0
 18162, 99275,20200411,   -6,    0
 18162, 99275,20200412,    0,    0
 18162, 99275,20200413,  -55,    0
 18162, 99275,20200414,  -11,    0
 18162, 99275,20200415,   33,    0
 18162, 99275,20200416,  -16,    0
 18162, 99275,20200417,  -11,    0
 18162, 99275,20200418,    8,    0
 18162, 99275,20200419,   58,    0
 18162, 99275,20200420,   82,    0
 18162, 99275,20200421,   91,    0
 18162, 99275,20200422,   86,    0
 18162, 99275,20200423,   65,    0
 18162, 99275,20200424,   23,    0
 18162, 99275,20200425,   31,    0
 18162, 99275,20200426,   36,    0
 18162, 99275,20200427,    3,    0
 18162, 99275,20200428,  -19,    0
 18162, 99275,20200429,  -16,    0
 18162, 99275,20200430,  -25,    0
 18162, 99275,20200501,    4,    0
 18162, 99275,20200502,   28,    0
 18162, 99275,20200503,   10,    0
 18162, 99275,20200504,   -9,    0
 18162, 99275,20200505,    8,    0
 18162, 99275,20200506,   18,    0
 18162, 99275,20200507,   23,    0
 18162, 99275,20200508,   19,    0
 18162, 99275,20200509,   24,    0
 18162, 99275,20200510,  -27,    0
 18162, 99275,20200511,  -33,    0
 18162, 99275,20200512,  -35,    0
 18162, 99275,20200513,  -30,    0
 18162, 99275,20200514,  -19,    0
 18162, 99275,20200515,   -7,    0
 18162, 99275,20200516,  -17,    0
 18162, 99275,20200517,    4,    0
 18162, 99275,20200518,   15,    0
 18162, 99275,20200519,   21,    0
 18162, 99275,20200520,   46,    0
 18162, 99275,20200521,   76,    0
 18162, 99275,20200522,   47,    0
 18162, 99275,20200523,   40,    0
 18162, 99275,20200524,   41,    0
 18162, 99275,20200525,   86,    0
 18162, 99275,20200526,   80,    0
 18162, 99275,20200527,   41,    0
 18162, 99275,20200528,   59,    0
 18162, 99275,20200529,  106,    0
 18162, 99275,20200530,  129,    0
 18162, 99275,20200531,  131,    0
 18162, 99275,20200601,  146,    0
 18162, 99275,20200602,  139,    0
 18162, 99275,20200603,  115,    0
 18162, 99275,20200604,   67,    0
 18162, 99275,20200605,   45,    0
 18162, 99275,20200606,   43,    0
 18162, 99275,20200607,   53,    0
 18162, 99275,20200608,   66,    0
 18162, 99275,20200609,   74,    0
 18162, 99275,20200610,   92,    0
 18162, 99275,20200611,  139,    0
 18162, 99275,20200612,  147,    0
 18162, 99275,20200613,  133,    0
 18162, 99275,20200614,  148,    0
 18162, 99275,20200615,  177,    0
 18162, 99275,20200616,  180,    0
 18162, 99275,20200617,  168,    0
 18162, 99275,20200618,  177,    0
 18162, 99275,20200619,  181,    0
 18162, 99275,20200620,  157,    0
 18162, 99275,20200621,  122,    0
 18162, 99275,20200622,  122,    0
 18162, 99275,20200623,  153,    0
 18162, 99275,20200624,  191,    0
 18162, 99275,20200625,  198,    0
 18162, 99275,20200626,  174,    0
 18162, 99275,20200627,  165,    0
 18162, 99275,20200628,  121,    0
 18162, 99275,20200629,   85,    0
 18162, 99275,20200630,   83,    0
 18162, 99275,20200701,   89,    0
 18162, 99275,20200702,   67,    0
 18162, 99275,20200703,   42,    0
 18162, 99275,20200704,   68,    0
 18162, 99275,20200705,   78,    0
 18162, 99275,20200706,   68,    0
 18162, 99275,20200707,   52,    0
 18162, 99275,20200708,   68,    0
 18162, 99275,20200709,   77,    0
 18162, 99275,20200710,   74,    0
 18162, 99275,20200711,   72,    0
 18162, 99275,20200712,   81,    0
 18162, 99275,20200713,   90,    0
 18162, 99275,20200714,   83,    0
 18162, 99275,20200715,   99,    0
 18162, 99275,20200716,  125,    0
 18162, 99275,20200717,  112,    0
 18162, 99275,20200718,  114,    0
 18162, 99275,20200719,  104,    0
 18162, 99275,20200720,   85,    0
 18162, 99275,20200721,   72,    0
 18162, 99275,20200722,   73,    0
 18162, 99275,20200723,   91,    0
 18162, 99275,20200724,  109,    0
 18162, 99275,20200725,  107,    0
 18162, 99275,20200726,  103,    0
 18162, 99275,20200727,  100,    0
 18162, 99275,20200728,   92,    0
 18162, 99275,20200729,   89,    0
 18162, 99275,20200730,  110,    0
 18162, 99275,20200731,  148,    0
 18162, 99275,20200801,  139,    0
 18162, 99275,20200802,  101,    0
 18162, 99275,20200803,   85,    0
 18162, 99275,20200804,   86,    0
 18162, 99275,20200805,   99,    0
 18162, 99275,20200806,  133,    0
 18162, 99275,20200807,  142,    0
 18162, 99275,20200808,  156,    0
 18162, 99275,20200809,  132,    0
 18162, 99275,20200810,  126,    0
 18162, 99275,20200811,  156,    0
 18162, 99275,20200812,  172,    0
 18162, 99275,20200813,  175,    0
 18162, 99275,20200814,  169,    0
 18162, 99275,20200815,  183,    0
 18162, 99275,20200816,  180,    0
 18162, 99275,20200817,  172,    0
 18162, 99275,20200818,  159,    0
 18162, 99275,20200819,  139,    0
 18162, 99275,20200820,  127,    0
 18162, 99275,20200821,  126,    0
 18162, 99275,20200822,  112,    0
 18162, 99275,20200823,   92,    0
 18162, 99275,20200824,   56,    0
 18162, 99275,20200825,   67,    0
 18162, 99275,20200826,   76,    0
 18162, 99275,20200827,   94,    0
 18162, 99275,20200828,   69,    0
 18162, 99275,20200829,   84,    0
 18162, 99275,20200830,   82,    0
 18162, 99275,20200831,   88,    0
 18162, 99275,20200901,   92,    0
 18162, 99275,20200902,   87,    0
 18162, 99275,20200903,   74,    0
 18162, 99275,20200904,   81,    0
 18162, 99275,20200905,   63,    0
 18162, 99275,20200906,   61,    0
 18162, 99275,20200907,   65,    0
 18162, 99275,20200908,   85,    0
 18162, 99275,20200909,   63,    0
 18162, 99275,20200910,   36,    0
 18162, 99275,20200911,   48,    0
 18162, 99275,20200912,   58,    0
 18162, 99275,20200913,   83,    0
 18162, 99275,20200914,  127,    0
 18162, 99275,20200915,  128,    0
 18162, 99275,20200916,   80,    0
 18162, 99275,20200917,   74,    0
 18162, 99275,20200918,  104,    0
 18162, 99275,20200919,   96,    0
 18162, 99275,20200920,   98,    0
 18162, 99275,20200921,  109,    0
 18162, 99275,20200922,   93,    0
 18162, 99275,20200923,   96,    0
 18162, 99275,20200924,   69,    0
 18162, 99275,20200925,   35,    0
 18162, 99275,20200926,   20,    0
 18162, 99275,20200927,   63,    0
 18162, 99275,20200928,   87,    0
 18162, 99275,20200929,   75,    0
 18162, 99275,20200930,   74,    0
 18162, 99275,20201001,   60,    0
 18162, 99275,20201002,   57,    0
 18162, 99275,20201003,   61,    0
 18162, 99275,20201004,   76,    0
 18162, 99275,20201005,   62,    0
 18162, 99275,20201006,   56,    0
 18162, 99275,20201007,   56,    0
 18162, 99275,20201008,   47,    0
 18162, 99275,20201009,   32,    0
 18162, 99275,20201010,   13,    0
 18162, 99275,20201011,   34,    0
 18162, 99275,20201012,   27,    0
 18162, 99275,20201013,   21,    0
 18162, 99275,20201014,   16,    0
 18162, 99275,20201015,   58,    0
 18162, 99275,20201016,   54,    0
 18162, 99275,20201017,   28,    0
 18162, 99275,20201018,  -16,    0
 18162, 99275,20201019,  -15,    0
 18162, 99275,20201020,  -22,    0
 18162, 99275,20201021,   40,    0
 18162, 99275,20201022,   38,    0
 18162, 99275,20201023,    6,    0
 18162, 99275,20201024,    7,    0
 18162, 99275,20201025,   44,    0
 18162, 99275,20201026,   19,    0
 18162, 99275,20201027,   14,    0
 18162, 99275,20201028,   19,    0
 18162, 99275,20201029,   13,    0
 18162, 99275,20201030,   14,    0
 18162, 99275,20201031,   19,    0
 18162, 99275,20201101,   42,    0
 18162, 99275,20201102,   47,    0
 18162, 99275,20201103,   22,    0
 18162, 99275,20201104,    8,    0
 18162, 99275,20201105,   65,    0
 18162, 99275,20201106,   76,    0
 18162, 99275,20201107,   51,    0
 18162, 99275,20201108,   25,    0
 18162, 99275,20201109,   42,    0
 18162, 99275,20201110,    9,    0
 18162, 99275,20201111,    9,    0
 18162, 99275,20201112,    6,    0
 18162, 99275,20201113,   -1,    0
 18162, 99275,20201114,    9,    0
 18162, 99275,20201115,   42,    0
 18162, 99275,20201116,   29,    0
 18162, 99275,20201117,   46,    0
 18162, 99275,20201118,   69,    0
 18162, 99275,20201119,  -27,    0
 18162, 99275,20201120,  -54,    0
 18162, 99275,20201121,   10,    0
 18162, 99275,20201122,   -1,    0
 18162, 99275,20201123,   -5,    0
 18162, 99275,20201124,   36,    0
 18162, 99275,20201125,   32,    0
 18162, 99275,20201126,  -18,    0
 18162, 99275,20201127,  -31,    0
 18162, 99275,20201128,  -43,    0
 18162, 99275,20201129,   -5,    0
 18162, 99275,20201130,   -1,    0
 18162, 99275,20201201,  -20,    0
 18162, 99275,20201202,  -32,    0
 18162, 99275,20201203,  -34,    0
 18162, 99275,20201204,  -51,    0
 18162, 99275,20201205,  -38,    0
 18162, 99275,20201206,  -23,    0
 18162, 99275,20201207,  -11,    0
 18162, 99275,20201208,  -23,    0
 18162, 99275,20201209,  -33,    0
 18162, 99275,20201210,  -33,    0
 18162, 99275,20201211,  -44,    0
 18162, 99275,20201212,  -43,    0
 18162, 99275,20201213,  -33,    0
 18162, 99275,20201214,  -27,    0
 18162, 99275,20201215,   -3,    0
 18162, 99275,20201216,  -10,    0
 18162, 99275,20201217,   -6,    0
 18162, 99275,20201218,   10,    0
 18162, 99275,20201219,   26,    0
 18162, 99275,20201220,   11,    0
 18162, 99275,20201221,   -3,    0
 18162, 99275,20201222,   -6,    0
 18162, 99275,20201223,  -20,    0
 18162, 99275,20201224,  -58,    0
 18162, 99275,20201225,  -75,    0
 18162, 99275,20201226,  -44,    0
 18162, 99275,20201227,  -18,    0
 18162, 99275,20201228,  -39,    0
 18162, 99275,20201229,  -31,    0
 18162, 99275,20201230,  -34,    0
 18162, 99275,20201231,  -46,    0
 18162, 99275,20210101,  -64,    0
 18162, 99275,20210102,  -58,    0
 18162, 99275,20210103,  -59,    0
 18162, 99275,20210104,  -78,    0
 18162, 99275,20210105,  -72,    0
 18162, 99275,20210106,  -81,    0
 18162, 99275,20210107, -136,    0
 18162, 99275,20210108, -131,    0
 18162, 99275,20210109,  -87,    0
 18162, 99275,20210110,  -60,    0
 18162, 99275,20210111,  -81,    0
 18162, 99275,20210112,  -76,    0
 18162, 99275,20210113, -100,    0
 18162, 99275,20210114,  -99,    0
 18162, 99275,20210115,  -67,    0
 18162, 99275,20210116,  -97,    0
 18162, 99275,20210117,  -99,    0
 18162, 99275,20210118,  -51,    0
 18162, 99275,20210119,  -60,    0
 18162, 99275,20210120,  -54,    0
 18162, 99275,20210121,  -24,    0
 18162, 99275,20210122,  -26,    0
 18162, 99275,20210123,  -41,    0
 18162, 99275,20210124,  -81,    0
 18162, 99275,20210125,  -71,    0
 18162, 99275,20210126,  -76,    0
 18162, 99275,20210127,  -93,    0
 18162, 99275,20210128,  -94,    0
 18162, 99275,20210129, -104,    0
 18162, 99275,20210130,  -84,    0
 18162, 99275,20210131,  -85,    0
 18162, 99275,20210201, -109,    0
 18162, 99275,20210202, -126,    0
 18162, 99275,20210203, -129,    0
 18162, 99275,20210204, -157,    0
 18162, 99275,20210205, -137,    0
 18162, 99275,20210206, -132,    0
 18162, 99275,20210207, -135,    0
 18162, 99275,20210208, -123,    0
 18162, 99275,20210209, -135,    0
 18162, 99275,20210210, -115,    0
 18162, 99275,20210211, -141,    0
 18162, 99275,20210212,  -91,    0
 18162, 99275,20210213,  -88,    0
 18162, 99275,20210214,  -99,    0
 18162, 99275,20210215,  -72,    0
 18162, 99275,20210216,  -72,    0
 18162, 99275,20210217,  -80,    0
 18162, 99275,20210218,  -68,    0
 18162, 99275,20210219,  -36,    0
 18162, 99275,20210220,   15,    0
 18162, 99275,20210221,   40,    0
 18162, 99275,20210222,   35,    0
 18162, 99275,20210223,    9,    0
 18162, 99275,20210224,   48,    0
 18162, 99275,20210225,   23,    0
 18162, 99275,20210226,    4,    0
 18162, 99275,20210227,   22,    0
 18162, 99275,20210228,   37,    0
 18162, 99275,20210301,   11,    0
 18162, 99275,20210302,   13,    0
 18162, 99275,20210303,   -3,    0
 18162, 99275,20210304,  -63,    0
 18162, 99275,20210305,  -57,    0
 18162, 99275,20210306,  -14,    0
 18162, 99275,20210307,  -63,    0
 18162, 99275,20210308,  -64,    0
 18162, 99275,20210309,  -32,    0
 18162, 99275,20210310,  -64,    0
 18162, 99275,20210311,  -38,    0
 18162, 99275,20210312,  -15,    0
 18162, 99275,20210313,  -37,    0
 18162, 99275,20210314,  -34,    0
 18162, 99275,20210315,  -27,    0
 18162, 99275,20210316,  -41,    0
 18162, 99275,20210317,  -54,    0
 18162, 99275,20210318,  -16,    0
 18162, 99275,20210319,  -13,    0
 18162, 99275,20210320,   14,    0
 18162, 99275,20210321,  -39,    0
 18162, 99275,20210322,    7,    0
 18162, 99275,20210323,   28,    0
 18162, 99275,20210324,   11,    0
 18162, 99275,20210325,    1,    0
 18162, 99275,20210326,   -2,    0
 18162, 99275,20210327,  -15,    0
 18162, 99275,20210328,  -18,    0
 18162, 99275,20210329,   45,    0
 18162, 99275,20210330,   68,    0
 18162, 99275,20210331,   27,    0
 18162, 99275,20210401,   -9,    0
 18162, 99275,20210402,  -10,    0
 18162, 99275,20210403,   -2,    0
 18162, 99275,20210404,   -3,    0
 18162, 99275,20210405,  -68,    0
 18162, 99275,20210406,  -49,    0
 18162, 99275,20210407,  -40,    0
 18162, 99275,20210408,  -49,    0
 18162, 99275,20210409,  -35,    0
 18162, 99275,20210410,  -43,    0
 18162, 99275,20210411,  -44,    0
 18162, 99275,20210412,  -47,    0
 18162, 99275,20210413,  -42,    0
 18162, 99275,20210414,  -27,    0
 18162, 99275,20210415,   -5,    0
 18162, 99275,20210416,    6,    0
 18162, 99275,20210417,   31,    0
 18162, 99275,20210418,   51,    0
 18162, 99275,20210419,   59,    0
 18162, 99275,20210420,   53,    0
 18162, 99275,20210421,  -15,    0
 18162, 99275,20210422,  -25,    0
 18162, 99275,20210423,  -30,    0
 18162, 99275,20210424,  -34,    0
 18162, 99275,20210425,  -29,    0
 18162, 99275,20210426,  -20,    0
 18162, 99275,20210427,   -7,    0
 18162, 99275,20210428,  -12,    0
 18162, 99275,20210429,   -9,    0
 18162, 99275,20210430,   -3,    0
 18162, 99275,20210501,    9,    0
 18162, 99275,20210502,    6,    0
 18162, 99275,20210503,    0,    0
 18162, 99275,20210504,  -18,    0
 18162, 99275,20210505,  -30,    0
 18162, 99275,20210506,  -20,    0
 18162, 99275,20210507,   -1,    0
 18162, 99275,20210508,   10,    0
 18162, 99275,20210509,    2,    0
 18162, 99275,20210510,   43,    0
 18162, 99275,20210511,   64,    0
 18162, 99275,20210512,   53,    0
 18162, 99275,20210513,   90,    0
 18162, 99275,20210514,   88,    0
 18162, 99275,20210515,   49,    0
 18162, 99275,20210516,   32,    0
 18162, 99275,20210517,   37,    0
 18162, 99275,20210518,   46,    0
 18162, 99275,20210519,   53,    0
 18162, 99275,20210520,   52,    0
 18162, 99275,20210521,   39,    0
 18162, 99275,20210522,   35,    0
 18162, 99275,20210523,   38,    0
 18162, 99275,20210524,   37,    0
 18162, 99275,20210525,   35,    0
 18162, 99275,20210526,   39,    0
 18162, 99275,20210527,   66,    0
 18162, 99275,20210528,  106,    0
 18162, 99275,20210529,  145,    0
 18162, 99275,20210530,  165,    0
 18162, 99275,20210531,  174,    0
 18162, 99275,20210601,  144,    0
 18162, 99275,20210602,  109,    0
 18162, 99275,20210603,  108,    0
 18162, 99275,20210604,  120,    0
 18162, 99275,20210605,  143,    0
 18162, 99275,20210606,  134,    0
 18162, 99275,20210607,  131,    0
 18162, 99275,20210608,  143,    0
 18162, 99275,20210609,  139,    0
 18162, 99275,20210610,  123,    0
 18162, 99275,20210611,  117,    0
 18162, 99275,20210612,   73,    0
 18162, 99275,20210613,   87,    0
 18162, 99275,20210614,   93,    0
 18162, 99275,20210615,   75,    0
 18162, 99275,20210616,   98,    0
 18162, 99275,20210617,  121,    0
 18162, 99275,20210618,  127,    0
 18162, 99275,20210619,   98,    0
 18162, 99275,20210620,  101,    0
 18162, 99275,20210621,  113,    0
 18162, 99275,20210622,  109,    0
 18162, 99275,20210623,  142,    0
 18162, 99275,20210624,  146,    0
 18162, 99275,20210625,  140,    0
 18162, 99275,20210626,  149,    0
 18162, 99275,20210627,  150,    0
 18162, 99275,20210628,  172,    0
 18162, 99275,20210629,  160,    0
 18162, 99275,20210630,  116,    0
 18162, 99275,20210701,  128,    0
 18162, 99275,20210702,  153,    0
 18162, 99275,20210703,  176,    0
 18162, 99275,20210704,  146,    0
 18162, 99275,20210705,  131,    0
 18162, 99275,20210706,  119,    0
 18162, 99275,20210707,  106,    0
 18162, 99275,20210708,  111,    0
 18162, 99275,20210709,  125,    0
 18162, 99275,20210710,  119,    0
 18162, 99275,20210711,  137,    0
 18162, 99275,20210712,  137,    0
 18162, 99275,20210713,  155,    0
 18162, 99275,20210714,  162,    0
 18162, 99275,20210715,  165,    0
 18162, 99275,20210716,  164,    0
 18162, 99275,20210717,  143,    0
 18162, 99275,20210718,   96,    0
 18162, 99275,20210719,  123,    0
 18162, 99275,20210720,  118,    0
 18162, 99275,20210721,  142,    0
 18162, 99275,20210722,  180,    0
 18162, 99275,20210723,  169,    0
 18162, 99275,20210724,  172,    0
 18162, 99275,20210725,  164,    0
 18162, 99275,20210726,  150,    0
 18162, 99275,20210727,  131,    0
 18162, 99275,20210728,  127,    0
 18162, 99275,20210729,  100,    0
 18162, 99275,20210730,  147,    0
 18162, 99275,20210731,  114,    0
 18162, 99275,20210801,   82,    0
 18162, 99275,20210802,   87,    0
 18162, 99275,20210803,   95,    0
 18162, 99275,20210804,  113,    0
 18162, 99275,20210805,   93,    0
 18162, 99275,20210806,  104,    0
 18162, 99275,20210807,   97,    0
 18162, 99275,20210808,  104,    0
 18162, 99275,20210809,  102,    0
 18162, 99275,20210810,  119,    0
 18162, 99275,20210811,  128,    0
 18162, 99275,20210812,  128,    0
 18162, 99275,20210813,  105,    0
 18162, 99275,20210814,   82,    0
 18162, 99275,20210815,   91,    0
 18162, 99275,20210816,   82,    0
 18162, 99275,20210817,  115,    0
 18162, 99275,20210818,   83,    0
 18162, 99275,20210819,   87,    0
 18162, 99275,20210820,   83,    0
 18162, 99275,20210821,  100,    0
 18162, 99275,20210822,  116,    0
 18162, 99275,20210823,  135,    0
 18162, 99275,20210824,  138,    0
 18162, 99275,20210825,  122,    0
 18162, 99275,20210826,   80,    0
 18162, 99275,20210827,   76,    0
 18162, 99275,20210828,  114,    0
 18162, 99275,20210829,  144,    0
 18162, 99275,20210830,  160,    0
 18162, 99275,20210831,  153,    0
 18162, 99275,20210901,  135,    0
 18162, 99275,20210902,  123,    0
 18162, 99275,20210903,   96,    0
 18162, 99275,20210904,   60,    0
 18162, 99275,20210905,   95,    0
 18162, 99275,20210906,   95,    0
 18162, 99275,20210907,  122,    0
 18162, 99275,20210908,  142,    0
 18162, 99275,20210909,  151,    0
 18162, 99275,20210910,  135,    0
 18162, 99275,20210911,  115,    0
 18162, 99275,20210912,  113,    0
 18162, 99275,20210913,   89,    0
 18162, 99275,20210914,   96,    0
 18162, 99275,20210915,   77,    0
 18162, 99275,20210916,   52,    0
 18162, 99275,20210917,   33,    0
 18162, 99275,20210918,   33,    0
 18162, 99275,20210919,   35,    0
 18162, 99275,20210920,   32,    0
 18162, 99275,20210921,   61,    0
 18162, 99275,20210922,   95,    0
 18162, 99275,20210923,   50,    0
 18162, 99275,20210924,   53,    0
 18162, 99275,20210925,   64,    0
 18162, 99275,20210926,   86,    0
 18162, 99275,20210927,   81,    0
 18162, 99275,20210928,   71,    0
 18162, 99275,20210929,   59,    0
 18162, 99275,20210930,   55,    0
 18162, 99275,20211001,   64,    0
 18162, 99275,20211002,   52,    0
 18162, 99275,20211003,   65,    0
 18162, 99275,20211004,   58,    0
 18162, 99275,20211005,   57,    0
 18162, 99275,20211006,   52,    0
 18162, 99275,20211007,   61,    0
 18162, 99275,20211008,   87,    0
 18162, 99275,20211009,   90,    0
 18162, 99275,20211010,   50,    0
 18162, 99275,20211011,   17,    0
 18162, 99275,20211012,   12,    0
 18162, 99275,20211013,    1,    0
 18162, 99275,20211014,   58,    0
 18162, 99275,20211015,   13,    0
 18162, 99275,20211016,   14,    0
 18162, 99275,20211017,   -9,    0
 18162, 99275,20211018,  -13,    0
 18162, 99275,20211019,   14,    0
 18162, 99275,20211020,   74,    0
 18162, 99275,20211021,   -3,    0
 18162, 99275,20211022,  -11,    0
 18162, 99275,20211023,    0,    0
 18162, 99275,20211024,   41,    0
 18162, 99275,20211025,   46,    0
 18162, 99275,20211026,   26,    0
 18162, 99275,20211027,   67,    0
 18162, 99275,20211028,   81,    0
 18162, 99275,20211029,   59,    0
 18162, 99275,20211030,   49,    0
 18162, 99275,20211031,   39,    0
 18162, 99275,20211101,   34,    0
 18162, 99275,20211102,   26,    0
 18162, 99275,20211103,    6,    0
 18162, 99275,20211104,    1,    0
 18162, 99275,20211105,    6,    0
 18162, 99275,20211106,   -3,    0
 18162, 99275,20211107,  -19,    0
 18162, 99275,20211108,  -18,    0
 18162, 99275,20211109,   37,    0
 18162, 99275,20211110,   23,    0
 18162, 99275,20211111,    9,    0
 18162, 99275,20211112,  -10,    0
 18162, 99275,20211113,  -21,    0
 18162, 99275,20211114,   -9,    0
 18162, 99275,20211115,  -12,    0
 18162, 99275,20211116,   21,    0
 18162, 99275,20211117,    5,    0
 18162, 99275,20211118,   18,    0
 18162, 99275,20211119,   47,    0
 18162, 99275,20211120,    4,    0
 18162, 99275,20211121,  -41,    0
 18162, 99275,20211122,  -10,    0
 18162, 99275,20211123,   18,    0
 18162, 99275,20211124,   21,    0
 18162, 99275,20211125,  -44,    0
 18162, 99275,20211126,  -75,    0
 18162, 99275,20211127,  -82,    0
 18162, 99275,20211128, -101,    0
 18162, 99275,20211129, -102,    0
 18162, 99275,20211130,  -85,    0
 18162, 99275,20211201,  -87,    0
 18162, 99275,20211202,  -83,    0
 18162, 99275,20211203, -118,    0
 18162, 99275,20211204, -116,    0
 18162, 99275,20211205, -117,    0
 18162, 99275,20211206, -145,    0
 18162, 99275,20211207, -120,    0
 18162, 99275,20211208,  -99,    0
 18162, 99275,20211209,  -74,    0
 18162, 99275,20211210,  -65,    0
 18162, 99275,20211211,  -54,    0
 18162, 99275,20211212,  -45,    0
 18162, 99275,20211213,    3,    0
 18162, 99275,20211214,    4,    0
 18162, 99275,20211215,   36,    0
 18162, 99275,20211216,    4,    0
 18162, 99275,20211217,   39,    0
 18162, 99275,20211218,   31,    0
 18162, 99275,20211219,  -25,    0
 18162, 99275,20211220,  -44,    0
 18162, 99275,20211221,  -66,    0
 18162, 99275,20211222,  -71,    0
 18162, 99275,20211223,  -62,    0
 18162, 99275,20211224, -116,    0
 18162, 99275,20211225,  -87,    0
 18162, 99275,20211226,  -70,    0
 18162, 99275,20211227,  -91,    0
 18162, 99275,20211228,  -94,    0
 18162, 99275,20211229,  -51,    0
 18162, 99275,20211230,   18,    0
 18162, 99275,20211231,   25,    0
 18162, 99275,20220101,  -20,    0
 18162, 99275,20220102,   22,    0
 18162, 99275,20220103,   -8,    0
 18162, 99275,20220104,  -47,    0
 18162, 99275,20220105,  -66,    0
 18162, 99275,20220106,  -91,    0
 18162, 99275,20220107,  -79,    0
 18162, 99275,20220108,  -74,    0
 18162, 99275,20220109,  -71,    0
 18162, 99275,20220110,  -61,    0
 18162, 99275,20220111,  -31,    0
 18162, 99275,20220112,   28,    0
 18162, 99275,20220113,   43,    0
 18162, 99275,20220114,  -38,    0
 18162, 99275,20220115,  -27,    0
 18162, 99275,20220116,  -14,    0
 18162, 99275,20220117,  -55,    0
 18162, 99275,20220118,   22,    0
 18162, 99275,20220119,  -18,    0
 18162, 99275,20220120,  -85,    0
 18162, 99275,20220121,  -11,    0
 18162, 99275,20220122,   21,    0
 18162, 99275,20220123,   25,    0
 18162, 99275,20220124,    9,    0
 18162, 99275,20220125,   -8,    1
 18162, 99275,20220126,   -5,    0
 18162, 99275,20220127,   -5,    0
 18162, 99275,20220128,  -41,    0
 18162, 99275,20220129,   10,    0
 18162, 99275,20220130,  -55,    0
 18162, 99275,20220131,  -78,    0
 18162, 99275,20220201,  -82,    0
 18162, 99275,20220202,  -64,    0
 18162, 99275,20220203,  -47,    0
 18162, 99275,20220204,  -26,    0
 18162, 99275,20220205,  -37,    0
 18162, 99275,20220206,  -48,    0
 18162, 99275,20220207,  -29,    0
 18162, 99275,20220208,  -11,    0
 18162, 99275,20220209,  -25,    0
 18162, 99275,20220210,  -46,    0
 18162, 99275,20220211,  -65,    0
 18162, 99275,20220212,  -19,    0
 18162, 99275,20220213,    9,    0
 18162, 99275,20220214,  -27,    0
 18162, 99275,20220215,  -42,    0
 18162, 99275,20220216,  -40,    0
 18162, 99275,20220217,  -50,    0
 18162, 99275,20220218,  -43,    0
 18162, 99275,20220219,  -68,    0
 18162, 99275,20220220,  -69,    0
 18162, 99275,20220221,  -47,    0
 18162, 99275,20220222,  -71,    0
 18162, 99275,20220223,  -22,    0
 18162, 99275,20220224,  -39,    0
 18162, 99275,20220225,  -41,    0
 18162, 99275,20220226,  -28,    0
 18162, 99275,20220227,  -11,    0
 18162, 99275,20220228,  -38,    0
 18162, 99275,20220301,  -15,    0
 18162, 99275,20220302,  -12,    0
 18162, 99275,20220303,  -25,    0
 18162, 99275,20220304,  -39,    0
 18162, 99275,20220305,  -50,    0
 18162, 99275,20220306,  -34,    0
 18162, 99275,20220307,    2,    0
 18162, 99275,20220308,   18,    0
 18162, 99275,20220309,    2,    0
 18162, 99275,20220310,  -27,    0
 18162, 99275,20220311,  -45,    0
 18162, 99275,20220312,  -45,    0
 18162, 99275,20220313,  -25,    0
 18162, 99275,20220314,  -11,    0
 18162, 99275,20220315,  -14,    0
 18162, 99275,20220316,  -13,    0
 18162, 99275,20220317,  -24,    0
 18162, 99275,20220318,  -13,    0
 18162, 99275,20220319,   41,    0
 18162, 99275,20220320,   27,    0
 18162, 99275,20220321,  -12,    0
 18162, 99275,20220322,  -22,    0
 18162, 99275,20220323,   25,    0
 18162, 99275,20220324,   40,    0
 18162, 99275,20220325,   40,    0
 18162, 99275,20220326,   20,    0
 18162, 99275,20220327,   28,    0
 18162, 99275,20220328,   -8,    0
 18162, 99275,20220329,  -58,    0
 18162, 99275,20220330,  -68,    0
 18162, 99275,20220331,  -58,    0
 18162, 99275,20220401,  -59,    0
 18162, 99275,20220402,  -55,    0
 18162, 99275,20220403,  -23,    0
 18162, 99275,20220404,  -36,    0
 18162, 99275,20220405,  -64,    0
 18162, 99275,20220406,  -54,    0
 18162, 99275,20220407,  -53,    0
 18162, 99275,20220408,  -62,    0
 18162, 99275,20220409,  -40,    0
 18162, 99275,20220410,  -29,    0
 18162, 99275,20220411,  -36,    0
 18162, 99275,20220412,  -11,    0
 18162, 99275,20220413,  -14,    0
 18162, 99275,20220414,   -3,    0
 18162, 99275,20220415,   15,    0
 18162, 99275,20220416,   39,    0
 18162, 99275,20220417,   69,    0
 18162, 99275,20220418,   62,    0
 18162, 99275,20220419,   71,    0
 18162, 99275,20220420,   80,    0
 18162, 99275,20220421,   71,    0
 18162, 99275,20220422,   74,    0
 18162, 99275,20220423,   40,    0
 18162, 99275,20220424,   15,    0
 18162, 99275,20220425,   49,    0
 18162, 99275,20220426,   13,    0
 18162, 99275,20220427,    2,    0
 18162, 99275,20220428,    6,    0
 18162, 99275,20220429,   11,    0
 18162, 99275,20220430,   21,    0
 18162, 99275,20220501,   38,    0
 18162, 99275,20220502,   15,    0
 18162, 99275,20220503,    4,    0
 18162, 99275,20220504,   22,    0
 18162, 99275,20220505,   37,    0
 18162, 99275,20220506,   59,    0
 18162, 99275,20220507,   15,    0
 18162, 99275,20220508,   29,    0
 18162, 99275,20220509,   64,    0
 18162, 99275,20220510,   44,    0
 18162, 99275,20220511,   38,    0
 18162, 99275,20220512,   30,    0
 18162, 99275,20220513,   39,    0
 18162, 99275,20220514,   32,    0
 18162, 99275,20220515,   55,    0
 18162, 99275,20220516,   79,    0
 18162, 99275,20220517,   84,    0
 18162, 99275,20220518,   66,    0
 18162, 99275,20220519,   83,    0
 18162, 99275,20220520,   96,    0
 18162, 99275,20220521,   50,    0
 18162, 99275,20220522,   74,    0
 18162, 99275,20220523,   63,    0
 18162, 99275,20220524,   60,    0
 18162, 99275,20220525,   61,    0
 18162, 99275,20220526,   47,    0
 18162, 99275,20220527,   37,    0
 18162, 99275,20220528,   59,    0
 18162, 99275,20220529,   18,    0
 18162, 99275,20220530,   47,    0
 18162, 99275,20220531,   69,    0
 18162, 99275,20220601,   71,    0
 18162, 99275,20220602,   73,    0
 18162, 99275,20220603,   77,    0
 18162, 99275,20220604,  102,    0
 18162, 99275,20220605,  107,    0
 18162, 99275,20220606,  134,    0
 18162, 99275,20220607,  104,    0
 18162, 99275,20220608,   89,    0
 18162, 99275,20220609,  110,    0
 18162, 99275,20220610,  111,    0
 18162, 99275,20220611,   87,    0
 18162, 99275,20220612,   76,    0
 18162, 99275,20220613,   70,    0
 18162, 99275,20220614,   87,    0
 18162, 99275,20220615,  102,    0
 18162, 99275,20220616,  115,    0
 18162, 99275,20220617,  103,    0
 18162, 99275,20220618,   71,    0
 18162, 99275,20220619,   66,    0
 18162, 99275,20220620,  122,    0
 18162, 99275,20220621,   96,    0
 18162, 99275,20220622,  110,    0
 18162, 99275,20220623,  144,    0
 18162, 99275,20220624,  158,    0
 18162, 99275,20220625,  155,    0
 18162, 99275,20220626,  144,    0
 18162, 99275,20220627,  111,    0
 18162, 99275,20220628,  119,    0
 18162, 99275,20220629,  146,    0
 18162, 99275,20220630,  152,    0
 18162, 99275,20220701,  164,    0
 18162, 99275,20220702,  107,    0
 18162, 99275,20220703,   92,    0
 18162, 99275,20220704,   87,    0
 18162, 99275,20220705,   80,    0
 18162, 99275,20220706,   72,    0
 18162, 99275,20220707,  100,    0
 18162, 99275,20220708,   99,    0
 18162, 99275,20220709,   77,    0
 18162, 99275,20220710,  108,    0
 18162, 99275,20220711,  133,    0
 18162, 99275,20220712,  139,    0
 18162, 99275,20220713,   97,    0
 18162, 99275,20220714,   76,    0
 18162, 99275,20220715,   71,    0
 18162, 99275,20220716,   88,    0
 18162, 99275,20220717,  100,    0
 18162, 99275,20220718,  125,    0
 18162, 99275,20220719,  159,    0
 18162, 99275,20220720,  202,    0
 18162, 99275,20220721,  170,    0
 18162, 99275,20220722,  141,    0
 18162, 99275,20220723,  114,    0
 18162, 99275,20220724,  113,    0
 18162, 99275,20220725,  122,    0
 18162, 99275,20220726,   89,    0
 18162, 99275,20220727,  111,    0
 18162, 99275,20220728,  117,    0
 18162, 99275,20220729,  127,    0
 18162, 99275,20220730,  118,    0
 18162, 99275,20220731,  103,    0
 18162, 99275,20220801,   92,    0
 18162, 99275,20220802,   79,    0
 18162, 99275,20220803,  127,    0
 18162, 99275,20220804,  105,    0
 18162, 99275,20220805,   81,    0
 18162, 99275,20220806,   74,    0
 18162, 99275,20220807,   76,    0
 18162, 99275,20220808,  116,    0
 18162, 99275,20220809,  130,    0
 18162, 99275,20220810,  149,    0
 18162, 99275,20220811,  149,    0
 18162, 99275,20220812,  155,    0
 18162, 99275,20220813,  172,    0
 18162, 99275,20220814,  170,    0
 18162, 99275,20220815,  167,    0
 18162, 99275,20220816,  137,    0
 18162, 99275,20220817,  142,    0
 18162, 99275,20220818,  114,    0
 18162, 99275,20220819,  112,    0
 18162, 99275,20220820,  122,    0
 18162, 99275,20220821,   90,    0
 18162, 99275,20220822,   89,    0
 18162, 99275,20220823,  109,    0
 18162, 99275,20220824,  116,    0
 18162, 99275,20220825,  140,    0
 18162, 99275,20220826,  123,    0
 18162, 99275,20220827,  123,    0
 18162, 99275,20220828,  112,    0
 18162, 99275,20220829,  109,    0
 18162, 99275,20220830,  100,    0
 18162, 99275,20220831,  112,    0
 18162, 99275,20220901,  115,    0
 18162, 99275,20220902,   98,    0
 18162, 99275,20220903,   94,    0
 18162, 99275,20220904,   88,    0
 18162, 99275,20220905,   86,    0
 18162, 99275,20220906,   95,    0
 18162, 99275,20220907,   89,    0
 18162, 99275,20220908,   70,    0
 18162, 99275,20220909,   54,    0
 18162, 99275,20220910,   70,    0
 18162, 99275,20220911,   89,    0
 18162, 99275,20220912,   84,    0
 18162, 99275,20220913,   69,    0
 18162, 99275,20220914,   69,    0
 18162, 99275,20220915,   55,    0
 18162, 99275,20220916,   69,    0
 18162, 99275,20220917,   55,    0
 18162, 99275,20220918,   49,    0
 18162, 99275,20220919,   53,    0
 18162, 99275,20220920,   52,    0
 18162, 99275,20220921,   68,    0
 18162, 99275,20220922,   65,    0
 18162, 99275,20220923,   68,    0
 18162, 99275,20220924,   55,    0
 18162, 99275,20220925,   45,    0
 18162, 99275,20220926,   44,    0
 18162, 99275,20220927,   54,    0
 18162, 99275,20220928,   49,    0
 18162, 99275,20220929,   35,    0
 18162, 99275,20220930,   35,    0
 18162, 99275,20221001,   49,    0
 18162, 99275,20221002,   52,    0
 18162, 99275,20221003,   57,    0
 18162, 99275,20221004,   64,    0
 18162, 99275,20221005,   75,    0
 18162, 99275,20221006,   49,    0
 18162, 99275,20221007,   58,    0
 18162, 99275,20221008,   26,    0
 18162, 99275,20221009,   45,    0
 18162, 99275,20221010,   40,    0
 18162, 99275,20221011,   16,    0
 18162, 99275,20221012,   28,    0
 18162, 99275,20221013,   43,    0
 18162, 99275,20221014,   28,    0
 18162, 99275,20221015,   23,    0
 18162, 99275,20221016,   26,    0
 18162, 99275,20221017,   13,    0
 18162, 99275,20221018,   19,    0
 18162, 99275,20221019,   20,    0
 18162, 99275,20221020,   23,    0
 18162, 99275,20221021,   -6,    0
 18162, 99275,20221022,   24,    0
 18162, 99275,20221023,   47,    0
 18162, 99275,20221024,   19,    0
 18162, 99275,20221025,   40,    0
 18162, 99275,20221026,   52,    0
 18162, 99275,20221027,   71,    0
 18162, 99275,20221028,   82,    0
 18162, 99275,20221029,   57,    0
 18162, 99275,20221030,   52,    0
 18162, 99275,20221031,   63,    0
