EUROPEAN CLIMATE ASSESSMENT & DATASET (ECA&D), file created on: 16-11-2022
THESE DATA CAN BE USED FOR NON-COMMERCIAL RESEARCH AND EDUCATION PROVIDED THAT THE FOLLOWING SOURCE IS ACKNOWLEDGED: 

Klein Tank, A.M.G. and Coauthors, 2002. Daily dataset of 20th-century surface
air temperature and precipitation series for the European Climate Assessment.
Int. J. of Climatol., 22, 1441-1453.
Data and metadata available at http://www.ecad.eu

FILE FORMAT (MISSING VALUE CODE = -9999):

01-06 STAID: Station identifier
08-13 SOUID: Source identifier
15-22 DATE : Date YYYYMMDD
24-28 TG   : Mean temperature in 0.1 &#176;C
30-34 Q_TG : quality code for TG (0='valid'; 1='suspect'; 9='missing')

This is the blended series of station TIRVIA, SPAIN (STAID: 16320)
Blended and updated with sources:90627 
See files sources.txt and stations.txt for more info.

STAID, SOUID,    DATE,   TG, Q_TG
 16320, 90627,20180101,-9999,    9
 16320, 90627,20180102,-9999,    9
 16320, 90627,20180103,-9999,    9
 16320, 90627,20180104,-9999,    9
 16320, 90627,20180105,-9999,    9
 16320, 90627,20180106,-9999,    9
 16320, 90627,20180107,-9999,    9
 16320, 90627,20180108,-9999,    9
 16320, 90627,20180109,-9999,    9
 16320, 90627,20180110,-9999,    9
 16320, 90627,20180111,-9999,    9
 16320, 90627,20180112,    6,    0
 16320, 90627,20180113,  -10,    0
 16320, 90627,20180114,   15,    0
 16320, 90627,20180115,    6,    0
 16320, 90627,20180116,   28,    0
 16320, 90627,20180117,   58,    0
 16320, 90627,20180118,   19,    0
 16320, 90627,20180119,   43,    0
 16320, 90627,20180120,   55,    0
 16320, 90627,20180121,   85,    0
 16320, 90627,20180122,   99,    0
 16320, 90627,20180123,   68,    0
 16320, 90627,20180124,   41,    0
 16320, 90627,20180125,   46,    0
 16320, 90627,20180126,   21,    0
 16320, 90627,20180127,   24,    0
 16320, 90627,20180128,   14,    0
 16320, 90627,20180129,   27,    0
 16320, 90627,20180130,   32,    0
 16320, 90627,20180131,   27,    0
 16320, 90627,20180201,   21,    0
 16320, 90627,20180202,    4,    0
 16320, 90627,20180203,    9,    0
 16320, 90627,20180204,   -7,    0
 16320, 90627,20180205,    2,    0
 16320, 90627,20180206,    1,    0
 16320, 90627,20180207,  -32,    0
 16320, 90627,20180208,  -40,    0
 16320, 90627,20180209,  -34,    0
 16320, 90627,20180210,  -13,    0
 16320, 90627,20180211,   17,    0
 16320, 90627,20180212,   11,    0
 16320, 90627,20180213,  -30,    0
 16320, 90627,20180214,    9,    0
 16320, 90627,20180215,   54,    0
 16320, 90627,20180216,   48,    0
 16320, 90627,20180217,   41,    0
 16320, 90627,20180218,   40,    0
 16320, 90627,20180219,   51,    0
 16320, 90627,20180220,   61,    0
 16320, 90627,20180221,   21,    0
 16320, 90627,20180222,    3,    0
 16320, 90627,20180223,    6,    0
 16320, 90627,20180224,   12,    0
 16320, 90627,20180225,   48,    0
 16320, 90627,20180226,   11,    0
 16320, 90627,20180227,  -20,    0
 16320, 90627,20180228,   -6,    0
 16320, 90627,20180301,   42,    0
 16320, 90627,20180302,   41,    0
 16320, 90627,20180303,   57,    0
 16320, 90627,20180304,   63,    0
 16320, 90627,20180305,   34,    0
 16320, 90627,20180306,   31,    0
 16320, 90627,20180307,   28,    0
 16320, 90627,20180308,   44,    0
 16320, 90627,20180309,   69,    0
 16320, 90627,20180310,   97,    0
 16320, 90627,20180311,   67,    0
 16320, 90627,20180312,   41,    0
 16320, 90627,20180313,   31,    0
 16320, 90627,20180314,   46,    0
 16320, 90627,20180315,   70,    0
 16320, 90627,20180316,   37,    0
 16320, 90627,20180317,   16,    0
 16320, 90627,20180318,   20,    0
 16320, 90627,20180319,    6,    0
 16320, 90627,20180320,    4,    0
 16320, 90627,20180321,    2,    0
 16320, 90627,20180322,   38,    0
 16320, 90627,20180323,   68,    0
 16320, 90627,20180324,   34,    0
 16320, 90627,20180325,   39,    0
 16320, 90627,20180326,   46,    0
 16320, 90627,20180327,   76,    0
 16320, 90627,20180328,  110,    0
 16320, 90627,20180329,   93,    0
 16320, 90627,20180330,   74,    0
 16320, 90627,20180331,   36,    0
 16320, 90627,20180401,   67,    0
 16320, 90627,20180402,   95,    0
 16320, 90627,20180403,  102,    0
 16320, 90627,20180404,   92,    0
 16320, 90627,20180405,   90,    0
 16320, 90627,20180406,   97,    0
 16320, 90627,20180407,  107,    0
 16320, 90627,20180408,   58,    0
 16320, 90627,20180409,   64,    0
 16320, 90627,20180410,   38,    0
 16320, 90627,20180411,   24,    0
 16320, 90627,20180412,   56,    0
 16320, 90627,20180413,   51,    0
 16320, 90627,20180414,   61,    0
 16320, 90627,20180415,  107,    0
 16320, 90627,20180416,   91,    0
 16320, 90627,20180417,  120,    0
 16320, 90627,20180418,  137,    0
 16320, 90627,20180419,  137,    0
 16320, 90627,20180420,  133,    0
 16320, 90627,20180421,  137,    0
 16320, 90627,20180422,  149,    0
 16320, 90627,20180423,  114,    0
 16320, 90627,20180424,  148,    0
 16320, 90627,20180425,  162,    0
 16320, 90627,20180426,  164,    0
 16320, 90627,20180427,  163,    0
 16320, 90627,20180428,  140,    0
 16320, 90627,20180429,   83,    0
 16320, 90627,20180430,   68,    0
 16320, 90627,20180501,   56,    0
 16320, 90627,20180502,   78,    0
 16320, 90627,20180503,   88,    0
 16320, 90627,20180504,  112,    0
 16320, 90627,20180505,  120,    0
 16320, 90627,20180506,  130,    0
 16320, 90627,20180507,  144,    0
 16320, 90627,20180508,  136,    0
 16320, 90627,20180509,  145,    0
 16320, 90627,20180510,  128,    0
 16320, 90627,20180511,  139,    0
 16320, 90627,20180512,  110,    0
 16320, 90627,20180513,   60,    0
 16320, 90627,20180514,   72,    0
 16320, 90627,20180515,  101,    0
 16320, 90627,20180516,  122,    0
 16320, 90627,20180517,  130,    0
 16320, 90627,20180518,  135,    0
 16320, 90627,20180519,  136,    0
 16320, 90627,20180520,  123,    0
 16320, 90627,20180521,  132,    0
 16320, 90627,20180522,  130,    0
 16320, 90627,20180523,  145,    0
 16320, 90627,20180524,  163,    0
 16320, 90627,20180525,  165,    0
 16320, 90627,20180526,  186,    0
 16320, 90627,20180527,  162,    0
 16320, 90627,20180528,  122,    0
 16320, 90627,20180529,  130,    0
 16320, 90627,20180530,  120,    0
 16320, 90627,20180531,  133,    0
 16320, 90627,20180601,  157,    0
 16320, 90627,20180602,  146,    0
 16320, 90627,20180603,  135,    0
 16320, 90627,20180604,  159,    0
 16320, 90627,20180605,  129,    0
 16320, 90627,20180606,  115,    0
 16320, 90627,20180607,  125,    0
 16320, 90627,20180608,  146,    0
 16320, 90627,20180609,  170,    0
 16320, 90627,20180610,  140,    0
 16320, 90627,20180611,  161,    0
 16320, 90627,20180612,  127,    0
 16320, 90627,20180613,  146,    0
 16320, 90627,20180614,  163,    0
 16320, 90627,20180615,  168,    0
 16320, 90627,20180616,  172,    0
 16320, 90627,20180617,  170,    0
 16320, 90627,20180618,  180,    0
 16320, 90627,20180619,  187,    0
 16320, 90627,20180620,  211,    0
 16320, 90627,20180621,  216,    0
 16320, 90627,20180622,  210,    0
 16320, 90627,20180623,  198,    0
 16320, 90627,20180624,  204,    0
 16320, 90627,20180625,  197,    0
 16320, 90627,20180626,  214,    0
 16320, 90627,20180627,  214,    0
 16320, 90627,20180628,  197,    0
 16320, 90627,20180629,  201,    0
 16320, 90627,20180630,  218,    0
 16320, 90627,20180701,  217,    0
 16320, 90627,20180702,  215,    0
 16320, 90627,20180703,  207,    0
 16320, 90627,20180704,  210,    0
 16320, 90627,20180705,  175,    0
 16320, 90627,20180706,  182,    0
 16320, 90627,20180707,  186,    0
 16320, 90627,20180708,  182,    0
 16320, 90627,20180709,  168,    0
 16320, 90627,20180710,  188,    0
 16320, 90627,20180711,  186,    0
 16320, 90627,20180712,  185,    0
 16320, 90627,20180713,  210,    0
 16320, 90627,20180714,  221,    0
 16320, 90627,20180715,  211,    0
 16320, 90627,20180716,  172,    0
 16320, 90627,20180717,  190,    0
 16320, 90627,20180718,  194,    0
 16320, 90627,20180719,  204,    0
 16320, 90627,20180720,  210,    0
 16320, 90627,20180721,  157,    0
 16320, 90627,20180722,  170,    0
 16320, 90627,20180723,  191,    0
 16320, 90627,20180724,  176,    0
 16320, 90627,20180725,  198,    0
 16320, 90627,20180726,-9999,    9
 16320, 90627,20180727,-9999,    9
 16320, 90627,20180728,  216,    0
 16320, 90627,20180729,  217,    0
 16320, 90627,20180730,  227,    0
 16320, 90627,20180731,  230,    0
 16320, 90627,20180801,  235,    0
 16320, 90627,20180802,  240,    0
 16320, 90627,20180803,  238,    0
 16320, 90627,20180804,  230,    0
 16320, 90627,20180805,  217,    0
 16320, 90627,20180806,  205,    0
 16320, 90627,20180807,  191,    0
 16320, 90627,20180808,  186,    0
 16320, 90627,20180809,  182,    0
 16320, 90627,20180810,  183,    0
 16320, 90627,20180811,  192,    0
 16320, 90627,20180812,  192,    0
 16320, 90627,20180813,  189,    0
 16320, 90627,20180814,  183,    0
 16320, 90627,20180815,  180,    0
 16320, 90627,20180816,  172,    0
 16320, 90627,20180817,  155,    0
 16320, 90627,20180818,  159,    0
 16320, 90627,20180819,  177,    0
 16320, 90627,20180820,  187,    0
 16320, 90627,20180821,  187,    0
 16320, 90627,20180822,  173,    0
 16320, 90627,20180823,  171,    0
 16320, 90627,20180824,  177,    0
 16320, 90627,20180825,  160,    0
 16320, 90627,20180826,  162,    0
 16320, 90627,20180827,  190,    0
 16320, 90627,20180828,  200,    0
 16320, 90627,20180829,  180,    0
 16320, 90627,20180830,  175,    0
 16320, 90627,20180831,  185,    0
 16320, 90627,20180901,  180,    0
 16320, 90627,20180902,  172,    0
 16320, 90627,20180903,  173,    0
 16320, 90627,20180904,  183,    0
 16320, 90627,20180905,  175,    0
 16320, 90627,20180906,  140,    0
 16320, 90627,20180907,  155,    0
 16320, 90627,20180908,  172,    0
 16320, 90627,20180909,  182,    0
 16320, 90627,20180910,  169,    0
 16320, 90627,20180911,  172,    0
 16320, 90627,20180912,  155,    0
 16320, 90627,20180913,  177,    0
 16320, 90627,20180914,  177,    0
 16320, 90627,20180915,  183,    0
 16320, 90627,20180916,  187,    0
 16320, 90627,20180917,  171,    0
 16320, 90627,20180918,  165,    0
 16320, 90627,20180919,  170,    0
 16320, 90627,20180920,  168,    0
 16320, 90627,20180921,  182,    0
 16320, 90627,20180922,  186,    0
 16320, 90627,20180923,  189,    0
 16320, 90627,20180924,  179,    0
 16320, 90627,20180925,  146,    0
 16320, 90627,20180926,  166,    0
 16320, 90627,20180927,  147,    0
 16320, 90627,20180928,  163,    0
 16320, 90627,20180929,  159,    0
 16320, 90627,20180930,  154,    0
 16320, 90627,20181001,  109,    0
 16320, 90627,20181002,  146,    0
 16320, 90627,20181003,  162,    0
 16320, 90627,20181004,  135,    0
 16320, 90627,20181005,  135,    0
 16320, 90627,20181006,  142,    0
 16320, 90627,20181007,   99,    0
 16320, 90627,20181008,   86,    0
 16320, 90627,20181009,  113,    0
 16320, 90627,20181010,  119,    0
 16320, 90627,20181011,  127,    0
 16320, 90627,20181012,  149,    0
 16320, 90627,20181013,  157,    0
 16320, 90627,20181014,  149,    0
 16320, 90627,20181015,  101,    0
 16320, 90627,20181016,  113,    0
 16320, 90627,20181017,  124,    0
 16320, 90627,20181018,  124,    0
 16320, 90627,20181019,  131,    0
 16320, 90627,20181020,  126,    0
 16320, 90627,20181021,  117,    0
 16320, 90627,20181022,  118,    0
 16320, 90627,20181023,  119,    0
 16320, 90627,20181024,  144,    0
 16320, 90627,20181025,  122,    0
 16320, 90627,20181026,  113,    0
 16320, 90627,20181027,   69,    0
 16320, 90627,20181028,   12,    0
 16320, 90627,20181029,   24,    0
 16320, 90627,20181030,   30,    0
 16320, 90627,20181031,   48,    0
 16320, 90627,20181101,   55,    0
 16320, 90627,20181102,   76,    0
 16320, 90627,20181103,   64,    0
 16320, 90627,20181104,   65,    0
 16320, 90627,20181105,   77,    0
 16320, 90627,20181106,   59,    0
 16320, 90627,20181107,   67,    0
 16320, 90627,20181108,   67,    0
 16320, 90627,20181109,   72,    0
 16320, 90627,20181110,   78,    0
 16320, 90627,20181111,   94,    0
 16320, 90627,20181112,  121,    0
 16320, 90627,20181113,   86,    0
 16320, 90627,20181114,   85,    0
 16320, 90627,20181115,   75,    0
 16320, 90627,20181116,   83,    0
 16320, 90627,20181117,   91,    0
 16320, 90627,20181118,   68,    0
 16320, 90627,20181119,   50,    0
 16320, 90627,20181120,   29,    0
 16320, 90627,20181121,   52,    0
 16320, 90627,20181122,   45,    0
 16320, 90627,20181123,   29,    0
 16320, 90627,20181124,   30,    0
 16320, 90627,20181125,   21,    0
 16320, 90627,20181126,   42,    0
 16320, 90627,20181127,   61,    0
 16320, 90627,20181128,   34,    0
 16320, 90627,20181129,   31,    0
 16320, 90627,20181130,   57,    0
 16320, 90627,20181201,   37,    0
 16320, 90627,20181202,   60,    0
 16320, 90627,20181203,   62,    0
 16320, 90627,20181204,   64,    0
 16320, 90627,20181205,   51,    0
 16320, 90627,20181206,   73,    0
 16320, 90627,20181207,   49,    0
 16320, 90627,20181208,   63,    0
 16320, 90627,20181209,   88,    0
 16320, 90627,20181210,   57,    0
 16320, 90627,20181211,   33,    0
 16320, 90627,20181212,   53,    0
 16320, 90627,20181213,   50,    0
 16320, 90627,20181214,   60,    0
 16320, 90627,20181215,   32,    0
 16320, 90627,20181216,   34,    0
 16320, 90627,20181217,   33,    0
 16320, 90627,20181218,    2,    0
 16320, 90627,20181219,   32,    0
 16320, 90627,20181220,   12,    0
 16320, 90627,20181221,    7,    0
 16320, 90627,20181222,   42,    0
 16320, 90627,20181223,   49,    0
 16320, 90627,20181224,   47,    0
 16320, 90627,20181225,   36,    0
 16320, 90627,20181226,   29,    0
 16320, 90627,20181227,   25,    0
 16320, 90627,20181228,   39,    0
 16320, 90627,20181229,   64,    0
 16320, 90627,20181230,   63,    0
 16320, 90627,20181231,   94,    0
 16320, 90627,20190101,   43,    0
 16320, 90627,20190102,   40,    0
 16320, 90627,20190103,   74,    0
 16320, 90627,20190104,   82,    0
 16320, 90627,20190105,  114,    0
 16320, 90627,20190106,  176,    0
 16320, 90627,20190107,-9999,    9
 16320, 90627,20190108,-9999,    9
 16320, 90627,20190109,-9999,    9
 16320, 90627,20190110,-9999,    9
 16320, 90627,20190111,-9999,    9
 16320, 90627,20190112,-9999,    9
 16320, 90627,20190113,-9999,    9
 16320, 90627,20190114,-9999,    9
 16320, 90627,20190115,-9999,    9
 16320, 90627,20190116,-9999,    9
 16320, 90627,20190117,-9999,    9
 16320, 90627,20190118,-9999,    9
 16320, 90627,20190119,-9999,    9
 16320, 90627,20190120,-9999,    9
 16320, 90627,20190121,-9999,    9
 16320, 90627,20190122,-9999,    9
 16320, 90627,20190123,-9999,    9
 16320, 90627,20190124,-9999,    9
 16320, 90627,20190125,-9999,    9
 16320, 90627,20190126,-9999,    9
 16320, 90627,20190127,-9999,    9
 16320, 90627,20190128,-9999,    9
 16320, 90627,20190129,-9999,    9
 16320, 90627,20190130,-9999,    9
 16320, 90627,20190131,-9999,    9
 16320, 90627,20190201,   56,    0
 16320, 90627,20190202,    1,    0
 16320, 90627,20190203,   83,    0
 16320, 90627,20190204,   74,    0
 16320, 90627,20190205,  117,    0
 16320, 90627,20190206,  173,    0
 16320, 90627,20190207,-9999,    9
 16320, 90627,20190208,-9999,    9
 16320, 90627,20190209,-9999,    9
 16320, 90627,20190210,-9999,    9
 16320, 90627,20190211,-9999,    9
 16320, 90627,20190212,-9999,    9
 16320, 90627,20190213,-9999,    9
 16320, 90627,20190214,-9999,    9
 16320, 90627,20190215,-9999,    9
 16320, 90627,20190216,-9999,    9
 16320, 90627,20190217,-9999,    9
 16320, 90627,20190218,-9999,    9
 16320, 90627,20190219,-9999,    9
 16320, 90627,20190220,-9999,    9
 16320, 90627,20190221,-9999,    9
 16320, 90627,20190222,-9999,    9
 16320, 90627,20190223,-9999,    9
 16320, 90627,20190224,-9999,    9
 16320, 90627,20190225,-9999,    9
 16320, 90627,20190226,-9999,    9
 16320, 90627,20190227,-9999,    9
 16320, 90627,20190228,-9999,    9
 16320, 90627,20190301,   50,    0
 16320, 90627,20190302,  -10,    0
 16320, 90627,20190303,   89,    0
 16320, 90627,20190304,   52,    0
 16320, 90627,20190305,   82,    0
 16320, 90627,20190306,  180,    0
 16320, 90627,20190307,-9999,    9
 16320, 90627,20190308,-9999,    9
 16320, 90627,20190309,-9999,    9
 16320, 90627,20190310,-9999,    9
 16320, 90627,20190311,-9999,    9
 16320, 90627,20190312,-9999,    9
 16320, 90627,20190313,-9999,    9
 16320, 90627,20190314,-9999,    9
 16320, 90627,20190315,-9999,    9
 16320, 90627,20190316,-9999,    9
 16320, 90627,20190317,-9999,    9
 16320, 90627,20190318,-9999,    9
 16320, 90627,20190319,-9999,    9
 16320, 90627,20190320,-9999,    9
 16320, 90627,20190321,-9999,    9
 16320, 90627,20190322,-9999,    9
 16320, 90627,20190323,-9999,    9
 16320, 90627,20190324,-9999,    9
 16320, 90627,20190325,-9999,    9
 16320, 90627,20190326,-9999,    9
 16320, 90627,20190327,-9999,    9
 16320, 90627,20190328,-9999,    9
 16320, 90627,20190329,-9999,    9
 16320, 90627,20190330,-9999,    9
 16320, 90627,20190331,-9999,    9
 16320, 90627,20190401,   50,    0
 16320, 90627,20190402,   20,    0
 16320, 90627,20190403,   96,    0
 16320, 90627,20190404,   32,    0
 16320, 90627,20190405,   96,    0
 16320, 90627,20190406,  195,    0
 16320, 90627,20190407,-9999,    9
 16320, 90627,20190408,-9999,    9
 16320, 90627,20190409,-9999,    9
 16320, 90627,20190410,-9999,    9
 16320, 90627,20190411,-9999,    9
 16320, 90627,20190412,-9999,    9
 16320, 90627,20190413,-9999,    9
 16320, 90627,20190414,-9999,    9
 16320, 90627,20190415,-9999,    9
 16320, 90627,20190416,-9999,    9
 16320, 90627,20190417,-9999,    9
 16320, 90627,20190418,-9999,    9
 16320, 90627,20190419,-9999,    9
 16320, 90627,20190420,-9999,    9
 16320, 90627,20190421,-9999,    9
 16320, 90627,20190422,-9999,    9
 16320, 90627,20190423,-9999,    9
 16320, 90627,20190424,-9999,    9
 16320, 90627,20190425,-9999,    9
 16320, 90627,20190426,-9999,    9
 16320, 90627,20190427,-9999,    9
 16320, 90627,20190428,-9999,    9
 16320, 90627,20190429,-9999,    9
 16320, 90627,20190430,-9999,    9
 16320, 90627,20190501,   72,    0
 16320, 90627,20190502,   51,    0
 16320, 90627,20190503,   81,    0
 16320, 90627,20190504,   39,    0
 16320, 90627,20190505,   60,    0
 16320, 90627,20190506,  147,    0
 16320, 90627,20190507,-9999,    9
 16320, 90627,20190508,-9999,    9
 16320, 90627,20190509,-9999,    9
 16320, 90627,20190510,-9999,    9
 16320, 90627,20190511,-9999,    9
 16320, 90627,20190512,-9999,    9
 16320, 90627,20190513,-9999,    9
 16320, 90627,20190514,-9999,    9
 16320, 90627,20190515,-9999,    9
 16320, 90627,20190516,-9999,    9
 16320, 90627,20190517,-9999,    9
 16320, 90627,20190518,-9999,    9
 16320, 90627,20190519,-9999,    9
 16320, 90627,20190520,-9999,    9
 16320, 90627,20190521,-9999,    9
 16320, 90627,20190522,-9999,    9
 16320, 90627,20190523,-9999,    9
 16320, 90627,20190524,-9999,    9
 16320, 90627,20190525,-9999,    9
 16320, 90627,20190526,-9999,    9
 16320, 90627,20190527,-9999,    9
 16320, 90627,20190528,-9999,    9
 16320, 90627,20190529,-9999,    9
 16320, 90627,20190530,-9999,    9
 16320, 90627,20190531,-9999,    9
 16320, 90627,20190601,   78,    0
 16320, 90627,20190602,   47,    0
 16320, 90627,20190603,   69,    0
 16320, 90627,20190604,   33,    0
 16320, 90627,20190605,   95,    0
 16320, 90627,20190606,  122,    0
 16320, 90627,20190607,-9999,    9
 16320, 90627,20190608,-9999,    9
 16320, 90627,20190609,-9999,    9
 16320, 90627,20190610,-9999,    9
 16320, 90627,20190611,-9999,    9
 16320, 90627,20190612,-9999,    9
 16320, 90627,20190613,-9999,    9
 16320, 90627,20190614,-9999,    9
 16320, 90627,20190615,-9999,    9
 16320, 90627,20190616,-9999,    9
 16320, 90627,20190617,-9999,    9
 16320, 90627,20190618,-9999,    9
 16320, 90627,20190619,-9999,    9
 16320, 90627,20190620,-9999,    9
 16320, 90627,20190621,-9999,    9
 16320, 90627,20190622,-9999,    9
 16320, 90627,20190623,-9999,    9
 16320, 90627,20190624,-9999,    9
 16320, 90627,20190625,-9999,    9
 16320, 90627,20190626,-9999,    9
 16320, 90627,20190627,-9999,    9
 16320, 90627,20190628,-9999,    9
 16320, 90627,20190629,-9999,    9
 16320, 90627,20190630,-9999,    9
 16320, 90627,20190701,  247,    0
 16320, 90627,20190702,  217,    0
 16320, 90627,20190703,  204,    0
 16320, 90627,20190704,  229,    0
 16320, 90627,20190705,  246,    0
 16320, 90627,20190706,  248,    0
 16320, 90627,20190707,  248,    0
 16320, 90627,20190708,  207,    0
 16320, 90627,20190709,  172,    0
 16320, 90627,20190710,  212,    0
 16320, 90627,20190711,  223,    0
 16320, 90627,20190712,  239,    0
 16320, 90627,20190713,  245,    0
 16320, 90627,20190714,  201,    0
 16320, 90627,20190715,  187,    0
 16320, 90627,20190716,  194,    0
 16320, 90627,20190717,  190,    0
 16320, 90627,20190718,  201,    0
 16320, 90627,20190719,  212,    0
 16320, 90627,20190720,  239,    0
 16320, 90627,20190721,  246,    0
 16320, 90627,20190722,  256,    0
 16320, 90627,20190723,  257,    0
 16320, 90627,20190724,  253,    0
 16320, 90627,20190725,  250,    0
 16320, 90627,20190726,  206,    0
 16320, 90627,20190727,  152,    0
 16320, 90627,20190728,  170,    0
 16320, 90627,20190729,  193,    0
 16320, 90627,20190730,  197,    0
 16320, 90627,20190731,  190,    0
 16320, 90627,20190801,  218,    0
 16320, 90627,20190802,  218,    0
 16320, 90627,20190803,  225,    0
 16320, 90627,20190804,  241,    0
 16320, 90627,20190805,  242,    0
 16320, 90627,20190806,  239,    0
 16320, 90627,20190807,  200,    0
 16320, 90627,20190808,  225,    0
 16320, 90627,20190809,  248,    0
 16320, 90627,20190810,  252,    0
 16320, 90627,20190811,  239,    0
 16320, 90627,20190812,  184,    0
 16320, 90627,20190813,  173,    0
 16320, 90627,20190814,  189,    0
 16320, 90627,20190815,  199,    0
 16320, 90627,20190816,  205,    0
 16320, 90627,20190817,  227,    0
 16320, 90627,20190818,  246,    0
 16320, 90627,20190819,  217,    0
 16320, 90627,20190820,  148,    0
 16320, 90627,20190821,  166,    0
 16320, 90627,20190822,  181,    0
 16320, 90627,20190823,  191,    0
 16320, 90627,20190824,  193,    0
 16320, 90627,20190825,  204,    0
 16320, 90627,20190826,  200,    0
 16320, 90627,20190827,  189,    0
 16320, 90627,20190828,  189,    0
 16320, 90627,20190829,  191,    0
 16320, 90627,20190830,  180,    0
 16320, 90627,20190831,  177,    0
 16320, 90627,20190901,  177,    0
 16320, 90627,20190902,  182,    0
 16320, 90627,20190903,  162,    0
 16320, 90627,20190904,  181,    0
 16320, 90627,20190905,  157,    0
 16320, 90627,20190906,  138,    0
 16320, 90627,20190907,  139,    0
 16320, 90627,20190908,  144,    0
 16320, 90627,20190909,  148,    0
 16320, 90627,20190910,  121,    0
 16320, 90627,20190911,  153,    0
 16320, 90627,20190912,  170,    0
 16320, 90627,20190913,  167,    0
 16320, 90627,20190914,  186,    0
 16320, 90627,20190915,  190,    0
 16320, 90627,20190916,  188,    0
 16320, 90627,20190917,  197,    0
 16320, 90627,20190918,  160,    0
 16320, 90627,20190919,  157,    0
 16320, 90627,20190920,  176,    0
 16320, 90627,20190921,  166,    0
 16320, 90627,20190922,  169,    0
 16320, 90627,20190923,  143,    0
 16320, 90627,20190924,  162,    0
 16320, 90627,20190925,  157,    0
 16320, 90627,20190926,  164,    0
 16320, 90627,20190927,  169,    0
 16320, 90627,20190928,  156,    0
 16320, 90627,20190929,  164,    0
 16320, 90627,20190930,  167,    0
 16320, 90627,20191001,  155,    0
 16320, 90627,20191002,  142,    0
 16320, 90627,20191003,  129,    0
 16320, 90627,20191004,  140,    0
 16320, 90627,20191005,  152,    0
 16320, 90627,20191006,  136,    0
 16320, 90627,20191007,  166,    0
 16320, 90627,20191008,  177,    0
 16320, 90627,20191009,  157,    0
 16320, 90627,20191010,  137,    0
 16320, 90627,20191011,  139,    0
 16320, 90627,20191012,  162,    0
 16320, 90627,20191013,  165,    0
 16320, 90627,20191014,  130,    0
 16320, 90627,20191015,  103,    0
 16320, 90627,20191016,   90,    0
 16320, 90627,20191017,  103,    0
 16320, 90627,20191018,  117,    0
 16320, 90627,20191019,  152,    0
 16320, 90627,20191020,  109,    0
 16320, 90627,20191021,   74,    0
 16320, 90627,20191022,   77,    0
 16320, 90627,20191023,   86,    0
 16320, 90627,20191024,   90,    0
 16320, 90627,20191025,   94,    0
 16320, 90627,20191026,   93,    0
 16320, 90627,20191027,   99,    0
 16320, 90627,20191028,  104,    0
 16320, 90627,20191029,  109,    0
 16320, 90627,20191030,  111,    0
 16320, 90627,20191031,  111,    0
 16320, 90627,20191101,   86,    0
 16320, 90627,20191102,  103,    0
 16320, 90627,20191103,   94,    0
 16320, 90627,20191104,   79,    0
 16320, 90627,20191105,   69,    0
 16320, 90627,20191106,   51,    0
 16320, 90627,20191107,   31,    0
 16320, 90627,20191108,   25,    0
 16320, 90627,20191109,   49,    0
 16320, 90627,20191110,   48,    0
 16320, 90627,20191111,   50,    0
 16320, 90627,20191112,   56,    0
 16320, 90627,20191113,   38,    0
 16320, 90627,20191114,    9,    0
 16320, 90627,20191115,   -5,    0
 16320, 90627,20191116,   -8,    0
 16320, 90627,20191117,   19,    0
 16320, 90627,20191118,   24,    0
 16320, 90627,20191119,    1,    0
 16320, 90627,20191120,   -4,    0
 16320, 90627,20191121,    9,    0
 16320, 90627,20191122,   34,    0
 16320, 90627,20191123,   51,    0
 16320, 90627,20191124,   52,    0
 16320, 90627,20191125,   48,    0
 16320, 90627,20191126,   53,    0
 16320, 90627,20191127,   85,    0
 16320, 90627,20191128,   74,    0
 16320, 90627,20191129,   66,    0
 16320, 90627,20191130,   52,    0
 16320, 90627,20191201,   56,    0
 16320, 90627,20191202,   33,    0
 16320, 90627,20191203,    9,    0
 16320, 90627,20191204,   22,    0
 16320, 90627,20191205,   63,    0
 16320, 90627,20191206,   27,    0
 16320, 90627,20191207,   26,    0
 16320, 90627,20191208,   36,    0
 16320, 90627,20191209,   38,    0
 16320, 90627,20191210,   51,    0
 16320, 90627,20191211,   30,    0
 16320, 90627,20191212,   25,    0
 16320, 90627,20191213,   16,    0
 16320, 90627,20191214,   53,    0
 16320, 90627,20191215,   48,    0
 16320, 90627,20191216,   59,    0
 16320, 90627,20191217,   86,    0
 16320, 90627,20191218,   68,    0
 16320, 90627,20191219,   53,    0
 16320, 90627,20191220,   82,    0
 16320, 90627,20191221,   71,    0
 16320, 90627,20191222,   62,    0
 16320, 90627,20191223,   57,    0
 16320, 90627,20191224,   59,    0
 16320, 90627,20191225,   49,    0
 16320, 90627,20191226,   60,    0
 16320, 90627,20191227,   42,    0
 16320, 90627,20191228,   55,    0
 16320, 90627,20191229,-9999,    9
 16320, 90627,20191230,-9999,    9
 16320, 90627,20191231,-9999,    9
 16320, 90627,20200101,   24,    0
 16320, 90627,20200102,   25,    0
 16320, 90627,20200103,   35,    0
 16320, 90627,20200104,   48,    0
 16320, 90627,20200105,   42,    0
 16320, 90627,20200106,   27,    0
 16320, 90627,20200107,   43,    0
 16320, 90627,20200108,   60,    0
 16320, 90627,20200109,   37,    0
 16320, 90627,20200110,   60,    0
 16320, 90627,20200111,   29,    0
 16320, 90627,20200112,   10,    0
 16320, 90627,20200113,    2,    0
 16320, 90627,20200114,   13,    0
 16320, 90627,20200115,    5,    0
 16320, 90627,20200116,   18,    0
 16320, 90627,20200117,   35,    0
 16320, 90627,20200118,   19,    0
 16320, 90627,20200119,   22,    0
 16320, 90627,20200120,   20,    0
 16320, 90627,20200121,   31,    0
 16320, 90627,20200122,    6,    0
 16320, 90627,20200123,   15,    0
 16320, 90627,20200124,   15,    0
 16320, 90627,20200125,   18,    0
 16320, 90627,20200126,   37,    0
 16320, 90627,20200127,   28,    0
 16320, 90627,20200128,   43,    0
 16320, 90627,20200129,   24,    0
 16320, 90627,20200130,   41,    0
 16320, 90627,20200131,   65,    0
 16320, 90627,20200201,   66,    0
 16320, 90627,20200202,   67,    0
 16320, 90627,20200203,   79,    0
 16320, 90627,20200204,   85,    0
 16320, 90627,20200205,   48,    0
 16320, 90627,20200206,   29,    0
 16320, 90627,20200207,   29,    0
 16320, 90627,20200208,   32,    0
 16320, 90627,20200209,   44,    0
 16320, 90627,20200210,   74,    0
 16320, 90627,20200211,   82,    0
 16320, 90627,20200212,   80,    0
 16320, 90627,20200213,   85,    0
 16320, 90627,20200214,   76,    0
 16320, 90627,20200215,   72,    0
 16320, 90627,20200216,   81,    0
 16320, 90627,20200217,   84,    0
 16320, 90627,20200218,   61,    0
 16320, 90627,20200219,   54,    0
 16320, 90627,20200220,   55,    0
 16320, 90627,20200221,   63,    0
 16320, 90627,20200222,   76,    0
 16320, 90627,20200223,   86,    0
 16320, 90627,20200224,   88,    0
 16320, 90627,20200225,   71,    0
 16320, 90627,20200226,   65,    0
 16320, 90627,20200227,   72,    0
 16320, 90627,20200228,  104,    0
 16320, 90627,20200229,   93,    0
 16320, 90627,20200301,   91,    0
 16320, 90627,20200302,   49,    0
 16320, 90627,20200303,   21,    0
 16320, 90627,20200304,   73,    0
 16320, 90627,20200305,   78,    0
 16320, 90627,20200306,   21,    0
 16320, 90627,20200307,   43,    0
 16320, 90627,20200308,   69,    0
 16320, 90627,20200309,   70,    0
 16320, 90627,20200310,  129,    0
 16320, 90627,20200311,  127,    0
 16320, 90627,20200312,  139,    0
 16320, 90627,20200313,  118,    0
 16320, 90627,20200314,  110,    0
 16320, 90627,20200315,   98,    0
 16320, 90627,20200316,   54,    0
 16320, 90627,20200317,   72,    0
 16320, 90627,20200318,   90,    0
 16320, 90627,20200319,   96,    0
 16320, 90627,20200320,   85,    0
 16320, 90627,20200321,   79,    0
 16320, 90627,20200322,   72,    0
 16320, 90627,20200323,   78,    0
 16320, 90627,20200324,   87,    0
 16320, 90627,20200325,   32,    0
 16320, 90627,20200326,   27,    0
 16320, 90627,20200327,   49,    0
 16320, 90627,20200328,   76,    0
 16320, 90627,20200329,   74,    0
 16320, 90627,20200330,   36,    0
 16320, 90627,20200331,   64,    0
 16320, 90627,20200401,   75,    0
 16320, 90627,20200402,   77,    0
 16320, 90627,20200403,   81,    0
 16320, 90627,20200404,   80,    0
 16320, 90627,20200405,   95,    0
 16320, 90627,20200406,   97,    0
 16320, 90627,20200407,   87,    0
 16320, 90627,20200408,   97,    0
 16320, 90627,20200409,  100,    0
 16320, 90627,20200410,  111,    0
 16320, 90627,20200411,  106,    0
 16320, 90627,20200412,  107,    0
 16320, 90627,20200413,   80,    0
 16320, 90627,20200414,  113,    0
 16320, 90627,20200415,  113,    0
 16320, 90627,20200416,  124,    0
 16320, 90627,20200417,  133,    0
 16320, 90627,20200418,  148,    0
 16320, 90627,20200419,  129,    0
 16320, 90627,20200420,  121,    0
 16320, 90627,20200421,  104,    0
 16320, 90627,20200422,  123,    0
 16320, 90627,20200423,  121,    0
 16320, 90627,20200424,  128,    0
 16320, 90627,20200425,  117,    0
 16320, 90627,20200426,  118,    0
 16320, 90627,20200427,  111,    0
 16320, 90627,20200428,  113,    0
 16320, 90627,20200429,  112,    0
 16320, 90627,20200430,  124,    0
 16320, 90627,20200501,  119,    0
 16320, 90627,20200502,  146,    0
 16320, 90627,20200503,  164,    0
 16320, 90627,20200504,  184,    0
 16320, 90627,20200505,  172,    0
 16320, 90627,20200506,  154,    0
 16320, 90627,20200507,  167,    0
 16320, 90627,20200508,  170,    0
 16320, 90627,20200509,  155,    0
 16320, 90627,20200510,  112,    0
 16320, 90627,20200511,  108,    0
 16320, 90627,20200512,  134,    0
 16320, 90627,20200513,  121,    0
 16320, 90627,20200514,  108,    0
 16320, 90627,20200515,  111,    0
 16320, 90627,20200516,  113,    0
 16320, 90627,20200517,  138,    0
 16320, 90627,20200518,  138,    0
 16320, 90627,20200519,  159,    0
 16320, 90627,20200520,  172,    0
 16320, 90627,20200521,  176,    0
 16320, 90627,20200522,  196,    0
 16320, 90627,20200523,  189,    0
 16320, 90627,20200524,  180,    0
 16320, 90627,20200525,  181,    0
 16320, 90627,20200526,  172,    0
 16320, 90627,20200527,  157,    0
 16320, 90627,20200528,  176,    0
 16320, 90627,20200529,  177,    0
 16320, 90627,20200530,  175,    0
 16320, 90627,20200531,  181,    0
 16320, 90627,20200601,  148,    0
 16320, 90627,20200602,  170,    0
 16320, 90627,20200603,  149,    0
 16320, 90627,20200604,  124,    0
 16320, 90627,20200605,  155,    0
 16320, 90627,20200606,  153,    0
 16320, 90627,20200607,  108,    0
 16320, 90627,20200608,  116,    0
 16320, 90627,20200609,  118,    0
 16320, 90627,20200610,  127,    0
 16320, 90627,20200611,  108,    0
 16320, 90627,20200612,  132,    0
 16320, 90627,20200613,  134,    0
 16320, 90627,20200614,  136,    0
 16320, 90627,20200615,  156,    0
 16320, 90627,20200616,  121,    0
 16320, 90627,20200617,  122,    0
 16320, 90627,20200618,  136,    0
 16320, 90627,20200619,  157,    0
 16320, 90627,20200620,  174,    0
 16320, 90627,20200621,  186,    0
 16320, 90627,20200622,  200,    0
 16320, 90627,20200623,  202,    0
 16320, 90627,20200624,  185,    0
 16320, 90627,20200625,-9999,    9
 16320, 90627,20200626,-9999,    9
 16320, 90627,20200627,  198,    0
 16320, 90627,20200628,  200,    0
 16320, 90627,20200629,  219,    0
 16320, 90627,20200630,  227,    0
 16320, 90627,20200701,  225,    0
 16320, 90627,20200702,  194,    0
 16320, 90627,20200703,  175,    0
 16320, 90627,20200704,  173,    0
 16320, 90627,20200705,  206,    0
 16320, 90627,20200706,  206,    0
 16320, 90627,20200707,  199,    0
 16320, 90627,20200708,  217,    0
 16320, 90627,20200709,  226,    0
 16320, 90627,20200710,  186,    0
 16320, 90627,20200711,  188,    0
 16320, 90627,20200712,  185,    0
 16320, 90627,20200713,  190,    0
 16320, 90627,20200714,  172,    0
 16320, 90627,20200715,  167,    0
 16320, 90627,20200716,  188,    0
 16320, 90627,20200717,  184,    0
 16320, 90627,20200718,  202,    0
 16320, 90627,20200719,  200,    0
 16320, 90627,20200720,  211,    0
 16320, 90627,20200721,  219,    0
 16320, 90627,20200722,  232,    0
 16320, 90627,20200723,  219,    0
 16320, 90627,20200724,  198,    0
 16320, 90627,20200725,  206,    0
 16320, 90627,20200726,  222,    0
 16320, 90627,20200727,  250,    0
 16320, 90627,20200728,  250,    0
 16320, 90627,20200729,  235,    0
 16320, 90627,20200730,  251,    0
 16320, 90627,20200731,  250,    0
 16320, 90627,20200801,  241,    0
 16320, 90627,20200802,  215,    0
 16320, 90627,20200803,  190,    0
 16320, 90627,20200804,  179,    0
 16320, 90627,20200805,  196,    0
 16320, 90627,20200806,  223,    0
 16320, 90627,20200807,  251,    0
 16320, 90627,20200808,  246,    0
 16320, 90627,20200809,  202,    0
 16320, 90627,20200810,  196,    0
 16320, 90627,20200811,  212,    0
 16320, 90627,20200812,  191,    0
 16320, 90627,20200813,  195,    0
 16320, 90627,20200814,  197,    0
 16320, 90627,20200815,  201,    0
 16320, 90627,20200816,  191,    0
 16320, 90627,20200817,  182,    0
 16320, 90627,20200818,  187,    0
 16320, 90627,20200819,  205,    0
 16320, 90627,20200820,  228,    0
 16320, 90627,20200821,  235,    0
 16320, 90627,20200822,  220,    0
 16320, 90627,20200823,  195,    0
 16320, 90627,20200824,  191,    0
 16320, 90627,20200825,  208,    0
 16320, 90627,20200826,  225,    0
 16320, 90627,20200827,  227,    0
 16320, 90627,20200828,  183,    0
 16320, 90627,20200829,  133,    0
 16320, 90627,20200830,  130,    0
 16320, 90627,20200831,  139,    0
 16320, 90627,20200901,  152,    0
 16320, 90627,20200902,  158,    0
 16320, 90627,20200903,  163,    0
 16320, 90627,20200904,  183,    0
 16320, 90627,20200905,  194,    0
 16320, 90627,20200906,  163,    0
 16320, 90627,20200907,  141,    0
 16320, 90627,20200908,  139,    0
 16320, 90627,20200909,  147,    0
 16320, 90627,20200910,  174,    0
 16320, 90627,20200911,  183,    0
 16320, 90627,20200912,  179,    0
 16320, 90627,20200913,  186,    0
 16320, 90627,20200914,  186,    0
 16320, 90627,20200915,  183,    0
 16320, 90627,20200916,  188,    0
 16320, 90627,20200917,  177,    0
 16320, 90627,20200918,  158,    0
 16320, 90627,20200919,  161,    0
 16320, 90627,20200920,  155,    0
 16320, 90627,20200921,  138,    0
 16320, 90627,20200922,  138,    0
 16320, 90627,20200923,  145,    0
 16320, 90627,20200924,  149,    0
 16320, 90627,20200925,   73,    0
 16320, 90627,20200926,   97,    0
 16320, 90627,20200927,   91,    0
 16320, 90627,20200928,  123,    0
 16320, 90627,20200929,  117,    0
 16320, 90627,20200930,  128,    0
 16320, 90627,20201001,  134,    0
 16320, 90627,20201002,   87,    0
 16320, 90627,20201003,   64,    0
 16320, 90627,20201004,   76,    0
 16320, 90627,20201005,   87,    0
 16320, 90627,20201006,  110,    0
 16320, 90627,20201007,  144,    0
 16320, 90627,20201008,  136,    0
 16320, 90627,20201009,  153,    0
 16320, 90627,20201010,  121,    0
 16320, 90627,20201011,   80,    0
 16320, 90627,20201012,   72,    0
 16320, 90627,20201013,   88,    0
 16320, 90627,20201014,   51,    0
 16320, 90627,20201015,   54,    0
 16320, 90627,20201016,   56,    0
 16320, 90627,20201017,   55,    0
 16320, 90627,20201018,   69,    0
 16320, 90627,20201019,   82,    0
 16320, 90627,20201020,   99,    0
 16320, 90627,20201021,  159,    0
 16320, 90627,20201022,  117,    0
 16320, 90627,20201023,  114,    0
 16320, 90627,20201024,   82,    0
 16320, 90627,20201025,   87,    0
 16320, 90627,20201026,   73,    0
 16320, 90627,20201027,   61,    0
 16320, 90627,20201028,   89,    0
 16320, 90627,20201029,   95,    0
 16320, 90627,20201030,   92,    0
 16320, 90627,20201031,   89,    0
 16320, 90627,20201101,   97,    0
 16320, 90627,20201102,  110,    0
 16320, 90627,20201103,   88,    0
 16320, 90627,20201104,   64,    0
 16320, 90627,20201105,   79,    0
 16320, 90627,20201106,  115,    0
 16320, 90627,20201107,  116,    0
 16320, 90627,20201108,   83,    0
 16320, 90627,20201109,   68,    0
 16320, 90627,20201110,   72,    0
 16320, 90627,20201111,   60,    0
 16320, 90627,20201112,   68,    0
 16320, 90627,20201113,   63,    0
 16320, 90627,20201114,   62,    0
 16320, 90627,20201115,   76,    0
 16320, 90627,20201116,   89,    0
 16320, 90627,20201117,   72,    0
 16320, 90627,20201118,   76,    0
 16320, 90627,20201119,   87,    0
 16320, 90627,20201120,   86,    0
 16320, 90627,20201121,   46,    0
 16320, 90627,20201122,   32,    0
 16320, 90627,20201123,   34,    0
 16320, 90627,20201124,   39,    0
 16320, 90627,20201125,   44,    0
 16320, 90627,20201126,   65,    0
 16320, 90627,20201127,   57,    0
 16320, 90627,20201128,   53,    0
 16320, 90627,20201129,   46,    0
 16320, 90627,20201130,   35,    0
 16320, 90627,20201201,   38,    0
 16320, 90627,20201202,   35,    0
 16320, 90627,20201203,   21,    0
 16320, 90627,20201204,   21,    0
 16320, 90627,20201205,  -10,    0
 16320, 90627,20201206,    6,    0
 16320, 90627,20201207,    4,    0
 16320, 90627,20201208,   20,    0
 16320, 90627,20201209,   27,    0
 16320, 90627,20201210,    9,    0
 16320, 90627,20201211,   22,    0
 16320, 90627,20201212,   34,    0
 16320, 90627,20201213,   39,    0
 16320, 90627,20201214,   42,    0
 16320, 90627,20201215,   70,    0
 16320, 90627,20201216,   21,    0
 16320, 90627,20201217,   18,    0
 16320, 90627,20201218,   43,    0
 16320, 90627,20201219,   54,    0
 16320, 90627,20201220,   56,    0
 16320, 90627,20201221,   39,    0
 16320, 90627,20201222,   48,    0
 16320, 90627,20201223,   59,    0
 16320, 90627,20201224,   47,    0
 16320, 90627,20201225,    0,    0
 16320, 90627,20201226,   12,    0
 16320, 90627,20201227,  -23,    0
 16320, 90627,20201228,    5,    0
 16320, 90627,20201229,   -5,    0
 16320, 90627,20201230,   -7,    0
 16320, 90627,20201231,   -5,    0
 16320, 90627,20210101,    3,    0
 16320, 90627,20210102,  -10,    0
 16320, 90627,20210103,   -6,    0
 16320, 90627,20210104,  -36,    0
 16320, 90627,20210105,  -36,    0
 16320, 90627,20210106,  -46,    0
 16320, 90627,20210107,  -50,    0
 16320, 90627,20210108,  -35,    0
 16320, 90627,20210109,  -11,    0
 16320, 90627,20210110,    2,    0
 16320, 90627,20210111,  -26,    0
 16320, 90627,20210112,  -18,    0
 16320, 90627,20210113,   25,    0
 16320, 90627,20210114,   28,    0
 16320, 90627,20210115,   57,    0
 16320, 90627,20210116,   50,    0
 16320, 90627,20210117,   55,    0
 16320, 90627,20210118,    9,    0
 16320, 90627,20210119,   -1,    0
 16320, 90627,20210120,   12,    0
 16320, 90627,20210121,   47,    0
 16320, 90627,20210122,   39,    0
 16320, 90627,20210123,   10,    0
 16320, 90627,20210124,   30,    0
 16320, 90627,20210125,   30,    0
 16320, 90627,20210126,   25,    0
 16320, 90627,20210127,   57,    0
 16320, 90627,20210128,   63,    0
 16320, 90627,20210129,   63,    0
 16320, 90627,20210130,   42,    0
 16320, 90627,20210131,   59,    0
 16320, 90627,20210201,   69,    0
 16320, 90627,20210202,   78,    0
 16320, 90627,20210203,   72,    0
 16320, 90627,20210204,   71,    0
 16320, 90627,20210205,   96,    0
 16320, 90627,20210206,   89,    0
 16320, 90627,20210207,   52,    0
 16320, 90627,20210208,   20,    0
 16320, 90627,20210209,   27,    0
 16320, 90627,20210210,   34,    0
 16320, 90627,20210211,   35,    0
 16320, 90627,20210212,   40,    0
 16320, 90627,20210213,   80,    0
 16320, 90627,20210214,   39,    0
 16320, 90627,20210215,   56,    0
 16320, 90627,20210216,   79,    0
 16320, 90627,20210217,   68,    0
 16320, 90627,20210218,   78,    0
 16320, 90627,20210219,   65,    0
 16320, 90627,20210220,   70,    0
 16320, 90627,20210221,   95,    0
 16320, 90627,20210222,   71,    0
 16320, 90627,20210223,   83,    0
 16320, 90627,20210224,   75,    0
 16320, 90627,20210225,   65,    0
 16320, 90627,20210226,   73,    0
 16320, 90627,20210227,   70,    0
 16320, 90627,20210228,   22,    0
 16320, 90627,20210301,   50,    0
 16320, 90627,20210302,   65,    0
 16320, 90627,20210303,   78,    0
 16320, 90627,20210304,   70,    0
 16320, 90627,20210305,   80,    0
 16320, 90627,20210306,   69,    0
 16320, 90627,20210307,   59,    0
 16320, 90627,20210308,   56,    0
 16320, 90627,20210309,   49,    0
 16320, 90627,20210310,   45,    0
 16320, 90627,20210311,   94,    0
 16320, 90627,20210312,   62,    0
 16320, 90627,20210313,   52,    0
 16320, 90627,20210314,   71,    0
 16320, 90627,20210315,   65,    0
 16320, 90627,20210316,   89,    0
 16320, 90627,20210317,   83,    0
 16320, 90627,20210318,   44,    0
 16320, 90627,20210319,   26,    0
 16320, 90627,20210320,   23,    0
 16320, 90627,20210321,   60,    0
 16320, 90627,20210322,   73,    0
 16320, 90627,20210323,   80,    0
 16320, 90627,20210324,   83,    0
 16320, 90627,20210325,   93,    0
 16320, 90627,20210326,   99,    0
 16320, 90627,20210327,   96,    0
 16320, 90627,20210328,  108,    0
 16320, 90627,20210329,  111,    0
 16320, 90627,20210330,  118,    0
 16320, 90627,20210331,  123,    0
 16320, 90627,20210401,  121,    0
 16320, 90627,20210402,  121,    0
 16320, 90627,20210403,  113,    0
 16320, 90627,20210404,   95,    0
 16320, 90627,20210405,   95,    0
 16320, 90627,20210406,   81,    0
 16320, 90627,20210407,   66,    0
 16320, 90627,20210408,   82,    0
 16320, 90627,20210409,   61,    0
 16320, 90627,20210410,   84,    0
 16320, 90627,20210411,   63,    0
 16320, 90627,20210412,   57,    0
 16320, 90627,20210413,   73,    0
 16320, 90627,20210414,   90,    0
 16320, 90627,20210415,   91,    0
 16320, 90627,20210416,   53,    0
 16320, 90627,20210417,   46,    0
 16320, 90627,20210418,   70,    0
 16320, 90627,20210419,   92,    0
 16320, 90627,20210420,   82,    0
 16320, 90627,20210421,   85,    0
 16320, 90627,20210422,   94,    0
 16320, 90627,20210423,  116,    0
 16320, 90627,20210424,  122,    0
 16320, 90627,20210425,  110,    0
 16320, 90627,20210426,   82,    0
 16320, 90627,20210427,   95,    0
 16320, 90627,20210428,  103,    0
 16320, 90627,20210429,  102,    0
 16320, 90627,20210430,  101,    0
 16320, 90627,20210501,   68,    0
 16320, 90627,20210502,   58,    0
 16320, 90627,20210503,   87,    0
 16320, 90627,20210504,  113,    0
 16320, 90627,20210505,  134,    0
 16320, 90627,20210506,  142,    0
 16320, 90627,20210507,  163,    0
 16320, 90627,20210508,  166,    0
 16320, 90627,20210509,  140,    0
 16320, 90627,20210510,  120,    0
 16320, 90627,20210511,   76,    0
 16320, 90627,20210512,   93,    0
 16320, 90627,20210513,   94,    0
 16320, 90627,20210514,  103,    0
 16320, 90627,20210515,  131,    0
 16320, 90627,20210516,  165,    0
 16320, 90627,20210517,  136,    0
 16320, 90627,20210518,  129,    0
 16320, 90627,20210519,  115,    0
 16320, 90627,20210520,  128,    0
 16320, 90627,20210521,  158,    0
 16320, 90627,20210522,  141,    0
 16320, 90627,20210523,  109,    0
 16320, 90627,20210524,  128,    0
 16320, 90627,20210525,  117,    0
 16320, 90627,20210526,  126,    0
 16320, 90627,20210527,  153,    0
 16320, 90627,20210528,  176,    0
 16320, 90627,20210529,  156,    0
 16320, 90627,20210530,  148,    0
 16320, 90627,20210531,  169,    0
 16320, 90627,20210601,  156,    0
 16320, 90627,20210602,  158,    0
 16320, 90627,20210603,  186,    0
 16320, 90627,20210604,  154,    0
 16320, 90627,20210605,  161,    0
 16320, 90627,20210606,  164,    0
 16320, 90627,20210607,  160,    0
 16320, 90627,20210608,  173,    0
 16320, 90627,20210609,  177,    0
 16320, 90627,20210610,  184,    0
 16320, 90627,20210611,  151,    0
 16320, 90627,20210612,  185,    0
 16320, 90627,20210613,  210,    0
 16320, 90627,20210614,  218,    0
 16320, 90627,20210615,  201,    0
 16320, 90627,20210616,  206,    0
 16320, 90627,20210617,  145,    0
 16320, 90627,20210618,  178,    0
 16320, 90627,20210619,  168,    0
 16320, 90627,20210620,  178,    0
 16320, 90627,20210621,  167,    0
 16320, 90627,20210622,  156,    0
 16320, 90627,20210623,  129,    0
 16320, 90627,20210624,  156,    0
 16320, 90627,20210625,  170,    0
 16320, 90627,20210626,  182,    0
 16320, 90627,20210627,  198,    0
 16320, 90627,20210628,  188,    0
 16320, 90627,20210629,  176,    0
 16320, 90627,20210630,  174,    0
 16320, 90627,20210701,  208,    0
 16320, 90627,20210702,  220,    0
 16320, 90627,20210703,  221,    0
 16320, 90627,20210704,  219,    0
 16320, 90627,20210705,  213,    0
 16320, 90627,20210706,  193,    0
 16320, 90627,20210707,  174,    0
 16320, 90627,20210708,  170,    0
 16320, 90627,20210709,  184,    0
 16320, 90627,20210710,  213,    0
 16320, 90627,20210711,  221,    0
 16320, 90627,20210712,  184,    0
 16320, 90627,20210713,  150,    0
 16320, 90627,20210714,  171,    0
 16320, 90627,20210715,  183,    0
 16320, 90627,20210716,  183,    0
 16320, 90627,20210717,  201,    0
 16320, 90627,20210718,  209,    0
 16320, 90627,20210719,  218,    0
 16320, 90627,20210720,  206,    0
 16320, 90627,20210721,  219,    0
 16320, 90627,20210722,  242,    0
 16320, 90627,20210723,  237,    0
 16320, 90627,20210724,  217,    0
 16320, 90627,20210725,  195,    0
 16320, 90627,20210726,  183,    0
 16320, 90627,20210727,  205,    0
 16320, 90627,20210728,  206,    0
 16320, 90627,20210729,  225,    0
 16320, 90627,20210730,  231,    0
 16320, 90627,20210731,  156,    0
 16320, 90627,20210801,  149,    0
 16320, 90627,20210802,  163,    0
 16320, 90627,20210803,  183,    0
 16320, 90627,20210804,  172,    0
 16320, 90627,20210805,  181,    0
 16320, 90627,20210806,  204,    0
 16320, 90627,20210807,  189,    0
 16320, 90627,20210808,  174,    0
 16320, 90627,20210809,  206,    0
 16320, 90627,20210810,  225,    0
 16320, 90627,20210811,  245,    0
 16320, 90627,20210812,  264,    0
 16320, 90627,20210813,  254,    0
 16320, 90627,20210814,  262,    0
 16320, 90627,20210815,  264,    0
 16320, 90627,20210816,  225,    0
 16320, 90627,20210817,  200,    0
 16320, 90627,20210818,  197,    0
 16320, 90627,20210819,  182,    0
 16320, 90627,20210820,  202,    0
 16320, 90627,20210821,  224,    0
 16320, 90627,20210822,  226,    0
 16320, 90627,20210823,  191,    0
 16320, 90627,20210824,  198,    0
 16320, 90627,20210825,  176,    0
 16320, 90627,20210826,  191,    0
 16320, 90627,20210827,  199,    0
 16320, 90627,20210828,  187,    0
 16320, 90627,20210829,  172,    0
 16320, 90627,20210830,  178,    0
 16320, 90627,20210831,  164,    0
 16320, 90627,20210901,  156,    0
 16320, 90627,20210902,  166,    0
 16320, 90627,20210903,  170,    0
 16320, 90627,20210904,  182,    0
 16320, 90627,20210905,  185,    0
 16320, 90627,20210906,  199,    0
 16320, 90627,20210907,  197,    0
 16320, 90627,20210908,  198,    0
 16320, 90627,20210909,  177,    0
 16320, 90627,20210910,  172,    0
 16320, 90627,20210911,  181,    0
 16320, 90627,20210912,  182,    0
 16320, 90627,20210913,  184,    0
 16320, 90627,20210914,  185,    0
 16320, 90627,20210915,  187,    0
 16320, 90627,20210916,  160,    0
 16320, 90627,20210917,  159,    0
 16320, 90627,20210918,  129,    0
 16320, 90627,20210919,  135,    0
 16320, 90627,20210920,  121,    0
 16320, 90627,20210921,  109,    0
 16320, 90627,20210922,  132,    0
 16320, 90627,20210923,  131,    0
 16320, 90627,20210924,  144,    0
 16320, 90627,20210925,  154,    0
 16320, 90627,20210926,  154,    0
 16320, 90627,20210927,  159,    0
 16320, 90627,20210928,  150,    0
 16320, 90627,20210929,  143,    0
 16320, 90627,20210930,  132,    0
 16320, 90627,20211001,  142,    0
 16320, 90627,20211002,  157,    0
 16320, 90627,20211003,  149,    0
 16320, 90627,20211004,  100,    0
 16320, 90627,20211005,   99,    0
 16320, 90627,20211006,  117,    0
 16320, 90627,20211007,  112,    0
 16320, 90627,20211008,  106,    0
 16320, 90627,20211009,  119,    0
 16320, 90627,20211010,  107,    0
 16320, 90627,20211011,   99,    0
 16320, 90627,20211012,  116,    0
 16320, 90627,20211013,  108,    0
 16320, 90627,20211014,   88,    0
 16320, 90627,20211015,   97,    0
 16320, 90627,20211016,   99,    0
 16320, 90627,20211017,  106,    0
 16320, 90627,20211018,  112,    0
 16320, 90627,20211019,  120,    0
 16320, 90627,20211020,  138,    0
 16320, 90627,20211021,  137,    0
 16320, 90627,20211022,  106,    0
 16320, 90627,20211023,   87,    0
 16320, 90627,20211024,   76,    0
 16320, 90627,20211025,   79,    0
 16320, 90627,20211026,   85,    0
 16320, 90627,20211027,   82,    0
 16320, 90627,20211028,   92,    0
 16320, 90627,20211029,   93,    0
 16320, 90627,20211030,  117,    0
 16320, 90627,20211031,  126,    0
 16320, 90627,20211101,  124,    0
 16320, 90627,20211102,   78,    0
 16320, 90627,20211103,   68,    0
 16320, 90627,20211104,   39,    0
 16320, 90627,20211105,   43,    0
 16320, 90627,20211106,   47,    0
 16320, 90627,20211107,   97,    0
 16320, 90627,20211108,  105,    0
 16320, 90627,20211109,   61,    0
 16320, 90627,20211110,   57,    0
 16320, 90627,20211111,   78,    0
 16320, 90627,20211112,   88,    0
 16320, 90627,20211113,   97,    0
 16320, 90627,20211114,   89,    0
 16320, 90627,20211115,   67,    0
 16320, 90627,20211116,   47,    0
 16320, 90627,20211117,   54,    0
 16320, 90627,20211118,   51,    0
 16320, 90627,20211119,   41,    0
 16320, 90627,20211120,   39,    0
 16320, 90627,20211121,   57,    0
 16320, 90627,20211122,   59,    0
 16320, 90627,20211123,   47,    0
 16320, 90627,20211124,   37,    0
 16320, 90627,20211125,   38,    0
 16320, 90627,20211126,   37,    0
 16320, 90627,20211127,    4,    0
 16320, 90627,20211128,   -8,    0
 16320, 90627,20211129,   16,    0
 16320, 90627,20211130,   24,    0
 16320, 90627,20211201,    3,    0
 16320, 90627,20211202,    9,    0
 16320, 90627,20211203,   46,    0
 16320, 90627,20211204,   36,    0
 16320, 90627,20211205,   -1,    0
 16320, 90627,20211206,   20,    0
 16320, 90627,20211207,   26,    0
 16320, 90627,20211208,   18,    0
 16320, 90627,20211209,   -3,    0
 16320, 90627,20211210,    9,    0
 16320, 90627,20211211,   60,    0
 16320, 90627,20211212,   53,    0
 16320, 90627,20211213,   17,    0
 16320, 90627,20211214,   24,    0
 16320, 90627,20211215,   34,    0
 16320, 90627,20211216,   19,    0
 16320, 90627,20211217,   14,    0
 16320, 90627,20211218,    9,    0
 16320, 90627,20211219,   -2,    0
 16320, 90627,20211220,    0,    0
 16320, 90627,20211221,   11,    0
 16320, 90627,20211222,   20,    0
 16320, 90627,20211223,   24,    0
 16320, 90627,20211224,   41,    0
 16320, 90627,20211225,   46,    0
 16320, 90627,20211226,   43,    0
 16320, 90627,20211227,   51,    0
 16320, 90627,20211228,   52,    0
 16320, 90627,20211229,   82,    0
 16320, 90627,20211230,   55,    0
 16320, 90627,20211231,   49,    0
 16320, 90627,20220101,-9999,    9
 16320, 90627,20220102,-9999,    9
 16320, 90627,20220103,-9999,    9
 16320, 90627,20220104,-9999,    9
 16320, 90627,20220105,-9999,    9
 16320, 90627,20220106,-9999,    9
 16320, 90627,20220107,-9999,    9
 16320, 90627,20220108,-9999,    9
 16320, 90627,20220109,-9999,    9
 16320, 90627,20220110,-9999,    9
 16320, 90627,20220111,-9999,    9
 16320, 90627,20220112,-9999,    9
 16320, 90627,20220113,-9999,    9
 16320, 90627,20220114,-9999,    9
 16320, 90627,20220115,-9999,    9
 16320, 90627,20220116,-9999,    9
 16320, 90627,20220117,-9999,    9
 16320, 90627,20220118,-9999,    9
 16320, 90627,20220119,-9999,    9
 16320, 90627,20220120,-9999,    9
 16320, 90627,20220121,-9999,    9
 16320, 90627,20220122,-9999,    9
 16320, 90627,20220123,-9999,    9
 16320, 90627,20220124,-9999,    9
 16320, 90627,20220125,-9999,    9
 16320, 90627,20220126,-9999,    9
 16320, 90627,20220127,-9999,    9
 16320, 90627,20220128,-9999,    9
 16320, 90627,20220129,-9999,    9
 16320, 90627,20220130,-9999,    9
 16320, 90627,20220131,-9999,    9
 16320, 90627,20220201,-9999,    9
 16320, 90627,20220202,-9999,    9
 16320, 90627,20220203,-9999,    9
 16320, 90627,20220204,-9999,    9
 16320, 90627,20220205,-9999,    9
 16320, 90627,20220206,-9999,    9
 16320, 90627,20220207,-9999,    9
 16320, 90627,20220208,-9999,    9
 16320, 90627,20220209,-9999,    9
 16320, 90627,20220210,-9999,    9
 16320, 90627,20220211,-9999,    9
 16320, 90627,20220212,-9999,    9
 16320, 90627,20220213,-9999,    9
 16320, 90627,20220214,-9999,    9
 16320, 90627,20220215,-9999,    9
 16320, 90627,20220216,-9999,    9
 16320, 90627,20220217,-9999,    9
 16320, 90627,20220218,-9999,    9
 16320, 90627,20220219,-9999,    9
 16320, 90627,20220220,-9999,    9
 16320, 90627,20220221,-9999,    9
 16320, 90627,20220222,-9999,    9
 16320, 90627,20220223,-9999,    9
 16320, 90627,20220224,-9999,    9
 16320, 90627,20220225,-9999,    9
 16320, 90627,20220226,-9999,    9
 16320, 90627,20220227,-9999,    9
 16320, 90627,20220228,-9999,    9
 16320, 90627,20220301,-9999,    9
 16320, 90627,20220302,-9999,    9
 16320, 90627,20220303,-9999,    9
 16320, 90627,20220304,-9999,    9
 16320, 90627,20220305,-9999,    9
 16320, 90627,20220306,-9999,    9
 16320, 90627,20220307,-9999,    9
 16320, 90627,20220308,-9999,    9
 16320, 90627,20220309,-9999,    9
 16320, 90627,20220310,-9999,    9
 16320, 90627,20220311,-9999,    9
 16320, 90627,20220312,-9999,    9
 16320, 90627,20220313,-9999,    9
 16320, 90627,20220314,-9999,    9
 16320, 90627,20220315,-9999,    9
 16320, 90627,20220316,-9999,    9
 16320, 90627,20220317,-9999,    9
 16320, 90627,20220318,-9999,    9
 16320, 90627,20220319,-9999,    9
 16320, 90627,20220320,-9999,    9
 16320, 90627,20220321,-9999,    9
 16320, 90627,20220322,-9999,    9
 16320, 90627,20220323,-9999,    9
 16320, 90627,20220324,-9999,    9
 16320, 90627,20220325,-9999,    9
 16320, 90627,20220326,-9999,    9
 16320, 90627,20220327,-9999,    9
 16320, 90627,20220328,-9999,    9
 16320, 90627,20220329,-9999,    9
 16320, 90627,20220330,-9999,    9
 16320, 90627,20220331,-9999,    9
 16320, 90627,20220401,-9999,    9
 16320, 90627,20220402,-9999,    9
 16320, 90627,20220403,-9999,    9
 16320, 90627,20220404,-9999,    9
 16320, 90627,20220405,-9999,    9
 16320, 90627,20220406,-9999,    9
 16320, 90627,20220407,-9999,    9
 16320, 90627,20220408,-9999,    9
 16320, 90627,20220409,-9999,    9
 16320, 90627,20220410,-9999,    9
 16320, 90627,20220411,-9999,    9
 16320, 90627,20220412,-9999,    9
 16320, 90627,20220413,-9999,    9
 16320, 90627,20220414,-9999,    9
 16320, 90627,20220415,-9999,    9
 16320, 90627,20220416,-9999,    9
 16320, 90627,20220417,-9999,    9
 16320, 90627,20220418,-9999,    9
 16320, 90627,20220419,-9999,    9
 16320, 90627,20220420,-9999,    9
 16320, 90627,20220421,-9999,    9
 16320, 90627,20220422,-9999,    9
 16320, 90627,20220423,-9999,    9
 16320, 90627,20220424,-9999,    9
 16320, 90627,20220425,-9999,    9
 16320, 90627,20220426,-9999,    9
 16320, 90627,20220427,-9999,    9
 16320, 90627,20220428,-9999,    9
 16320, 90627,20220429,-9999,    9
 16320, 90627,20220430,-9999,    9
 16320, 90627,20220501,-9999,    9
 16320, 90627,20220502,-9999,    9
 16320, 90627,20220503,-9999,    9
 16320, 90627,20220504,-9999,    9
 16320, 90627,20220505,-9999,    9
 16320, 90627,20220506,-9999,    9
 16320, 90627,20220507,-9999,    9
 16320, 90627,20220508,-9999,    9
 16320, 90627,20220509,-9999,    9
 16320, 90627,20220510,-9999,    9
 16320, 90627,20220511,-9999,    9
 16320, 90627,20220512,-9999,    9
 16320, 90627,20220513,-9999,    9
 16320, 90627,20220514,-9999,    9
 16320, 90627,20220515,-9999,    9
 16320, 90627,20220516,-9999,    9
 16320, 90627,20220517,-9999,    9
 16320, 90627,20220518,-9999,    9
 16320, 90627,20220519,-9999,    9
 16320, 90627,20220520,-9999,    9
 16320, 90627,20220521,-9999,    9
 16320, 90627,20220522,-9999,    9
 16320, 90627,20220523,-9999,    9
 16320, 90627,20220524,-9999,    9
 16320, 90627,20220525,-9999,    9
 16320, 90627,20220526,-9999,    9
 16320, 90627,20220527,-9999,    9
 16320, 90627,20220528,-9999,    9
 16320, 90627,20220529,-9999,    9
 16320, 90627,20220530,-9999,    9
 16320, 90627,20220531,-9999,    9
 16320, 90627,20220601,-9999,    9
 16320, 90627,20220602,-9999,    9
 16320, 90627,20220603,-9999,    9
 16320, 90627,20220604,-9999,    9
 16320, 90627,20220605,-9999,    9
 16320, 90627,20220606,-9999,    9
 16320, 90627,20220607,-9999,    9
 16320, 90627,20220608,-9999,    9
 16320, 90627,20220609,-9999,    9
 16320, 90627,20220610,-9999,    9
 16320, 90627,20220611,-9999,    9
 16320, 90627,20220612,-9999,    9
 16320, 90627,20220613,-9999,    9
 16320, 90627,20220614,-9999,    9
 16320, 90627,20220615,-9999,    9
 16320, 90627,20220616,-9999,    9
 16320, 90627,20220617,-9999,    9
 16320, 90627,20220618,-9999,    9
 16320, 90627,20220619,-9999,    9
 16320, 90627,20220620,-9999,    9
 16320, 90627,20220621,-9999,    9
 16320, 90627,20220622,-9999,    9
 16320, 90627,20220623,-9999,    9
 16320, 90627,20220624,-9999,    9
 16320, 90627,20220625,-9999,    9
 16320, 90627,20220626,-9999,    9
 16320, 90627,20220627,-9999,    9
 16320, 90627,20220628,-9999,    9
 16320, 90627,20220629,-9999,    9
 16320, 90627,20220630,-9999,    9
 16320, 90627,20220701,-9999,    9
 16320, 90627,20220702,-9999,    9
 16320, 90627,20220703,-9999,    9
 16320, 90627,20220704,-9999,    9
 16320, 90627,20220705,-9999,    9
 16320, 90627,20220706,-9999,    9
 16320, 90627,20220707,-9999,    9
 16320, 90627,20220708,-9999,    9
 16320, 90627,20220709,-9999,    9
 16320, 90627,20220710,-9999,    9
 16320, 90627,20220711,-9999,    9
 16320, 90627,20220712,-9999,    9
 16320, 90627,20220713,-9999,    9
 16320, 90627,20220714,-9999,    9
 16320, 90627,20220715,-9999,    9
 16320, 90627,20220716,-9999,    9
 16320, 90627,20220717,-9999,    9
 16320, 90627,20220718,-9999,    9
 16320, 90627,20220719,-9999,    9
 16320, 90627,20220720,-9999,    9
 16320, 90627,20220721,-9999,    9
 16320, 90627,20220722,-9999,    9
 16320, 90627,20220723,-9999,    9
 16320, 90627,20220724,-9999,    9
 16320, 90627,20220725,-9999,    9
 16320, 90627,20220726,-9999,    9
 16320, 90627,20220727,-9999,    9
 16320, 90627,20220728,-9999,    9
 16320, 90627,20220729,-9999,    9
 16320, 90627,20220730,-9999,    9
 16320, 90627,20220731,-9999,    9
 16320, 90627,20220801,-9999,    9
 16320, 90627,20220802,-9999,    9
 16320, 90627,20220803,-9999,    9
 16320, 90627,20220804,-9999,    9
 16320, 90627,20220805,-9999,    9
 16320, 90627,20220806,-9999,    9
 16320, 90627,20220807,-9999,    9
 16320, 90627,20220808,-9999,    9
 16320, 90627,20220809,-9999,    9
 16320, 90627,20220810,-9999,    9
 16320, 90627,20220811,-9999,    9
 16320, 90627,20220812,-9999,    9
 16320, 90627,20220813,-9999,    9
 16320, 90627,20220814,-9999,    9
 16320, 90627,20220815,-9999,    9
 16320, 90627,20220816,-9999,    9
 16320, 90627,20220817,-9999,    9
 16320, 90627,20220818,-9999,    9
 16320, 90627,20220819,-9999,    9
 16320, 90627,20220820,-9999,    9
 16320, 90627,20220821,-9999,    9
 16320, 90627,20220822,-9999,    9
 16320, 90627,20220823,-9999,    9
 16320, 90627,20220824,-9999,    9
 16320, 90627,20220825,-9999,    9
 16320, 90627,20220826,-9999,    9
 16320, 90627,20220827,-9999,    9
 16320, 90627,20220828,-9999,    9
 16320, 90627,20220829,-9999,    9
 16320, 90627,20220830,-9999,    9
 16320, 90627,20220831,-9999,    9
 16320, 90627,20220901,-9999,    9
 16320, 90627,20220902,-9999,    9
 16320, 90627,20220903,-9999,    9
 16320, 90627,20220904,-9999,    9
 16320, 90627,20220905,-9999,    9
 16320, 90627,20220906,-9999,    9
 16320, 90627,20220907,-9999,    9
 16320, 90627,20220908,-9999,    9
 16320, 90627,20220909,-9999,    9
 16320, 90627,20220910,-9999,    9
 16320, 90627,20220911,-9999,    9
 16320, 90627,20220912,-9999,    9
 16320, 90627,20220913,-9999,    9
 16320, 90627,20220914,-9999,    9
 16320, 90627,20220915,-9999,    9
 16320, 90627,20220916,-9999,    9
 16320, 90627,20220917,-9999,    9
 16320, 90627,20220918,-9999,    9
 16320, 90627,20220919,-9999,    9
 16320, 90627,20220920,-9999,    9
 16320, 90627,20220921,-9999,    9
 16320, 90627,20220922,-9999,    9
 16320, 90627,20220923,-9999,    9
 16320, 90627,20220924,-9999,    9
 16320, 90627,20220925,-9999,    9
 16320, 90627,20220926,-9999,    9
 16320, 90627,20220927,-9999,    9
 16320, 90627,20220928,-9999,    9
 16320, 90627,20220929,-9999,    9
 16320, 90627,20220930,-9999,    9
 16320, 90627,20221001,-9999,    9
 16320, 90627,20221002,-9999,    9
 16320, 90627,20221003,-9999,    9
 16320, 90627,20221004,-9999,    9
 16320, 90627,20221005,-9999,    9
 16320, 90627,20221006,-9999,    9
 16320, 90627,20221007,-9999,    9
 16320, 90627,20221008,-9999,    9
 16320, 90627,20221009,-9999,    9
 16320, 90627,20221010,-9999,    9
 16320, 90627,20221011,-9999,    9
 16320, 90627,20221012,-9999,    9
 16320, 90627,20221013,-9999,    9
 16320, 90627,20221014,-9999,    9
 16320, 90627,20221015,-9999,    9
 16320, 90627,20221016,-9999,    9
 16320, 90627,20221017,-9999,    9
 16320, 90627,20221018,-9999,    9
 16320, 90627,20221019,-9999,    9
 16320, 90627,20221020,-9999,    9
 16320, 90627,20221021,-9999,    9
 16320, 90627,20221022,-9999,    9
 16320, 90627,20221023,-9999,    9
 16320, 90627,20221024,-9999,    9
 16320, 90627,20221025,-9999,    9
 16320, 90627,20221026,-9999,    9
 16320, 90627,20221027,-9999,    9
 16320, 90627,20221028,-9999,    9
 16320, 90627,20221029,-9999,    9
 16320, 90627,20221030,-9999,    9
 16320, 90627,20221031,-9999,    9
