EUROPEAN CLIMATE ASSESSMENT & DATASET (ECA&D), file created on: 16-11-2022
THESE DATA CAN BE USED FOR NON-COMMERCIAL RESEARCH AND EDUCATION PROVIDED THAT THE FOLLOWING SOURCE IS ACKNOWLEDGED: 

Klein Tank, A.M.G. and Coauthors, 2002. Daily dataset of 20th-century surface
air temperature and precipitation series for the European Climate Assessment.
Int. J. of Climatol., 22, 1441-1453.
Data and metadata available at http://www.ecad.eu

FILE FORMAT (MISSING VALUE CODE = -9999):

01-06 STAID: Station identifier
08-13 SOUID: Source identifier
15-22 DATE : Date YYYYMMDD
24-28 TG   : Mean temperature in 0.1 &#176;C
30-34 Q_TG : quality code for TG (0='valid'; 1='suspect'; 9='missing')

This is the blended series of station BIRTAVARRE - HOLMEN, NORWAY (STAID: 18083)
Blended and updated with sources:99070 
See files sources.txt and stations.txt for more info.

STAID, SOUID,    DATE,   TG, Q_TG
 18083, 99070,20180406,   -2,    0
 18083, 99070,20180407,    5,    0
 18083, 99070,20180408,    5,    0
 18083, 99070,20180409,    0,    0
 18083, 99070,20180410,   16,    0
 18083, 99070,20180411,   43,    0
 18083, 99070,20180412,   36,    0
 18083, 99070,20180413,   29,    0
 18083, 99070,20180414,   40,    0
 18083, 99070,20180415,   35,    0
 18083, 99070,20180416,   28,    0
 18083, 99070,20180417,   19,    0
 18083, 99070,20180418,   26,    0
 18083, 99070,20180419,   32,    0
 18083, 99070,20180420,   51,    0
 18083, 99070,20180421,   47,    0
 18083, 99070,20180422,   35,    0
 18083, 99070,20180423,   57,    0
 18083, 99070,20180424,   59,    0
 18083, 99070,20180425,   46,    0
 18083, 99070,20180426,   45,    0
 18083, 99070,20180427,   39,    0
 18083, 99070,20180428,   28,    0
 18083, 99070,20180429,   21,    0
 18083, 99070,20180430,   33,    0
 18083, 99070,20180501,   37,    0
 18083, 99070,20180502,   61,    0
 18083, 99070,20180503,   69,    0
 18083, 99070,20180504,   80,    0
 18083, 99070,20180505,   93,    0
 18083, 99070,20180506,  101,    0
 18083, 99070,20180507,   59,    0
 18083, 99070,20180508,   85,    0
 18083, 99070,20180509,  132,    0
 18083, 99070,20180510,  174,    0
 18083, 99070,20180511,  135,    0
 18083, 99070,20180512,  115,    0
 18083, 99070,20180513,  112,    0
 18083, 99070,20180514,  124,    0
 18083, 99070,20180515,  127,    0
 18083, 99070,20180516,  119,    0
 18083, 99070,20180517,  101,    0
 18083, 99070,20180518,   83,    0
 18083, 99070,20180519,  103,    0
 18083, 99070,20180520,  115,    0
 18083, 99070,20180521,  113,    0
 18083, 99070,20180522,   88,    0
 18083, 99070,20180523,   59,    0
 18083, 99070,20180524,   89,    0
 18083, 99070,20180525,  129,    0
 18083, 99070,20180526,   90,    0
 18083, 99070,20180527,   96,    0
 18083, 99070,20180528,  153,    0
 18083, 99070,20180529,  125,    0
 18083, 99070,20180530,   76,    0
 18083, 99070,20180531,  108,    0
 18083, 99070,20180601,  123,    0
 18083, 99070,20180602,  104,    0
 18083, 99070,20180603,   90,    0
 18083, 99070,20180604,   54,    0
 18083, 99070,20180605,   52,    0
 18083, 99070,20180606,   53,    0
 18083, 99070,20180607,   53,    0
 18083, 99070,20180608,   68,    0
 18083, 99070,20180609,   78,    0
 18083, 99070,20180610,   99,    0
 18083, 99070,20180611,   84,    0
 18083, 99070,20180612,   60,    0
 18083, 99070,20180613,   69,    0
 18083, 99070,20180614,  117,    0
 18083, 99070,20180615,  152,    0
 18083, 99070,20180616,  152,    0
 18083, 99070,20180617,  124,    0
 18083, 99070,20180618,  135,    0
 18083, 99070,20180619,  132,    0
 18083, 99070,20180620,   98,    0
 18083, 99070,20180621,   91,    0
 18083, 99070,20180622,   89,    0
 18083, 99070,20180623,   83,    0
 18083, 99070,20180624,  105,    0
 18083, 99070,20180625,  131,    0
 18083, 99070,20180626,  139,    0
 18083, 99070,20180627,  113,    0
 18083, 99070,20180628,   89,    0
 18083, 99070,20180629,   83,    0
 18083, 99070,20180630,   99,    1
 18083, 99070,20180701,  153,    0
 18083, 99070,20180702,  203,    0
 18083, 99070,20180703,  186,    0
 18083, 99070,20180704,  128,    0
 18083, 99070,20180705,  158,    0
 18083, 99070,20180706,  162,    0
 18083, 99070,20180707,  112,    0
 18083, 99070,20180708,  134,    0
 18083, 99070,20180709,  144,    0
 18083, 99070,20180710,  144,    0
 18083, 99070,20180711,  133,    0
 18083, 99070,20180712,  126,    0
 18083, 99070,20180713,  120,    0
 18083, 99070,20180714,  117,    0
 18083, 99070,20180715,  148,    0
 18083, 99070,20180716,  169,    0
 18083, 99070,20180717,  184,    0
 18083, 99070,20180718,  206,    0
 18083, 99070,20180719,  226,    0
 18083, 99070,20180720,  146,    0
 18083, 99070,20180721,  156,    0
 18083, 99070,20180722,  153,    0
 18083, 99070,20180723,  158,    0
 18083, 99070,20180724,  150,    0
 18083, 99070,20180725,  154,    0
 18083, 99070,20180726,  143,    0
 18083, 99070,20180727,  145,    0
 18083, 99070,20180728,  190,    0
 18083, 99070,20180729,  242,    0
 18083, 99070,20180730,  256,    0
 18083, 99070,20180731,  216,    0
 18083, 99070,20180801,  235,    0
 18083, 99070,20180802,  174,    0
 18083, 99070,20180803,  159,    0
 18083, 99070,20180804,  150,    0
 18083, 99070,20180805,  144,    0
 18083, 99070,20180806,  126,    0
 18083, 99070,20180807,  113,    0
 18083, 99070,20180808,  113,    0
 18083, 99070,20180809,  128,    0
 18083, 99070,20180810,  153,    0
 18083, 99070,20180811,  164,    0
 18083, 99070,20180812,  128,    0
 18083, 99070,20180813,  110,    0
 18083, 99070,20180814,  104,    0
 18083, 99070,20180815,  109,    0
 18083, 99070,20180816,  152,    0
 18083, 99070,20180817,  177,    0
 18083, 99070,20180818,  150,    0
 18083, 99070,20180819,  136,    0
 18083, 99070,20180820,  107,    0
 18083, 99070,20180821,   94,    0
 18083, 99070,20180822,   97,    0
 18083, 99070,20180823,  120,    0
 18083, 99070,20180824,  128,    0
 18083, 99070,20180825,  119,    0
 18083, 99070,20180826,  108,    0
 18083, 99070,20180827,   88,    0
 18083, 99070,20180828,   90,    0
 18083, 99070,20180829,  169,    0
 18083, 99070,20180830,  153,    0
 18083, 99070,20180831,   96,    0
 18083, 99070,20180901,  116,    0
 18083, 99070,20180902,  146,    0
 18083, 99070,20180903,  179,    0
 18083, 99070,20180904,  117,    0
 18083, 99070,20180905,  107,    0
 18083, 99070,20180906,  103,    0
 18083, 99070,20180907,   78,    0
 18083, 99070,20180908,   56,    0
 18083, 99070,20180909,   85,    0
 18083, 99070,20180910,  167,    0
 18083, 99070,20180911,  155,    0
 18083, 99070,20180912,  102,    0
 18083, 99070,20180913,  100,    0
 18083, 99070,20180914,   90,    0
 18083, 99070,20180915,  101,    0
 18083, 99070,20180916,   89,    0
 18083, 99070,20180917,   73,    0
 18083, 99070,20180918,   56,    0
 18083, 99070,20180919,   92,    0
 18083, 99070,20180920,  118,    0
 18083, 99070,20180921,  113,    0
 18083, 99070,20180922,  114,    0
 18083, 99070,20180923,  102,    0
 18083, 99070,20180924,   56,    0
 18083, 99070,20180925,   55,    0
 18083, 99070,20180926,   58,    0
 18083, 99070,20180927,   39,    0
 18083, 99070,20180928,   15,    0
 18083, 99070,20180929,   46,    0
 18083, 99070,20180930,   49,    0
 18083, 99070,20181001,   58,    0
 18083, 99070,20181002,   53,    0
 18083, 99070,20181003,   41,    0
 18083, 99070,20181004,   32,    0
 18083, 99070,20181005,    4,    0
 18083, 99070,20181006,    2,    0
 18083, 99070,20181007,   28,    0
 18083, 99070,20181008,   59,    0
 18083, 99070,20181009,   67,    0
 18083, 99070,20181010,   50,    0
 18083, 99070,20181011,   44,    0
 18083, 99070,20181012,   86,    0
 18083, 99070,20181013,  113,    0
 18083, 99070,20181014,  139,    0
 18083, 99070,20181015,   83,    0
 18083, 99070,20181016,   79,    0
 18083, 99070,20181017,   84,    0
 18083, 99070,20181018,   69,    0
 18083, 99070,20181019,   48,    0
 18083, 99070,20181020,   47,    0
 18083, 99070,20181021,   83,    0
 18083, 99070,20181022,   67,    0
 18083, 99070,20181023,   19,    0
 18083, 99070,20181024,  -27,    0
 18083, 99070,20181025,    1,    0
 18083, 99070,20181026,   14,    0
 18083, 99070,20181027,   -3,    0
 18083, 99070,20181028,  -40,    0
 18083, 99070,20181029,  -17,    0
 18083, 99070,20181030,  -26,    0
 18083, 99070,20181031,   11,    0
 18083, 99070,20181101,   22,    0
 18083, 99070,20181102,   88,    0
 18083, 99070,20181103,   44,    0
 18083, 99070,20181104,   61,    0
 18083, 99070,20181105,  109,    0
 18083, 99070,20181106,   90,    0
 18083, 99070,20181107,   18,    0
 18083, 99070,20181108,   -5,    0
 18083, 99070,20181109,   63,    0
 18083, 99070,20181110,   78,    0
 18083, 99070,20181111,   80,    0
 18083, 99070,20181112,   79,    0
 18083, 99070,20181113,   31,    0
 18083, 99070,20181114,   48,    0
 18083, 99070,20181115,   81,    0
 18083, 99070,20181116,  105,    0
 18083, 99070,20181117,   69,    0
 18083, 99070,20181118,    1,    0
 18083, 99070,20181119,   32,    0
 18083, 99070,20181120,   51,    0
 18083, 99070,20181121,   61,    0
 18083, 99070,20181122,   68,    0
 18083, 99070,20181123,   33,    0
 18083, 99070,20181124,   25,    0
 18083, 99070,20181125,    1,    0
 18083, 99070,20181126,   -9,    0
 18083, 99070,20181127,  -40,    0
 18083, 99070,20181128,    0,    0
 18083, 99070,20181129,  -19,    0
 18083, 99070,20181130,   19,    0
 18083, 99070,20181201,   62,    0
 18083, 99070,20181202,   55,    0
 18083, 99070,20181203,   57,    0
 18083, 99070,20181204,   26,    0
 18083, 99070,20181205,   -5,    0
 18083, 99070,20181206,   24,    0
 18083, 99070,20181207,  -48,    0
 18083, 99070,20181208,  -97,    0
 18083, 99070,20181209,  -35,    0
 18083, 99070,20181210,  -37,    0
 18083, 99070,20181211,  -53,    0
 18083, 99070,20181212,  -15,    0
 18083, 99070,20181213,   27,    0
 18083, 99070,20181214,   29,    0
 18083, 99070,20181215,  -25,    0
 18083, 99070,20181216,  -96,    0
 18083, 99070,20181217, -107,    0
 18083, 99070,20181218,  -17,    0
 18083, 99070,20181219,  -10,    0
 18083, 99070,20181220,    1,    0
 18083, 99070,20181221,  -17,    0
 18083, 99070,20181222,  -44,    0
 18083, 99070,20181223,  -32,    0
 18083, 99070,20181224,   -4,    0
 18083, 99070,20181225,  -10,    0
 18083, 99070,20181226,    0,    0
 18083, 99070,20181227,  -29,    0
 18083, 99070,20181228,    5,    0
 18083, 99070,20181229,   32,    0
 18083, 99070,20181230,  -19,    0
 18083, 99070,20181231,   -8,    0
 18083, 99070,20190101,  -27,    0
 18083, 99070,20190102,  -37,    0
 18083, 99070,20190103,   -6,    0
 18083, 99070,20190104,   14,    0
 18083, 99070,20190105,   -4,    0
 18083, 99070,20190106,   49,    0
 18083, 99070,20190107,   23,    0
 18083, 99070,20190108,  -10,    0
 18083, 99070,20190109,  -47,    0
 18083, 99070,20190110,   31,    0
 18083, 99070,20190111,   11,    0
 18083, 99070,20190112,   -1,    0
 18083, 99070,20190113,  -68,    0
 18083, 99070,20190114,  -64,    0
 18083, 99070,20190115,  -50,    0
 18083, 99070,20190116,  -42,    0
 18083, 99070,20190117,  -69,    0
 18083, 99070,20190118,  -94,    0
 18083, 99070,20190119, -110,    0
 18083, 99070,20190120, -115,    0
 18083, 99070,20190121,  -60,    0
 18083, 99070,20190122,  -62,    0
 18083, 99070,20190123,  -97,    0
 18083, 99070,20190124,  -93,    0
 18083, 99070,20190125,  -73,    0
 18083, 99070,20190126,  -80,    0
 18083, 99070,20190127, -128,    0
 18083, 99070,20190128, -142,    0
 18083, 99070,20190129,  -85,    0
 18083, 99070,20190130,  -59,    0
 18083, 99070,20190131,  -78,    0
 18083, 99070,20190201,  -70,    0
 18083, 99070,20190202,  -61,    0
 18083, 99070,20190203,  -83,    0
 18083, 99070,20190204,  -84,    0
 18083, 99070,20190205, -123,    0
 18083, 99070,20190206,  -63,    0
 18083, 99070,20190207, -106,    0
 18083, 99070,20190208,  -72,    0
 18083, 99070,20190209,  -66,    0
 18083, 99070,20190210,  -37,    0
 18083, 99070,20190211,  -44,    0
 18083, 99070,20190212,  -15,    0
 18083, 99070,20190213,   -9,    0
 18083, 99070,20190214,   23,    0
 18083, 99070,20190215,   19,    0
 18083, 99070,20190216,   25,    0
 18083, 99070,20190217,  -31,    0
 18083, 99070,20190218,  -32,    0
 18083, 99070,20190219,  -66,    0
 18083, 99070,20190220,  -98,    0
 18083, 99070,20190221, -133,    0
 18083, 99070,20190222,   -8,    0
 18083, 99070,20190223,   57,    0
 18083, 99070,20190224,   71,    0
 18083, 99070,20190225,   32,    0
 18083, 99070,20190226,   14,    0
 18083, 99070,20190227,   19,    0
 18083, 99070,20190228,  -39,    0
 18083, 99070,20190301,  -40,    0
 18083, 99070,20190302, -108,    0
 18083, 99070,20190303, -117,    0
 18083, 99070,20190304,  -73,    0
 18083, 99070,20190305,  -84,    0
 18083, 99070,20190306,  -44,    0
 18083, 99070,20190307,  -76,    0
 18083, 99070,20190308,  -83,    0
 18083, 99070,20190309,  -40,    0
 18083, 99070,20190310,  -75,    0
 18083, 99070,20190311, -113,    0
 18083, 99070,20190312,  -39,    0
 18083, 99070,20190313,  -27,    0
 18083, 99070,20190314,  -11,    0
 18083, 99070,20190315,  -14,    0
 18083, 99070,20190316,  -25,    0
 18083, 99070,20190317,  -37,    0
 18083, 99070,20190318,  -29,    0
 18083, 99070,20190319,  -28,    0
 18083, 99070,20190320,   30,    0
 18083, 99070,20190321,   40,    0
 18083, 99070,20190322,   24,    0
 18083, 99070,20190323,   58,    0
 18083, 99070,20190324,   17,    0
 18083, 99070,20190325,   -7,    0
 18083, 99070,20190326,   -6,    0
 18083, 99070,20190327,   20,    0
 18083, 99070,20190328,   55,    0
 18083, 99070,20190329,   17,    0
 18083, 99070,20190330,    7,    0
 18083, 99070,20190331,    0,    0
 18083, 99070,20190401,    8,    0
 18083, 99070,20190402,   28,    0
 18083, 99070,20190403,   44,    0
 18083, 99070,20190404,    2,    0
 18083, 99070,20190405,  -18,    0
 18083, 99070,20190406,    4,    0
 18083, 99070,20190407,    0,    0
 18083, 99070,20190408,  -10,    0
 18083, 99070,20190409,  -29,    0
 18083, 99070,20190410,  -19,    0
 18083, 99070,20190411,    9,    0
 18083, 99070,20190412,   42,    0
 18083, 99070,20190413,   49,    0
 18083, 99070,20190414,   68,    0
 18083, 99070,20190415,   51,    0
 18083, 99070,20190416,   25,    0
 18083, 99070,20190417,   22,    0
 18083, 99070,20190418,   38,    0
 18083, 99070,20190419,   54,    0
 18083, 99070,20190420,   94,    0
 18083, 99070,20190421,   88,    0
 18083, 99070,20190422,   71,    0
 18083, 99070,20190423,   81,    0
 18083, 99070,20190424,   66,    0
 18083, 99070,20190425,   65,    0
 18083, 99070,20190426,   68,    0
 18083, 99070,20190427,   61,    0
 18083, 99070,20190428,   60,    0
 18083, 99070,20190429,   49,    0
 18083, 99070,20190430,   50,    0
 18083, 99070,20190501,   15,    0
 18083, 99070,20190502,    0,    0
 18083, 99070,20190503,    5,    0
 18083, 99070,20190504,    1,    0
 18083, 99070,20190505,   13,    0
 18083, 99070,20190506,   26,    0
 18083, 99070,20190507,   71,    0
 18083, 99070,20190508,   39,    0
 18083, 99070,20190509,   61,    0
 18083, 99070,20190510,  109,    0
 18083, 99070,20190511,   94,    0
 18083, 99070,20190512,   64,    0
 18083, 99070,20190513,   62,    0
 18083, 99070,20190514,   66,    0
 18083, 99070,20190515,   68,    0
 18083, 99070,20190516,   83,    0
 18083, 99070,20190517,  103,    0
 18083, 99070,20190518,   85,    0
 18083, 99070,20190519,  114,    0
 18083, 99070,20190520,  124,    0
 18083, 99070,20190521,   87,    0
 18083, 99070,20190522,   70,    0
 18083, 99070,20190523,   68,    0
 18083, 99070,20190524,   84,    0
 18083, 99070,20190525,   57,    0
 18083, 99070,20190526,   58,    0
 18083, 99070,20190527,   89,    0
 18083, 99070,20190528,  110,    0
 18083, 99070,20190529,  105,    0
 18083, 99070,20190530,   88,    0
 18083, 99070,20190531,   96,    0
 18083, 99070,20190601,   88,    0
 18083, 99070,20190602,   70,    0
 18083, 99070,20190603,   89,    0
 18083, 99070,20190604,  114,    0
 18083, 99070,20190605,  113,    0
 18083, 99070,20190606,  124,    0
 18083, 99070,20190607,  126,    0
 18083, 99070,20190608,  113,    0
 18083, 99070,20190609,   97,    0
 18083, 99070,20190610,   60,    0
 18083, 99070,20190611,   71,    0
 18083, 99070,20190612,   92,    0
 18083, 99070,20190613,  105,    0
 18083, 99070,20190614,   91,    0
 18083, 99070,20190615,   99,    0
 18083, 99070,20190616,   96,    0
 18083, 99070,20190617,  100,    0
 18083, 99070,20190618,  100,    0
 18083, 99070,20190619,   89,    0
 18083, 99070,20190620,  115,    0
 18083, 99070,20190621,  134,    0
 18083, 99070,20190622,  109,    0
 18083, 99070,20190623,  104,    0
 18083, 99070,20190624,  124,    0
 18083, 99070,20190625,  121,    0
 18083, 99070,20190626,  127,    0
 18083, 99070,20190627,   84,    0
 18083, 99070,20190628,  102,    0
 18083, 99070,20190629,   73,    0
 18083, 99070,20190630,   90,    0
 18083, 99070,20190701,  118,    0
 18083, 99070,20190702,   98,    0
 18083, 99070,20190703,   89,    0
 18083, 99070,20190704,   98,    0
 18083, 99070,20190705,  124,    0
 18083, 99070,20190706,   96,    0
 18083, 99070,20190707,  164,    0
 18083, 99070,20190708,  161,    0
 18083, 99070,20190709,  131,    0
 18083, 99070,20190710,  115,    0
 18083, 99070,20190711,  122,    0
 18083, 99070,20190712,  108,    0
 18083, 99070,20190713,  119,    0
 18083, 99070,20190714,  104,    0
 18083, 99070,20190715,  104,    0
 18083, 99070,20190716,  110,    0
 18083, 99070,20190717,  110,    0
 18083, 99070,20190718,  155,    0
 18083, 99070,20190719,  181,    0
 18083, 99070,20190720,  185,    0
 18083, 99070,20190721,  212,    0
 18083, 99070,20190722,  207,    0
 18083, 99070,20190723,  167,    0
 18083, 99070,20190724,  166,    0
 18083, 99070,20190725,  166,    0
 18083, 99070,20190726,  181,    0
 18083, 99070,20190727,  144,    0
 18083, 99070,20190728,  146,    0
 18083, 99070,20190729,  119,    0
 18083, 99070,20190730,  106,    0
 18083, 99070,20190731,  115,    0
 18083, 99070,20190801,  125,    0
 18083, 99070,20190802,   98,    0
 18083, 99070,20190803,  107,    0
 18083, 99070,20190804,  104,    0
 18083, 99070,20190805,  101,    0
 18083, 99070,20190806,  109,    0
 18083, 99070,20190807,  124,    0
 18083, 99070,20190808,  129,    0
 18083, 99070,20190809,  130,    0
 18083, 99070,20190810,  141,    0
 18083, 99070,20190811,  186,    0
 18083, 99070,20190812,  155,    0
 18083, 99070,20190813,  136,    0
 18083, 99070,20190814,  134,    0
 18083, 99070,20190815,  108,    0
 18083, 99070,20190816,  131,    1
 18083, 99070,20190817,  151,    0
 18083, 99070,20190818,  166,    0
 18083, 99070,20190819,  158,    0
 18083, 99070,20190820,  139,    0
 18083, 99070,20190821,  120,    0
 18083, 99070,20190822,  124,    0
 18083, 99070,20190823,  117,    0
 18083, 99070,20190824,   93,    0
 18083, 99070,20190825,   98,    0
 18083, 99070,20190826,  128,    0
 18083, 99070,20190827,  149,    0
 18083, 99070,20190828,  141,    0
 18083, 99070,20190829,  228,    0
 18083, 99070,20190830,  168,    0
 18083, 99070,20190831,  151,    0
 18083, 99070,20190901,  179,    0
 18083, 99070,20190902,  139,    0
 18083, 99070,20190903,  131,    0
 18083, 99070,20190904,  122,    0
 18083, 99070,20190905,   95,    0
 18083, 99070,20190906,   89,    0
 18083, 99070,20190907,   74,    0
 18083, 99070,20190908,   72,    0
 18083, 99070,20190909,  103,    0
 18083, 99070,20190910,  133,    0
 18083, 99070,20190911,  183,    0
 18083, 99070,20190912,  144,    0
 18083, 99070,20190913,   84,    0
 18083, 99070,20190914,   63,    0
 18083, 99070,20190915,   80,    0
 18083, 99070,20190916,   60,    0
 18083, 99070,20190917,   70,    0
 18083, 99070,20190918,   51,    0
 18083, 99070,20190919,   44,    0
 18083, 99070,20190920,   52,    0
 18083, 99070,20190921,   44,    0
 18083, 99070,20190922,   52,    0
 18083, 99070,20190923,   44,    0
 18083, 99070,20190924,   13,    0
 18083, 99070,20190925,   82,    0
 18083, 99070,20190926,  102,    0
 18083, 99070,20190927,   51,    0
 18083, 99070,20190928,   41,    0
 18083, 99070,20190929,   52,    0
 18083, 99070,20190930,   58,    0
 18083, 99070,20191001,   69,    0
 18083, 99070,20191002,   40,    0
 18083, 99070,20191003,   33,    0
 18083, 99070,20191004,   12,    0
 18083, 99070,20191005,   43,    0
 18083, 99070,20191006,   66,    0
 18083, 99070,20191007,   57,    0
 18083, 99070,20191008,   45,    0
 18083, 99070,20191009,   37,    0
 18083, 99070,20191010,   20,    0
 18083, 99070,20191011,    5,    0
 18083, 99070,20191012,   12,    0
 18083, 99070,20191013,   18,    0
 18083, 99070,20191014,   11,    0
 18083, 99070,20191015,  -33,    0
 18083, 99070,20191016,  -42,    0
 18083, 99070,20191017,  -38,    0
 18083, 99070,20191018,    8,    0
 18083, 99070,20191019,  -15,    0
 18083, 99070,20191020,  -31,    0
 18083, 99070,20191021,   -2,    0
 18083, 99070,20191022,   21,    0
 18083, 99070,20191023,   34,    0
 18083, 99070,20191024,   11,    0
 18083, 99070,20191025,   24,    0
 18083, 99070,20191026,   -3,    0
 18083, 99070,20191027,  -42,    0
 18083, 99070,20191028,  -36,    0
 18083, 99070,20191029,  -28,    0
 18083, 99070,20191030,  -25,    0
 18083, 99070,20191031,  -31,    0
 18083, 99070,20191101,  -28,    0
 18083, 99070,20191102,  -56,    0
 18083, 99070,20191103,  -43,    0
 18083, 99070,20191104,  -48,    0
 18083, 99070,20191105,  -10,    0
 18083, 99070,20191106,  -44,    0
 18083, 99070,20191107,  -42,    0
 18083, 99070,20191108,  -81,    0
 18083, 99070,20191109, -110,    0
 18083, 99070,20191110, -108,    0
 18083, 99070,20191111,  -65,    0
 18083, 99070,20191112,  -18,    0
 18083, 99070,20191113,   -3,    0
 18083, 99070,20191114,  -34,    0
 18083, 99070,20191115,  -22,    0
 18083, 99070,20191116,  -38,    0
 18083, 99070,20191117,   12,    0
 18083, 99070,20191118,  -30,    0
 18083, 99070,20191119,   49,    0
 18083, 99070,20191120,   55,    0
 18083, 99070,20191121,   63,    0
 18083, 99070,20191122,   -8,    0
 18083, 99070,20191123,  -15,    0
 18083, 99070,20191124,   -2,    0
 18083, 99070,20191125,   16,    0
 18083, 99070,20191126,    2,    0
 18083, 99070,20191127,  -21,    0
 18083, 99070,20191128,  -32,    0
 18083, 99070,20191129,  -46,    0
 18083, 99070,20191130,  -25,    0
 18083, 99070,20191201,    6,    0
 18083, 99070,20191202,    5,    0
 18083, 99070,20191203,  -12,    0
 18083, 99070,20191204,   30,    0
 18083, 99070,20191205,   44,    0
 18083, 99070,20191206,    1,    0
 18083, 99070,20191207,  -21,    0
 18083, 99070,20191208,  -50,    0
 18083, 99070,20191209,  -96,    0
 18083, 99070,20191210,  -55,    0
 18083, 99070,20191211,  -12,    0
 18083, 99070,20191212,   36,    0
 18083, 99070,20191213,   -5,    0
 18083, 99070,20191214,    8,    0
 18083, 99070,20191215,   32,    0
 18083, 99070,20191216,   17,    0
 18083, 99070,20191217,  -17,    0
 18083, 99070,20191218,  -33,    0
 18083, 99070,20191219,  -35,    0
 18083, 99070,20191220,  -88,    0
 18083, 99070,20191221,  -48,    0
 18083, 99070,20191222,    9,    0
 18083, 99070,20191223,   12,    0
 18083, 99070,20191224,  -16,    0
 18083, 99070,20191225,    0,    0
 18083, 99070,20191226,  -43,    0
 18083, 99070,20191227,  -77,    0
 18083, 99070,20191228,   40,    0
 18083, 99070,20191229,   45,    0
 18083, 99070,20191230,    4,    0
 18083, 99070,20191231,  -17,    0
 18083, 99070,20200101,    3,    0
 18083, 99070,20200102,   48,    0
 18083, 99070,20200103,   19,    0
 18083, 99070,20200104,  -20,    0
 18083, 99070,20200105,  -13,    0
 18083, 99070,20200106,    2,    0
 18083, 99070,20200107,   67,    0
 18083, 99070,20200108,   50,    0
 18083, 99070,20200109,   26,    0
 18083, 99070,20200110,    4,    0
 18083, 99070,20200111,   19,    0
 18083, 99070,20200112,    4,    0
 18083, 99070,20200113,    9,    0
 18083, 99070,20200114,   -7,    0
 18083, 99070,20200115,  -30,    0
 18083, 99070,20200116,   -4,    0
 18083, 99070,20200117,  -37,    0
 18083, 99070,20200118,  -23,    0
 18083, 99070,20200119,  -15,    0
 18083, 99070,20200120,   35,    0
 18083, 99070,20200121,    7,    0
 18083, 99070,20200122,   -2,    0
 18083, 99070,20200123,   -3,    0
 18083, 99070,20200124,  -42,    0
 18083, 99070,20200125,  -59,    0
 18083, 99070,20200126,  -99,    0
 18083, 99070,20200127,  -81,    0
 18083, 99070,20200128,  -81,    0
 18083, 99070,20200129,  -67,    0
 18083, 99070,20200130,  -30,    0
 18083, 99070,20200131,  -43,    0
 18083, 99070,20200201,  -33,    0
 18083, 99070,20200202,  -37,    0
 18083, 99070,20200203,  -17,    0
 18083, 99070,20200204,  -44,    0
 18083, 99070,20200205,  -44,    0
 18083, 99070,20200206,  -25,    0
 18083, 99070,20200207,    0,    0
 18083, 99070,20200208,   18,    0
 18083, 99070,20200209,   13,    0
 18083, 99070,20200210,   18,    0
 18083, 99070,20200211,    5,    0
 18083, 99070,20200212,  -15,    0
 18083, 99070,20200213,  -20,    0
 18083, 99070,20200214,  -38,    0
 18083, 99070,20200215,  -39,    0
 18083, 99070,20200216,  -41,    0
 18083, 99070,20200217,   -1,    0
 18083, 99070,20200218,   -2,    0
 18083, 99070,20200219,  -59,    0
 18083, 99070,20200220,  -27,    0
 18083, 99070,20200221,   29,    0
 18083, 99070,20200222,   47,    0
 18083, 99070,20200223,   14,    0
 18083, 99070,20200224,   -8,    0
 18083, 99070,20200225,  -60,    0
 18083, 99070,20200226,  -30,    0
 18083, 99070,20200227,   18,    0
 18083, 99070,20200228,  -43,    0
 18083, 99070,20200229,  -34,    0
 18083, 99070,20200301,  -76,    0
 18083, 99070,20200302,  -58,    0
 18083, 99070,20200303,  -57,    0
 18083, 99070,20200304,  -28,    0
 18083, 99070,20200305,  -31,    0
 18083, 99070,20200306,  -21,    0
 18083, 99070,20200307,    5,    0
 18083, 99070,20200308,   18,    0
 18083, 99070,20200309,   38,    0
 18083, 99070,20200310,   -6,    0
 18083, 99070,20200311,  -35,    0
 18083, 99070,20200312,  -28,    0
 18083, 99070,20200313,  -53,    0
 18083, 99070,20200314,  -44,    0
 18083, 99070,20200315,   -2,    0
 18083, 99070,20200316,  -18,    0
 18083, 99070,20200317,   -2,    0
 18083, 99070,20200318,   21,    0
 18083, 99070,20200319,  -34,    0
 18083, 99070,20200320,  -48,    0
 18083, 99070,20200321,   -6,    0
 18083, 99070,20200322,   48,    0
 18083, 99070,20200323,   57,    0
 18083, 99070,20200324,   62,    0
 18083, 99070,20200325,   37,    0
 18083, 99070,20200326,   51,    0
 18083, 99070,20200327,   32,    0
 18083, 99070,20200328,  -23,    0
 18083, 99070,20200329,  -33,    0
 18083, 99070,20200330,  -19,    0
 18083, 99070,20200331,    4,    0
 18083, 99070,20200401,  -23,    0
 18083, 99070,20200402,  -37,    0
 18083, 99070,20200403,  -38,    0
 18083, 99070,20200404,  -40,    0
 18083, 99070,20200405,  -44,    0
 18083, 99070,20200406,  -11,    0
 18083, 99070,20200407,   44,    0
 18083, 99070,20200408,   49,    0
 18083, 99070,20200409,  -10,    0
 18083, 99070,20200410,  -10,    0
 18083, 99070,20200411,   -7,    0
 18083, 99070,20200412,   -3,    0
 18083, 99070,20200413,   14,    0
 18083, 99070,20200414,   19,    0
 18083, 99070,20200415,   24,    0
 18083, 99070,20200416,   12,    0
 18083, 99070,20200417,   26,    0
 18083, 99070,20200418,   43,    0
 18083, 99070,20200419,   62,    0
 18083, 99070,20200420,   66,    0
 18083, 99070,20200421,   48,    0
 18083, 99070,20200422,   37,    0
 18083, 99070,20200423,   24,    0
 18083, 99070,20200424,   -3,    0
 18083, 99070,20200425,   19,    0
 18083, 99070,20200426,   25,    0
 18083, 99070,20200427,   15,    0
 18083, 99070,20200428,    9,    0
 18083, 99070,20200429,    1,    0
 18083, 99070,20200430,   14,    0
 18083, 99070,20200501,   36,    0
 18083, 99070,20200502,   46,    0
 18083, 99070,20200503,   57,    0
 18083, 99070,20200504,   46,    0
 18083, 99070,20200505,   52,    0
 18083, 99070,20200506,   62,    0
 18083, 99070,20200507,   45,    0
 18083, 99070,20200508,   23,    0
 18083, 99070,20200509,   21,    0
 18083, 99070,20200510,   20,    0
 18083, 99070,20200511,   18,    0
 18083, 99070,20200512,   10,    0
 18083, 99070,20200513,   32,    0
 18083, 99070,20200514,   20,    0
 18083, 99070,20200515,   39,    0
 18083, 99070,20200516,   48,    0
 18083, 99070,20200517,   33,    0
 18083, 99070,20200518,   43,    0
 18083, 99070,20200519,   50,    0
 18083, 99070,20200520,   56,    0
 18083, 99070,20200521,   67,    0
 18083, 99070,20200522,   83,    0
 18083, 99070,20200523,  125,    0
 18083, 99070,20200524,  124,    0
 18083, 99070,20200525,  134,    0
 18083, 99070,20200526,  132,    0
 18083, 99070,20200527,  119,    0
 18083, 99070,20200528,   96,    0
 18083, 99070,20200529,   91,    0
 18083, 99070,20200530,  102,    0
 18083, 99070,20200531,  149,    0
 18083, 99070,20200601,  169,    0
 18083, 99070,20200602,  130,    0
 18083, 99070,20200603,   94,    0
 18083, 99070,20200604,  111,    0
 18083, 99070,20200605,  153,    0
 18083, 99070,20200606,  128,    0
 18083, 99070,20200607,  143,    0
 18083, 99070,20200608,  121,    0
 18083, 99070,20200609,   76,    0
 18083, 99070,20200610,   92,    0
 18083, 99070,20200611,   94,    0
 18083, 99070,20200612,  120,    0
 18083, 99070,20200613,  147,    0
 18083, 99070,20200614,  171,    0
 18083, 99070,20200615,  109,    0
 18083, 99070,20200616,  101,    0
 18083, 99070,20200617,  115,    0
 18083, 99070,20200618,  117,    0
 18083, 99070,20200619,   96,    0
 18083, 99070,20200620,  111,    0
 18083, 99070,20200621,  137,    0
 18083, 99070,20200622,  127,    0
 18083, 99070,20200623,  149,    0
 18083, 99070,20200624,  138,    0
 18083, 99070,20200625,  161,    0
 18083, 99070,20200626,  130,    0
 18083, 99070,20200627,  111,    0
 18083, 99070,20200628,  115,    0
 18083, 99070,20200629,  109,    0
 18083, 99070,20200630,   83,    0
 18083, 99070,20200701,   76,    0
 18083, 99070,20200702,   76,    0
 18083, 99070,20200703,  113,    0
 18083, 99070,20200704,   89,    0
 18083, 99070,20200705,   98,    0
 18083, 99070,20200706,  110,    0
 18083, 99070,20200707,  111,    0
 18083, 99070,20200708,  116,    0
 18083, 99070,20200709,  121,    0
 18083, 99070,20200710,  115,    0
 18083, 99070,20200711,  130,    0
 18083, 99070,20200712,  138,    0
 18083, 99070,20200713,  125,    0
 18083, 99070,20200714,  147,    0
 18083, 99070,20200715,  154,    0
 18083, 99070,20200716,  152,    0
 18083, 99070,20200717,  169,    0
 18083, 99070,20200718,  158,    0
 18083, 99070,20200719,  146,    0
 18083, 99070,20200720,  141,    0
 18083, 99070,20200721,  126,    0
 18083, 99070,20200722,  114,    0
 18083, 99070,20200723,  100,    0
 18083, 99070,20200724,  136,    0
 18083, 99070,20200725,  169,    0
 18083, 99070,20200726,  178,    0
 18083, 99070,20200727,  207,    0
 18083, 99070,20200728,  209,    0
 18083, 99070,20200729,  207,    0
 18083, 99070,20200730,  199,    0
 18083, 99070,20200731,  165,    0
 18083, 99070,20200801,  138,    0
 18083, 99070,20200802,  146,    0
 18083, 99070,20200803,  156,    0
 18083, 99070,20200804,  154,    0
 18083, 99070,20200805,  136,    0
 18083, 99070,20200806,  142,    0
 18083, 99070,20200807,  143,    0
 18083, 99070,20200808,  147,    0
 18083, 99070,20200809,  147,    0
 18083, 99070,20200810,  129,    0
 18083, 99070,20200811,  122,    0
 18083, 99070,20200812,  111,    0
 18083, 99070,20200813,  119,    0
 18083, 99070,20200814,  136,    0
 18083, 99070,20200815,  118,    0
 18083, 99070,20200816,   96,    0
 18083, 99070,20200817,  101,    0
 18083, 99070,20200818,  105,    0
 18083, 99070,20200819,  108,    0
 18083, 99070,20200820,  104,    0
 18083, 99070,20200821,  115,    0
 18083, 99070,20200822,  201,    0
 18083, 99070,20200823,  150,    0
 18083, 99070,20200824,  116,    0
 18083, 99070,20200825,  108,    0
 18083, 99070,20200826,   97,    0
 18083, 99070,20200827,   83,    0
 18083, 99070,20200828,   76,    0
 18083, 99070,20200829,   79,    0
 18083, 99070,20200830,   74,    0
 18083, 99070,20200831,   74,    0
 18083, 99070,20200901,  103,    0
 18083, 99070,20200902,  139,    0
 18083, 99070,20200903,  157,    0
 18083, 99070,20200904,  151,    0
 18083, 99070,20200905,  124,    0
 18083, 99070,20200906,  110,    0
 18083, 99070,20200907,  118,    0
 18083, 99070,20200908,  138,    0
 18083, 99070,20200909,  103,    0
 18083, 99070,20200910,   92,    0
 18083, 99070,20200911,   88,    0
 18083, 99070,20200912,   80,    0
 18083, 99070,20200913,   58,    0
 18083, 99070,20200914,   86,    0
 18083, 99070,20200915,   83,    0
 18083, 99070,20200916,   73,    0
 18083, 99070,20200917,   75,    0
 18083, 99070,20200918,   83,    0
 18083, 99070,20200919,   67,    0
 18083, 99070,20200920,   78,    0
 18083, 99070,20200921,   82,    0
 18083, 99070,20200922,   70,    0
 18083, 99070,20200923,   93,    0
 18083, 99070,20200924,   75,    0
 18083, 99070,20200925,   87,    0
 18083, 99070,20200926,   56,    0
 18083, 99070,20200927,   53,    0
 18083, 99070,20200928,   85,    0
 18083, 99070,20200929,   78,    0
 18083, 99070,20200930,   94,    0
 18083, 99070,20201001,   94,    0
 18083, 99070,20201002,  137,    0
 18083, 99070,20201003,  128,    0
 18083, 99070,20201004,   93,    0
 18083, 99070,20201005,  122,    0
 18083, 99070,20201006,  106,    0
 18083, 99070,20201007,  123,    0
 18083, 99070,20201008,  149,    0
 18083, 99070,20201009,  125,    0
 18083, 99070,20201010,   89,    0
 18083, 99070,20201011,   83,    0
 18083, 99070,20201012,   61,    0
 18083, 99070,20201013,   40,    0
 18083, 99070,20201014,   46,    0
 18083, 99070,20201015,   52,    0
 18083, 99070,20201016,   48,    0
 18083, 99070,20201017,   22,    0
 18083, 99070,20201018,    8,    0
 18083, 99070,20201019,  -14,    0
 18083, 99070,20201020,  -10,    0
 18083, 99070,20201021,   -2,    0
 18083, 99070,20201022,    1,    0
 18083, 99070,20201023,    9,    0
 18083, 99070,20201024,   31,    0
 18083, 99070,20201025,   37,    0
 18083, 99070,20201026,   44,    0
 18083, 99070,20201027,  -11,    0
 18083, 99070,20201028,  -22,    0
 18083, 99070,20201029,   -9,    0
 18083, 99070,20201030,    7,    0
 18083, 99070,20201031,   -1,    0
 18083, 99070,20201101,   76,    0
 18083, 99070,20201102,   85,    0
 18083, 99070,20201103,   71,    0
 18083, 99070,20201104,   69,    0
 18083, 99070,20201105,   52,    0
 18083, 99070,20201106,   52,    0
 18083, 99070,20201107,   33,    0
 18083, 99070,20201108,   16,    0
 18083, 99070,20201109,   32,    0
 18083, 99070,20201110,    9,    0
 18083, 99070,20201111,    4,    0
 18083, 99070,20201112,   31,    0
 18083, 99070,20201113,   29,    0
 18083, 99070,20201114,   75,    0
 18083, 99070,20201115,   85,    0
 18083, 99070,20201116,   84,    0
 18083, 99070,20201117,   94,    0
 18083, 99070,20201118,   59,    0
 18083, 99070,20201119,    1,    0
 18083, 99070,20201120,    5,    0
 18083, 99070,20201121,    5,    0
 18083, 99070,20201122,  -16,    0
 18083, 99070,20201123,    7,    0
 18083, 99070,20201124,    3,    0
 18083, 99070,20201125,  -41,    0
 18083, 99070,20201126,  -59,    0
 18083, 99070,20201127,   26,    0
 18083, 99070,20201128,   58,    0
 18083, 99070,20201129,   75,    0
 18083, 99070,20201130,   46,    0
 18083, 99070,20201201,   -1,    0
 18083, 99070,20201202,   51,    0
 18083, 99070,20201203,   48,    0
 18083, 99070,20201204,   33,    0
 18083, 99070,20201205,    0,    0
 18083, 99070,20201206,   -1,    0
 18083, 99070,20201207,  -27,    0
 18083, 99070,20201208,    5,    0
 18083, 99070,20201209,   28,    0
 18083, 99070,20201210,   10,    0
 18083, 99070,20201211,  -16,    0
 18083, 99070,20201212,  -28,    0
 18083, 99070,20201213,   -2,    0
 18083, 99070,20201214,   17,    0
 18083, 99070,20201215,   -7,    0
 18083, 99070,20201216,    0,    0
 18083, 99070,20201217,  -24,    0
 18083, 99070,20201218,  -47,    0
 18083, 99070,20201219,  -49,    0
 18083, 99070,20201220,   30,    0
 18083, 99070,20201221,   63,    0
 18083, 99070,20201222,   47,    0
 18083, 99070,20201223,   42,    0
 18083, 99070,20201224,   25,    0
 18083, 99070,20201225,  -19,    0
 18083, 99070,20201226,  -90,    0
 18083, 99070,20201227, -109,    0
 18083, 99070,20201228,   10,    0
 18083, 99070,20201229,   39,    0
 18083, 99070,20201230,   28,    0
 18083, 99070,20201231,   13,    0
 18083, 99070,20210101,   -8,    0
 18083, 99070,20210102,  -18,    0
 18083, 99070,20210103,   -7,    0
 18083, 99070,20210104,   10,    0
 18083, 99070,20210105,   18,    0
 18083, 99070,20210106,   40,    0
 18083, 99070,20210107,   30,    0
 18083, 99070,20210108,  -33,    0
 18083, 99070,20210109,  -38,    0
 18083, 99070,20210110,  -15,    0
 18083, 99070,20210111,  -53,    0
 18083, 99070,20210112,  -45,    0
 18083, 99070,20210113,  -64,    0
 18083, 99070,20210114,  -44,    0
 18083, 99070,20210115,   32,    0
 18083, 99070,20210116,   14,    0
 18083, 99070,20210117,  -19,    0
 18083, 99070,20210118,  -16,    0
 18083, 99070,20210119,  -28,    0
 18083, 99070,20210120,  -59,    0
 18083, 99070,20210121,  -90,    0
 18083, 99070,20210122, -112,    0
 18083, 99070,20210123, -114,    0
 18083, 99070,20210124,  -94,    0
 18083, 99070,20210125, -105,    0
 18083, 99070,20210126,  -55,    0
 18083, 99070,20210127,  -41,    0
 18083, 99070,20210128,  -58,    0
 18083, 99070,20210129,  -83,    0
 18083, 99070,20210130,  -60,    0
 18083, 99070,20210131,  -63,    0
 18083, 99070,20210201,  -45,    0
 18083, 99070,20210202,  -74,    0
 18083, 99070,20210203,  -84,    0
 18083, 99070,20210204,  -24,    0
 18083, 99070,20210205,  -11,    0
 18083, 99070,20210206,  -20,    0
 18083, 99070,20210207,  -12,    0
 18083, 99070,20210208,  -30,    0
 18083, 99070,20210209,  -88,    0
 18083, 99070,20210210,  -52,    0
 18083, 99070,20210211,  -53,    0
 18083, 99070,20210212,   -9,    0
 18083, 99070,20210213,  -62,    0
 18083, 99070,20210214,  -64,    0
 18083, 99070,20210215,   10,    0
 18083, 99070,20210216,  -56,    0
 18083, 99070,20210217, -135,    0
 18083, 99070,20210218,  -50,    0
 18083, 99070,20210219,  -74,    0
 18083, 99070,20210220,  -92,    0
 18083, 99070,20210221, -105,    0
 18083, 99070,20210222,  -53,    0
 18083, 99070,20210223,  -48,    0
 18083, 99070,20210224,    6,    0
 18083, 99070,20210225,   57,    0
 18083, 99070,20210226,   30,    0
 18083, 99070,20210227,   18,    0
 18083, 99070,20210228,   64,    0
 18083, 99070,20210301,   12,    0
 18083, 99070,20210302,    6,    0
 18083, 99070,20210303,  -15,    0
 18083, 99070,20210304,  -33,    0
 18083, 99070,20210305,  -27,    0
 18083, 99070,20210306,  -30,    0
 18083, 99070,20210307,  -33,    0
 18083, 99070,20210308,  -64,    0
 18083, 99070,20210309,  -77,    0
 18083, 99070,20210310,  -87,    0
 18083, 99070,20210311,  -45,    0
 18083, 99070,20210312,   -9,    0
 18083, 99070,20210313,  -26,    0
 18083, 99070,20210314,   -5,    0
 18083, 99070,20210315,   -2,    0
 18083, 99070,20210316,  -31,    0
 18083, 99070,20210317,  -56,    0
 18083, 99070,20210318,  -63,    0
 18083, 99070,20210319,   14,    0
 18083, 99070,20210320,   26,    0
 18083, 99070,20210321,  -19,    0
 18083, 99070,20210322,   -3,    0
 18083, 99070,20210323,   38,    0
 18083, 99070,20210324,   40,    0
 18083, 99070,20210325,   10,    0
 18083, 99070,20210326,   23,    0
 18083, 99070,20210327,   67,    0
 18083, 99070,20210328,   47,    0
 18083, 99070,20210329,   56,    0
 18083, 99070,20210330,   29,    0
 18083, 99070,20210331,   32,    0
 18083, 99070,20210401,   33,    0
 18083, 99070,20210402,   24,    0
 18083, 99070,20210403,   30,    0
 18083, 99070,20210404,    4,    0
 18083, 99070,20210405,   -9,    0
 18083, 99070,20210406,   20,    0
 18083, 99070,20210407,    9,    0
 18083, 99070,20210408,  -14,    0
 18083, 99070,20210409,  -27,    0
 18083, 99070,20210410,   -3,    0
 18083, 99070,20210411,   28,    0
 18083, 99070,20210412,    9,    0
 18083, 99070,20210413,   -7,    0
 18083, 99070,20210414,    3,    0
 18083, 99070,20210415,   41,    0
 18083, 99070,20210416,   71,    0
 18083, 99070,20210417,   49,    0
 18083, 99070,20210418,   44,    0
 18083, 99070,20210419,   77,    0
 18083, 99070,20210420,  109,    0
 18083, 99070,20210421,   64,    0
 18083, 99070,20210422,   23,    0
 18083, 99070,20210423,   20,    0
 18083, 99070,20210424,   12,    0
 18083, 99070,20210425,   15,    0
 18083, 99070,20210426,   16,    0
 18083, 99070,20210427,   15,    0
 18083, 99070,20210428,    5,    0
 18083, 99070,20210429,    5,    0
 18083, 99070,20210430,  -19,    0
 18083, 99070,20210501,  -11,    0
 18083, 99070,20210502,   -1,    0
 18083, 99070,20210503,    4,    0
 18083, 99070,20210504,   13,    0
 18083, 99070,20210505,   18,    0
 18083, 99070,20210506,   23,    0
 18083, 99070,20210507,   25,    0
 18083, 99070,20210508,   33,    0
 18083, 99070,20210509,   52,    0
 18083, 99070,20210510,   60,    0
 18083, 99070,20210511,   40,    0
 18083, 99070,20210512,   93,    0
 18083, 99070,20210513,   53,    0
 18083, 99070,20210514,   43,    0
 18083, 99070,20210515,   52,    0
 18083, 99070,20210516,   82,    0
 18083, 99070,20210517,  104,    0
 18083, 99070,20210518,  119,    0
 18083, 99070,20210519,  111,    0
 18083, 99070,20210520,   73,    0
 18083, 99070,20210521,   71,    0
 18083, 99070,20210522,   41,    0
 18083, 99070,20210523,   43,    0
 18083, 99070,20210524,   61,    0
 18083, 99070,20210525,   65,    0
 18083, 99070,20210526,   72,    0
 18083, 99070,20210527,   70,    0
 18083, 99070,20210528,   65,    0
 18083, 99070,20210529,   83,    0
 18083, 99070,20210530,   97,    0
 18083, 99070,20210531,  108,    0
 18083, 99070,20210601,  135,    0
 18083, 99070,20210602,  166,    0
 18083, 99070,20210603,  186,    0
 18083, 99070,20210604,  171,    0
 18083, 99070,20210605,  108,    0
 18083, 99070,20210606,  105,    0
 18083, 99070,20210607,  152,    0
 18083, 99070,20210608,  135,    0
 18083, 99070,20210609,  146,    0
 18083, 99070,20210610,  172,    0
 18083, 99070,20210611,  184,    0
 18083, 99070,20210612,  116,    0
 18083, 99070,20210613,  106,    0
 18083, 99070,20210614,  103,    0
 18083, 99070,20210615,   83,    0
 18083, 99070,20210616,   78,    0
 18083, 99070,20210617,   96,    0
 18083, 99070,20210618,  112,    0
 18083, 99070,20210619,  120,    0
 18083, 99070,20210620,  113,    0
 18083, 99070,20210621,  135,    0
 18083, 99070,20210622,  116,    0
 18083, 99070,20210623,  131,    0
 18083, 99070,20210624,  142,    0
 18083, 99070,20210625,  118,    0
 18083, 99070,20210626,  109,    0
 18083, 99070,20210627,  133,    0
 18083, 99070,20210628,  131,    0
 18083, 99070,20210629,  114,    0
 18083, 99070,20210630,  112,    0
 18083, 99070,20210701,  169,    0
 18083, 99070,20210702,  140,    0
 18083, 99070,20210703,  115,    0
 18083, 99070,20210704,  133,    0
 18083, 99070,20210705,  177,    0
 18083, 99070,20210706,  200,    0
 18083, 99070,20210707,  222,    0
 18083, 99070,20210708,  166,    0
 18083, 99070,20210709,  160,    0
 18083, 99070,20210710,  153,    0
 18083, 99070,20210711,  149,    0
 18083, 99070,20210712,  152,    0
 18083, 99070,20210713,  167,    0
 18083, 99070,20210714,  151,    0
 18083, 99070,20210715,  168,    0
 18083, 99070,20210716,  154,    0
 18083, 99070,20210717,  154,    0
 18083, 99070,20210718,  123,    0
 18083, 99070,20210719,  110,    0
 18083, 99070,20210720,   78,    0
 18083, 99070,20210721,  101,    0
 18083, 99070,20210722,   99,    0
 18083, 99070,20210723,  103,    0
 18083, 99070,20210724,  132,    0
 18083, 99070,20210725,  124,    0
 18083, 99070,20210726,  131,    0
 18083, 99070,20210727,  139,    0
 18083, 99070,20210728,  112,    0
 18083, 99070,20210729,  112,    0
 18083, 99070,20210730,  130,    0
 18083, 99070,20210731,  102,    0
 18083, 99070,20210801,   97,    0
 18083, 99070,20210802,   99,    0
 18083, 99070,20210803,  101,    0
 18083, 99070,20210804,  121,    0
 18083, 99070,20210805,  133,    0
 18083, 99070,20210806,  157,    0
 18083, 99070,20210807,  165,    0
 18083, 99070,20210808,  197,    0
 18083, 99070,20210809,  177,    0
 18083, 99070,20210810,  168,    0
 18083, 99070,20210811,  158,    0
 18083, 99070,20210812,  141,    0
 18083, 99070,20210813,  135,    0
 18083, 99070,20210814,  113,    0
 18083, 99070,20210815,  106,    0
 18083, 99070,20210816,  108,    0
 18083, 99070,20210817,   99,    0
 18083, 99070,20210818,  116,    0
 18083, 99070,20210819,  130,    0
 18083, 99070,20210820,  112,    0
 18083, 99070,20210821,   97,    0
 18083, 99070,20210822,   84,    0
 18083, 99070,20210823,   85,    0
 18083, 99070,20210824,  101,    0
 18083, 99070,20210825,  112,    0
 18083, 99070,20210826,   81,    0
 18083, 99070,20210827,  116,    0
 18083, 99070,20210828,  128,    0
 18083, 99070,20210829,  103,    0
 18083, 99070,20210830,  121,    0
 18083, 99070,20210831,   96,    0
 18083, 99070,20210901,   79,    0
 18083, 99070,20210902,   81,    0
 18083, 99070,20210903,   75,    0
 18083, 99070,20210904,   65,    0
 18083, 99070,20210905,   76,    0
 18083, 99070,20210906,   99,    0
 18083, 99070,20210907,   99,    0
 18083, 99070,20210908,   94,    0
 18083, 99070,20210909,   83,    0
 18083, 99070,20210910,   83,    0
 18083, 99070,20210911,   54,    0
 18083, 99070,20210912,   63,    0
 18083, 99070,20210913,   62,    0
 18083, 99070,20210914,   66,    0
 18083, 99070,20210915,   45,    0
 18083, 99070,20210916,   69,    0
 18083, 99070,20210917,   75,    0
 18083, 99070,20210918,   81,    0
 18083, 99070,20210919,   87,    0
 18083, 99070,20210920,   95,    0
 18083, 99070,20210921,   83,    0
 18083, 99070,20210922,  114,    0
 18083, 99070,20210923,  114,    0
 18083, 99070,20210924,   96,    0
 18083, 99070,20210925,   93,    0
 18083, 99070,20210926,   97,    0
 18083, 99070,20210927,  168,    0
 18083, 99070,20210928,  149,    0
 18083, 99070,20210929,   44,    0
 18083, 99070,20210930,   79,    0
 18083, 99070,20211001,  112,    0
 18083, 99070,20211002,  142,    0
 18083, 99070,20211003,  127,    0
 18083, 99070,20211004,  151,    0
 18083, 99070,20211005,  134,    0
 18083, 99070,20211006,  103,    0
 18083, 99070,20211007,   48,    0
 18083, 99070,20211008,   43,    0
 18083, 99070,20211009,   60,    0
 18083, 99070,20211010,   69,    0
 18083, 99070,20211011,   75,    0
 18083, 99070,20211012,   56,    0
 18083, 99070,20211013,   29,    0
 18083, 99070,20211014,   24,    0
 18083, 99070,20211015,   26,    0
 18083, 99070,20211016,   35,    0
 18083, 99070,20211017,   37,    0
 18083, 99070,20211018,   10,    0
 18083, 99070,20211019,  -24,    0
 18083, 99070,20211020,  -14,    0
 18083, 99070,20211021,   10,    0
 18083, 99070,20211022,    9,    0
 18083, 99070,20211023,  -45,    0
 18083, 99070,20211024,   -2,    0
 18083, 99070,20211025,    4,    0
 18083, 99070,20211026,   11,    0
 18083, 99070,20211027,    8,    0
 18083, 99070,20211028,   28,    0
 18083, 99070,20211029,   51,    0
 18083, 99070,20211030,   33,    0
 18083, 99070,20211031,   63,    0
 18083, 99070,20211101,   80,    0
 18083, 99070,20211102,   86,    0
 18083, 99070,20211103,   32,    0
 18083, 99070,20211104,   43,    0
 18083, 99070,20211105,   40,    0
 18083, 99070,20211106,    9,    0
 18083, 99070,20211107,  -37,    0
 18083, 99070,20211108,  -12,    0
 18083, 99070,20211109,   -2,    0
 18083, 99070,20211110,   50,    0
 18083, 99070,20211111,   13,    0
 18083, 99070,20211112,   20,    0
 18083, 99070,20211113,    5,    0
 18083, 99070,20211114,   10,    0
 18083, 99070,20211115,   23,    0
 18083, 99070,20211116,   40,    0
 18083, 99070,20211117,   54,    0
 18083, 99070,20211118,   -9,    0
 18083, 99070,20211119,  -25,    0
 18083, 99070,20211120,    0,    0
 18083, 99070,20211121,  -23,    0
 18083, 99070,20211122,  -81,    0
 18083, 99070,20211123,  -43,    0
 18083, 99070,20211124,  -51,    0
 18083, 99070,20211125,  -76,    0
 18083, 99070,20211126,  -64,    0
 18083, 99070,20211127,  -70,    0
 18083, 99070,20211128,  -81,    0
 18083, 99070,20211129,  -81,    0
 18083, 99070,20211130,  -60,    0
 18083, 99070,20211201,  -45,    0
 18083, 99070,20211202,   -5,    0
 18083, 99070,20211203,  -54,    0
 18083, 99070,20211204,  -49,    0
 18083, 99070,20211205, -139,    0
 18083, 99070,20211206, -153,    0
 18083, 99070,20211207,  -46,    0
 18083, 99070,20211208,  -55,    0
 18083, 99070,20211209, -100,    0
 18083, 99070,20211210,  -13,    0
 18083, 99070,20211211,  -68,    0
 18083, 99070,20211212,   15,    0
 18083, 99070,20211213,   -7,    0
 18083, 99070,20211214,    9,    0
 18083, 99070,20211215,   10,    0
 18083, 99070,20211216,   -2,    0
 18083, 99070,20211217,   29,    0
 18083, 99070,20211218,   17,    0
 18083, 99070,20211219,  -16,    0
 18083, 99070,20211220,  -76,    0
 18083, 99070,20211221,  -74,    0
 18083, 99070,20211222, -104,    0
 18083, 99070,20211223,  -86,    0
 18083, 99070,20211224,  -56,    0
 18083, 99070,20211225,  -75,    0
 18083, 99070,20211226,  -82,    0
 18083, 99070,20211227,  -58,    0
 18083, 99070,20211228,  -56,    0
 18083, 99070,20211229, -133,    0
 18083, 99070,20211230,  -73,    0
 18083, 99070,20211231,  -76,    0
 18083, 99070,20220101,  -32,    0
 18083, 99070,20220102,  -50,    0
 18083, 99070,20220103,  -61,    0
 18083, 99070,20220104,  -66,    0
 18083, 99070,20220105,  -59,    0
 18083, 99070,20220106,  -69,    0
 18083, 99070,20220107, -127,    0
 18083, 99070,20220108,  -70,    0
 18083, 99070,20220109,  -79,    0
 18083, 99070,20220110, -103,    0
 18083, 99070,20220111,  -44,    0
 18083, 99070,20220112,   37,    0
 18083, 99070,20220113,    2,    0
 18083, 99070,20220114,   11,    0
 18083, 99070,20220115,  -15,    0
 18083, 99070,20220116,  -28,    0
 18083, 99070,20220117,  -22,    0
 18083, 99070,20220118,   22,    0
 18083, 99070,20220119,   11,    0
 18083, 99070,20220120,    1,    0
 18083, 99070,20220121,  -47,    0
 18083, 99070,20220122,   10,    0
 18083, 99070,20220123,   57,    0
 18083, 99070,20220124,   13,    0
 18083, 99070,20220125,  -15,    0
 18083, 99070,20220126,  -59,    0
 18083, 99070,20220127,  -69,    0
 18083, 99070,20220128,  -58,    0
 18083, 99070,20220129,  -61,    0
 18083, 99070,20220130,  -93,    0
 18083, 99070,20220131,  -91,    0
 18083, 99070,20220201,  -62,    0
 18083, 99070,20220202,  -64,    0
 18083, 99070,20220203,  -70,    0
 18083, 99070,20220204,  -87,    0
 18083, 99070,20220205,   -7,    0
 18083, 99070,20220206,    2,    0
 18083, 99070,20220207,  -56,    0
 18083, 99070,20220208,  -11,    0
 18083, 99070,20220209,    2,    0
 18083, 99070,20220210,  -75,    0
 18083, 99070,20220211,  -31,    0
 18083, 99070,20220212, -114,    0
 18083, 99070,20220213,  -54,    0
 18083, 99070,20220214,  -29,    0
 18083, 99070,20220215,  -72,    0
 18083, 99070,20220216,  -49,    0
 18083, 99070,20220217,  -33,    0
 18083, 99070,20220218,   -7,    0
 18083, 99070,20220219,  -32,    0
 18083, 99070,20220220,  -61,    0
 18083, 99070,20220221,  -68,    0
 18083, 99070,20220222, -126,    0
 18083, 99070,20220223,  -67,    0
 18083, 99070,20220224,  -42,    0
 18083, 99070,20220225,  -35,    0
 18083, 99070,20220226,  -41,    0
 18083, 99070,20220227,   90,    0
 18083, 99070,20220228,   44,    0
 18083, 99070,20220301,   50,    0
 18083, 99070,20220302,   30,    0
 18083, 99070,20220303,   -4,    0
 18083, 99070,20220304,  -19,    0
 18083, 99070,20220305,   -9,    0
 18083, 99070,20220306,  -24,    0
 18083, 99070,20220307,   -6,    0
 18083, 99070,20220308,  -15,    0
 18083, 99070,20220309,  -20,    0
 18083, 99070,20220310,   41,    0
 18083, 99070,20220311,   44,    0
 18083, 99070,20220312,   28,    0
 18083, 99070,20220313,   28,    0
 18083, 99070,20220314,   22,    0
 18083, 99070,20220315,   41,    0
 18083, 99070,20220316,   36,    0
 18083, 99070,20220317,   74,    0
 18083, 99070,20220318,   59,    0
 18083, 99070,20220319,   40,    0
 18083, 99070,20220320,   81,    0
 18083, 99070,20220321,   78,    0
 18083, 99070,20220322,   43,    0
 18083, 99070,20220323,   23,    0
 18083, 99070,20220324,   10,    0
 18083, 99070,20220325,  -12,    0
 18083, 99070,20220326,  -34,    0
 18083, 99070,20220327,  -52,    0
 18083, 99070,20220328,  -59,    0
 18083, 99070,20220329,  -24,    0
 18083, 99070,20220330,  -16,    0
 18083, 99070,20220331,  -30,    0
 18083, 99070,20220401,  -11,    0
 18083, 99070,20220402,   -1,    0
 18083, 99070,20220403,  -34,    0
 18083, 99070,20220404,  -48,    0
 18083, 99070,20220405,  -28,    0
 18083, 99070,20220406,    8,    0
 18083, 99070,20220407,    5,    0
 18083, 99070,20220408,   -2,    0
 18083, 99070,20220409,   25,    0
 18083, 99070,20220410,   24,    0
 18083, 99070,20220411,   22,    0
 18083, 99070,20220412,   16,    0
 18083, 99070,20220413,   15,    0
 18083, 99070,20220414,   16,    0
 18083, 99070,20220415,   25,    0
 18083, 99070,20220416,   51,    0
 18083, 99070,20220417,   61,    0
 18083, 99070,20220418,   69,    0
 18083, 99070,20220419,   57,    0
 18083, 99070,20220420,   59,    0
 18083, 99070,20220421,   52,    0
 18083, 99070,20220422,   49,    0
 18083, 99070,20220423,   42,    0
 18083, 99070,20220424,   48,    0
 18083, 99070,20220425,   15,    0
 18083, 99070,20220426,  -26,    0
 18083, 99070,20220427,  -22,    0
 18083, 99070,20220428,  -17,    0
 18083, 99070,20220429,   -2,    0
 18083, 99070,20220430,    3,    0
 18083, 99070,20220501,   27,    0
 18083, 99070,20220502,   10,    0
 18083, 99070,20220503,   -4,    0
 18083, 99070,20220504,    5,    0
 18083, 99070,20220505,   40,    0
 18083, 99070,20220506,   90,    0
 18083, 99070,20220507,   54,    0
 18083, 99070,20220508,   25,    0
 18083, 99070,20220509,   50,    0
 18083, 99070,20220510,   46,    0
 18083, 99070,20220511,   50,    0
 18083, 99070,20220512,   46,    0
 18083, 99070,20220513,   43,    0
 18083, 99070,20220514,   71,    0
 18083, 99070,20220515,   61,    0
 18083, 99070,20220516,   39,    0
 18083, 99070,20220517,   34,    0
 18083, 99070,20220518,   44,    0
 18083, 99070,20220519,   47,    0
 18083, 99070,20220520,   73,    0
 18083, 99070,20220521,   97,    0
 18083, 99070,20220522,  102,    0
 18083, 99070,20220523,  122,    0
 18083, 99070,20220524,  157,    0
 18083, 99070,20220525,  160,    0
 18083, 99070,20220526,  165,    0
 18083, 99070,20220527,  117,    0
 18083, 99070,20220528,   93,    0
 18083, 99070,20220529,  125,    0
 18083, 99070,20220530,  147,    0
 18083, 99070,20220531,  159,    0
 18083, 99070,20220601,  158,    0
 18083, 99070,20220602,  163,    0
 18083, 99070,20220603,  137,    0
 18083, 99070,20220604,  119,    0
 18083, 99070,20220605,  110,    0
 18083, 99070,20220606,  117,    0
 18083, 99070,20220607,   94,    0
 18083, 99070,20220608,   97,    0
 18083, 99070,20220609,   80,    0
 18083, 99070,20220610,   86,    0
 18083, 99070,20220611,  106,    0
 18083, 99070,20220612,  104,    0
 18083, 99070,20220613,   99,    0
 18083, 99070,20220614,   88,    0
 18083, 99070,20220615,   97,    0
 18083, 99070,20220616,  108,    0
 18083, 99070,20220617,  103,    0
 18083, 99070,20220618,  131,    0
 18083, 99070,20220619,  125,    0
 18083, 99070,20220620,  126,    0
 18083, 99070,20220621,  132,    0
 18083, 99070,20220622,   93,    0
 18083, 99070,20220623,  142,    0
 18083, 99070,20220624,  135,    0
 18083, 99070,20220625,  127,    0
 18083, 99070,20220626,  155,    0
 18083, 99070,20220627,  229,    0
 18083, 99070,20220628,  255,    0
 18083, 99070,20220629,  244,    0
 18083, 99070,20220630,  154,    0
 18083, 99070,20220701,  179,    0
 18083, 99070,20220702,  246,    0
 18083, 99070,20220703,  187,    0
 18083, 99070,20220704,  155,    0
 18083, 99070,20220705,  182,    0
 18083, 99070,20220706,  138,    0
 18083, 99070,20220707,  133,    0
 18083, 99070,20220708,  123,    0
 18083, 99070,20220709,  133,    0
 18083, 99070,20220710,  137,    0
 18083, 99070,20220711,  139,    0
 18083, 99070,20220712,  171,    0
 18083, 99070,20220713,  187,    0
 18083, 99070,20220714,  154,    0
 18083, 99070,20220715,  145,    0
 18083, 99070,20220716,  122,    0
 18083, 99070,20220717,  111,    0
 18083, 99070,20220718,  120,    0
 18083, 99070,20220719,  125,    0
 18083, 99070,20220720,  158,    0
 18083, 99070,20220721,  148,    0
 18083, 99070,20220722,  141,    0
 18083, 99070,20220723,  127,    0
 18083, 99070,20220724,  124,    0
 18083, 99070,20220725,  137,    0
 18083, 99070,20220726,  146,    0
 18083, 99070,20220727,  130,    0
 18083, 99070,20220728,  120,    0
 18083, 99070,20220729,  125,    0
 18083, 99070,20220730,  147,    0
 18083, 99070,20220731,  139,    0
 18083, 99070,20220801,  143,    0
 18083, 99070,20220802,  139,    0
 18083, 99070,20220803,  164,    0
 18083, 99070,20220804,  166,    0
 18083, 99070,20220805,  130,    0
 18083, 99070,20220806,  130,    0
 18083, 99070,20220807,  117,    0
 18083, 99070,20220808,  116,    0
 18083, 99070,20220809,  122,    0
 18083, 99070,20220810,  157,    0
 18083, 99070,20220811,  151,    0
 18083, 99070,20220812,  124,    0
 18083, 99070,20220813,  110,    0
 18083, 99070,20220814,  116,    0
 18083, 99070,20220815,  131,    0
 18083, 99070,20220816,  199,    0
 18083, 99070,20220817,  174,    0
 18083, 99070,20220818,  113,    0
 18083, 99070,20220819,  183,    0
 18083, 99070,20220820,  189,    0
 18083, 99070,20220821,  194,    0
 18083, 99070,20220822,  183,    0
 18083, 99070,20220823,  143,    0
 18083, 99070,20220824,  106,    0
 18083, 99070,20220825,  128,    0
 18083, 99070,20220826,  158,    0
 18083, 99070,20220827,  124,    0
 18083, 99070,20220828,  113,    0
 18083, 99070,20220829,  101,    0
 18083, 99070,20220830,   88,    0
 18083, 99070,20220831,   85,    0
 18083, 99070,20220901,   70,    0
 18083, 99070,20220902,   79,    0
 18083, 99070,20220903,   83,    0
 18083, 99070,20220904,   94,    0
 18083, 99070,20220905,  103,    0
 18083, 99070,20220906,   96,    0
 18083, 99070,20220907,   89,    0
 18083, 99070,20220908,   68,    0
 18083, 99070,20220909,   78,    0
 18083, 99070,20220910,  104,    0
 18083, 99070,20220911,   93,    0
 18083, 99070,20220912,   68,    0
 18083, 99070,20220913,   82,    0
 18083, 99070,20220914,   73,    0
 18083, 99070,20220915,   84,    0
 18083, 99070,20220916,   98,    0
 18083, 99070,20220917,   89,    0
 18083, 99070,20220918,   90,    0
 18083, 99070,20220919,   70,    0
 18083, 99070,20220920,   50,    0
 18083, 99070,20220921,   73,    0
 18083, 99070,20220922,  118,    0
 18083, 99070,20220923,  132,    0
 18083, 99070,20220924,   94,    0
 18083, 99070,20220925,  117,    0
 18083, 99070,20220926,   97,    0
 18083, 99070,20220927,  113,    0
 18083, 99070,20220928,   99,    0
 18083, 99070,20220929,  109,    0
 18083, 99070,20220930,   65,    0
 18083, 99070,20221001,   42,    0
 18083, 99070,20221002,    3,    0
 18083, 99070,20221003,   39,    0
 18083, 99070,20221004,   78,    0
 18083, 99070,20221005,   95,    0
 18083, 99070,20221006,   86,    0
 18083, 99070,20221007,   95,    0
 18083, 99070,20221008,   60,    0
 18083, 99070,20221009,   69,    0
 18083, 99070,20221010,   79,    0
 18083, 99070,20221011,  103,    0
 18083, 99070,20221012,   76,    0
 18083, 99070,20221013,   46,    0
 18083, 99070,20221014,   33,    0
 18083, 99070,20221015,   93,    0
 18083, 99070,20221016,   54,    0
 18083, 99070,20221017,   48,    0
 18083, 99070,20221018,   38,    0
 18083, 99070,20221019,   61,    0
 18083, 99070,20221020,   38,    0
 18083, 99070,20221021,   48,    0
 18083, 99070,20221022,   58,    0
 18083, 99070,20221023,   33,    0
 18083, 99070,20221024,   11,    0
 18083, 99070,20221025,    8,    0
 18083, 99070,20221026,   -8,    0
 18083, 99070,20221027,   29,    0
 18083, 99070,20221028,   22,    0
 18083, 99070,20221029,   27,    0
 18083, 99070,20221030,   21,    0
 18083, 99070,20221031,   20,    0
