EUROPEAN CLIMATE ASSESSMENT & DATASET (ECA&D), file created on: 16-11-2022
THESE DATA CAN BE USED FOR NON-COMMERCIAL RESEARCH AND EDUCATION PROVIDED THAT THE FOLLOWING SOURCE IS ACKNOWLEDGED: 

Klein Tank, A.M.G. and Coauthors, 2002. Daily dataset of 20th-century surface
air temperature and precipitation series for the European Climate Assessment.
Int. J. of Climatol., 22, 1441-1453.
Data and metadata available at http://www.ecad.eu

FILE FORMAT (MISSING VALUE CODE = -9999):

01-06 STAID: Station identifier
08-13 SOUID: Source identifier
15-22 DATE : Date YYYYMMDD
24-28 TG   : Mean temperature in 0.1 &#176;C
30-34 Q_TG : quality code for TG (0='valid'; 1='suspect'; 9='missing')

This is the blended series of station FV700 VOLL, NORWAY (STAID: 18378)
Blended and updated with sources:99125 
See files sources.txt and stations.txt for more info.

STAID, SOUID,    DATE,   TG, Q_TG
 18378, 99125,20150901,-9999,    9
 18378, 99125,20150902,-9999,    9
 18378, 99125,20150903,-9999,    9
 18378, 99125,20150904,-9999,    9
 18378, 99125,20150905,-9999,    9
 18378, 99125,20150906,-9999,    9
 18378, 99125,20150907,-9999,    9
 18378, 99125,20150908,-9999,    9
 18378, 99125,20150909,-9999,    9
 18378, 99125,20150910,-9999,    9
 18378, 99125,20150911,-9999,    9
 18378, 99125,20150912,-9999,    9
 18378, 99125,20150913,-9999,    9
 18378, 99125,20150914,-9999,    9
 18378, 99125,20150915,-9999,    9
 18378, 99125,20150916,-9999,    9
 18378, 99125,20150917,  118,    0
 18378, 99125,20150918,  131,    0
 18378, 99125,20150919,   88,    0
 18378, 99125,20150920,   62,    0
 18378, 99125,20150921,   88,    0
 18378, 99125,20150922,   92,    0
 18378, 99125,20150923,  113,    0
 18378, 99125,20150924,  113,    0
 18378, 99125,20150925,   89,    0
 18378, 99125,20150926,   45,    0
 18378, 99125,20150927,   65,    0
 18378, 99125,20150928,   64,    0
 18378, 99125,20150929,-9999,    9
 18378, 99125,20150930,-9999,    9
 18378, 99125,20151001,-9999,    9
 18378, 99125,20151002,-9999,    9
 18378, 99125,20151003,-9999,    9
 18378, 99125,20151004,-9999,    9
 18378, 99125,20151005,-9999,    9
 18378, 99125,20151006,-9999,    9
 18378, 99125,20151007,   51,    0
 18378, 99125,20151008,   48,    0
 18378, 99125,20151009,   48,    0
 18378, 99125,20151010,   53,    0
 18378, 99125,20151011,   55,    0
 18378, 99125,20151012,   55,    0
 18378, 99125,20151013,   27,    0
 18378, 99125,20151014,  -10,    0
 18378, 99125,20151015,   -2,    0
 18378, 99125,20151016,   -2,    0
 18378, 99125,20151017,   -4,    0
 18378, 99125,20151018,   18,    0
 18378, 99125,20151019,    1,    0
 18378, 99125,20151020,   20,    0
 18378, 99125,20151021,   40,    0
 18378, 99125,20151022,   74,    0
 18378, 99125,20151023,-9999,    9
 18378, 99125,20151024,-9999,    9
 18378, 99125,20151025,   37,    0
 18378, 99125,20151026,   23,    0
 18378, 99125,20151027,    9,    0
 18378, 99125,20151028,   32,    0
 18378, 99125,20151029,-9999,    9
 18378, 99125,20151030,-9999,    9
 18378, 99125,20151031,   67,    0
 18378, 99125,20151101,   70,    0
 18378, 99125,20151102,   76,    0
 18378, 99125,20151103,   37,    0
 18378, 99125,20151104,   16,    0
 18378, 99125,20151105,-9999,    9
 18378, 99125,20151106,-9999,    9
 18378, 99125,20151107,   68,    0
 18378, 99125,20151108,   36,    0
 18378, 99125,20151109,   42,    0
 18378, 99125,20151110,   -6,    0
 18378, 99125,20151111,-9999,    9
 18378, 99125,20151112,  -20,    0
 18378, 99125,20151113,    4,    0
 18378, 99125,20151114,   -9,    0
 18378, 99125,20151115,  -25,    0
 18378, 99125,20151116,  -13,    0
 18378, 99125,20151117,   -3,    0
 18378, 99125,20151118,  -24,    0
 18378, 99125,20151119,-9999,    9
 18378, 99125,20151120,-9999,    9
 18378, 99125,20151121,-9999,    9
 18378, 99125,20151122,-9999,    9
 18378, 99125,20151123,-9999,    9
 18378, 99125,20151124,-9999,    9
 18378, 99125,20151125,-9999,    9
 18378, 99125,20151126,-9999,    9
 18378, 99125,20151127,-9999,    9
 18378, 99125,20151128,-9999,    9
 18378, 99125,20151129,   -1,    0
 18378, 99125,20151130,  -67,    0
 18378, 99125,20151201,  -97,    0
 18378, 99125,20151202,  -44,    0
 18378, 99125,20151203,-9999,    9
 18378, 99125,20151204,-9999,    9
 18378, 99125,20151205,   28,    0
 18378, 99125,20151206,   30,    0
 18378, 99125,20151207,  -29,    0
 18378, 99125,20151208,  -11,    0
 18378, 99125,20151209,   15,    0
 18378, 99125,20151210,   38,    0
 18378, 99125,20151211,  -33,    0
 18378, 99125,20151212,  -82,    0
 18378, 99125,20151213, -110,    0
 18378, 99125,20151214, -131,    0
 18378, 99125,20151215, -145,    0
 18378, 99125,20151216, -110,    0
 18378, 99125,20151217,  -36,    0
 18378, 99125,20151218,-9999,    9
 18378, 99125,20151219,-9999,    9
 18378, 99125,20151220,-9999,    9
 18378, 99125,20151221,-9999,    9
 18378, 99125,20151222,-9999,    9
 18378, 99125,20151223,-9999,    9
 18378, 99125,20151224,-9999,    9
 18378, 99125,20151225,-9999,    9
 18378, 99125,20151226,-9999,    9
 18378, 99125,20151227,-9999,    9
 18378, 99125,20151228,-9999,    9
 18378, 99125,20151229,-9999,    9
 18378, 99125,20151230,-9999,    9
 18378, 99125,20151231,-9999,    9
 18378, 99125,20160101,-9999,    9
 18378, 99125,20160102,-9999,    9
 18378, 99125,20160103,-9999,    9
 18378, 99125,20160104,-9999,    9
 18378, 99125,20160105,-9999,    9
 18378, 99125,20160106,-9999,    9
 18378, 99125,20160107,-9999,    9
 18378, 99125,20160108,-9999,    9
 18378, 99125,20160109,-9999,    9
 18378, 99125,20160110,-9999,    9
 18378, 99125,20160111,-9999,    9
 18378, 99125,20160112,-9999,    9
 18378, 99125,20160113,-9999,    9
 18378, 99125,20160114,-9999,    9
 18378, 99125,20160115,-9999,    9
 18378, 99125,20160116, -192,    0
 18378, 99125,20160117, -223,    0
 18378, 99125,20160118,-9999,    9
 18378, 99125,20160119,-9999,    9
 18378, 99125,20160120,-9999,    9
 18378, 99125,20160121,-9999,    9
 18378, 99125,20160122, -193,    0
 18378, 99125,20160123,  -85,    0
 18378, 99125,20160124,-9999,    9
 18378, 99125,20160125,-9999,    9
 18378, 99125,20160126,-9999,    9
 18378, 99125,20160127,-9999,    9
 18378, 99125,20160128,-9999,    9
 18378, 99125,20160129,    8,    0
 18378, 99125,20160130,    1,    0
 18378, 99125,20160131,  -65,    0
 18378, 99125,20160201, -105,    0
 18378, 99125,20160202,  -23,    0
 18378, 99125,20160203,  -83,    0
 18378, 99125,20160204,  -98,    0
 18378, 99125,20160205,  -78,    0
 18378, 99125,20160206,   -4,    0
 18378, 99125,20160207,-9999,    9
 18378, 99125,20160208,   12,    0
 18378, 99125,20160209,    8,    0
 18378, 99125,20160210,-9999,    9
 18378, 99125,20160211,-9999,    9
 18378, 99125,20160212,-9999,    9
 18378, 99125,20160213,  -69,    0
 18378, 99125,20160214, -139,    0
 18378, 99125,20160215, -142,    0
 18378, 99125,20160216,-9999,    9
 18378, 99125,20160217,-9999,    9
 18378, 99125,20160218,-9999,    9
 18378, 99125,20160219,-9999,    9
 18378, 99125,20160220,-9999,    9
 18378, 99125,20160221,-9999,    9
 18378, 99125,20160222,-9999,    9
 18378, 99125,20160223,  -84,    0
 18378, 99125,20160224,  -86,    0
 18378, 99125,20160225,  -96,    0
 18378, 99125,20160226,  -53,    0
 18378, 99125,20160227,  -79,    0
 18378, 99125,20160228,  -85,    0
 18378, 99125,20160229,  -79,    0
 18378, 99125,20160301,-9999,    9
 18378, 99125,20160302,-9999,    9
 18378, 99125,20160303,-9999,    9
 18378, 99125,20160304,-9999,    9
 18378, 99125,20160305,   -7,    0
 18378, 99125,20160306,  -13,    0
 18378, 99125,20160307,  -15,    0
 18378, 99125,20160308,  -20,    0
 18378, 99125,20160309,   -7,    0
 18378, 99125,20160310,  -21,    0
 18378, 99125,20160311,  -11,    0
 18378, 99125,20160312,  -23,    0
 18378, 99125,20160313,    1,    0
 18378, 99125,20160314,   22,    0
 18378, 99125,20160315,   42,    0
 18378, 99125,20160316,   26,    0
 18378, 99125,20160317,   28,    0
 18378, 99125,20160318,   21,    0
 18378, 99125,20160319,   25,    0
 18378, 99125,20160320,   25,    0
 18378, 99125,20160321,   10,    0
 18378, 99125,20160322,   14,    0
 18378, 99125,20160323,    3,    0
 18378, 99125,20160324,  -13,    0
 18378, 99125,20160325,   10,    0
 18378, 99125,20160326,   23,    0
 18378, 99125,20160327,-9999,    9
 18378, 99125,20160328,   41,    0
 18378, 99125,20160329,-9999,    9
 18378, 99125,20160330,-9999,    9
 18378, 99125,20160331,-9999,    9
 18378, 99125,20160401,    7,    0
 18378, 99125,20160402,   19,    0
 18378, 99125,20160403,   27,    0
 18378, 99125,20160404,   26,    0
 18378, 99125,20160405,   29,    0
 18378, 99125,20160406,   35,    0
 18378, 99125,20160407,-9999,    9
 18378, 99125,20160408,-9999,    9
 18378, 99125,20160409,   25,    0
 18378, 99125,20160410,   29,    0
 18378, 99125,20160411,   39,    0
 18378, 99125,20160412,   31,    0
 18378, 99125,20160413,   42,    0
 18378, 99125,20160414,   13,    0
 18378, 99125,20160415,   37,    0
 18378, 99125,20160416,   36,    0
 18378, 99125,20160417,   38,    0
 18378, 99125,20160418,   36,    0
 18378, 99125,20160419,   42,    0
 18378, 99125,20160420,   36,    0
 18378, 99125,20160421,   50,    0
 18378, 99125,20160422,   18,    0
 18378, 99125,20160423,   12,    0
 18378, 99125,20160424,   16,    0
 18378, 99125,20160425,   14,    0
 18378, 99125,20160426,   15,    0
 18378, 99125,20160427,   26,    0
 18378, 99125,20160428,   16,    0
 18378, 99125,20160429,   41,    0
 18378, 99125,20160430,   44,    0
 18378, 99125,20160501,   38,    0
 18378, 99125,20160502,-9999,    9
 18378, 99125,20160503,-9999,    9
 18378, 99125,20160504,-9999,    9
 18378, 99125,20160505,   80,    0
 18378, 99125,20160506,   95,    0
 18378, 99125,20160507,  104,    0
 18378, 99125,20160508,  129,    0
 18378, 99125,20160509,  142,    0
 18378, 99125,20160510,  123,    0
 18378, 99125,20160511,   94,    0
 18378, 99125,20160512,  112,    0
 18378, 99125,20160513,-9999,    9
 18378, 99125,20160514,   53,    0
 18378, 99125,20160515,-9999,    9
 18378, 99125,20160516,   89,    0
 18378, 99125,20160517,   89,    0
 18378, 99125,20160518,   94,    0
 18378, 99125,20160519,-9999,    9
 18378, 99125,20160520,-9999,    9
 18378, 99125,20160521,  108,    0
 18378, 99125,20160522,  117,    0
 18378, 99125,20160523,  115,    0
 18378, 99125,20160524,   86,    0
 18378, 99125,20160525,  109,    0
 18378, 99125,20160526,  116,    0
 18378, 99125,20160527,  129,    0
 18378, 99125,20160528,  112,    0
 18378, 99125,20160529,  107,    0
 18378, 99125,20160530,  145,    0
 18378, 99125,20160531,-9999,    9
 18378, 99125,20160601,  194,    0
 18378, 99125,20160602,  201,    0
 18378, 99125,20160603,  192,    0
 18378, 99125,20160604,-9999,    9
 18378, 99125,20160605,-9999,    9
 18378, 99125,20160606,-9999,    9
 18378, 99125,20160607,  178,    0
 18378, 99125,20160608,  118,    0
 18378, 99125,20160609,   98,    0
 18378, 99125,20160610,   85,    0
 18378, 99125,20160611,  109,    0
 18378, 99125,20160612,  131,    0
 18378, 99125,20160613,  137,    0
 18378, 99125,20160614,-9999,    9
 18378, 99125,20160615,-9999,    9
 18378, 99125,20160616,  169,    0
 18378, 99125,20160617,-9999,    9
 18378, 99125,20160618,-9999,    9
 18378, 99125,20160619,-9999,    9
 18378, 99125,20160620,-9999,    9
 18378, 99125,20160621,  157,    0
 18378, 99125,20160622,  149,    0
 18378, 99125,20160623,  161,    0
 18378, 99125,20160624,  151,    0
 18378, 99125,20160625,  191,    0
 18378, 99125,20160626,  172,    0
 18378, 99125,20160627,  152,    0
 18378, 99125,20160628,  151,    0
 18378, 99125,20160629,  137,    0
 18378, 99125,20160630,  124,    0
 18378, 99125,20160701,  124,    0
 18378, 99125,20160702,  119,    0
 18378, 99125,20160703,  114,    0
 18378, 99125,20160704,  124,    0
 18378, 99125,20160705,  126,    0
 18378, 99125,20160706,  147,    0
 18378, 99125,20160707,  124,    0
 18378, 99125,20160708,  150,    0
 18378, 99125,20160709,  137,    0
 18378, 99125,20160710,  158,    0
 18378, 99125,20160711,  154,    0
 18378, 99125,20160712,  153,    0
 18378, 99125,20160713,  156,    0
 18378, 99125,20160714,  155,    0
 18378, 99125,20160715,  171,    0
 18378, 99125,20160716,  162,    0
 18378, 99125,20160717,  149,    0
 18378, 99125,20160718,-9999,    9
 18378, 99125,20160719,  154,    0
 18378, 99125,20160720,  176,    0
 18378, 99125,20160721,  188,    0
 18378, 99125,20160722,  191,    0
 18378, 99125,20160723,  183,    0
 18378, 99125,20160724,  203,    0
 18378, 99125,20160725,  189,    0
 18378, 99125,20160726,  159,    0
 18378, 99125,20160727,  151,    0
 18378, 99125,20160728,  168,    0
 18378, 99125,20160729,  158,    0
 18378, 99125,20160730,  151,    0
 18378, 99125,20160731,  122,    0
 18378, 99125,20160801,  128,    0
 18378, 99125,20160802,  142,    0
 18378, 99125,20160803,  140,    0
 18378, 99125,20160804,  124,    0
 18378, 99125,20160805,  151,    0
 18378, 99125,20160806,  146,    0
 18378, 99125,20160807,  135,    0
 18378, 99125,20160808,  127,    0
 18378, 99125,20160809,  113,    0
 18378, 99125,20160810,   87,    0
 18378, 99125,20160811,   88,    0
 18378, 99125,20160812,-9999,    9
 18378, 99125,20160813,  149,    0
 18378, 99125,20160814,  129,    0
 18378, 99125,20160815,-9999,    9
 18378, 99125,20160816,-9999,    9
 18378, 99125,20160817,  161,    0
 18378, 99125,20160818,  148,    0
 18378, 99125,20160819,  126,    0
 18378, 99125,20160820,  147,    0
 18378, 99125,20160821,-9999,    9
 18378, 99125,20160822,-9999,    9
 18378, 99125,20160823,  154,    0
 18378, 99125,20160824,  139,    0
 18378, 99125,20160825,  171,    0
 18378, 99125,20160826,  154,    0
 18378, 99125,20160827,  146,    0
 18378, 99125,20160828,   95,    0
 18378, 99125,20160829,   95,    0
 18378, 99125,20160830,  107,    0
 18378, 99125,20160831,-9999,    9
 18378, 99125,20160901,-9999,    9
 18378, 99125,20160902,  134,    0
 18378, 99125,20160903,  128,    0
 18378, 99125,20160904,   95,    0
 18378, 99125,20160905,  100,    0
 18378, 99125,20160906,  140,    0
 18378, 99125,20160907,  153,    0
 18378, 99125,20160908,  133,    0
 18378, 99125,20160909,  154,    0
 18378, 99125,20160910,  150,    0
 18378, 99125,20160911,  144,    0
 18378, 99125,20160912,   95,    0
 18378, 99125,20160913,  117,    0
 18378, 99125,20160914,  137,    0
 18378, 99125,20160915,  149,    0
 18378, 99125,20160916,-9999,    9
 18378, 99125,20160917,-9999,    9
 18378, 99125,20160918,-9999,    9
 18378, 99125,20160919,  101,    0
 18378, 99125,20160920,  120,    0
 18378, 99125,20160921,  126,    0
 18378, 99125,20160922,-9999,    9
 18378, 99125,20160923,-9999,    9
 18378, 99125,20160924,-9999,    9
 18378, 99125,20160925,-9999,    9
 18378, 99125,20160926,-9999,    9
 18378, 99125,20160927,  113,    0
 18378, 99125,20160928,  103,    0
 18378, 99125,20160929,   97,    0
 18378, 99125,20160930,-9999,    9
 18378, 99125,20161001,-9999,    9
 18378, 99125,20161002,-9999,    9
 18378, 99125,20161003,-9999,    9
 18378, 99125,20161004,-9999,    9
 18378, 99125,20161005,-9999,    9
 18378, 99125,20161006,-9999,    9
 18378, 99125,20161007,   61,    0
 18378, 99125,20161008,   39,    0
 18378, 99125,20161009,-9999,    9
 18378, 99125,20161010,-9999,    9
 18378, 99125,20161011,-9999,    9
 18378, 99125,20161012,-9999,    9
 18378, 99125,20161013,-9999,    9
 18378, 99125,20161014,-9999,    9
 18378, 99125,20161015,-9999,    9
 18378, 99125,20161016,   22,    0
 18378, 99125,20161017,   34,    0
 18378, 99125,20161018,-9999,    9
 18378, 99125,20161019,   50,    0
 18378, 99125,20161020,-9999,    9
 18378, 99125,20161021,-9999,    9
 18378, 99125,20161022,-9999,    9
 18378, 99125,20161023,-9999,    9
 18378, 99125,20161024,-9999,    9
 18378, 99125,20161025,-9999,    9
 18378, 99125,20161026,-9999,    9
 18378, 99125,20161027,   48,    0
 18378, 99125,20161028,   30,    0
 18378, 99125,20161029,   12,    0
 18378, 99125,20161030,    0,    0
 18378, 99125,20161031,   18,    0
 18378, 99125,20161101,    2,    0
 18378, 99125,20161102,-9999,    9
 18378, 99125,20161103,  -63,    0
 18378, 99125,20161104,-9999,    9
 18378, 99125,20161105,  -20,    0
 18378, 99125,20161106,  -56,    0
 18378, 99125,20161107,  -94,    0
 18378, 99125,20161108,  -89,    0
 18378, 99125,20161109,  -77,    0
 18378, 99125,20161110,  -79,    0
 18378, 99125,20161111, -123,    0
 18378, 99125,20161112,  -94,    0
 18378, 99125,20161113,  -35,    0
 18378, 99125,20161114,   -3,    0
 18378, 99125,20161115,    6,    0
 18378, 99125,20161116,   -1,    0
 18378, 99125,20161117,  -19,    0
 18378, 99125,20161118,    2,    0
 18378, 99125,20161119,   -6,    0
 18378, 99125,20161120,    3,    0
 18378, 99125,20161121,    3,    0
 18378, 99125,20161122,   -5,    0
 18378, 99125,20161123,   23,    0
 18378, 99125,20161124,  -23,    0
 18378, 99125,20161125,   -5,    0
 18378, 99125,20161126,    6,    0
 18378, 99125,20161127,    0,    0
 18378, 99125,20161128,  -41,    0
 18378, 99125,20161129,  -50,    0
 18378, 99125,20161130,  -94,    0
 18378, 99125,20161201,-9999,    9
 18378, 99125,20161202,  -76,    0
 18378, 99125,20161203,  -74,    0
 18378, 99125,20161204,  -58,    0
 18378, 99125,20161205,  -38,    0
 18378, 99125,20161206,  -89,    0
 18378, 99125,20161207,  -36,    0
 18378, 99125,20161208,    0,    0
 18378, 99125,20161209,  -29,    0
 18378, 99125,20161210,   -7,    0
 18378, 99125,20161211,  -23,    0
 18378, 99125,20161212,  -72,    0
 18378, 99125,20161213,  -77,    0
 18378, 99125,20161214, -137,    0
 18378, 99125,20161215, -117,    0
 18378, 99125,20161216, -106,    0
 18378, 99125,20161217,  -70,    0
 18378, 99125,20161218,  -77,    0
 18378, 99125,20161219,  -41,    0
 18378, 99125,20161220,   -2,    0
 18378, 99125,20161221,    8,    0
 18378, 99125,20161222,    4,    0
 18378, 99125,20161223,  -17,    0
 18378, 99125,20161224,-9999,    9
 18378, 99125,20161225,    7,    0
 18378, 99125,20161226,    3,    0
 18378, 99125,20161227,  -16,    0
 18378, 99125,20161228,-9999,    9
 18378, 99125,20161229,  -38,    0
 18378, 99125,20161230,  -11,    0
 18378, 99125,20161231,  -17,    0
 18378, 99125,20170101,-9999,    9
 18378, 99125,20170102,-9999,    9
 18378, 99125,20170103,-9999,    9
 18378, 99125,20170104,-9999,    9
 18378, 99125,20170105,-9999,    9
 18378, 99125,20170106,-9999,    9
 18378, 99125,20170107,-9999,    9
 18378, 99125,20170108,-9999,    9
 18378, 99125,20170109,-9999,    9
 18378, 99125,20170110,-9999,    9
 18378, 99125,20170111,-9999,    9
 18378, 99125,20170112,-9999,    9
 18378, 99125,20170113,-9999,    9
 18378, 99125,20170114,-9999,    9
 18378, 99125,20170115,-9999,    9
 18378, 99125,20170116,-9999,    9
 18378, 99125,20170117,-9999,    9
 18378, 99125,20170118,-9999,    9
 18378, 99125,20170119,-9999,    9
 18378, 99125,20170120,-9999,    9
 18378, 99125,20170121,-9999,    9
 18378, 99125,20170122,-9999,    9
 18378, 99125,20170123,-9999,    9
 18378, 99125,20170124,-9999,    9
 18378, 99125,20170125,-9999,    9
 18378, 99125,20170126,-9999,    9
 18378, 99125,20170127,-9999,    9
 18378, 99125,20170128,-9999,    9
 18378, 99125,20170129,-9999,    9
 18378, 99125,20170130,-9999,    9
 18378, 99125,20170131,-9999,    9
 18378, 99125,20170201,-9999,    9
 18378, 99125,20170202,-9999,    9
 18378, 99125,20170203,-9999,    9
 18378, 99125,20170204,-9999,    9
 18378, 99125,20170205,-9999,    9
 18378, 99125,20170206,-9999,    9
 18378, 99125,20170207,-9999,    9
 18378, 99125,20170208,-9999,    9
 18378, 99125,20170209,-9999,    9
 18378, 99125,20170210,-9999,    9
 18378, 99125,20170211,-9999,    9
 18378, 99125,20170212,-9999,    9
 18378, 99125,20170213,-9999,    9
 18378, 99125,20170214,-9999,    9
 18378, 99125,20170215,-9999,    9
 18378, 99125,20170216,-9999,    9
 18378, 99125,20170217,-9999,    9
 18378, 99125,20170218,-9999,    9
 18378, 99125,20170219,-9999,    9
 18378, 99125,20170220,-9999,    9
 18378, 99125,20170221,-9999,    9
 18378, 99125,20170222,-9999,    9
 18378, 99125,20170223,-9999,    9
 18378, 99125,20170224,-9999,    9
 18378, 99125,20170225,-9999,    9
 18378, 99125,20170226,-9999,    9
 18378, 99125,20170227,-9999,    9
 18378, 99125,20170228,-9999,    9
 18378, 99125,20170301,-9999,    9
 18378, 99125,20170302,-9999,    9
 18378, 99125,20170303,-9999,    9
 18378, 99125,20170304,-9999,    9
 18378, 99125,20170305,-9999,    9
 18378, 99125,20170306,-9999,    9
 18378, 99125,20170307,-9999,    9
 18378, 99125,20170308,-9999,    9
 18378, 99125,20170309,-9999,    9
 18378, 99125,20170310,-9999,    9
 18378, 99125,20170311,-9999,    9
 18378, 99125,20170312,-9999,    9
 18378, 99125,20170313,   32,    0
 18378, 99125,20170314,-9999,    9
 18378, 99125,20170315,-9999,    9
 18378, 99125,20170316,-9999,    9
 18378, 99125,20170317,-9999,    9
 18378, 99125,20170318,-9999,    9
 18378, 99125,20170319,-9999,    9
 18378, 99125,20170320,-9999,    9
 18378, 99125,20170321,-9999,    9
 18378, 99125,20170322,-9999,    9
 18378, 99125,20170323,-9999,    9
 18378, 99125,20170324,-9999,    9
 18378, 99125,20170325,-9999,    9
 18378, 99125,20170326,-9999,    9
 18378, 99125,20170327,-9999,    9
 18378, 99125,20170328,-9999,    9
 18378, 99125,20170329,-9999,    9
 18378, 99125,20170330,-9999,    9
 18378, 99125,20170331,-9999,    9
 18378, 99125,20170401,-9999,    9
 18378, 99125,20170402,-9999,    9
 18378, 99125,20170403,   65,    0
 18378, 99125,20170404,   54,    0
 18378, 99125,20170405,   13,    0
 18378, 99125,20170406,   20,    0
 18378, 99125,20170407,   10,    0
 18378, 99125,20170408,   45,    0
 18378, 99125,20170409,   58,    0
 18378, 99125,20170410,   23,    0
 18378, 99125,20170411,   -1,    0
 18378, 99125,20170412,   15,    0
 18378, 99125,20170413,   -4,    0
 18378, 99125,20170414,    2,    0
 18378, 99125,20170415,    0,    0
 18378, 99125,20170416,    6,    0
 18378, 99125,20170417,    2,    0
 18378, 99125,20170418,    9,    0
 18378, 99125,20170419,   21,    0
 18378, 99125,20170420,   40,    0
 18378, 99125,20170421,    8,    0
 18378, 99125,20170422,    5,    0
 18378, 99125,20170423,   -5,    0
 18378, 99125,20170424,  -21,    0
 18378, 99125,20170425,    8,    0
 18378, 99125,20170426,    7,    0
 18378, 99125,20170427,-9999,    9
 18378, 99125,20170428,   12,    0
 18378, 99125,20170429,   42,    0
 18378, 99125,20170430,   26,    0
 18378, 99125,20170501,   44,    0
 18378, 99125,20170502,   52,    0
 18378, 99125,20170503,   41,    0
 18378, 99125,20170504,   73,    0
 18378, 99125,20170505,  109,    0
 18378, 99125,20170506,   63,    0
 18378, 99125,20170507,   28,    0
 18378, 99125,20170508,   15,    0
 18378, 99125,20170509,    9,    0
 18378, 99125,20170510,   21,    0
 18378, 99125,20170511,   44,    0
 18378, 99125,20170512,   63,    0
 18378, 99125,20170513,   83,    0
 18378, 99125,20170514,  108,    0
 18378, 99125,20170515,   93,    0
 18378, 99125,20170516,  107,    0
 18378, 99125,20170517,  121,    0
 18378, 99125,20170518,  112,    0
 18378, 99125,20170519,  104,    0
 18378, 99125,20170520,-9999,    9
 18378, 99125,20170521,   84,    0
 18378, 99125,20170522,   65,    0
 18378, 99125,20170523,  104,    0
 18378, 99125,20170524,   80,    0
 18378, 99125,20170525,   83,    0
 18378, 99125,20170526,   96,    0
 18378, 99125,20170527,  152,    0
 18378, 99125,20170528,  146,    0
 18378, 99125,20170529,   97,    0
 18378, 99125,20170530,   81,    0
 18378, 99125,20170531,   49,    0
 18378, 99125,20170601,   46,    0
 18378, 99125,20170602,   98,    0
 18378, 99125,20170603,   95,    0
 18378, 99125,20170604,  103,    0
 18378, 99125,20170605,  100,    0
 18378, 99125,20170606,  130,    0
 18378, 99125,20170607,  164,    0
 18378, 99125,20170608,-9999,    9
 18378, 99125,20170609,-9999,    9
 18378, 99125,20170610,  129,    0
 18378, 99125,20170611,  152,    0
 18378, 99125,20170612,  109,    0
 18378, 99125,20170613,  119,    0
 18378, 99125,20170614,  122,    0
 18378, 99125,20170615,  154,    0
 18378, 99125,20170616,  130,    0
 18378, 99125,20170617,  129,    0
 18378, 99125,20170618,  126,    0
 18378, 99125,20170619,  102,    0
 18378, 99125,20170620,   75,    0
 18378, 99125,20170621,   85,    0
 18378, 99125,20170622,  127,    0
 18378, 99125,20170623,  137,    0
 18378, 99125,20170624,  104,    0
 18378, 99125,20170625,  105,    0
 18378, 99125,20170626,   78,    0
 18378, 99125,20170627,   79,    0
 18378, 99125,20170628,  112,    0
 18378, 99125,20170629,  150,    0
 18378, 99125,20170630,  195,    0
 18378, 99125,20170701,  172,    0
 18378, 99125,20170702,  117,    0
 18378, 99125,20170703,   92,    0
 18378, 99125,20170704,   90,    0
 18378, 99125,20170705,   91,    0
 18378, 99125,20170706,   99,    0
 18378, 99125,20170707,  137,    0
 18378, 99125,20170708,  106,    0
 18378, 99125,20170709,-9999,    9
 18378, 99125,20170710,-9999,    9
 18378, 99125,20170711,  111,    0
 18378, 99125,20170712,-9999,    9
 18378, 99125,20170713,-9999,    9
 18378, 99125,20170714,   96,    0
 18378, 99125,20170715,  143,    0
 18378, 99125,20170716,  127,    0
 18378, 99125,20170717,  102,    0
 18378, 99125,20170718,  101,    0
 18378, 99125,20170719,  120,    0
 18378, 99125,20170720,  143,    0
 18378, 99125,20170721,  183,    0
 18378, 99125,20170722,  180,    0
 18378, 99125,20170723,  164,    0
 18378, 99125,20170724,  168,    0
 18378, 99125,20170725,  152,    0
 18378, 99125,20170726,  173,    0
 18378, 99125,20170727,  175,    0
 18378, 99125,20170728,  164,    0
 18378, 99125,20170729,  148,    0
 18378, 99125,20170730,  137,    0
 18378, 99125,20170731,  152,    0
 18378, 99125,20170801,  137,    0
 18378, 99125,20170802,  113,    0
 18378, 99125,20170803,  155,    0
 18378, 99125,20170804,  137,    0
 18378, 99125,20170805,  146,    0
 18378, 99125,20170806,  139,    0
 18378, 99125,20170807,  130,    0
 18378, 99125,20170808,  121,    0
 18378, 99125,20170809,  125,    0
 18378, 99125,20170810,  127,    0
 18378, 99125,20170811,  151,    0
 18378, 99125,20170812,  113,    0
 18378, 99125,20170813,   84,    0
 18378, 99125,20170814,   93,    0
 18378, 99125,20170815,  131,    0
 18378, 99125,20170816,  124,    0
 18378, 99125,20170817,  142,    0
 18378, 99125,20170818,  159,    0
 18378, 99125,20170819,  132,    0
 18378, 99125,20170820,  108,    0
 18378, 99125,20170821,   98,    0
 18378, 99125,20170822,   87,    0
 18378, 99125,20170823,   91,    0
 18378, 99125,20170824,  102,    0
 18378, 99125,20170825,   80,    0
 18378, 99125,20170826,   90,    0
 18378, 99125,20170827,   95,    0
 18378, 99125,20170828,  149,    0
 18378, 99125,20170829,  130,    0
 18378, 99125,20170830,   99,    0
 18378, 99125,20170831,   89,    0
 18378, 99125,20170901,   94,    0
 18378, 99125,20170902,-9999,    9
 18378, 99125,20170903,  112,    0
 18378, 99125,20170904,  120,    0
 18378, 99125,20170905,  134,    0
 18378, 99125,20170906,  142,    0
 18378, 99125,20170907,  121,    0
 18378, 99125,20170908,  115,    0
 18378, 99125,20170909,  114,    0
 18378, 99125,20170910,  109,    0
 18378, 99125,20170911,  130,    0
 18378, 99125,20170912,  127,    0
 18378, 99125,20170913,  100,    0
 18378, 99125,20170914,   97,    0
 18378, 99125,20170915,   91,    0
 18378, 99125,20170916,   83,    0
 18378, 99125,20170917,   75,    0
 18378, 99125,20170918,   93,    0
 18378, 99125,20170919,-9999,    9
 18378, 99125,20170920,-9999,    9
 18378, 99125,20170921,  103,    0
 18378, 99125,20170922,  114,    0
 18378, 99125,20170923,  112,    0
 18378, 99125,20170924,  138,    0
 18378, 99125,20170925,  153,    0
 18378, 99125,20170926,  135,    0
 18378, 99125,20170927,  131,    0
 18378, 99125,20170928,  132,    0
 18378, 99125,20170929,  123,    0
 18378, 99125,20170930,  118,    0
 18378, 99125,20171001,  111,    0
 18378, 99125,20171002,  116,    0
 18378, 99125,20171003,  104,    0
 18378, 99125,20171004,-9999,    9
 18378, 99125,20171005,   73,    0
 18378, 99125,20171006,   58,    0
 18378, 99125,20171007,   30,    0
 18378, 99125,20171008,   53,    0
 18378, 99125,20171009,   48,    0
 18378, 99125,20171010,   50,    0
 18378, 99125,20171011,   46,    0
 18378, 99125,20171012,   46,    0
 18378, 99125,20171013,   68,    0
 18378, 99125,20171014,-9999,    9
 18378, 99125,20171015,   60,    0
 18378, 99125,20171016,   64,    0
 18378, 99125,20171017,-9999,    9
 18378, 99125,20171018,-9999,    9
 18378, 99125,20171019,-9999,    9
 18378, 99125,20171020,-9999,    9
 18378, 99125,20171021,-9999,    9
 18378, 99125,20171022,-9999,    9
 18378, 99125,20171023,-9999,    9
 18378, 99125,20171024,-9999,    9
 18378, 99125,20171025,   46,    0
 18378, 99125,20171026,   37,    0
 18378, 99125,20171027,   50,    0
 18378, 99125,20171028,   29,    0
 18378, 99125,20171029,    1,    0
 18378, 99125,20171030,   -4,    0
 18378, 99125,20171031,   10,    0
 18378, 99125,20171101,-9999,    9
 18378, 99125,20171102,-9999,    9
 18378, 99125,20171103,   -9,    0
 18378, 99125,20171104,   14,    0
 18378, 99125,20171105,   16,    0
 18378, 99125,20171106,    1,    0
 18378, 99125,20171107,   32,    0
 18378, 99125,20171108,   26,    0
 18378, 99125,20171109,   60,    0
 18378, 99125,20171110,  -26,    0
 18378, 99125,20171111,  -11,    0
 18378, 99125,20171112,    5,    0
 18378, 99125,20171113,  -13,    0
 18378, 99125,20171114,  -23,    0
 18378, 99125,20171115,    4,    0
 18378, 99125,20171116,    6,    0
 18378, 99125,20171117,  -35,    0
 18378, 99125,20171118,  -50,    0
 18378, 99125,20171119,  -82,    0
 18378, 99125,20171120,  -84,    0
 18378, 99125,20171121, -134,    0
 18378, 99125,20171122,  -40,    0
 18378, 99125,20171123,   57,    0
 18378, 99125,20171124,   38,    0
 18378, 99125,20171125,   20,    0
 18378, 99125,20171126,  -34,    0
 18378, 99125,20171127, -102,    0
 18378, 99125,20171128,-9999,    9
 18378, 99125,20171129,-9999,    9
 18378, 99125,20171130,  -87,    0
 18378, 99125,20171201,  -93,    0
 18378, 99125,20171202,   -5,    0
 18378, 99125,20171203,   10,    0
 18378, 99125,20171204,  -14,    0
 18378, 99125,20171205,  -28,    0
 18378, 99125,20171206,  -42,    0
 18378, 99125,20171207,   48,    0
 18378, 99125,20171208,    8,    0
 18378, 99125,20171209,   -6,    0
 18378, 99125,20171210,  -47,    0
 18378, 99125,20171211,  -86,    0
 18378, 99125,20171212, -100,    0
 18378, 99125,20171213,  -56,    0
 18378, 99125,20171214, -100,    0
 18378, 99125,20171215, -117,    0
 18378, 99125,20171216,  -79,    0
 18378, 99125,20171217,  -60,    0
 18378, 99125,20171218,   -7,    0
 18378, 99125,20171219,   18,    0
 18378, 99125,20171220,    7,    0
 18378, 99125,20171221,    3,    0
 18378, 99125,20171222,   -7,    0
 18378, 99125,20171223,    9,    0
 18378, 99125,20171224,   -7,    0
 18378, 99125,20171225,  -29,    0
 18378, 99125,20171226,  -46,    0
 18378, 99125,20171227, -110,    0
 18378, 99125,20171228, -137,    0
 18378, 99125,20171229,  -95,    0
 18378, 99125,20171230,  -87,    0
 18378, 99125,20171231,  -51,    0
 18378, 99125,20180101,  -15,    0
 18378, 99125,20180102,  -40,    0
 18378, 99125,20180103,  -50,    0
 18378, 99125,20180104,  -18,    0
 18378, 99125,20180105,  -83,    0
 18378, 99125,20180106,  -73,    0
 18378, 99125,20180107,  -43,    0
 18378, 99125,20180108,  -34,    0
 18378, 99125,20180109,  -59,    0
 18378, 99125,20180110,   20,    0
 18378, 99125,20180111,   23,    0
 18378, 99125,20180112,  -30,    0
 18378, 99125,20180113,  -49,    0
 18378, 99125,20180114,  -30,    0
 18378, 99125,20180115,  -15,    0
 18378, 99125,20180116,   -6,    0
 18378, 99125,20180117,   -9,    0
 18378, 99125,20180118,  -49,    0
 18378, 99125,20180119,  -74,    0
 18378, 99125,20180120,  -53,    0
 18378, 99125,20180121, -113,    0
 18378, 99125,20180122, -109,    0
 18378, 99125,20180123,  -10,    0
 18378, 99125,20180124,   23,    0
 18378, 99125,20180125,   14,    0
 18378, 99125,20180126,  -19,    0
 18378, 99125,20180127,  -46,    0
 18378, 99125,20180128,    0,    0
 18378, 99125,20180129,  -20,    0
 18378, 99125,20180130,  -48,    0
 18378, 99125,20180131,   12,    0
 18378, 99125,20180201,  -10,    0
 18378, 99125,20180202, -146,    0
 18378, 99125,20180203,  -82,    0
 18378, 99125,20180204,  -82,    0
 18378, 99125,20180205,  -40,    0
 18378, 99125,20180206,  -59,    0
 18378, 99125,20180207,  -49,    0
 18378, 99125,20180208,  -19,    0
 18378, 99125,20180209,   21,    0
 18378, 99125,20180210,    4,    0
 18378, 99125,20180211,  -10,    0
 18378, 99125,20180212,  -26,    0
 18378, 99125,20180213,  -55,    0
 18378, 99125,20180214,   11,    0
 18378, 99125,20180215,    6,    0
 18378, 99125,20180216,  -11,    0
 18378, 99125,20180217,  -47,    0
 18378, 99125,20180218,  -58,    0
 18378, 99125,20180219,  -59,    0
 18378, 99125,20180220,  -75,    0
 18378, 99125,20180221,  -25,    0
 18378, 99125,20180222,  -23,    0
 18378, 99125,20180223,  -25,    0
 18378, 99125,20180224,  -37,    0
 18378, 99125,20180225,  -51,    0
 18378, 99125,20180226,  -88,    0
 18378, 99125,20180227, -126,    0
 18378, 99125,20180228, -141,    0
 18378, 99125,20180301, -131,    0
 18378, 99125,20180302,  -88,    0
 18378, 99125,20180303,-9999,    9
 18378, 99125,20180304,  -71,    0
 18378, 99125,20180305,  -57,    0
 18378, 99125,20180306, -103,    0
 18378, 99125,20180307,  -99,    0
 18378, 99125,20180308,  -33,    0
 18378, 99125,20180309,  -27,    0
 18378, 99125,20180310,-9999,    9
 18378, 99125,20180311,  -48,    0
 18378, 99125,20180312,  -16,    0
 18378, 99125,20180313,  -12,    0
 18378, 99125,20180314,  -40,    0
 18378, 99125,20180315,  -57,    0
 18378, 99125,20180316,  -65,    0
 18378, 99125,20180317,-9999,    9
 18378, 99125,20180318,  -49,    0
 18378, 99125,20180319,   -7,    0
 18378, 99125,20180320,   -5,    0
 18378, 99125,20180321,   14,    0
 18378, 99125,20180322,   11,    0
 18378, 99125,20180323,   34,    0
 18378, 99125,20180324,   40,    0
 18378, 99125,20180325,-9999,    9
 18378, 99125,20180326,  -55,    0
 18378, 99125,20180327,  -74,    0
 18378, 99125,20180328,  -50,    0
 18378, 99125,20180329,  -53,    0
 18378, 99125,20180330,  -69,    0
 18378, 99125,20180331,  -66,    0
 18378, 99125,20180401,  -52,    0
 18378, 99125,20180402,  -38,    0
 18378, 99125,20180403,  -27,    0
 18378, 99125,20180404,   19,    0
 18378, 99125,20180405,   -8,    0
 18378, 99125,20180406,    1,    0
 18378, 99125,20180407,-9999,    9
 18378, 99125,20180408,   24,    0
 18378, 99125,20180409,    8,    0
 18378, 99125,20180410,   32,    0
 18378, 99125,20180411,   34,    0
 18378, 99125,20180412,   76,    0
 18378, 99125,20180413,   91,    0
 18378, 99125,20180414,   83,    0
 18378, 99125,20180415,   79,    0
 18378, 99125,20180416,   72,    0
 18378, 99125,20180417,   74,    0
 18378, 99125,20180418,   70,    0
 18378, 99125,20180419,   94,    0
 18378, 99125,20180420,   58,    0
 18378, 99125,20180421,   52,    0
 18378, 99125,20180422,   75,    0
 18378, 99125,20180423,   76,    0
 18378, 99125,20180424,   60,    0
 18378, 99125,20180425,   36,    0
 18378, 99125,20180426,   46,    0
 18378, 99125,20180427,   56,    0
 18378, 99125,20180428,   44,    0
 18378, 99125,20180429,   39,    0
 18378, 99125,20180430,   61,    0
 18378, 99125,20180501,   54,    0
 18378, 99125,20180502,   84,    0
 18378, 99125,20180503,   68,    0
 18378, 99125,20180504,   87,    0
 18378, 99125,20180505,-9999,    9
 18378, 99125,20180506,   89,    0
 18378, 99125,20180507,   93,    0
 18378, 99125,20180508,  151,    0
 18378, 99125,20180509,  183,    0
 18378, 99125,20180510,  178,    0
 18378, 99125,20180511,   71,    0
 18378, 99125,20180512,  137,    0
 18378, 99125,20180513,  155,    0
 18378, 99125,20180514,  170,    0
 18378, 99125,20180515,  166,    0
 18378, 99125,20180516,-9999,    9
 18378, 99125,20180517,   76,    0
 18378, 99125,20180518,   98,    0
 18378, 99125,20180519,-9999,    9
 18378, 99125,20180520,  148,    0
 18378, 99125,20180521,  168,    0
 18378, 99125,20180522,   94,    0
 18378, 99125,20180523,  123,    0
 18378, 99125,20180524,  158,    0
 18378, 99125,20180525,  141,    0
 18378, 99125,20180526,-9999,    9
 18378, 99125,20180527,  170,    0
 18378, 99125,20180528,  164,    0
 18378, 99125,20180529,  153,    0
 18378, 99125,20180530,-9999,    9
 18378, 99125,20180531,  195,    0
 18378, 99125,20180601,  179,    0
 18378, 99125,20180602,  172,    0
 18378, 99125,20180603,  140,    0
 18378, 99125,20180604,   72,    0
 18378, 99125,20180605,   53,    0
 18378, 99125,20180606,-9999,    9
 18378, 99125,20180607,   99,    0
 18378, 99125,20180608,  126,    0
 18378, 99125,20180609,  149,    0
 18378, 99125,20180610,  132,    0
 18378, 99125,20180611,   92,    0
 18378, 99125,20180612,   86,    0
 18378, 99125,20180613,  110,    0
 18378, 99125,20180614,  161,    0
 18378, 99125,20180615,  149,    0
 18378, 99125,20180616,  111,    0
 18378, 99125,20180617,  119,    0
 18378, 99125,20180618,  140,    0
 18378, 99125,20180619,  109,    0
 18378, 99125,20180620,   82,    0
 18378, 99125,20180621,   80,    0
 18378, 99125,20180622,   62,    0
 18378, 99125,20180623,  105,    0
 18378, 99125,20180624,  131,    0
 18378, 99125,20180625,  127,    0
 18378, 99125,20180626,  139,    0
 18378, 99125,20180627,  163,    0
 18378, 99125,20180628,  113,    0
 18378, 99125,20180629,   88,    0
 18378, 99125,20180630,  130,    0
 18378, 99125,20180701,  175,    0
 18378, 99125,20180702,  167,    0
 18378, 99125,20180703,  138,    0
 18378, 99125,20180704,  142,    0
 18378, 99125,20180705,  153,    0
 18378, 99125,20180706,  119,    0
 18378, 99125,20180707,  123,    0
 18378, 99125,20180708,  136,    0
 18378, 99125,20180709,  107,    0
 18378, 99125,20180710,  170,    0
 18378, 99125,20180711,  173,    0
 18378, 99125,20180712,  172,    0
 18378, 99125,20180713,  153,    0
 18378, 99125,20180714,  145,    0
 18378, 99125,20180715,  184,    0
 18378, 99125,20180716,  219,    0
 18378, 99125,20180717,  192,    0
 18378, 99125,20180718,  177,    0
 18378, 99125,20180719,  137,    0
 18378, 99125,20180720,  165,    0
 18378, 99125,20180721,  168,    0
 18378, 99125,20180722,  173,    0
 18378, 99125,20180723,  157,    0
 18378, 99125,20180724,  185,    0
 18378, 99125,20180725,  149,    0
 18378, 99125,20180726,  173,    0
 18378, 99125,20180727,  234,    0
 18378, 99125,20180728,  230,    0
 18378, 99125,20180729,  209,    0
 18378, 99125,20180730,  210,    0
 18378, 99125,20180731,  223,    0
 18378, 99125,20180801,  173,    0
 18378, 99125,20180802,  138,    0
 18378, 99125,20180803,  148,    0
 18378, 99125,20180804,  146,    0
 18378, 99125,20180805,  114,    0
 18378, 99125,20180806,  124,    0
 18378, 99125,20180807,  155,    0
 18378, 99125,20180808,  188,    0
 18378, 99125,20180809,  147,    0
 18378, 99125,20180810,  119,    0
 18378, 99125,20180811,  121,    0
 18378, 99125,20180812,  104,    0
 18378, 99125,20180813,  115,    0
 18378, 99125,20180814,  122,    0
 18378, 99125,20180815,  149,    0
 18378, 99125,20180816,  165,    0
 18378, 99125,20180817,  135,    0
 18378, 99125,20180818,  131,    0
 18378, 99125,20180819,  105,    0
 18378, 99125,20180820,   94,    0
 18378, 99125,20180821,   99,    0
 18378, 99125,20180822,  135,    0
 18378, 99125,20180823,  109,    0
 18378, 99125,20180824,  110,    0
 18378, 99125,20180825,   91,    0
 18378, 99125,20180826,   72,    0
 18378, 99125,20180827,   90,    0
 18378, 99125,20180828,  116,    0
 18378, 99125,20180829,  144,    0
 18378, 99125,20180830,  107,    0
 18378, 99125,20180831,   99,    0
 18378, 99125,20180901,  113,    0
 18378, 99125,20180902,  160,    0
 18378, 99125,20180903,  147,    0
 18378, 99125,20180904,  101,    0
 18378, 99125,20180905,  122,    0
 18378, 99125,20180906,  154,    0
 18378, 99125,20180907,  155,    0
 18378, 99125,20180908,  153,    0
 18378, 99125,20180909,  143,    0
 18378, 99125,20180910,  130,    0
 18378, 99125,20180911,  107,    0
 18378, 99125,20180912,   80,    0
 18378, 99125,20180913,   84,    0
 18378, 99125,20180914,   96,    0
 18378, 99125,20180915,   72,    0
 18378, 99125,20180916,   89,    0
 18378, 99125,20180917,   96,    0
 18378, 99125,20180918,  126,    0
 18378, 99125,20180919,  166,    0
 18378, 99125,20180920,  126,    0
 18378, 99125,20180921,   75,    0
 18378, 99125,20180922,   81,    0
 18378, 99125,20180923,   36,    0
 18378, 99125,20180924,   23,    0
 18378, 99125,20180925,   59,    0
 18378, 99125,20180926,-9999,    9
 18378, 99125,20180927,-9999,    9
 18378, 99125,20180928,-9999,    9
 18378, 99125,20180929,-9999,    9
 18378, 99125,20180930,-9999,    9
 18378, 99125,20181001,-9999,    9
 18378, 99125,20181002,-9999,    9
 18378, 99125,20181003,-9999,    9
 18378, 99125,20181004,   30,    0
 18378, 99125,20181005,   63,    0
 18378, 99125,20181006,   32,    0
 18378, 99125,20181007,   34,    0
 18378, 99125,20181008,   61,    0
 18378, 99125,20181009,   49,    0
 18378, 99125,20181010,   53,    0
 18378, 99125,20181011,-9999,    9
 18378, 99125,20181012,  146,    0
 18378, 99125,20181013,  151,    0
 18378, 99125,20181014,  161,    0
 18378, 99125,20181015,   43,    0
 18378, 99125,20181016,   58,    0
 18378, 99125,20181017,-9999,    9
 18378, 99125,20181018,-9999,    9
 18378, 99125,20181019,   55,    0
 18378, 99125,20181020,   63,    0
 18378, 99125,20181021,   60,    0
 18378, 99125,20181022,-9999,    9
 18378, 99125,20181023,    9,    0
 18378, 99125,20181024,   18,    0
 18378, 99125,20181025,   11,    0
 18378, 99125,20181026,    5,    0
 18378, 99125,20181027,  -17,    0
 18378, 99125,20181028,  -41,    0
 18378, 99125,20181029,  -28,    0
 18378, 99125,20181030,   10,    0
 18378, 99125,20181031,   47,    0
 18378, 99125,20181101,   53,    0
 18378, 99125,20181102,   51,    0
 18378, 99125,20181103,   26,    0
 18378, 99125,20181104,   96,    0
 18378, 99125,20181105,   71,    0
 18378, 99125,20181106,   27,    0
 18378, 99125,20181107,   39,    0
 18378, 99125,20181108,   56,    0
 18378, 99125,20181109,   32,    0
 18378, 99125,20181110,   68,    0
 18378, 99125,20181111,   90,    0
 18378, 99125,20181112,   70,    0
 18378, 99125,20181113,   17,    0
 18378, 99125,20181114,   30,    0
 18378, 99125,20181115,   85,    0
 18378, 99125,20181116,   76,    0
 18378, 99125,20181117,   43,    0
 18378, 99125,20181118,    3,    0
 18378, 99125,20181119,  -39,    0
 18378, 99125,20181120,  -28,    0
 18378, 99125,20181121,    4,    0
 18378, 99125,20181122,  -77,    0
 18378, 99125,20181123,  -67,    0
 18378, 99125,20181124,  -25,    0
 18378, 99125,20181125,  -14,    0
 18378, 99125,20181126,  -19,    0
 18378, 99125,20181127,  -70,    0
 18378, 99125,20181128,  -46,    0
 18378, 99125,20181129,   49,    0
 18378, 99125,20181130,   82,    0
 18378, 99125,20181201,   65,    0
 18378, 99125,20181202,   50,    0
 18378, 99125,20181203,   -1,    0
 18378, 99125,20181204,   -6,    0
 18378, 99125,20181205,  -37,    0
 18378, 99125,20181206,  -65,    0
 18378, 99125,20181207,  -11,    0
 18378, 99125,20181208,   -4,    0
 18378, 99125,20181209,   -2,    0
 18378, 99125,20181210,    7,    0
 18378, 99125,20181211,  -12,    0
 18378, 99125,20181212, -101,    0
 18378, 99125,20181213, -121,    0
 18378, 99125,20181214, -133,    0
 18378, 99125,20181215, -105,    0
 18378, 99125,20181216,    4,    0
 18378, 99125,20181217,  -43,    0
 18378, 99125,20181218,  -36,    0
 18378, 99125,20181219,    4,    0
 18378, 99125,20181220,   26,    0
 18378, 99125,20181221,   -9,    0
 18378, 99125,20181222,  -33,    0
 18378, 99125,20181223,  -53,    0
 18378, 99125,20181224,  -36,    0
 18378, 99125,20181225,   37,    0
 18378, 99125,20181226,   26,    0
 18378, 99125,20181227,   -1,    0
 18378, 99125,20181228,    0,    0
 18378, 99125,20181229,   -7,    0
 18378, 99125,20181230,  -18,    0
 18378, 99125,20181231,   16,    0
 18378, 99125,20190101,    1,    0
 18378, 99125,20190102,   -5,    0
 18378, 99125,20190103,   33,    0
 18378, 99125,20190104,   52,    0
 18378, 99125,20190105,   20,    0
 18378, 99125,20190106,   14,    0
 18378, 99125,20190107,   -3,    0
 18378, 99125,20190108,   -8,    0
 18378, 99125,20190109,  -21,    0
 18378, 99125,20190110,   20,    0
 18378, 99125,20190111,   -1,    0
 18378, 99125,20190112,  -27,    0
 18378, 99125,20190113,  -35,    0
 18378, 99125,20190114,  -30,    0
 18378, 99125,20190115,  -81,    0
 18378, 99125,20190116, -105,    0
 18378, 99125,20190117,  -75,    0
 18378, 99125,20190118,-9999,    9
 18378, 99125,20190119,-9999,    9
 18378, 99125,20190120,  -93,    0
 18378, 99125,20190121,  -94,    0
 18378, 99125,20190122,  -99,    0
 18378, 99125,20190123,  -93,    0
 18378, 99125,20190124, -108,    0
 18378, 99125,20190125,  -73,    0
 18378, 99125,20190126,  -49,    0
 18378, 99125,20190127,  -64,    0
 18378, 99125,20190128,  -74,    0
 18378, 99125,20190129,  -95,    0
 18378, 99125,20190130,-9999,    9
 18378, 99125,20190131,  -29,    0
 18378, 99125,20190201,  -28,    0
 18378, 99125,20190202,  -53,    0
 18378, 99125,20190203,  -85,    0
 18378, 99125,20190204, -112,    0
 18378, 99125,20190205, -145,    0
 18378, 99125,20190206,  -75,    0
 18378, 99125,20190207,  -26,    0
 18378, 99125,20190208,  -23,    0
 18378, 99125,20190209,    9,    0
 18378, 99125,20190210,  -13,    0
 18378, 99125,20190211,  -28,    0
 18378, 99125,20190212,  -19,    0
 18378, 99125,20190213,-9999,    9
 18378, 99125,20190214,-9999,    9
 18378, 99125,20190215,-9999,    9
 18378, 99125,20190216,   17,    0
 18378, 99125,20190217,   14,    0
 18378, 99125,20190218,   49,    0
 18378, 99125,20190219,   33,    0
 18378, 99125,20190220,   -8,    0
 18378, 99125,20190221,   16,    0
 18378, 99125,20190222,   27,    0
 18378, 99125,20190223,   37,    0
 18378, 99125,20190224,   41,    0
 18378, 99125,20190225,   36,    0
 18378, 99125,20190226,   18,    0
 18378, 99125,20190227,   23,    0
 18378, 99125,20190228,    9,    0
 18378, 99125,20190301,    3,    0
 18378, 99125,20190302,   18,    0
 18378, 99125,20190303,   11,    0
 18378, 99125,20190304,  -21,    0
 18378, 99125,20190305,  -70,    0
 18378, 99125,20190306,  -76,    0
 18378, 99125,20190307,  -23,    0
 18378, 99125,20190308,  -26,    0
 18378, 99125,20190309,  -51,    0
 18378, 99125,20190310,  -50,    0
 18378, 99125,20190311,  -83,    0
 18378, 99125,20190312,  -53,    0
 18378, 99125,20190313,  -23,    0
 18378, 99125,20190314,  -29,    0
 18378, 99125,20190315,  -53,    0
 18378, 99125,20190316,  -65,    0
 18378, 99125,20190317,  -25,    0
 18378, 99125,20190318,   -9,    0
 18378, 99125,20190319,    9,    0
 18378, 99125,20190320,   23,    0
 18378, 99125,20190321,   30,    0
 18378, 99125,20190322,   43,    0
 18378, 99125,20190323,   17,    0
 18378, 99125,20190324,   11,    0
 18378, 99125,20190325,   -2,    0
 18378, 99125,20190326,    3,    0
 18378, 99125,20190327,   41,    0
 18378, 99125,20190328,   56,    0
 18378, 99125,20190329,   18,    0
 18378, 99125,20190330,   10,    0
 18378, 99125,20190331,  -23,    0
 18378, 99125,20190401,  -12,    0
 18378, 99125,20190402,   27,    0
 18378, 99125,20190403,   26,    0
 18378, 99125,20190404,    7,    0
 18378, 99125,20190405,   54,    0
 18378, 99125,20190406,   15,    0
 18378, 99125,20190407,   15,    0
 18378, 99125,20190408,    6,    0
 18378, 99125,20190409,-9999,    9
 18378, 99125,20190410,-9999,    9
 18378, 99125,20190411,-9999,    9
 18378, 99125,20190412,   -5,    0
 18378, 99125,20190413,    7,    0
 18378, 99125,20190414,   25,    0
 18378, 99125,20190415,   31,    0
 18378, 99125,20190416,   61,    0
 18378, 99125,20190417,   56,    0
 18378, 99125,20190418,   69,    0
 18378, 99125,20190419,   87,    0
 18378, 99125,20190420,   92,    0
 18378, 99125,20190421,   71,    0
 18378, 99125,20190422,  119,    0
 18378, 99125,20190423,  112,    0
 18378, 99125,20190424,  109,    0
 18378, 99125,20190425,  141,    0
 18378, 99125,20190426,  140,    0
 18378, 99125,20190427,  139,    0
 18378, 99125,20190428,  150,    0
 18378, 99125,20190429,  120,    0
 18378, 99125,20190430,   93,    0
 18378, 99125,20190501,   42,    0
 18378, 99125,20190502,    4,    0
 18378, 99125,20190503,   -4,    0
 18378, 99125,20190504,    6,    0
 18378, 99125,20190505,   13,    0
 18378, 99125,20190506,   13,    0
 18378, 99125,20190507,   18,    0
 18378, 99125,20190508,   25,    0
 18378, 99125,20190509,   48,    0
 18378, 99125,20190510,   70,    0
 18378, 99125,20190511,   29,    0
 18378, 99125,20190512,   27,    0
 18378, 99125,20190513,   31,    0
 18378, 99125,20190514,   68,    0
 18378, 99125,20190515,  111,    0
 18378, 99125,20190516,  120,    0
 18378, 99125,20190517,  143,    0
 18378, 99125,20190518,  142,    0
 18378, 99125,20190519,  133,    0
 18378, 99125,20190520,  151,    0
 18378, 99125,20190521,  176,    0
 18378, 99125,20190522,  180,    0
 18378, 99125,20190523,  143,    0
 18378, 99125,20190524,  103,    0
 18378, 99125,20190525,   81,    0
 18378, 99125,20190526,   56,    0
 18378, 99125,20190527,   51,    0
 18378, 99125,20190528,   32,    0
 18378, 99125,20190529,-9999,    9
 18378, 99125,20190530,-9999,    9
 18378, 99125,20190531,-9999,    9
 18378, 99125,20190601,   78,    0
 18378, 99125,20190602,  107,    0
 18378, 99125,20190603,  153,    0
 18378, 99125,20190604,  131,    0
 18378, 99125,20190605,  122,    0
 18378, 99125,20190606,  195,    0
 18378, 99125,20190607,  138,    0
 18378, 99125,20190608,  163,    0
 18378, 99125,20190609,  150,    0
 18378, 99125,20190610,   99,    0
 18378, 99125,20190611,  126,    0
 18378, 99125,20190612,  118,    0
 18378, 99125,20190613,  131,    0
 18378, 99125,20190614,  166,    0
 18378, 99125,20190615,  166,    0
 18378, 99125,20190616,  173,    0
 18378, 99125,20190617,  141,    0
 18378, 99125,20190618,  135,    0
 18378, 99125,20190619,  135,    0
 18378, 99125,20190620,  146,    0
 18378, 99125,20190621,  106,    0
 18378, 99125,20190622,  101,    0
 18378, 99125,20190623,  109,    0
 18378, 99125,20190624,  131,    0
 18378, 99125,20190625,  137,    0
 18378, 99125,20190626,  114,    0
 18378, 99125,20190627,  104,    0
 18378, 99125,20190628,  116,    0
 18378, 99125,20190629,  119,    0
 18378, 99125,20190630,  129,    0
 18378, 99125,20190701,   98,    0
 18378, 99125,20190702,   68,    0
 18378, 99125,20190703,   69,    0
 18378, 99125,20190704,   64,    0
 18378, 99125,20190705,   82,    0
 18378, 99125,20190706,   94,    0
 18378, 99125,20190707,  102,    0
 18378, 99125,20190708,   79,    0
 18378, 99125,20190709,  127,    0
 18378, 99125,20190710,  149,    0
 18378, 99125,20190711,  154,    0
 18378, 99125,20190712,  136,    0
 18378, 99125,20190713,  123,    0
 18378, 99125,20190714,  113,    0
 18378, 99125,20190715,   98,    0
 18378, 99125,20190716,  102,    0
 18378, 99125,20190717,  129,    0
 18378, 99125,20190718,  180,    0
 18378, 99125,20190719,  168,    0
 18378, 99125,20190720,  176,    0
 18378, 99125,20190721,  170,    0
 18378, 99125,20190722,  167,    0
 18378, 99125,20190723,  183,    0
 18378, 99125,20190724,  224,    0
 18378, 99125,20190725,  230,    0
 18378, 99125,20190726,  236,    0
 18378, 99125,20190727,  241,    0
 18378, 99125,20190728,  237,    0
 18378, 99125,20190729,  232,    0
 18378, 99125,20190730,  151,    0
 18378, 99125,20190731,  161,    0
 18378, 99125,20190801,  156,    0
 18378, 99125,20190802,  147,    0
 18378, 99125,20190803,  134,    0
 18378, 99125,20190804,  141,    0
 18378, 99125,20190805,  124,    0
 18378, 99125,20190806,  126,    0
 18378, 99125,20190807,  135,    0
 18378, 99125,20190808,  135,    0
 18378, 99125,20190809,  159,    0
 18378, 99125,20190810,  174,    0
 18378, 99125,20190811,  182,    0
 18378, 99125,20190812,  132,    0
 18378, 99125,20190813,   99,    0
 18378, 99125,20190814,  101,    0
 18378, 99125,20190815,  130,    0
 18378, 99125,20190816,  139,    0
 18378, 99125,20190817,  151,    0
 18378, 99125,20190818,  141,    0
 18378, 99125,20190819,  129,    0
 18378, 99125,20190820,  125,    0
 18378, 99125,20190821,  106,    0
 18378, 99125,20190822,-9999,    9
 18378, 99125,20190823,  118,    0
 18378, 99125,20190824,  135,    0
 18378, 99125,20190825,  161,    0
 18378, 99125,20190826,  181,    0
 18378, 99125,20190827,-9999,    9
 18378, 99125,20190828,  197,    0
 18378, 99125,20190829,  153,    0
 18378, 99125,20190830,  154,    0
 18378, 99125,20190831,  181,    0
 18378, 99125,20190901,  156,    0
 18378, 99125,20190902,   92,    0
 18378, 99125,20190903,   70,    0
 18378, 99125,20190904,   76,    0
 18378, 99125,20190905,   71,    0
 18378, 99125,20190906,   79,    0
 18378, 99125,20190907,   70,    0
 18378, 99125,20190908,   82,    0
 18378, 99125,20190909,   99,    0
 18378, 99125,20190910,  134,    0
 18378, 99125,20190911,  145,    0
 18378, 99125,20190912,   79,    0
 18378, 99125,20190913,   72,    0
 18378, 99125,20190914,   76,    0
 18378, 99125,20190915,   77,    0
 18378, 99125,20190916,   63,    0
 18378, 99125,20190917,   41,    0
 18378, 99125,20190918,   51,    0
 18378, 99125,20190919,   54,    0
 18378, 99125,20190920,   94,    0
 18378, 99125,20190921,  125,    0
 18378, 99125,20190922,   90,    0
 18378, 99125,20190923,   98,    0
 18378, 99125,20190924,   87,    0
 18378, 99125,20190925,  100,    0
 18378, 99125,20190926,   96,    0
 18378, 99125,20190927,  107,    0
 18378, 99125,20190928,  111,    0
 18378, 99125,20190929,   62,    0
 18378, 99125,20190930,   22,    0
 18378, 99125,20191001,   17,    0
 18378, 99125,20191002,   56,    0
 18378, 99125,20191003,   45,    0
 18378, 99125,20191004,   22,    0
 18378, 99125,20191005,  -19,    0
 18378, 99125,20191006,  -12,    0
 18378, 99125,20191007,    2,    0
 18378, 99125,20191008,   29,    0
 18378, 99125,20191009,   46,    0
 18378, 99125,20191010,   35,    0
 18378, 99125,20191011,   42,    0
 18378, 99125,20191012,   30,    0
 18378, 99125,20191013,    9,    0
 18378, 99125,20191014,  -11,    0
 18378, 99125,20191015,   33,    0
 18378, 99125,20191016,   67,    0
 18378, 99125,20191017,   70,    0
 18378, 99125,20191018,   57,    0
 18378, 99125,20191019,   15,    0
 18378, 99125,20191020,   29,    0
 18378, 99125,20191021,   30,    0
 18378, 99125,20191022,   83,    0
 18378, 99125,20191023,-9999,    9
 18378, 99125,20191024,-9999,    9
 18378, 99125,20191025,-9999,    9
 18378, 99125,20191026,-9999,    9
 18378, 99125,20191027,-9999,    9
 18378, 99125,20191028,    3,    0
 18378, 99125,20191029,   16,    0
 18378, 99125,20191030,   13,    0
 18378, 99125,20191031,   21,    0
 18378, 99125,20191101,   -2,    0
 18378, 99125,20191102,  -10,    0
 18378, 99125,20191103,  -60,    0
 18378, 99125,20191104,  -37,    0
 18378, 99125,20191105,  -94,    0
 18378, 99125,20191106,  -65,    0
 18378, 99125,20191107,  -66,    0
 18378, 99125,20191108,  -80,    0
 18378, 99125,20191109, -121,    0
 18378, 99125,20191110,  -95,    0
 18378, 99125,20191111,  -74,    0
 18378, 99125,20191112,  -21,    0
 18378, 99125,20191113,    7,    0
 18378, 99125,20191114,  -47,    0
 18378, 99125,20191115,  -73,    0
 18378, 99125,20191116,    4,    0
 18378, 99125,20191117,   11,    0
 18378, 99125,20191118,    6,    0
 18378, 99125,20191119,   -4,    0
 18378, 99125,20191120,  -38,    0
 18378, 99125,20191121,   20,    0
 18378, 99125,20191122,   53,    0
 18378, 99125,20191123,   43,    0
 18378, 99125,20191124,    8,    0
 18378, 99125,20191125,   18,    0
 18378, 99125,20191126,   -3,    0
 18378, 99125,20191127,   -3,    0
 18378, 99125,20191128,  -18,    0
 18378, 99125,20191129,  -17,    0
 18378, 99125,20191130,  -24,    0
 18378, 99125,20191201,  -23,    0
 18378, 99125,20191202,  -25,    0
 18378, 99125,20191203,   21,    0
 18378, 99125,20191204,   -9,    0
 18378, 99125,20191205,   14,    0
 18378, 99125,20191206,  -33,    0
 18378, 99125,20191207,-9999,    9
 18378, 99125,20191208,  -26,    0
 18378, 99125,20191209,  -23,    0
 18378, 99125,20191210,  -33,    0
 18378, 99125,20191211,   46,    0
 18378, 99125,20191212,   43,    0
 18378, 99125,20191213,   17,    0
 18378, 99125,20191214,-9999,    9
 18378, 99125,20191215,   12,    0
 18378, 99125,20191216,  -36,    0
 18378, 99125,20191217,  -54,    0
 18378, 99125,20191218,  -63,    0
 18378, 99125,20191219,  -26,    0
 18378, 99125,20191220,   41,    0
 18378, 99125,20191221,-9999,    9
 18378, 99125,20191222,-9999,    9
 18378, 99125,20191223,-9999,    9
 18378, 99125,20191224,  -63,    0
 18378, 99125,20191225,  -30,    0
 18378, 99125,20191226,  -26,    0
 18378, 99125,20191227,  -38,    0
 18378, 99125,20191228,   15,    0
 18378, 99125,20191229,   39,    0
 18378, 99125,20191230,   30,    0
 18378, 99125,20191231,    5,    0
 18378, 99125,20200101,   -2,    0
 18378, 99125,20200102,   64,    0
 18378, 99125,20200103,  -10,    0
 18378, 99125,20200104,  -14,    0
 18378, 99125,20200105,-9999,    9
 18378, 99125,20200106,-9999,    9
 18378, 99125,20200107,   50,    0
 18378, 99125,20200108,   28,    0
 18378, 99125,20200109,  -39,    0
 18378, 99125,20200110,  -63,    0
 18378, 99125,20200111,   41,    0
 18378, 99125,20200112,-9999,    9
 18378, 99125,20200113,-9999,    9
 18378, 99125,20200114,-9999,    9
 18378, 99125,20200115,-9999,    9
 18378, 99125,20200116,   -2,    0
 18378, 99125,20200117,   62,    0
 18378, 99125,20200118,   -2,    0
 18378, 99125,20200119,   19,    0
 18378, 99125,20200120,   56,    0
 18378, 99125,20200121,   13,    0
 18378, 99125,20200122,   -7,    0
 18378, 99125,20200123,    0,    0
 18378, 99125,20200124,   -7,    0
 18378, 99125,20200125,   -7,    0
 18378, 99125,20200126,   -3,    0
 18378, 99125,20200127,-9999,    9
 18378, 99125,20200128,-9999,    9
 18378, 99125,20200129,   -3,    0
 18378, 99125,20200130,  -31,    0
 18378, 99125,20200131,   25,    0
 18378, 99125,20200201,   15,    0
 18378, 99125,20200202,    5,    0
 18378, 99125,20200203,  -36,    0
 18378, 99125,20200204,  -37,    0
 18378, 99125,20200205,   13,    0
 18378, 99125,20200206,    4,    0
 18378, 99125,20200207,    1,    0
 18378, 99125,20200208,   33,    0
 18378, 99125,20200209,   49,    0
 18378, 99125,20200210,   15,    0
 18378, 99125,20200211,  -42,    0
 18378, 99125,20200212,  -39,    0
 18378, 99125,20200213,  -27,    0
 18378, 99125,20200214,  -54,    0
 18378, 99125,20200215,   16,    0
 18378, 99125,20200216,   43,    0
 18378, 99125,20200217,   39,    0
 18378, 99125,20200218,   -3,    0
 18378, 99125,20200219,  -11,    0
 18378, 99125,20200220,   29,    0
 18378, 99125,20200221,   20,    0
 18378, 99125,20200222,    3,    0
 18378, 99125,20200223,   -4,    0
 18378, 99125,20200224,  -30,    0
 18378, 99125,20200225,  -67,    0
 18378, 99125,20200226,  -70,    0
 18378, 99125,20200227,  -50,    0
 18378, 99125,20200228,  -42,    0
 18378, 99125,20200229,  -37,    0
 18378, 99125,20200301,  -26,    0
 18378, 99125,20200302,  -28,    0
 18378, 99125,20200303,   -4,    0
 18378, 99125,20200304,    0,    0
 18378, 99125,20200305,   -4,    0
 18378, 99125,20200306,   -6,    0
 18378, 99125,20200307,  -13,    0
 18378, 99125,20200308,   55,    0
 18378, 99125,20200309,   29,    0
 18378, 99125,20200310,   20,    0
 18378, 99125,20200311,   38,    0
 18378, 99125,20200312,    8,    0
 18378, 99125,20200313,  -48,    0
 18378, 99125,20200314,  -32,    0
 18378, 99125,20200315,   34,    0
 18378, 99125,20200316,    3,    0
 18378, 99125,20200317,   39,    0
 18378, 99125,20200318,    4,    0
 18378, 99125,20200319,   -2,    0
 18378, 99125,20200320,-9999,    9
 18378, 99125,20200321,-9999,    9
 18378, 99125,20200322,-9999,    9
 18378, 99125,20200323,-9999,    9
 18378, 99125,20200324,-9999,    9
 18378, 99125,20200325,-9999,    9
 18378, 99125,20200326,-9999,    9
 18378, 99125,20200327,   24,    0
 18378, 99125,20200328,  -28,    0
 18378, 99125,20200329,  -14,    0
 18378, 99125,20200330,  -12,    0
 18378, 99125,20200331,   29,    0
 18378, 99125,20200401,   21,    0
 18378, 99125,20200402,   -4,    0
 18378, 99125,20200403,  -29,    0
 18378, 99125,20200404,  -36,    0
 18378, 99125,20200405,   12,    0
 18378, 99125,20200406,   91,    0
 18378, 99125,20200407,   63,    0
 18378, 99125,20200408,   51,    0
 18378, 99125,20200409,    6,    0
 18378, 99125,20200410,    6,    0
 18378, 99125,20200411,-9999,    9
 18378, 99125,20200412,-9999,    9
 18378, 99125,20200413,-9999,    9
 18378, 99125,20200414,-9999,    9
 18378, 99125,20200415,-9999,    9
 18378, 99125,20200416,-9999,    9
 18378, 99125,20200417,   10,    0
 18378, 99125,20200418,   14,    0
 18378, 99125,20200419,   33,    0
 18378, 99125,20200420,   47,    0
 18378, 99125,20200421,   72,    0
 18378, 99125,20200422,   71,    0
 18378, 99125,20200423,   35,    0
 18378, 99125,20200424,   35,    0
 18378, 99125,20200425,   41,    0
 18378, 99125,20200426,   33,    0
 18378, 99125,20200427,   34,    0
 18378, 99125,20200428,   37,    0
 18378, 99125,20200429,   53,    0
 18378, 99125,20200430,   55,    0
 18378, 99125,20200501,   53,    0
 18378, 99125,20200502,   47,    0
 18378, 99125,20200503,   35,    0
 18378, 99125,20200504,   29,    0
 18378, 99125,20200505,   49,    0
 18378, 99125,20200506,   48,    0
 18378, 99125,20200507,   44,    0
 18378, 99125,20200508,   36,    0
 18378, 99125,20200509,   32,    0
 18378, 99125,20200510,   -2,    0
 18378, 99125,20200511,   -1,    0
 18378, 99125,20200512,    0,    0
 18378, 99125,20200513,    6,    0
 18378, 99125,20200514,    7,    0
 18378, 99125,20200515,   11,    0
 18378, 99125,20200516,   30,    0
 18378, 99125,20200517,   39,    0
 18378, 99125,20200518,   39,    0
 18378, 99125,20200519,   38,    0
 18378, 99125,20200520,   56,    0
 18378, 99125,20200521,   91,    0
 18378, 99125,20200522,  116,    0
 18378, 99125,20200523,  126,    0
 18378, 99125,20200524,  117,    0
 18378, 99125,20200525,  112,    0
 18378, 99125,20200526,  107,    0
 18378, 99125,20200527,   72,    0
 18378, 99125,20200528,   71,    0
 18378, 99125,20200529,  105,    0
 18378, 99125,20200530,  149,    0
 18378, 99125,20200531,  170,    0
 18378, 99125,20200601,  160,    0
 18378, 99125,20200602,  128,    0
 18378, 99125,20200603,   96,    0
 18378, 99125,20200604,  140,    0
 18378, 99125,20200605,  141,    0
 18378, 99125,20200606,  112,    0
 18378, 99125,20200607,   81,    0
 18378, 99125,20200608,   71,    0
 18378, 99125,20200609,  117,    0
 18378, 99125,20200610,  149,    0
 18378, 99125,20200611,  152,    0
 18378, 99125,20200612,  177,    0
 18378, 99125,20200613,  195,    0
 18378, 99125,20200614,  189,    0
 18378, 99125,20200615,  174,    0
 18378, 99125,20200616,  206,    0
 18378, 99125,20200617,  198,    0
 18378, 99125,20200618,  193,    0
 18378, 99125,20200619,  196,    0
 18378, 99125,20200620,  225,    0
 18378, 99125,20200621,  220,    0
 18378, 99125,20200622,  171,    0
 18378, 99125,20200623,  184,    0
 18378, 99125,20200624,  195,    0
 18378, 99125,20200625,  197,    0
 18378, 99125,20200626,  211,    0
 18378, 99125,20200627,-9999,    9
 18378, 99125,20200628,  205,    0
 18378, 99125,20200629,  149,    0
 18378, 99125,20200630,-9999,    9
 18378, 99125,20200701,   75,    0
 18378, 99125,20200702,   83,    0
 18378, 99125,20200703,   70,    0
 18378, 99125,20200704,   92,    0
 18378, 99125,20200705,  112,    0
 18378, 99125,20200706,   89,    0
 18378, 99125,20200707,   86,    0
 18378, 99125,20200708,   79,    0
 18378, 99125,20200709,   96,    0
 18378, 99125,20200710,  106,    0
 18378, 99125,20200711,   94,    0
 18378, 99125,20200712,   89,    0
 18378, 99125,20200713,  117,    0
 18378, 99125,20200714,  124,    0
 18378, 99125,20200715,  146,    0
 18378, 99125,20200716,  161,    0
 18378, 99125,20200717,  142,    0
 18378, 99125,20200718,  148,    0
 18378, 99125,20200719,  134,    0
 18378, 99125,20200720,  103,    0
 18378, 99125,20200721,   93,    0
 18378, 99125,20200722,   82,    0
 18378, 99125,20200723,   89,    0
 18378, 99125,20200724,   83,    0
 18378, 99125,20200725,  109,    0
 18378, 99125,20200726,  151,    0
 18378, 99125,20200727,  159,    0
 18378, 99125,20200728,  161,    0
 18378, 99125,20200729,  152,    0
 18378, 99125,20200730,  139,    0
 18378, 99125,20200731,  170,    0
 18378, 99125,20200801,  191,    0
 18378, 99125,20200802,  163,    0
 18378, 99125,20200803,  102,    0
 18378, 99125,20200804,  112,    0
 18378, 99125,20200805,  127,    0
 18378, 99125,20200806,  162,    0
 18378, 99125,20200807,  194,    0
 18378, 99125,20200808,  158,    0
 18378, 99125,20200809,  132,    0
 18378, 99125,20200810,  150,    0
 18378, 99125,20200811,  158,    0
 18378, 99125,20200812,  150,    0
 18378, 99125,20200813,  149,    0
 18378, 99125,20200814,  166,    0
 18378, 99125,20200815,  144,    0
 18378, 99125,20200816,  163,    0
 18378, 99125,20200817,  159,    0
 18378, 99125,20200818,  175,    0
 18378, 99125,20200819,  169,    0
 18378, 99125,20200820,  165,    0
 18378, 99125,20200821,  187,    0
 18378, 99125,20200822,  181,    0
 18378, 99125,20200823,   95,    0
 18378, 99125,20200824,-9999,    9
 18378, 99125,20200825,-9999,    9
 18378, 99125,20200826,   87,    0
 18378, 99125,20200827,   96,    0
 18378, 99125,20200828,   90,    0
 18378, 99125,20200829,   96,    0
 18378, 99125,20200830,   77,    0
 18378, 99125,20200831,   74,    0
 18378, 99125,20200901,  106,    0
 18378, 99125,20200902,  133,    0
 18378, 99125,20200903,  153,    0
 18378, 99125,20200904,  130,    0
 18378, 99125,20200905,   93,    0
 18378, 99125,20200906,   80,    0
 18378, 99125,20200907,   98,    0
 18378, 99125,20200908,   93,    0
 18378, 99125,20200909,   70,    0
 18378, 99125,20200910,   61,    0
 18378, 99125,20200911,  109,    0
 18378, 99125,20200912,   89,    0
 18378, 99125,20200913,   73,    0
 18378, 99125,20200914,   78,    0
 18378, 99125,20200915,   84,    0
 18378, 99125,20200916,   61,    0
 18378, 99125,20200917,   68,    0
 18378, 99125,20200918,   97,    0
 18378, 99125,20200919,   61,    0
 18378, 99125,20200920,   59,    0
 18378, 99125,20200921,  109,    0
 18378, 99125,20200922,   71,    0
 18378, 99125,20200923,  101,    0
 18378, 99125,20200924,   80,    0
 18378, 99125,20200925,   65,    0
 18378, 99125,20200926,   50,    0
 18378, 99125,20200927,  107,    0
 18378, 99125,20200928,  167,    0
 18378, 99125,20200929,  129,    0
 18378, 99125,20200930,  136,    0
 18378, 99125,20201001,  138,    0
 18378, 99125,20201002,  126,    0
 18378, 99125,20201003,  124,    0
 18378, 99125,20201004,  135,    0
 18378, 99125,20201005,  134,    0
 18378, 99125,20201006,  105,    0
 18378, 99125,20201007,   92,    0
 18378, 99125,20201008,   76,    0
 18378, 99125,20201009,   66,    0
 18378, 99125,20201010,   62,    0
 18378, 99125,20201011,   67,    0
 18378, 99125,20201012,   57,    0
 18378, 99125,20201013,   48,    0
 18378, 99125,20201014,   39,    0
 18378, 99125,20201015,   50,    0
 18378, 99125,20201016,   59,    0
 18378, 99125,20201017,   33,    0
 18378, 99125,20201018,   13,    0
 18378, 99125,20201019,    9,    0
 18378, 99125,20201020,   12,    0
 18378, 99125,20201021,    9,    0
 18378, 99125,20201022,    3,    0
 18378, 99125,20201023,  -28,    0
 18378, 99125,20201024,    1,    0
 18378, 99125,20201025,-9999,    9
 18378, 99125,20201026,-9999,    9
 18378, 99125,20201027,   37,    0
 18378, 99125,20201028,   39,    0
 18378, 99125,20201029,   37,    0
 18378, 99125,20201030,   46,    0
 18378, 99125,20201031,   59,    0
 18378, 99125,20201101,  103,    0
 18378, 99125,20201102,   89,    0
 18378, 99125,20201103,   17,    0
 18378, 99125,20201104,   30,    0
 18378, 99125,20201105,   93,    0
 18378, 99125,20201106,   86,    0
 18378, 99125,20201107,   41,    0
 18378, 99125,20201108,   29,    0
 18378, 99125,20201109,   24,    0
 18378, 99125,20201110,   39,    0
 18378, 99125,20201111,   29,    0
 18378, 99125,20201112,   71,    0
 18378, 99125,20201113,   69,    0
 18378, 99125,20201114,   66,    0
 18378, 99125,20201115,   95,    0
 18378, 99125,20201116,  105,    0
 18378, 99125,20201117,   62,    0
 18378, 99125,20201118,   14,    0
 18378, 99125,20201119,  -25,    0
 18378, 99125,20201120,  -11,    0
 18378, 99125,20201121,    6,    0
 18378, 99125,20201122,   14,    0
 18378, 99125,20201123,    7,    0
 18378, 99125,20201124,   11,    0
 18378, 99125,20201125,   14,    0
 18378, 99125,20201126,  -22,    0
 18378, 99125,20201127,  -58,    0
 18378, 99125,20201128,  -66,    0
 18378, 99125,20201129,  -69,    0
 18378, 99125,20201130,    2,    0
 18378, 99125,20201201,  -16,    0
 18378, 99125,20201202,   25,    0
 18378, 99125,20201203,-9999,    9
 18378, 99125,20201204,   16,    0
 18378, 99125,20201205,  -31,    0
 18378, 99125,20201206,  -17,    0
 18378, 99125,20201207,-9999,    9
 18378, 99125,20201208,-9999,    9
 18378, 99125,20201209,   10,    0
 18378, 99125,20201210,   30,    0
 18378, 99125,20201211,   15,    0
 18378, 99125,20201212,   -8,    0
 18378, 99125,20201213,  -61,    0
 18378, 99125,20201214,-9999,    9
 18378, 99125,20201215,   12,    0
 18378, 99125,20201216,  -13,    0
 18378, 99125,20201217,   31,    0
 18378, 99125,20201218,    9,    0
 18378, 99125,20201219,   53,    0
 18378, 99125,20201220,   44,    0
 18378, 99125,20201221,   21,    0
 18378, 99125,20201222,-9999,    9
 18378, 99125,20201223,    7,    0
 18378, 99125,20201224,   -5,    0
 18378, 99125,20201225,  -36,    0
 18378, 99125,20201226,   -1,    0
 18378, 99125,20201227,-9999,    9
 18378, 99125,20201228,   29,    0
 18378, 99125,20201229,   29,    0
 18378, 99125,20201230,   10,    0
 18378, 99125,20201231,  -45,    0
 18378, 99125,20210101,  -73,    0
 18378, 99125,20210102,  -32,    0
 18378, 99125,20210103, -122,    0
 18378, 99125,20210104, -113,    0
 18378, 99125,20210105,  -75,    0
 18378, 99125,20210106,  -93,    0
 18378, 99125,20210107,  -95,    0
 18378, 99125,20210108,  -87,    0
 18378, 99125,20210109,  -46,    0
 18378, 99125,20210110,  -74,    0
 18378, 99125,20210111,  -84,    0
 18378, 99125,20210112,  -66,    0
 18378, 99125,20210113, -144,    0
 18378, 99125,20210114, -164,    0
 18378, 99125,20210115, -147,    0
 18378, 99125,20210116,  -61,    0
 18378, 99125,20210117,  -68,    0
 18378, 99125,20210118,  -59,    0
 18378, 99125,20210119,  -32,    0
 18378, 99125,20210120,    0,    0
 18378, 99125,20210121,   19,    0
 18378, 99125,20210122,   34,    0
 18378, 99125,20210123,  -21,    0
 18378, 99125,20210124,  -39,    0
 18378, 99125,20210125, -127,    0
 18378, 99125,20210126, -105,    0
 18378, 99125,20210127, -112,    0
 18378, 99125,20210128,  -94,    0
 18378, 99125,20210129,  -87,    0
 18378, 99125,20210130,  -81,    0
 18378, 99125,20210131,  -80,    0
 18378, 99125,20210201, -129,    0
 18378, 99125,20210202, -170,    0
 18378, 99125,20210203, -138,    0
 18378, 99125,20210204, -178,    0
 18378, 99125,20210205, -162,    0
 18378, 99125,20210206, -150,    0
 18378, 99125,20210207, -152,    0
 18378, 99125,20210208, -149,    0
 18378, 99125,20210209, -157,    0
 18378, 99125,20210210, -125,    0
 18378, 99125,20210211, -187,    0
 18378, 99125,20210212, -175,    0
 18378, 99125,20210213,  -93,    0
 18378, 99125,20210214,  -67,    0
 18378, 99125,20210215,  -37,    0
 18378, 99125,20210216,  -40,    0
 18378, 99125,20210217,  -17,    0
 18378, 99125,20210218,    8,    0
 18378, 99125,20210219,   22,    0
 18378, 99125,20210220,   43,    0
 18378, 99125,20210221,-9999,    9
 18378, 99125,20210222,   45,    0
 18378, 99125,20210223,   39,    0
 18378, 99125,20210224,   68,    0
 18378, 99125,20210225,   -2,    0
 18378, 99125,20210226,   21,    0
 18378, 99125,20210227,   35,    0
 18378, 99125,20210228,   30,    0
 18378, 99125,20210301,   28,    0
 18378, 99125,20210302,   20,    0
 18378, 99125,20210303,    6,    0
 18378, 99125,20210304,-9999,    9
 18378, 99125,20210305,    0,    0
 18378, 99125,20210306,   -4,    0
 18378, 99125,20210307,  -33,    0
 18378, 99125,20210308,  -49,    0
 18378, 99125,20210309,    2,    0
 18378, 99125,20210310,  -12,    0
 18378, 99125,20210311,   12,    0
 18378, 99125,20210312,   19,    0
 18378, 99125,20210313,   -5,    0
 18378, 99125,20210314,  -26,    0
 18378, 99125,20210315,   -5,    0
 18378, 99125,20210316,  -15,    0
 18378, 99125,20210317,  -26,    0
 18378, 99125,20210318,   13,    0
 18378, 99125,20210319,   24,    0
 18378, 99125,20210320,   43,    0
 18378, 99125,20210321,-9999,    9
 18378, 99125,20210322,   29,    0
 18378, 99125,20210323,   22,    0
 18378, 99125,20210324,   36,    0
 18378, 99125,20210325,   15,    0
 18378, 99125,20210326,   49,    0
 18378, 99125,20210327,   34,    0
 18378, 99125,20210328,   44,    0
 18378, 99125,20210329,   54,    0
 18378, 99125,20210330,   30,    0
 18378, 99125,20210331,   23,    0
 18378, 99125,20210401,   23,    0
 18378, 99125,20210402,    7,    0
 18378, 99125,20210403,   34,    0
 18378, 99125,20210404,   10,    0
 18378, 99125,20210405,  -19,    0
 18378, 99125,20210406,    0,    0
 18378, 99125,20210407,  -10,    0
 18378, 99125,20210408,  -16,    0
 18378, 99125,20210409,  -10,    0
 18378, 99125,20210410,   -6,    0
 18378, 99125,20210411,   -7,    0
 18378, 99125,20210412,   -3,    0
 18378, 99125,20210413,   -4,    0
 18378, 99125,20210414,   11,    0
 18378, 99125,20210415,   17,    0
 18378, 99125,20210416,   44,    0
 18378, 99125,20210417,-9999,    9
 18378, 99125,20210418,   61,    0
 18378, 99125,20210419,   67,    0
 18378, 99125,20210420,   76,    0
 18378, 99125,20210421,   16,    0
 18378, 99125,20210422,    0,    0
 18378, 99125,20210423,   -3,    0
 18378, 99125,20210424,   -5,    0
 18378, 99125,20210425,    2,    0
 18378, 99125,20210426,   13,    0
 18378, 99125,20210427,   17,    0
 18378, 99125,20210428,    6,    0
 18378, 99125,20210429,   12,    0
 18378, 99125,20210430,    6,    0
 18378, 99125,20210501,   22,    0
 18378, 99125,20210502,   19,    0
 18378, 99125,20210503,   25,    0
 18378, 99125,20210504,   36,    0
 18378, 99125,20210505,   40,    0
 18378, 99125,20210506,   17,    0
 18378, 99125,20210507,   21,    0
 18378, 99125,20210508,   33,    0
 18378, 99125,20210509,   54,    0
 18378, 99125,20210510,-9999,    9
 18378, 99125,20210511,-9999,    9
 18378, 99125,20210512,   69,    0
 18378, 99125,20210513,   71,    0
 18378, 99125,20210514,  115,    0
 18378, 99125,20210515,  125,    0
 18378, 99125,20210516,-9999,    9
 18378, 99125,20210517,   80,    0
 18378, 99125,20210518,   90,    0
 18378, 99125,20210519,   84,    0
 18378, 99125,20210520,   56,    0
 18378, 99125,20210521,   78,    0
 18378, 99125,20210522,  109,    0
 18378, 99125,20210523,  115,    0
 18378, 99125,20210524,  120,    0
 18378, 99125,20210525,  130,    0
 18378, 99125,20210526,  112,    0
 18378, 99125,20210527,  112,    0
 18378, 99125,20210528,   97,    0
 18378, 99125,20210529,  125,    0
 18378, 99125,20210530,  145,    0
 18378, 99125,20210531,  150,    0
 18378, 99125,20210601,  172,    0
 18378, 99125,20210602,  194,    0
 18378, 99125,20210603,  171,    0
 18378, 99125,20210604,  174,    0
 18378, 99125,20210605,  166,    0
 18378, 99125,20210606,  142,    0
 18378, 99125,20210607,  145,    0
 18378, 99125,20210608,  140,    0
 18378, 99125,20210609,  168,    0
 18378, 99125,20210610,  170,    0
 18378, 99125,20210611,  156,    0
 18378, 99125,20210612,  101,    0
 18378, 99125,20210613,  101,    0
 18378, 99125,20210614,-9999,    9
 18378, 99125,20210615,   75,    0
 18378, 99125,20210616,  114,    0
 18378, 99125,20210617,  162,    0
 18378, 99125,20210618,  117,    0
 18378, 99125,20210619,  110,    0
 18378, 99125,20210620,  131,    0
 18378, 99125,20210621,  120,    0
 18378, 99125,20210622,  122,    0
 18378, 99125,20210623,  131,    0
 18378, 99125,20210624,  132,    0
 18378, 99125,20210625,  108,    0
 18378, 99125,20210626,  137,    0
 18378, 99125,20210627,  145,    0
 18378, 99125,20210628,  150,    0
 18378, 99125,20210629,  105,    0
 18378, 99125,20210630,  127,    0
 18378, 99125,20210701,  176,    0
 18378, 99125,20210702,  198,    0
 18378, 99125,20210703,  211,    0
 18378, 99125,20210704,  204,    0
 18378, 99125,20210705,  210,    0
 18378, 99125,20210706,  200,    0
 18378, 99125,20210707,  185,    0
 18378, 99125,20210708,  163,    0
 18378, 99125,20210709,  180,    0
 18378, 99125,20210710,  146,    0
 18378, 99125,20210711,  159,    0
 18378, 99125,20210712,  187,    0
 18378, 99125,20210713,  179,    0
 18378, 99125,20210714,  189,    0
 18378, 99125,20210715,  150,    0
 18378, 99125,20210716,  148,    0
 18378, 99125,20210717,  136,    0
 18378, 99125,20210718,   98,    0
 18378, 99125,20210719,  119,    0
 18378, 99125,20210720,  111,    0
 18378, 99125,20210721,  137,    0
 18378, 99125,20210722,  134,    0
 18378, 99125,20210723,  149,    0
 18378, 99125,20210724,  174,    0
 18378, 99125,20210725,  178,    0
 18378, 99125,20210726,  209,    0
 18378, 99125,20210727,  213,    0
 18378, 99125,20210728,  202,    0
 18378, 99125,20210729,  163,    0
 18378, 99125,20210730,-9999,    9
 18378, 99125,20210731,  125,    0
 18378, 99125,20210801,  102,    0
 18378, 99125,20210802,-9999,    9
 18378, 99125,20210803,  103,    0
 18378, 99125,20210804,  118,    0
 18378, 99125,20210805,  132,    0
 18378, 99125,20210806,  152,    0
 18378, 99125,20210807,  158,    0
 18378, 99125,20210808,  141,    0
 18378, 99125,20210809,  162,    0
 18378, 99125,20210810,  139,    0
 18378, 99125,20210811,  150,    0
 18378, 99125,20210812,-9999,    9
 18378, 99125,20210813,  135,    0
 18378, 99125,20210814,  105,    0
 18378, 99125,20210815,  113,    0
 18378, 99125,20210816,  110,    0
 18378, 99125,20210817,  116,    0
 18378, 99125,20210818,   99,    0
 18378, 99125,20210819,   96,    0
 18378, 99125,20210820,   95,    0
 18378, 99125,20210821,   97,    0
 18378, 99125,20210822,   93,    0
 18378, 99125,20210823,   85,    0
 18378, 99125,20210824,  106,    0
 18378, 99125,20210825,  102,    0
 18378, 99125,20210826,  102,    0
 18378, 99125,20210827,  134,    0
 18378, 99125,20210828,  119,    0
 18378, 99125,20210829,  121,    0
 18378, 99125,20210830,  112,    0
 18378, 99125,20210831,-9999,    9
 18378, 99125,20210901,  113,    0
 18378, 99125,20210902,  114,    0
 18378, 99125,20210903,   82,    0
 18378, 99125,20210904,   78,    0
 18378, 99125,20210905,   88,    0
 18378, 99125,20210906,   97,    0
 18378, 99125,20210907,  133,    0
 18378, 99125,20210908,-9999,    9
 18378, 99125,20210909,  123,    0
 18378, 99125,20210910,  105,    0
 18378, 99125,20210911,  117,    0
 18378, 99125,20210912,   91,    0
 18378, 99125,20210913,   83,    0
 18378, 99125,20210914,   82,    0
 18378, 99125,20210915,   81,    0
 18378, 99125,20210916,  111,    0
 18378, 99125,20210917,  106,    0
 18378, 99125,20210918,  102,    0
 18378, 99125,20210919,  100,    0
 18378, 99125,20210920,   96,    0
 18378, 99125,20210921,   99,    0
 18378, 99125,20210922,  128,    0
 18378, 99125,20210923,   66,    0
 18378, 99125,20210924,   60,    0
 18378, 99125,20210925,   82,    0
 18378, 99125,20210926,  138,    0
 18378, 99125,20210927,  142,    0
 18378, 99125,20210928,  129,    0
 18378, 99125,20210929,  121,    0
 18378, 99125,20210930,  115,    0
 18378, 99125,20211001,  122,    0
 18378, 99125,20211002,  131,    0
 18378, 99125,20211003,  128,    0
 18378, 99125,20211004,  133,    0
 18378, 99125,20211005,  129,    0
 18378, 99125,20211006,   85,    0
 18378, 99125,20211007,   75,    0
 18378, 99125,20211008,  123,    0
 18378, 99125,20211009,  128,    0
 18378, 99125,20211010,   90,    0
 18378, 99125,20211011,   39,    0
 18378, 99125,20211012,   37,    0
 18378, 99125,20211013,   35,    0
 18378, 99125,20211014,   78,    0
 18378, 99125,20211015,-9999,    9
 18378, 99125,20211016,   18,    0
 18378, 99125,20211017,    6,    0
 18378, 99125,20211018,   11,    0
 18378, 99125,20211019,   61,    0
 18378, 99125,20211020,   60,    0
 18378, 99125,20211021,   14,    0
 18378, 99125,20211022,   22,    0
 18378, 99125,20211023,   24,    0
 18378, 99125,20211024,   59,    0
 18378, 99125,20211025,   80,    0
 18378, 99125,20211026,   26,    0
 18378, 99125,20211027,   68,    0
 18378, 99125,20211028,  102,    0
 18378, 99125,20211029,   91,    0
 18378, 99125,20211030,  110,    0
 18378, 99125,20211031,-9999,    9
 18378, 99125,20211101,-9999,    9
 18378, 99125,20211102,  101,    0
 18378, 99125,20211103,   21,    0
 18378, 99125,20211104,    6,    0
 18378, 99125,20211105,   11,    0
 18378, 99125,20211106,    8,    0
 18378, 99125,20211107,-9999,    9
 18378, 99125,20211108,-9999,    9
 18378, 99125,20211109,   35,    0
 18378, 99125,20211110,    4,    0
 18378, 99125,20211111,   39,    0
 18378, 99125,20211112,    6,    0
 18378, 99125,20211113,  -15,    0
 18378, 99125,20211114,   -1,    0
 18378, 99125,20211115,   30,    0
 18378, 99125,20211116,   75,    0
 18378, 99125,20211117,   27,    0
 18378, 99125,20211118,   -9,    0
 18378, 99125,20211119,   29,    0
 18378, 99125,20211120,    6,    0
 18378, 99125,20211121,   -6,    0
 18378, 99125,20211122,    4,    0
 18378, 99125,20211123,   38,    0
 18378, 99125,20211124,   17,    0
 18378, 99125,20211125,  -23,    0
 18378, 99125,20211126,  -92,    0
 18378, 99125,20211127, -120,    0
 18378, 99125,20211128, -136,    0
 18378, 99125,20211129, -112,    0
 18378, 99125,20211130,-9999,    9
 18378, 99125,20211201, -112,    0
 18378, 99125,20211202,  -78,    0
 18378, 99125,20211203, -111,    0
 18378, 99125,20211204,  -51,    0
 18378, 99125,20211205,  -59,    0
 18378, 99125,20211206,  -95,    0
 18378, 99125,20211207,  -70,    0
 18378, 99125,20211208,  -37,    0
 18378, 99125,20211209,   -4,    0
 18378, 99125,20211210,  -24,    0
 18378, 99125,20211211,   -8,    0
 18378, 99125,20211212,    2,    0
 18378, 99125,20211213,   -1,    0
 18378, 99125,20211214,   -4,    0
 18378, 99125,20211215,   -4,    0
 18378, 99125,20211216,   34,    0
 18378, 99125,20211217,   30,    0
 18378, 99125,20211218,   57,    0
 18378, 99125,20211219,    3,    0
 18378, 99125,20211220,   -3,    0
 18378, 99125,20211221,  -16,    0
 18378, 99125,20211222,  -45,    0
 18378, 99125,20211223,  -62,    0
 18378, 99125,20211224, -135,    0
 18378, 99125,20211225,  -32,    0
 18378, 99125,20211226,  -31,    0
 18378, 99125,20211227,  -77,    0
 18378, 99125,20211228,  -72,    0
 18378, 99125,20211229,  -77,    0
 18378, 99125,20211230,  -36,    0
 18378, 99125,20211231,  -35,    0
 18378, 99125,20220101,   -4,    0
 18378, 99125,20220102,   16,    0
 18378, 99125,20220103,    7,    0
 18378, 99125,20220104,  -94,    0
 18378, 99125,20220105,  -69,    0
 18378, 99125,20220106,  -85,    0
 18378, 99125,20220107,  -62,    0
 18378, 99125,20220108,  -64,    0
 18378, 99125,20220109,  -18,    0
 18378, 99125,20220110,  -42,    0
 18378, 99125,20220111,    2,    0
 18378, 99125,20220112,   39,    0
 18378, 99125,20220113,   34,    0
 18378, 99125,20220114,   -3,    0
 18378, 99125,20220115,  -14,    0
 18378, 99125,20220116,  -11,    0
 18378, 99125,20220117,   -9,    0
 18378, 99125,20220118,-9999,    9
 18378, 99125,20220119,  -10,    0
 18378, 99125,20220120,  -38,    0
 18378, 99125,20220121,    1,    0
 18378, 99125,20220122,    4,    0
 18378, 99125,20220123,  -16,    0
 18378, 99125,20220124,    6,    0
 18378, 99125,20220125,   -8,    0
 18378, 99125,20220126,   -4,    0
 18378, 99125,20220127,    2,    0
 18378, 99125,20220128,  -12,    0
 18378, 99125,20220129,    3,    0
 18378, 99125,20220130,  -18,    0
 18378, 99125,20220131,  -73,    0
 18378, 99125,20220201,-9999,    9
 18378, 99125,20220202,-9999,    9
 18378, 99125,20220203,  -47,    0
 18378, 99125,20220204,    6,    0
 18378, 99125,20220205,  -18,    0
 18378, 99125,20220206,  -12,    0
 18378, 99125,20220207,   -3,    0
 18378, 99125,20220208,  -10,    0
 18378, 99125,20220209,   -8,    0
 18378, 99125,20220210,  -31,    0
 18378, 99125,20220211,  -43,    0
 18378, 99125,20220212,    4,    0
 18378, 99125,20220213,   24,    0
 18378, 99125,20220214,  -24,    0
 18378, 99125,20220215,  -30,    0
 18378, 99125,20220216,  -13,    0
 18378, 99125,20220217,  -56,    0
 18378, 99125,20220218,  -41,    0
 18378, 99125,20220219,  -86,    0
 18378, 99125,20220220,  -49,    0
 18378, 99125,20220221,  -25,    0
 18378, 99125,20220222,  -33,    0
 18378, 99125,20220223,   -8,    0
 18378, 99125,20220224,   11,    0
 18378, 99125,20220225,  -34,    0
 18378, 99125,20220226,   12,    0
 18378, 99125,20220227,   42,    0
 18378, 99125,20220228,   26,    0
 18378, 99125,20220301,   25,    0
 18378, 99125,20220302,   19,    0
 18378, 99125,20220303,-9999,    9
 18378, 99125,20220304,  -48,    0
 18378, 99125,20220305,  -27,    0
 18378, 99125,20220306,   14,    0
 18378, 99125,20220307,   14,    0
 18378, 99125,20220308,  -26,    0
 18378, 99125,20220309,   37,    0
 18378, 99125,20220310,   52,    0
 18378, 99125,20220311,   39,    0
 18378, 99125,20220312,   50,    0
 18378, 99125,20220313,   48,    0
 18378, 99125,20220314,   59,    0
 18378, 99125,20220315,   23,    0
 18378, 99125,20220316,   30,    0
 18378, 99125,20220317,   51,    0
 18378, 99125,20220318,   29,    0
 18378, 99125,20220319,   41,    0
 18378, 99125,20220320,   57,    0
 18378, 99125,20220321,   12,    0
 18378, 99125,20220322,   -2,    0
 18378, 99125,20220323,   23,    0
 18378, 99125,20220324,   31,    0
 18378, 99125,20220325,   45,    0
 18378, 99125,20220326,    8,    0
 18378, 99125,20220327,-9999,    9
 18378, 99125,20220328,    0,    0
 18378, 99125,20220329,  -39,    0
 18378, 99125,20220330,  -50,    0
 18378, 99125,20220331,  -18,    0
 18378, 99125,20220401,  -30,    0
 18378, 99125,20220402,  -20,    0
 18378, 99125,20220403,  -13,    0
 18378, 99125,20220404,  -19,    0
 18378, 99125,20220405,-9999,    9
 18378, 99125,20220406,  -30,    0
 18378, 99125,20220407,  -45,    0
 18378, 99125,20220408,  -36,    0
 18378, 99125,20220409,    3,    0
 18378, 99125,20220410,   15,    0
 18378, 99125,20220411,   13,    0
 18378, 99125,20220412,   18,    0
 18378, 99125,20220413,-9999,    9
 18378, 99125,20220414,-9999,    9
 18378, 99125,20220415,   42,    0
 18378, 99125,20220416,   58,    0
 18378, 99125,20220417,-9999,    9
 18378, 99125,20220418,   83,    0
 18378, 99125,20220419,-9999,    9
 18378, 99125,20220420,-9999,    9
 18378, 99125,20220421,   86,    0
 18378, 99125,20220422,-9999,    9
 18378, 99125,20220423,   73,    0
 18378, 99125,20220424,-9999,    9
 18378, 99125,20220425,-9999,    9
 18378, 99125,20220426,    7,    0
 18378, 99125,20220427,   15,    0
 18378, 99125,20220428,   23,    0
 18378, 99125,20220429,   22,    0
 18378, 99125,20220430,   40,    0
 18378, 99125,20220501,-9999,    9
 18378, 99125,20220502,-9999,    9
 18378, 99125,20220503,-9999,    9
 18378, 99125,20220504,-9999,    9
 18378, 99125,20220505,-9999,    9
 18378, 99125,20220506,-9999,    9
 18378, 99125,20220507,-9999,    9
 18378, 99125,20220508,-9999,    9
 18378, 99125,20220509,-9999,    9
 18378, 99125,20220510,-9999,    9
 18378, 99125,20220511,-9999,    9
 18378, 99125,20220512,-9999,    9
 18378, 99125,20220513,-9999,    9
 18378, 99125,20220514,-9999,    9
 18378, 99125,20220515,   52,    0
 18378, 99125,20220516,   46,    0
 18378, 99125,20220517,   84,    0
 18378, 99125,20220518,  109,    0
 18378, 99125,20220519,-9999,    9
 18378, 99125,20220520,-9999,    9
 18378, 99125,20220521,  112,    0
 18378, 99125,20220522,  114,    0
 18378, 99125,20220523,  130,    0
 18378, 99125,20220524,  137,    0
 18378, 99125,20220525,  133,    0
 18378, 99125,20220526,   97,    0
 18378, 99125,20220527,   73,    0
 18378, 99125,20220528,   61,    0
 18378, 99125,20220529,   61,    0
 18378, 99125,20220530,  117,    0
 18378, 99125,20220531,  108,    0
 18378, 99125,20220601,  106,    0
 18378, 99125,20220602,  106,    0
 18378, 99125,20220603,   98,    0
 18378, 99125,20220604,   95,    0
 18378, 99125,20220605,   86,    0
 18378, 99125,20220606,  114,    0
 18378, 99125,20220607,  113,    0
 18378, 99125,20220608,  111,    0
 18378, 99125,20220609,  121,    0
 18378, 99125,20220610,  146,    0
 18378, 99125,20220611,  154,    0
 18378, 99125,20220612,-9999,    9
 18378, 99125,20220613,-9999,    9
 18378, 99125,20220614,  114,    0
 18378, 99125,20220615,  113,    0
 18378, 99125,20220616,  132,    0
 18378, 99125,20220617,  152,    0
 18378, 99125,20220618,   97,    0
 18378, 99125,20220619,  103,    0
 18378, 99125,20220620,  134,    0
 18378, 99125,20220621,  103,    0
 18378, 99125,20220622,  132,    0
 18378, 99125,20220623,  155,    0
 18378, 99125,20220624,  188,    0
 18378, 99125,20220625,  215,    0
 18378, 99125,20220626,  208,    0
 18378, 99125,20220627,  208,    0
 18378, 99125,20220628,  130,    0
 18378, 99125,20220629,  161,    0
 18378, 99125,20220630,  202,    0
 18378, 99125,20220701,  213,    0
 18378, 99125,20220702,  153,    0
 18378, 99125,20220703,  164,    0
 18378, 99125,20220704,  138,    0
 18378, 99125,20220705,  111,    0
 18378, 99125,20220706,  104,    0
 18378, 99125,20220707,  105,    0
 18378, 99125,20220708,  120,    0
 18378, 99125,20220709,   92,    0
 18378, 99125,20220710,  104,    0
 18378, 99125,20220711,  129,    0
 18378, 99125,20220712,  170,    0
 18378, 99125,20220713,  125,    0
 18378, 99125,20220714,   93,    0
 18378, 99125,20220715,   92,    0
 18378, 99125,20220716,   93,    0
 18378, 99125,20220717,  109,    0
 18378, 99125,20220718,  116,    0
 18378, 99125,20220719,  142,    0
 18378, 99125,20220720,  168,    0
 18378, 99125,20220721,  134,    0
 18378, 99125,20220722,  122,    0
 18378, 99125,20220723,  134,    0
 18378, 99125,20220724,  150,    0
 18378, 99125,20220725,  178,    0
 18378, 99125,20220726,  123,    0
 18378, 99125,20220727,   98,    0
 18378, 99125,20220728,  110,    0
 18378, 99125,20220729,  144,    0
 18378, 99125,20220730,  167,    0
 18378, 99125,20220731,  130,    0
 18378, 99125,20220801,   98,    0
 18378, 99125,20220802,  117,    0
 18378, 99125,20220803,  171,    0
 18378, 99125,20220804,  118,    0
 18378, 99125,20220805,  113,    0
 18378, 99125,20220806,   97,    0
 18378, 99125,20220807,  125,    0
 18378, 99125,20220808,  134,    0
 18378, 99125,20220809,-9999,    9
 18378, 99125,20220810,  174,    0
 18378, 99125,20220811,  143,    0
 18378, 99125,20220812,  144,    0
 18378, 99125,20220813,  140,    0
 18378, 99125,20220814,  177,    0
 18378, 99125,20220815,-9999,    9
 18378, 99125,20220816,  199,    0
 18378, 99125,20220817,-9999,    9
 18378, 99125,20220818,  147,    0
 18378, 99125,20220819,  175,    0
 18378, 99125,20220820,  130,    0
 18378, 99125,20220821,  119,    0
 18378, 99125,20220822,  100,    0
 18378, 99125,20220823,  122,    0
 18378, 99125,20220824,  167,    0
 18378, 99125,20220825,  214,    0
 18378, 99125,20220826,  160,    0
 18378, 99125,20220827,  121,    0
 18378, 99125,20220828,  105,    0
 18378, 99125,20220829,  102,    0
 18378, 99125,20220830,  100,    0
 18378, 99125,20220831,  100,    0
 18378, 99125,20220901,   97,    0
 18378, 99125,20220902,   99,    0
 18378, 99125,20220903,  105,    0
 18378, 99125,20220904,  107,    0
 18378, 99125,20220905,  109,    0
 18378, 99125,20220906,   92,    0
 18378, 99125,20220907,   80,    0
 18378, 99125,20220908,  110,    0
 18378, 99125,20220909,  100,    0
 18378, 99125,20220910,   97,    0
 18378, 99125,20220911,  100,    0
 18378, 99125,20220912,  110,    0
 18378, 99125,20220913,  113,    0
 18378, 99125,20220914,   96,    0
 18378, 99125,20220915,   83,    0
 18378, 99125,20220916,   87,    0
 18378, 99125,20220917,   85,    0
 18378, 99125,20220918,   76,    0
 18378, 99125,20220919,   66,    0
 18378, 99125,20220920,   57,    0
 18378, 99125,20220921,   56,    0
 18378, 99125,20220922,  108,    0
 18378, 99125,20220923,   91,    0
 18378, 99125,20220924,   73,    0
 18378, 99125,20220925,   89,    0
 18378, 99125,20220926,   97,    0
 18378, 99125,20220927,  115,    0
 18378, 99125,20220928,  101,    0
 18378, 99125,20220929,   83,    0
 18378, 99125,20220930,   89,    0
 18378, 99125,20221001,  114,    0
 18378, 99125,20221002,   76,    0
 18378, 99125,20221003,   62,    0
 18378, 99125,20221004,   92,    0
 18378, 99125,20221005,   80,    0
 18378, 99125,20221006,   63,    0
 18378, 99125,20221007,   61,    0
 18378, 99125,20221008,   38,    0
 18378, 99125,20221009,   72,    0
 18378, 99125,20221010,  104,    0
 18378, 99125,20221011,   33,    0
 18378, 99125,20221012,   61,    0
 18378, 99125,20221013,   66,    0
 18378, 99125,20221014,   67,    0
 18378, 99125,20221015,   60,    0
 18378, 99125,20221016,   61,    0
 18378, 99125,20221017,   36,    0
 18378, 99125,20221018,   23,    0
 18378, 99125,20221019,   27,    0
 18378, 99125,20221020,   -8,    0
 18378, 99125,20221021,   23,    0
 18378, 99125,20221022,   16,    0
 18378, 99125,20221023,   27,    0
 18378, 99125,20221024,   62,    0
 18378, 99125,20221025,   79,    0
 18378, 99125,20221026,   63,    0
 18378, 99125,20221027,   84,    0
 18378, 99125,20221028,   75,    0
 18378, 99125,20221029,   60,    0
 18378, 99125,20221030,-9999,    9
 18378, 99125,20221031,   55,    0
