EUROPEAN CLIMATE ASSESSMENT & DATASET (ECA&D), file created on: 16-11-2022
THESE DATA CAN BE USED FOR NON-COMMERCIAL RESEARCH AND EDUCATION PROVIDED THAT THE FOLLOWING SOURCE IS ACKNOWLEDGED: 

Klein Tank, A.M.G. and Coauthors, 2002. Daily dataset of 20th-century surface
air temperature and precipitation series for the European Climate Assessment.
Int. J. of Climatol., 22, 1441-1453.
Data and metadata available at http://www.ecad.eu

FILE FORMAT (MISSING VALUE CODE = -9999):

01-06 STAID: Station identifier
08-13 SOUID: Source identifier
15-22 DATE : Date YYYYMMDD
24-28 TG   : Mean temperature in 0.1 &#176;C
30-34 Q_TG : quality code for TG (0='valid'; 1='suspect'; 9='missing')

This is the blended series of station E6 GANDVIKBAKKEN, NORWAY (STAID: 18359)
Blended and updated with sources:99094 
See files sources.txt and stations.txt for more info.

STAID, SOUID,    DATE,   TG, Q_TG
 18359, 99094,20180601,-9999,    9
 18359, 99094,20180602,-9999,    9
 18359, 99094,20180603,-9999,    9
 18359, 99094,20180604,-9999,    9
 18359, 99094,20180605,   38,    0
 18359, 99094,20180606,-9999,    9
 18359, 99094,20180607,   41,    0
 18359, 99094,20180608,   55,    0
 18359, 99094,20180609,   67,    0
 18359, 99094,20180610,   53,    0
 18359, 99094,20180611,   34,    0
 18359, 99094,20180612,   42,    0
 18359, 99094,20180613,   53,    0
 18359, 99094,20180614,  122,    0
 18359, 99094,20180615,  144,    0
 18359, 99094,20180616,  177,    0
 18359, 99094,20180617,  114,    0
 18359, 99094,20180618,  108,    0
 18359, 99094,20180619,  142,    0
 18359, 99094,20180620,   99,    0
 18359, 99094,20180621,   65,    0
 18359, 99094,20180622,   76,    0
 18359, 99094,20180623,-9999,    9
 18359, 99094,20180624,-9999,    9
 18359, 99094,20180625,-9999,    9
 18359, 99094,20180626,-9999,    9
 18359, 99094,20180627,-9999,    9
 18359, 99094,20180628,-9999,    9
 18359, 99094,20180629,-9999,    9
 18359, 99094,20180630,-9999,    9
 18359, 99094,20180701,-9999,    9
 18359, 99094,20180702,-9999,    9
 18359, 99094,20180703,-9999,    9
 18359, 99094,20180704,-9999,    9
 18359, 99094,20180705,   96,    0
 18359, 99094,20180706,   92,    0
 18359, 99094,20180707,   90,    0
 18359, 99094,20180708,-9999,    9
 18359, 99094,20180709,  132,    0
 18359, 99094,20180710,  143,    0
 18359, 99094,20180711,  119,    0
 18359, 99094,20180712,  154,    0
 18359, 99094,20180713,   98,    0
 18359, 99094,20180714,   99,    0
 18359, 99094,20180715,  106,    0
 18359, 99094,20180716,  152,    0
 18359, 99094,20180717,  182,    0
 18359, 99094,20180718,  195,    0
 18359, 99094,20180719,  273,    0
 18359, 99094,20180720,  192,    0
 18359, 99094,20180721,  138,    0
 18359, 99094,20180722,  160,    0
 18359, 99094,20180723,  139,    0
 18359, 99094,20180724,  140,    0
 18359, 99094,20180725,  204,    0
 18359, 99094,20180726,  129,    0
 18359, 99094,20180727,  165,    0
 18359, 99094,20180728,  215,    0
 18359, 99094,20180729,  190,    0
 18359, 99094,20180730,  263,    0
 18359, 99094,20180731,  234,    0
 18359, 99094,20180801,  242,    0
 18359, 99094,20180802,  177,    0
 18359, 99094,20180803,  127,    0
 18359, 99094,20180804,  136,    0
 18359, 99094,20180805,  123,    0
 18359, 99094,20180806,   93,    0
 18359, 99094,20180807,   99,    0
 18359, 99094,20180808,  121,    0
 18359, 99094,20180809,  103,    0
 18359, 99094,20180810,  123,    0
 18359, 99094,20180811,   97,    0
 18359, 99094,20180812,   99,    0
 18359, 99094,20180813,   84,    0
 18359, 99094,20180814,   88,    0
 18359, 99094,20180815,   93,    0
 18359, 99094,20180816,  128,    0
 18359, 99094,20180817,  171,    0
 18359, 99094,20180818,  152,    0
 18359, 99094,20180819,  134,    0
 18359, 99094,20180820,  101,    0
 18359, 99094,20180821,   99,    0
 18359, 99094,20180822,  100,    0
 18359, 99094,20180823,   88,    0
 18359, 99094,20180824,  114,    0
 18359, 99094,20180825,  147,    0
 18359, 99094,20180826,  143,    0
 18359, 99094,20180827,  106,    0
 18359, 99094,20180828,   92,    0
 18359, 99094,20180829,  129,    0
 18359, 99094,20180830,  166,    0
 18359, 99094,20180831,  110,    0
 18359, 99094,20180901,  126,    0
 18359, 99094,20180902,  147,    0
 18359, 99094,20180903,  160,    0
 18359, 99094,20180904,  109,    0
 18359, 99094,20180905,   96,    0
 18359, 99094,20180906,   92,    0
 18359, 99094,20180907,   81,    0
 18359, 99094,20180908,   93,    0
 18359, 99094,20180909,   79,    0
 18359, 99094,20180910,  153,    0
 18359, 99094,20180911,  143,    0
 18359, 99094,20180912,  112,    0
 18359, 99094,20180913,   99,    0
 18359, 99094,20180914,   89,    0
 18359, 99094,20180915,   89,    0
 18359, 99094,20180916,   93,    0
 18359, 99094,20180917,   82,    0
 18359, 99094,20180918,   76,    0
 18359, 99094,20180919,   74,    0
 18359, 99094,20180920,   77,    0
 18359, 99094,20180921,  109,    0
 18359, 99094,20180922,   93,    0
 18359, 99094,20180923,   98,    0
 18359, 99094,20180924,   54,    0
 18359, 99094,20180925,   36,    0
 18359, 99094,20180926,-9999,    9
 18359, 99094,20180927,-9999,    9
 18359, 99094,20180928,-9999,    9
 18359, 99094,20180929,-9999,    9
 18359, 99094,20180930,-9999,    9
 18359, 99094,20181001,-9999,    9
 18359, 99094,20181002,-9999,    9
 18359, 99094,20181003,-9999,    9
 18359, 99094,20181004,   12,    0
 18359, 99094,20181005,   -1,    0
 18359, 99094,20181006,    1,    0
 18359, 99094,20181007,    8,    0
 18359, 99094,20181008,   12,    0
 18359, 99094,20181009,   33,    0
 18359, 99094,20181010,   35,    0
 18359, 99094,20181011,-9999,    9
 18359, 99094,20181012,   29,    0
 18359, 99094,20181013,   50,    0
 18359, 99094,20181014,   85,    0
 18359, 99094,20181015,   82,    0
 18359, 99094,20181016,   48,    0
 18359, 99094,20181017,-9999,    9
 18359, 99094,20181018,-9999,    9
 18359, 99094,20181019,   29,    0
 18359, 99094,20181020,   35,    0
 18359, 99094,20181021,   41,    0
 18359, 99094,20181022,-9999,    9
 18359, 99094,20181023,    5,    0
 18359, 99094,20181024,   20,    0
 18359, 99094,20181025,   18,    0
 18359, 99094,20181026,    8,    0
 18359, 99094,20181027,  -13,    0
 18359, 99094,20181028,  -17,    0
 18359, 99094,20181029,    0,    0
 18359, 99094,20181030,  -53,    0
 18359, 99094,20181031,  -11,    0
 18359, 99094,20181101,   16,    0
 18359, 99094,20181102,   11,    0
 18359, 99094,20181103,   11,    0
 18359, 99094,20181104,   29,    0
 18359, 99094,20181105,   40,    0
 18359, 99094,20181106,   39,    0
 18359, 99094,20181107,   18,    0
 18359, 99094,20181108,    2,    0
 18359, 99094,20181109,   11,    0
 18359, 99094,20181110,   18,    0
 18359, 99094,20181111,   20,    0
 18359, 99094,20181112,   36,    0
 18359, 99094,20181113,   28,    0
 18359, 99094,20181114,   10,    0
 18359, 99094,20181115,   29,    0
 18359, 99094,20181116,   55,    0
 18359, 99094,20181117,   44,    0
 18359, 99094,20181118,   20,    0
 18359, 99094,20181119,   35,    0
 18359, 99094,20181120,   17,    0
 18359, 99094,20181121,   30,    0
 18359, 99094,20181122,    5,    0
 18359, 99094,20181123,    1,    0
 18359, 99094,20181124,   -1,    0
 18359, 99094,20181125,  -26,    0
 18359, 99094,20181126,  -14,    0
 18359, 99094,20181127,  -61,    0
 18359, 99094,20181128,-9999,    9
 18359, 99094,20181129,-9999,    9
 18359, 99094,20181130,-9999,    9
 18359, 99094,20181201,-9999,    9
 18359, 99094,20181202,-9999,    9
 18359, 99094,20181203,-9999,    9
 18359, 99094,20181204,  -24,    0
 18359, 99094,20181205,  -35,    0
 18359, 99094,20181206,   -5,    0
 18359, 99094,20181207,  -34,    0
 18359, 99094,20181208,  -85,    0
 18359, 99094,20181209,  -35,    0
 18359, 99094,20181210,  -22,    0
 18359, 99094,20181211,  -29,    0
 18359, 99094,20181212,    6,    0
 18359, 99094,20181213,   16,    0
 18359, 99094,20181214,   42,    0
 18359, 99094,20181215,  -39,    0
 18359, 99094,20181216,  -87,    0
 18359, 99094,20181217,  -54,    0
 18359, 99094,20181218,  -23,    0
 18359, 99094,20181219,-9999,    9
 18359, 99094,20181220,  -53,    0
 18359, 99094,20181221,  -34,    0
 18359, 99094,20181222, -126,    0
 18359, 99094,20181223, -128,    0
 18359, 99094,20181224, -106,    0
 18359, 99094,20181225,  -77,    0
 18359, 99094,20181226,  -39,    0
 18359, 99094,20181227,  -40,    0
 18359, 99094,20181228,  -38,    0
 18359, 99094,20181229,  -23,    0
 18359, 99094,20181230,  -54,    0
 18359, 99094,20181231,  -68,    0
 18359, 99094,20190101,  -39,    0
 18359, 99094,20190102,-9999,    9
 18359, 99094,20190103,-9999,    9
 18359, 99094,20190104,-9999,    9
 18359, 99094,20190105,-9999,    9
 18359, 99094,20190106,-9999,    9
 18359, 99094,20190107,-9999,    9
 18359, 99094,20190108,-9999,    9
 18359, 99094,20190109,  -51,    0
 18359, 99094,20190110,  -58,    0
 18359, 99094,20190111,  -37,    0
 18359, 99094,20190112,   -8,    0
 18359, 99094,20190113,  -36,    0
 18359, 99094,20190114,  -53,    0
 18359, 99094,20190115,  -96,    0
 18359, 99094,20190116,  -79,    0
 18359, 99094,20190117,  -53,    0
 18359, 99094,20190118,-9999,    9
 18359, 99094,20190119,-9999,    9
 18359, 99094,20190120,  -76,    0
 18359, 99094,20190121,  -56,    0
 18359, 99094,20190122,  -67,    0
 18359, 99094,20190123,  -47,    0
 18359, 99094,20190124,  -53,    0
 18359, 99094,20190125, -109,    0
 18359, 99094,20190126, -116,    0
 18359, 99094,20190127, -144,    0
 18359, 99094,20190128, -137,    0
 18359, 99094,20190129, -121,    0
 18359, 99094,20190130,-9999,    9
 18359, 99094,20190131,  -92,    0
 18359, 99094,20190201,  -87,    0
 18359, 99094,20190202, -104,    0
 18359, 99094,20190203, -137,    0
 18359, 99094,20190204, -150,    0
 18359, 99094,20190205, -139,    0
 18359, 99094,20190206, -194,    0
 18359, 99094,20190207, -162,    0
 18359, 99094,20190208, -143,    0
 18359, 99094,20190209, -132,    0
 18359, 99094,20190210,  -78,    0
 18359, 99094,20190211,  -49,    0
 18359, 99094,20190212,  -37,    0
 18359, 99094,20190213,-9999,    9
 18359, 99094,20190214,-9999,    9
 18359, 99094,20190215,-9999,    9
 18359, 99094,20190216,  -32,    0
 18359, 99094,20190217,  -60,    0
 18359, 99094,20190218,  -82,    0
 18359, 99094,20190219,  -82,    0
 18359, 99094,20190220,  -86,    0
 18359, 99094,20190221,  -64,    0
 18359, 99094,20190222,  -63,    0
 18359, 99094,20190223,   46,    0
 18359, 99094,20190224,   44,    0
 18359, 99094,20190225,  -10,    0
 18359, 99094,20190226,  -27,    0
 18359, 99094,20190227,  -43,    0
 18359, 99094,20190228,  -59,    0
 18359, 99094,20190301,  -81,    0
 18359, 99094,20190302, -102,    0
 18359, 99094,20190303,  -81,    0
 18359, 99094,20190304, -103,    0
 18359, 99094,20190305,  -98,    0
 18359, 99094,20190306,  -85,    0
 18359, 99094,20190307,-9999,    9
 18359, 99094,20190308,-9999,    9
 18359, 99094,20190309,  -45,    0
 18359, 99094,20190310,  -64,    0
 18359, 99094,20190311,  -72,    0
 18359, 99094,20190312,  -66,    0
 18359, 99094,20190313,  -73,    0
 18359, 99094,20190314,  -60,    0
 18359, 99094,20190315,  -18,    0
 18359, 99094,20190316,  -23,    0
 18359, 99094,20190317,  -51,    0
 18359, 99094,20190318,  -21,    0
 18359, 99094,20190319,  -24,    0
 18359, 99094,20190320,  -35,    0
 18359, 99094,20190321,  -31,    0
 18359, 99094,20190322,   -8,    0
 18359, 99094,20190323,    4,    0
 18359, 99094,20190324,  -11,    0
 18359, 99094,20190325,  -29,    0
 18359, 99094,20190326,  -27,    0
 18359, 99094,20190327,  -23,    0
 18359, 99094,20190328,    5,    0
 18359, 99094,20190329,   -5,    0
 18359, 99094,20190330,   -7,    0
 18359, 99094,20190331,-9999,    9
 18359, 99094,20190401,  -22,    0
 18359, 99094,20190402,  -16,    0
 18359, 99094,20190403,    8,    0
 18359, 99094,20190404,  -15,    0
 18359, 99094,20190405,  -23,    0
 18359, 99094,20190406,   -9,    0
 18359, 99094,20190407,  -18,    0
 18359, 99094,20190408,  -32,    0
 18359, 99094,20190409,-9999,    9
 18359, 99094,20190410,-9999,    9
 18359, 99094,20190411,-9999,    9
 18359, 99094,20190412,-9999,    9
 18359, 99094,20190413,-9999,    9
 18359, 99094,20190414,-9999,    9
 18359, 99094,20190415,-9999,    9
 18359, 99094,20190416,-9999,    9
 18359, 99094,20190417,-9999,    9
 18359, 99094,20190418,-9999,    9
 18359, 99094,20190419,-9999,    9
 18359, 99094,20190420,-9999,    9
 18359, 99094,20190421,-9999,    9
 18359, 99094,20190422,-9999,    9
 18359, 99094,20190423,-9999,    9
 18359, 99094,20190424,-9999,    9
 18359, 99094,20190425,-9999,    9
 18359, 99094,20190426,   43,    0
 18359, 99094,20190427,    2,    0
 18359, 99094,20190428,   22,    0
 18359, 99094,20190429,   21,    0
 18359, 99094,20190430,-9999,    9
 18359, 99094,20190501,  -15,    0
 18359, 99094,20190502,  -21,    0
 18359, 99094,20190503,  -12,    0
 18359, 99094,20190504,   -9,    0
 18359, 99094,20190505,    2,    0
 18359, 99094,20190506,   13,    0
 18359, 99094,20190507,   39,    0
 18359, 99094,20190508,   25,    0
 18359, 99094,20190509,   46,    0
 18359, 99094,20190510,   67,    0
 18359, 99094,20190511,   48,    0
 18359, 99094,20190512,   46,    0
 18359, 99094,20190513,   44,    0
 18359, 99094,20190514,   55,    0
 18359, 99094,20190515,   46,    0
 18359, 99094,20190516,   47,    0
 18359, 99094,20190517,   48,    0
 18359, 99094,20190518,   44,    0
 18359, 99094,20190519,   34,    0
 18359, 99094,20190520,   27,    0
 18359, 99094,20190521,   24,    0
 18359, 99094,20190522,   18,    0
 18359, 99094,20190523,   17,    0
 18359, 99094,20190524,   28,    0
 18359, 99094,20190525,   37,    0
 18359, 99094,20190526,   34,    0
 18359, 99094,20190527,   43,    0
 18359, 99094,20190528,   35,    0
 18359, 99094,20190529,-9999,    9
 18359, 99094,20190530,-9999,    9
 18359, 99094,20190531,-9999,    9
 18359, 99094,20190601,   64,    0
 18359, 99094,20190602,-9999,    9
 18359, 99094,20190603,-9999,    9
 18359, 99094,20190604,-9999,    9
 18359, 99094,20190605,-9999,    9
 18359, 99094,20190606,-9999,    9
 18359, 99094,20190607,-9999,    9
 18359, 99094,20190608,-9999,    9
 18359, 99094,20190609,-9999,    9
 18359, 99094,20190610,-9999,    9
 18359, 99094,20190611,-9999,    9
 18359, 99094,20190612,-9999,    9
 18359, 99094,20190613,-9999,    9
 18359, 99094,20190614,-9999,    9
 18359, 99094,20190615,-9999,    9
 18359, 99094,20190616,-9999,    9
 18359, 99094,20190617,-9999,    9
 18359, 99094,20190618,-9999,    9
 18359, 99094,20190619,-9999,    9
 18359, 99094,20190620,-9999,    9
 18359, 99094,20190621,-9999,    9
 18359, 99094,20190622,-9999,    9
 18359, 99094,20190623,-9999,    9
 18359, 99094,20190624,-9999,    9
 18359, 99094,20190625,-9999,    9
 18359, 99094,20190626,-9999,    9
 18359, 99094,20190627,-9999,    9
 18359, 99094,20190628,-9999,    9
 18359, 99094,20190629,-9999,    9
 18359, 99094,20190630,-9999,    9
 18359, 99094,20190701,-9999,    9
 18359, 99094,20190702,-9999,    9
 18359, 99094,20190703,-9999,    9
 18359, 99094,20190704,-9999,    9
 18359, 99094,20190705,-9999,    9
 18359, 99094,20190706,-9999,    9
 18359, 99094,20190707,-9999,    9
 18359, 99094,20190708,-9999,    9
 18359, 99094,20190709,-9999,    9
 18359, 99094,20190710,-9999,    9
 18359, 99094,20190711,-9999,    9
 18359, 99094,20190712,-9999,    9
 18359, 99094,20190713,-9999,    9
 18359, 99094,20190714,-9999,    9
 18359, 99094,20190715,-9999,    9
 18359, 99094,20190716,-9999,    9
 18359, 99094,20190717,-9999,    9
 18359, 99094,20190718,  112,    0
 18359, 99094,20190719,   96,    0
 18359, 99094,20190720,  127,    0
 18359, 99094,20190721,  125,    0
 18359, 99094,20190722,  206,    0
 18359, 99094,20190723,  175,    0
 18359, 99094,20190724,  192,    0
 18359, 99094,20190725,  146,    0
 18359, 99094,20190726,  142,    0
 18359, 99094,20190727,  112,    0
 18359, 99094,20190728,   84,    0
 18359, 99094,20190729,   72,    0
 18359, 99094,20190730,   70,    0
 18359, 99094,20190731,  110,    0
 18359, 99094,20190801,   85,    0
 18359, 99094,20190802,   74,    0
 18359, 99094,20190803,   72,    0
 18359, 99094,20190804,   64,    0
 18359, 99094,20190805,   71,    0
 18359, 99094,20190806,   69,    0
 18359, 99094,20190807,   74,    0
 18359, 99094,20190808,   82,    0
 18359, 99094,20190809,   73,    0
 18359, 99094,20190810,   71,    0
 18359, 99094,20190811,   79,    0
 18359, 99094,20190812,  140,    0
 18359, 99094,20190813,   80,    0
 18359, 99094,20190814,   82,    0
 18359, 99094,20190815,   78,    0
 18359, 99094,20190816,-9999,    9
 18359, 99094,20190817,-9999,    9
 18359, 99094,20190818,-9999,    9
 18359, 99094,20190819,-9999,    9
 18359, 99094,20190820,-9999,    9
 18359, 99094,20190821,   99,    0
 18359, 99094,20190822,-9999,    9
 18359, 99094,20190823,   94,    0
 18359, 99094,20190824,   75,    0
 18359, 99094,20190825,   77,    0
 18359, 99094,20190826,   94,    0
 18359, 99094,20190827,   98,    0
 18359, 99094,20190828,  109,    0
 18359, 99094,20190829,  176,    0
 18359, 99094,20190830,  194,    0
 18359, 99094,20190831,  164,    0
 18359, 99094,20190901,  156,    0
 18359, 99094,20190902,  182,    0
 18359, 99094,20190903,  131,    0
 18359, 99094,20190904,  130,    0
 18359, 99094,20190905,  118,    0
 18359, 99094,20190906,  115,    0
 18359, 99094,20190907,   82,    0
 18359, 99094,20190908,   98,    0
 18359, 99094,20190909,-9999,    9
 18359, 99094,20190910,-9999,    9
 18359, 99094,20190911,-9999,    9
 18359, 99094,20190912,-9999,    9
 18359, 99094,20190913,-9999,    9
 18359, 99094,20190914,   76,    0
 18359, 99094,20190915,   67,    0
 18359, 99094,20190916,   64,    0
 18359, 99094,20190917,   47,    0
 18359, 99094,20190918,   38,    0
 18359, 99094,20190919,   29,    0
 18359, 99094,20190920,   40,    0
 18359, 99094,20190921,   36,    0
 18359, 99094,20190922,   35,    0
 18359, 99094,20190923,   33,    0
 18359, 99094,20190924,   43,    0
 18359, 99094,20190925,   64,    0
 18359, 99094,20190926,   67,    0
 18359, 99094,20190927,   96,    0
 18359, 99094,20190928,   50,    0
 18359, 99094,20190929,   18,    0
 18359, 99094,20190930,   38,    0
 18359, 99094,20191001,   40,    0
 18359, 99094,20191002,   22,    0
 18359, 99094,20191003,-9999,    9
 18359, 99094,20191004,-9999,    9
 18359, 99094,20191005,-9999,    9
 18359, 99094,20191006,-9999,    9
 18359, 99094,20191007,-9999,    9
 18359, 99094,20191008,-9999,    9
 18359, 99094,20191009,   32,    0
 18359, 99094,20191010,   27,    0
 18359, 99094,20191011,    9,    0
 18359, 99094,20191012,    9,    0
 18359, 99094,20191013,   12,    0
 18359, 99094,20191014,   16,    0
 18359, 99094,20191015,    4,    0
 18359, 99094,20191016,    4,    0
 18359, 99094,20191017,  -23,    0
 18359, 99094,20191018,    0,    0
 18359, 99094,20191019,  -13,    0
 18359, 99094,20191020,  -28,    0
 18359, 99094,20191021,-9999,    9
 18359, 99094,20191022,  -28,    0
 18359, 99094,20191023,-9999,    9
 18359, 99094,20191024,-9999,    9
 18359, 99094,20191025,-9999,    9
 18359, 99094,20191026,-9999,    9
 18359, 99094,20191027,-9999,    9
 18359, 99094,20191028,  -28,    0
 18359, 99094,20191029,  -20,    0
 18359, 99094,20191030,  -52,    0
 18359, 99094,20191031, -112,    0
 18359, 99094,20191101, -104,    0
 18359, 99094,20191102,  -82,    0
 18359, 99094,20191103,  -66,    0
 18359, 99094,20191104,  -17,    0
 18359, 99094,20191105,  -11,    0
 18359, 99094,20191106,  -39,    0
 18359, 99094,20191107,  -58,    0
 18359, 99094,20191108,  -77,    0
 18359, 99094,20191109, -123,    0
 18359, 99094,20191110, -110,    0
 18359, 99094,20191111,  -94,    0
 18359, 99094,20191112,  -80,    0
 18359, 99094,20191113,  -46,    0
 18359, 99094,20191114,  -12,    0
 18359, 99094,20191115,   14,    0
 18359, 99094,20191116,  -39,    0
 18359, 99094,20191117,  -86,    0
 18359, 99094,20191118,  -49,    0
 18359, 99094,20191119,   -4,    0
 18359, 99094,20191120,    3,    0
 18359, 99094,20191121,   -1,    0
 18359, 99094,20191122,  -16,    0
 18359, 99094,20191123,    4,    0
 18359, 99094,20191124,   14,    0
 18359, 99094,20191125,-9999,    9
 18359, 99094,20191126,-9999,    9
 18359, 99094,20191127,-9999,    9
 18359, 99094,20191128,  -72,    0
 18359, 99094,20191129,  -39,    0
 18359, 99094,20191130,-9999,    9
 18359, 99094,20191201,-9999,    9
 18359, 99094,20191202,  -35,    0
 18359, 99094,20191203,  -30,    0
 18359, 99094,20191204,-9999,    9
 18359, 99094,20191205,-9999,    9
 18359, 99094,20191206,-9999,    9
 18359, 99094,20191207,-9999,    9
 18359, 99094,20191208,-9999,    9
 18359, 99094,20191209,-9999,    9
 18359, 99094,20191210,  -45,    0
 18359, 99094,20191211,  -70,    0
 18359, 99094,20191212,   -8,    0
 18359, 99094,20191213,    8,    0
 18359, 99094,20191214,-9999,    9
 18359, 99094,20191215,   -8,    0
 18359, 99094,20191216,   -4,    0
 18359, 99094,20191217,  -16,    0
 18359, 99094,20191218,  -61,    0
 18359, 99094,20191219,-9999,    9
 18359, 99094,20191220,-9999,    9
 18359, 99094,20191221,-9999,    9
 18359, 99094,20191222,-9999,    9
 18359, 99094,20191223,-9999,    9
 18359, 99094,20191224,  -17,    0
 18359, 99094,20191225,  -18,    0
 18359, 99094,20191226,  -25,    0
 18359, 99094,20191227,  -40,    0
 18359, 99094,20191228,  -63,    0
 18359, 99094,20191229,    3,    0
 18359, 99094,20191230,  -18,    0
 18359, 99094,20191231,-9999,    9
 18359, 99094,20200101,  -69,    0
 18359, 99094,20200102,  -56,    0
 18359, 99094,20200103,    5,    0
 18359, 99094,20200104,  -30,    0
 18359, 99094,20200105,-9999,    9
 18359, 99094,20200106,-9999,    9
 18359, 99094,20200107,-9999,    9
 18359, 99094,20200108,-9999,    9
 18359, 99094,20200109,-9999,    9
 18359, 99094,20200110,-9999,    9
 18359, 99094,20200111,-9999,    9
 18359, 99094,20200112,-9999,    9
 18359, 99094,20200113,-9999,    9
 18359, 99094,20200114,-9999,    9
 18359, 99094,20200115,-9999,    9
 18359, 99094,20200116,  -60,    0
 18359, 99094,20200117,  -68,    0
 18359, 99094,20200118, -118,    0
 18359, 99094,20200119, -114,    0
 18359, 99094,20200120,  -49,    0
 18359, 99094,20200121,   -8,    0
 18359, 99094,20200122,  -56,    0
 18359, 99094,20200123,  -77,    0
 18359, 99094,20200124,  -87,    0
 18359, 99094,20200125,  -73,    0
 18359, 99094,20200126,  -83,    0
 18359, 99094,20200127,-9999,    9
 18359, 99094,20200128,-9999,    9
 18359, 99094,20200129, -120,    0
 18359, 99094,20200130, -103,    0
 18359, 99094,20200131, -109,    0
 18359, 99094,20200201, -125,    0
 18359, 99094,20200202,  -82,    0
 18359, 99094,20200203,  -51,    0
 18359, 99094,20200204,  -82,    0
 18359, 99094,20200205,-9999,    9
 18359, 99094,20200206,-9999,    9
 18359, 99094,20200207,-9999,    9
 18359, 99094,20200208,-9999,    9
 18359, 99094,20200209,-9999,    9
 18359, 99094,20200210,-9999,    9
 18359, 99094,20200211,-9999,    9
 18359, 99094,20200212,-9999,    9
 18359, 99094,20200213,-9999,    9
 18359, 99094,20200214,-9999,    9
 18359, 99094,20200215,-9999,    9
 18359, 99094,20200216,-9999,    9
 18359, 99094,20200217,-9999,    9
 18359, 99094,20200218,  -17,    0
 18359, 99094,20200219,  -65,    0
 18359, 99094,20200220,  -69,    0
 18359, 99094,20200221,  -19,    0
 18359, 99094,20200222,   11,    0
 18359, 99094,20200223,  -25,    0
 18359, 99094,20200224,  -12,    0
 18359, 99094,20200225,  -64,    0
 18359, 99094,20200226,  -83,    0
 18359, 99094,20200227,  -65,    0
 18359, 99094,20200228,  -80,    0
 18359, 99094,20200229, -103,    0
 18359, 99094,20200301,  -64,    0
 18359, 99094,20200302,  -57,    0
 18359, 99094,20200303,  -46,    0
 18359, 99094,20200304,  -58,    0
 18359, 99094,20200305,  -64,    0
 18359, 99094,20200306,  -41,    0
 18359, 99094,20200307,   -1,    0
 18359, 99094,20200308,  -19,    0
 18359, 99094,20200309,   18,    0
 18359, 99094,20200310,  -20,    0
 18359, 99094,20200311,  -50,    0
 18359, 99094,20200312,  -24,    0
 18359, 99094,20200313,  -74,    0
 18359, 99094,20200314,  -87,    0
 18359, 99094,20200315,  -53,    0
 18359, 99094,20200316,  -51,    0
 18359, 99094,20200317,  -37,    0
 18359, 99094,20200318,  -20,    0
 18359, 99094,20200319,  -54,    0
 18359, 99094,20200320,-9999,    9
 18359, 99094,20200321,-9999,    9
 18359, 99094,20200322,-9999,    9
 18359, 99094,20200323,-9999,    9
 18359, 99094,20200324,-9999,    9
 18359, 99094,20200325,-9999,    9
 18359, 99094,20200326,-9999,    9
 18359, 99094,20200327,   12,    0
 18359, 99094,20200328,  -31,    0
 18359, 99094,20200329,-9999,    9
 18359, 99094,20200330,  -56,    0
 18359, 99094,20200331,  -62,    0
 18359, 99094,20200401,  -37,    0
 18359, 99094,20200402,  -65,    0
 18359, 99094,20200403,  -68,    0
 18359, 99094,20200404,  -46,    0
 18359, 99094,20200405,  -37,    0
 18359, 99094,20200406,  -30,    0
 18359, 99094,20200407,   10,    0
 18359, 99094,20200408,   22,    0
 18359, 99094,20200409,  -36,    0
 18359, 99094,20200410,  -36,    0
 18359, 99094,20200411,-9999,    9
 18359, 99094,20200412,-9999,    9
 18359, 99094,20200413,-9999,    9
 18359, 99094,20200414,-9999,    9
 18359, 99094,20200415,-9999,    9
 18359, 99094,20200416,-9999,    9
 18359, 99094,20200417,   18,    0
 18359, 99094,20200418,   16,    0
 18359, 99094,20200419,   28,    0
 18359, 99094,20200420,   33,    0
 18359, 99094,20200421,   24,    0
 18359, 99094,20200422,    6,    0
 18359, 99094,20200423,  -17,    0
 18359, 99094,20200424,  -12,    0
 18359, 99094,20200425,   -2,    0
 18359, 99094,20200426,    3,    0
 18359, 99094,20200427,  -11,    0
 18359, 99094,20200428,  -18,    0
 18359, 99094,20200429,   -7,    0
 18359, 99094,20200430,   -6,    0
 18359, 99094,20200501,   11,    0
 18359, 99094,20200502,   35,    0
 18359, 99094,20200503,   21,    0
 18359, 99094,20200504,   22,    0
 18359, 99094,20200505,   40,    0
 18359, 99094,20200506,   41,    0
 18359, 99094,20200507,   32,    0
 18359, 99094,20200508,   24,    0
 18359, 99094,20200509,   10,    0
 18359, 99094,20200510,   19,    0
 18359, 99094,20200511,   17,    0
 18359, 99094,20200512,   -2,    0
 18359, 99094,20200513,   25,    0
 18359, 99094,20200514,    4,    0
 18359, 99094,20200515,   26,    0
 18359, 99094,20200516,   32,    0
 18359, 99094,20200517,   24,    0
 18359, 99094,20200518,   21,    0
 18359, 99094,20200519,   25,    0
 18359, 99094,20200520,   36,    0
 18359, 99094,20200521,   44,    0
 18359, 99094,20200522,   62,    0
 18359, 99094,20200523,  104,    0
 18359, 99094,20200524,  119,    0
 18359, 99094,20200525,  130,    0
 18359, 99094,20200526,  121,    0
 18359, 99094,20200527,  110,    0
 18359, 99094,20200528,   75,    0
 18359, 99094,20200529,   70,    0
 18359, 99094,20200530,   63,    0
 18359, 99094,20200531,   80,    0
 18359, 99094,20200601,  145,    0
 18359, 99094,20200602,  135,    0
 18359, 99094,20200603,   66,    0
 18359, 99094,20200604,   65,    0
 18359, 99094,20200605,   57,    0
 18359, 99094,20200606,   79,    0
 18359, 99094,20200607,  118,    0
 18359, 99094,20200608,  125,    0
 18359, 99094,20200609,   70,    0
 18359, 99094,20200610,   92,    0
 18359, 99094,20200611,   77,    0
 18359, 99094,20200612,  102,    0
 18359, 99094,20200613,  135,    0
 18359, 99094,20200614,  153,    0
 18359, 99094,20200615,   92,    0
 18359, 99094,20200616,   78,    0
 18359, 99094,20200617,   82,    0
 18359, 99094,20200618,  125,    0
 18359, 99094,20200619,   78,    0
 18359, 99094,20200620,   90,    0
 18359, 99094,20200621,  114,    0
 18359, 99094,20200622,   95,    0
 18359, 99094,20200623,   74,    0
 18359, 99094,20200624,   88,    0
 18359, 99094,20200625,  138,    0
 18359, 99094,20200626,  108,    0
 18359, 99094,20200627,-9999,    9
 18359, 99094,20200628,   89,    0
 18359, 99094,20200629,   66,    0
 18359, 99094,20200630,-9999,    9
 18359, 99094,20200701,   82,    0
 18359, 99094,20200702,-9999,    9
 18359, 99094,20200703,  125,    0
 18359, 99094,20200704,  124,    0
 18359, 99094,20200705,  101,    0
 18359, 99094,20200706,   88,    0
 18359, 99094,20200707,  117,    0
 18359, 99094,20200708,  119,    0
 18359, 99094,20200709,  120,    0
 18359, 99094,20200710,   88,    0
 18359, 99094,20200711,  105,    0
 18359, 99094,20200712,  104,    0
 18359, 99094,20200713,  105,    0
 18359, 99094,20200714,   92,    0
 18359, 99094,20200715,  129,    0
 18359, 99094,20200716,  172,    0
 18359, 99094,20200717,  149,    0
 18359, 99094,20200718,  155,    0
 18359, 99094,20200719,  137,    0
 18359, 99094,20200720,  159,    0
 18359, 99094,20200721,  173,    0
 18359, 99094,20200722,  163,    0
 18359, 99094,20200723,  141,    0
 18359, 99094,20200724,  157,    0
 18359, 99094,20200725,  163,    0
 18359, 99094,20200726,  166,    0
 18359, 99094,20200727,  170,    0
 18359, 99094,20200728,  155,    0
 18359, 99094,20200729,  122,    0
 18359, 99094,20200730,  118,    0
 18359, 99094,20200731,  115,    0
 18359, 99094,20200801,   99,    0
 18359, 99094,20200802,  100,    0
 18359, 99094,20200803,  106,    0
 18359, 99094,20200804,-9999,    9
 18359, 99094,20200805,-9999,    9
 18359, 99094,20200806,  127,    0
 18359, 99094,20200807,  137,    0
 18359, 99094,20200808,  135,    0
 18359, 99094,20200809,  113,    0
 18359, 99094,20200810,  112,    0
 18359, 99094,20200811,  104,    0
 18359, 99094,20200812,  106,    0
 18359, 99094,20200813,  112,    0
 18359, 99094,20200814,  132,    0
 18359, 99094,20200815,  122,    0
 18359, 99094,20200816,   91,    0
 18359, 99094,20200817,   84,    0
 18359, 99094,20200818,  105,    0
 18359, 99094,20200819,  130,    0
 18359, 99094,20200820,  107,    0
 18359, 99094,20200821,  102,    0
 18359, 99094,20200822,  189,    0
 18359, 99094,20200823,  180,    0
 18359, 99094,20200824,-9999,    9
 18359, 99094,20200825,-9999,    9
 18359, 99094,20200826,   99,    0
 18359, 99094,20200827,   81,    0
 18359, 99094,20200828,   87,    0
 18359, 99094,20200829,  107,    0
 18359, 99094,20200830,  102,    0
 18359, 99094,20200831,   91,    0
 18359, 99094,20200901,   96,    0
 18359, 99094,20200902,  140,    0
 18359, 99094,20200903,  148,    0
 18359, 99094,20200904,-9999,    9
 18359, 99094,20200905,  152,    0
 18359, 99094,20200906,  125,    0
 18359, 99094,20200907,  118,    0
 18359, 99094,20200908,  122,    0
 18359, 99094,20200909,  112,    0
 18359, 99094,20200910,   98,    0
 18359, 99094,20200911,-9999,    9
 18359, 99094,20200912,  100,    0
 18359, 99094,20200913,   85,    0
 18359, 99094,20200914,   87,    0
 18359, 99094,20200915,   81,    0
 18359, 99094,20200916,   80,    0
 18359, 99094,20200917,   72,    0
 18359, 99094,20200918,   62,    0
 18359, 99094,20200919,   60,    0
 18359, 99094,20200920,   46,    0
 18359, 99094,20200921,   55,    0
 18359, 99094,20200922,   66,    0
 18359, 99094,20200923,   64,    0
 18359, 99094,20200924,   80,    0
 18359, 99094,20200925,   93,    0
 18359, 99094,20200926,   59,    0
 18359, 99094,20200927,   44,    0
 18359, 99094,20200928,   83,    0
 18359, 99094,20200929,  113,    0
 18359, 99094,20200930,   98,    0
 18359, 99094,20201001,  105,    0
 18359, 99094,20201002,-9999,    9
 18359, 99094,20201003,   92,    0
 18359, 99094,20201004,   80,    0
 18359, 99094,20201005,   53,    0
 18359, 99094,20201006,   55,    0
 18359, 99094,20201007,   75,    0
 18359, 99094,20201008,  105,    0
 18359, 99094,20201009,  106,    0
 18359, 99094,20201010,   85,    0
 18359, 99094,20201011,   73,    0
 18359, 99094,20201012,   50,    0
 18359, 99094,20201013,   22,    0
 18359, 99094,20201014,   25,    0
 18359, 99094,20201015,   36,    0
 18359, 99094,20201016,    8,    0
 18359, 99094,20201017,  -10,    0
 18359, 99094,20201018,    7,    0
 18359, 99094,20201019,   10,    0
 18359, 99094,20201020,   10,    0
 18359, 99094,20201021,  -16,    0
 18359, 99094,20201022,  -21,    0
 18359, 99094,20201023,-9999,    9
 18359, 99094,20201024,   23,    0
 18359, 99094,20201025,-9999,    9
 18359, 99094,20201026,    4,    0
 18359, 99094,20201027,   15,    0
 18359, 99094,20201028,   13,    0
 18359, 99094,20201029,   13,    0
 18359, 99094,20201030,   -2,    0
 18359, 99094,20201031,-9999,    9
 18359, 99094,20201101,   12,    0
 18359, 99094,20201102,   42,    0
 18359, 99094,20201103,   51,    0
 18359, 99094,20201104,   22,    0
 18359, 99094,20201105,   20,    0
 18359, 99094,20201106,   33,    0
 18359, 99094,20201107,-9999,    9
 18359, 99094,20201108,-9999,    9
 18359, 99094,20201109,-9999,    9
 18359, 99094,20201110,    9,    0
 18359, 99094,20201111,  -20,    0
 18359, 99094,20201112,   -7,    0
 18359, 99094,20201113,   11,    0
 18359, 99094,20201114,   27,    0
 18359, 99094,20201115,   36,    0
 18359, 99094,20201116,   41,    0
 18359, 99094,20201117,   43,    0
 18359, 99094,20201118,   40,    0
 18359, 99094,20201119,   -2,    0
 18359, 99094,20201120,   -1,    0
 18359, 99094,20201121,  -30,    0
 18359, 99094,20201122,  -13,    0
 18359, 99094,20201123,   -2,    0
 18359, 99094,20201124,   -9,    0
 18359, 99094,20201125,  -34,    0
 18359, 99094,20201126,  -42,    0
 18359, 99094,20201127,  -37,    0
 18359, 99094,20201128,  -35,    0
 18359, 99094,20201129,   -8,    0
 18359, 99094,20201130,    4,    0
 18359, 99094,20201201,   -5,    0
 18359, 99094,20201202,  -18,    0
 18359, 99094,20201203,   19,    0
 18359, 99094,20201204,   -3,    0
 18359, 99094,20201205,   -6,    0
 18359, 99094,20201206,  -15,    0
 18359, 99094,20201207,-9999,    9
 18359, 99094,20201208,-9999,    9
 18359, 99094,20201209,   -6,    0
 18359, 99094,20201210,    7,    0
 18359, 99094,20201211,  -15,    0
 18359, 99094,20201212,  -35,    0
 18359, 99094,20201213,  -24,    0
 18359, 99094,20201214,-9999,    9
 18359, 99094,20201215,  -23,    0
 18359, 99094,20201216,  -32,    0
 18359, 99094,20201217,  -84,    0
 18359, 99094,20201218,  -98,    0
 18359, 99094,20201219,  -93,    0
 18359, 99094,20201220,  -48,    0
 18359, 99094,20201221,  -21,    0
 18359, 99094,20201222,-9999,    9
 18359, 99094,20201223,-9999,    9
 18359, 99094,20201224,-9999,    9
 18359, 99094,20201225, -115,    0
 18359, 99094,20201226,-9999,    9
 18359, 99094,20201227,-9999,    9
 18359, 99094,20201228,  -74,    0
 18359, 99094,20201229,  -38,    0
 18359, 99094,20201230,  -36,    0
 18359, 99094,20201231,  -34,    0
 18359, 99094,20210101,  -26,    0
 18359, 99094,20210102,  -37,    0
 18359, 99094,20210103,  -89,    0
 18359, 99094,20210104,  -25,    0
 18359, 99094,20210105,  -53,    0
 18359, 99094,20210106,  -61,    0
 18359, 99094,20210107,  -83,    0
 18359, 99094,20210108,  -89,    0
 18359, 99094,20210109,  -92,    0
 18359, 99094,20210110, -112,    0
 18359, 99094,20210111, -120,    0
 18359, 99094,20210112, -124,    0
 18359, 99094,20210113, -170,    0
 18359, 99094,20210114,-9999,    9
 18359, 99094,20210115,  -37,    0
 18359, 99094,20210116,   -5,    0
 18359, 99094,20210117,   -8,    0
 18359, 99094,20210118,  -18,    0
 18359, 99094,20210119,-9999,    9
 18359, 99094,20210120,  -75,    0
 18359, 99094,20210121,  -95,    0
 18359, 99094,20210122,-9999,    9
 18359, 99094,20210123, -115,    0
 18359, 99094,20210124, -102,    0
 18359, 99094,20210125,  -79,    0
 18359, 99094,20210126,  -43,    0
 18359, 99094,20210127,  -54,    0
 18359, 99094,20210128,  -67,    0
 18359, 99094,20210129, -103,    0
 18359, 99094,20210130,  -37,    0
 18359, 99094,20210131,  -42,    0
 18359, 99094,20210201,  -53,    0
 18359, 99094,20210202,  -59,    0
 18359, 99094,20210203,  -48,    0
 18359, 99094,20210204,  -36,    0
 18359, 99094,20210205,  -44,    0
 18359, 99094,20210206,  -43,    0
 18359, 99094,20210207,  -53,    0
 18359, 99094,20210208,  -70,    0
 18359, 99094,20210209,-9999,    9
 18359, 99094,20210210,-9999,    9
 18359, 99094,20210211,-9999,    9
 18359, 99094,20210212,-9999,    9
 18359, 99094,20210213,-9999,    9
 18359, 99094,20210214,-9999,    9
 18359, 99094,20210215,  -49,    0
 18359, 99094,20210216, -101,    0
 18359, 99094,20210217, -102,    0
 18359, 99094,20210218,-9999,    9
 18359, 99094,20210219, -151,    0
 18359, 99094,20210220, -165,    0
 18359, 99094,20210221,-9999,    9
 18359, 99094,20210222, -172,    0
 18359, 99094,20210223, -125,    0
 18359, 99094,20210224,  -83,    0
 18359, 99094,20210225,  -42,    0
 18359, 99094,20210226,-9999,    9
 18359, 99094,20210227,-9999,    9
 18359, 99094,20210228,   24,    0
 18359, 99094,20210301,    7,    0
 18359, 99094,20210302,  -30,    0
 18359, 99094,20210303,  -46,    0
 18359, 99094,20210304,  -54,    0
 18359, 99094,20210305,  -67,    0
 18359, 99094,20210306,  -67,    0
 18359, 99094,20210307,  -63,    0
 18359, 99094,20210308, -101,    0
 18359, 99094,20210309,  -94,    0
 18359, 99094,20210310, -116,    0
 18359, 99094,20210311, -108,    0
 18359, 99094,20210312,  -69,    0
 18359, 99094,20210313,  -57,    0
 18359, 99094,20210314,  -42,    0
 18359, 99094,20210315,-9999,    9
 18359, 99094,20210316,-9999,    9
 18359, 99094,20210317,-9999,    9
 18359, 99094,20210318,-9999,    9
 18359, 99094,20210319,  -70,    0
 18359, 99094,20210320,   -8,    0
 18359, 99094,20210321,-9999,    9
 18359, 99094,20210322,  -39,    0
 18359, 99094,20210323,    0,    0
 18359, 99094,20210324,-9999,    9
 18359, 99094,20210325,   10,    0
 18359, 99094,20210326,   -6,    0
 18359, 99094,20210327,   25,    0
 18359, 99094,20210328,-9999,    9
 18359, 99094,20210329,   27,    0
 18359, 99094,20210330,   10,    0
 18359, 99094,20210331,   13,    0
 18359, 99094,20210401,   12,    0
 18359, 99094,20210402,   -3,    0
 18359, 99094,20210403,   -2,    0
 18359, 99094,20210404,   10,    0
 18359, 99094,20210405,   10,    0
 18359, 99094,20210406,    9,    0
 18359, 99094,20210407,    4,    0
 18359, 99094,20210408,  -20,    0
 18359, 99094,20210409,  -22,    0
 18359, 99094,20210410,  -20,    0
 18359, 99094,20210411,  -11,    0
 18359, 99094,20210412,   -3,    0
 18359, 99094,20210413,-9999,    9
 18359, 99094,20210414,-9999,    9
 18359, 99094,20210415,   -3,    0
 18359, 99094,20210416,   46,    0
 18359, 99094,20210417,-9999,    9
 18359, 99094,20210418,   42,    0
 18359, 99094,20210419,   60,    0
 18359, 99094,20210420,   80,    0
 18359, 99094,20210421,   69,    0
 18359, 99094,20210422,   19,    0
 18359, 99094,20210423,   13,    0
 18359, 99094,20210424,    4,    0
 18359, 99094,20210425,    2,    0
 18359, 99094,20210426,-9999,    9
 18359, 99094,20210427,    0,    0
 18359, 99094,20210428,  -24,    0
 18359, 99094,20210429,  -19,    0
 18359, 99094,20210430,  -19,    0
 18359, 99094,20210501,   -8,    0
 18359, 99094,20210502,   -6,    0
 18359, 99094,20210503,  -12,    0
 18359, 99094,20210504,   -2,    0
 18359, 99094,20210505,    7,    0
 18359, 99094,20210506,   12,    0
 18359, 99094,20210507,    2,    0
 18359, 99094,20210508,   20,    0
 18359, 99094,20210509,   41,    0
 18359, 99094,20210510,-9999,    9
 18359, 99094,20210511,-9999,    9
 18359, 99094,20210512,   38,    0
 18359, 99094,20210513,   45,    0
 18359, 99094,20210514,   22,    0
 18359, 99094,20210515,   11,    0
 18359, 99094,20210516,   16,    0
 18359, 99094,20210517,   43,    0
 18359, 99094,20210518,   69,    0
 18359, 99094,20210519,  102,    0
 18359, 99094,20210520,   39,    0
 18359, 99094,20210521,   17,    0
 18359, 99094,20210522,    0,    0
 18359, 99094,20210523,   19,    0
 18359, 99094,20210524,-9999,    9
 18359, 99094,20210525,   38,    0
 18359, 99094,20210526,   39,    0
 18359, 99094,20210527,   61,    0
 18359, 99094,20210528,   24,    0
 18359, 99094,20210529,   33,    0
 18359, 99094,20210530,   70,    0
 18359, 99094,20210531,   70,    0
 18359, 99094,20210601,  101,    0
 18359, 99094,20210602,  152,    0
 18359, 99094,20210603,  181,    0
 18359, 99094,20210604,  157,    0
 18359, 99094,20210605,   91,    0
 18359, 99094,20210606,   76,    0
 18359, 99094,20210607,   89,    0
 18359, 99094,20210608,  130,    0
 18359, 99094,20210609,  121,    0
 18359, 99094,20210610,  150,    0
 18359, 99094,20210611,  208,    0
 18359, 99094,20210612,  217,    0
 18359, 99094,20210613,  121,    0
 18359, 99094,20210614,  100,    0
 18359, 99094,20210615,   79,    0
 18359, 99094,20210616,   78,    0
 18359, 99094,20210617,  104,    0
 18359, 99094,20210618,   94,    0
 18359, 99094,20210619,  107,    0
 18359, 99094,20210620,  100,    0
 18359, 99094,20210621,   92,    0
 18359, 99094,20210622,  130,    0
 18359, 99094,20210623,   88,    0
 18359, 99094,20210624,   93,    0
 18359, 99094,20210625,   95,    0
 18359, 99094,20210626,  104,    0
 18359, 99094,20210627,  111,    0
 18359, 99094,20210628,  112,    0
 18359, 99094,20210629,  107,    0
 18359, 99094,20210630,  102,    0
 18359, 99094,20210701,  175,    0
 18359, 99094,20210702,  129,    0
 18359, 99094,20210703,  130,    0
 18359, 99094,20210704,  132,    0
 18359, 99094,20210705,  198,    0
 18359, 99094,20210706,  182,    0
 18359, 99094,20210707,  245,    0
 18359, 99094,20210708,  192,    0
 18359, 99094,20210709,  139,    0
 18359, 99094,20210710,  167,    0
 18359, 99094,20210711,  107,    0
 18359, 99094,20210712,  120,    0
 18359, 99094,20210713,  170,    0
 18359, 99094,20210714,  130,    0
 18359, 99094,20210715,  170,    0
 18359, 99094,20210716,  150,    0
 18359, 99094,20210717,  134,    0
 18359, 99094,20210718,  124,    0
 18359, 99094,20210719,  100,    0
 18359, 99094,20210720,   84,    0
 18359, 99094,20210721,   86,    0
 18359, 99094,20210722,   76,    0
 18359, 99094,20210723,   79,    0
 18359, 99094,20210724,   91,    0
 18359, 99094,20210725,   93,    0
 18359, 99094,20210726,  102,    0
 18359, 99094,20210727,  111,    0
 18359, 99094,20210728,   92,    0
 18359, 99094,20210729,   90,    0
 18359, 99094,20210730,   94,    0
 18359, 99094,20210731,   93,    0
 18359, 99094,20210801,  108,    0
 18359, 99094,20210802,  100,    0
 18359, 99094,20210803,  103,    0
 18359, 99094,20210804,-9999,    9
 18359, 99094,20210805,  114,    0
 18359, 99094,20210806,  145,    0
 18359, 99094,20210807,  185,    0
 18359, 99094,20210808,  180,    0
 18359, 99094,20210809,  170,    0
 18359, 99094,20210810,  150,    0
 18359, 99094,20210811,  177,    0
 18359, 99094,20210812,  146,    0
 18359, 99094,20210813,  123,    0
 18359, 99094,20210814,  122,    0
 18359, 99094,20210815,  103,    0
 18359, 99094,20210816,   83,    0
 18359, 99094,20210817,  107,    0
 18359, 99094,20210818,   96,    0
 18359, 99094,20210819,  107,    0
 18359, 99094,20210820,   98,    0
 18359, 99094,20210821,   80,    0
 18359, 99094,20210822,   67,    0
 18359, 99094,20210823,-9999,    9
 18359, 99094,20210824,   90,    0
 18359, 99094,20210825,   90,    0
 18359, 99094,20210826,  121,    0
 18359, 99094,20210827,  144,    0
 18359, 99094,20210828,   97,    0
 18359, 99094,20210829,   85,    0
 18359, 99094,20210830,  104,    0
 18359, 99094,20210831,-9999,    9
 18359, 99094,20210901,   72,    0
 18359, 99094,20210902,   65,    0
 18359, 99094,20210903,   65,    0
 18359, 99094,20210904,   47,    0
 18359, 99094,20210905,   60,    0
 18359, 99094,20210906,   52,    0
 18359, 99094,20210907,   42,    0
 18359, 99094,20210908,   57,    0
 18359, 99094,20210909,   60,    0
 18359, 99094,20210910,   70,    0
 18359, 99094,20210911,   63,    0
 18359, 99094,20210912,   60,    0
 18359, 99094,20210913,   60,    0
 18359, 99094,20210914,   53,    0
 18359, 99094,20210915,   48,    0
 18359, 99094,20210916,   43,    0
 18359, 99094,20210917,   50,    0
 18359, 99094,20210918,   57,    0
 18359, 99094,20210919,   69,    0
 18359, 99094,20210920,   65,    0
 18359, 99094,20210921,   48,    0
 18359, 99094,20210922,   65,    0
 18359, 99094,20210923,   68,    0
 18359, 99094,20210924,   84,    0
 18359, 99094,20210925,   76,    0
 18359, 99094,20210926,   77,    0
 18359, 99094,20210927,  120,    0
 18359, 99094,20210928,  117,    0
 18359, 99094,20210929,   91,    0
 18359, 99094,20210930,   71,    0
 18359, 99094,20211001,-9999,    9
 18359, 99094,20211002,   80,    0
 18359, 99094,20211003,   88,    0
 18359, 99094,20211004,-9999,    9
 18359, 99094,20211005,  114,    0
 18359, 99094,20211006,   96,    0
 18359, 99094,20211007,   42,    0
 18359, 99094,20211008,   28,    0
 18359, 99094,20211009,   26,    0
 18359, 99094,20211010,   47,    0
 18359, 99094,20211011,   57,    0
 18359, 99094,20211012,   52,    0
 18359, 99094,20211013,   33,    0
 18359, 99094,20211014,   17,    0
 18359, 99094,20211015,   17,    0
 18359, 99094,20211016,   38,    0
 18359, 99094,20211017,   40,    0
 18359, 99094,20211018,    3,    0
 18359, 99094,20211019,  -16,    0
 18359, 99094,20211020,  -39,    0
 18359, 99094,20211021,    5,    0
 18359, 99094,20211022,  -10,    0
 18359, 99094,20211023,  -14,    0
 18359, 99094,20211024,  -13,    0
 18359, 99094,20211025,  -29,    0
 18359, 99094,20211026,   -7,    0
 18359, 99094,20211027,   -9,    0
 18359, 99094,20211028,  -27,    0
 18359, 99094,20211029,   16,    0
 18359, 99094,20211030,-9999,    9
 18359, 99094,20211031,  -21,    0
 18359, 99094,20211101,   -4,    0
 18359, 99094,20211102,   35,    0
 18359, 99094,20211103,   39,    0
 18359, 99094,20211104,    9,    0
 18359, 99094,20211105,    0,    0
 18359, 99094,20211106,    0,    0
 18359, 99094,20211107,  -34,    0
 18359, 99094,20211108,  -47,    0
 18359, 99094,20211109,  -69,    0
 18359, 99094,20211110,  -18,    0
 18359, 99094,20211111,-9999,    9
 18359, 99094,20211112,  -46,    0
 18359, 99094,20211113,  -57,    0
 18359, 99094,20211114,  -47,    0
 18359, 99094,20211115,  -28,    0
 18359, 99094,20211116,    4,    0
 18359, 99094,20211117,   -6,    0
 18359, 99094,20211118,   11,    0
 18359, 99094,20211119,    7,    0
 18359, 99094,20211120,   -7,    0
 18359, 99094,20211121,-9999,    9
 18359, 99094,20211122,  -60,    0
 18359, 99094,20211123,  -71,    0
 18359, 99094,20211124,  -66,    0
 18359, 99094,20211125, -110,    0
 18359, 99094,20211126, -125,    0
 18359, 99094,20211127, -127,    0
 18359, 99094,20211128, -141,    0
 18359, 99094,20211129, -111,    0
 18359, 99094,20211130,-9999,    9
 18359, 99094,20211201,-9999,    9
 18359, 99094,20211202,  -22,    0
 18359, 99094,20211203,  -96,    0
 18359, 99094,20211204, -163,    0
 18359, 99094,20211205, -141,    0
 18359, 99094,20211206,-9999,    9
 18359, 99094,20211207, -117,    0
 18359, 99094,20211208, -132,    0
 18359, 99094,20211209,-9999,    9
 18359, 99094,20211210,  -71,    0
 18359, 99094,20211211,  -79,    0
 18359, 99094,20211212,  -46,    0
 18359, 99094,20211213,   -3,    0
 18359, 99094,20211214,  -10,    0
 18359, 99094,20211215,  -25,    0
 18359, 99094,20211216,  -32,    0
 18359, 99094,20211217,  -11,    0
 18359, 99094,20211218,  -20,    0
 18359, 99094,20211219,  -53,    0
 18359, 99094,20211220,  -45,    0
 18359, 99094,20211221,  -49,    0
 18359, 99094,20211222,  -38,    0
 18359, 99094,20211223,  -61,    0
 18359, 99094,20211224,  -63,    0
 18359, 99094,20211225,  -45,    0
 18359, 99094,20211226,  -46,    0
 18359, 99094,20211227,-9999,    9
 18359, 99094,20211228, -128,    0
 18359, 99094,20211229, -137,    0
 18359, 99094,20211230,  -74,    0
 18359, 99094,20211231,-9999,    9
 18359, 99094,20220101,  -60,    0
 18359, 99094,20220102, -129,    0
 18359, 99094,20220103,-9999,    9
 18359, 99094,20220104,-9999,    9
 18359, 99094,20220105,-9999,    9
 18359, 99094,20220106,  -68,    0
 18359, 99094,20220107,  -86,    0
 18359, 99094,20220108,  -56,    0
 18359, 99094,20220109,  -61,    0
 18359, 99094,20220110,  -63,    0
 18359, 99094,20220111,  -85,    0
 18359, 99094,20220112,   -9,    0
 18359, 99094,20220113,-9999,    9
 18359, 99094,20220114,-9999,    9
 18359, 99094,20220115,  -59,    0
 18359, 99094,20220116,  -64,    0
 18359, 99094,20220117,-9999,    9
 18359, 99094,20220118,-9999,    9
 18359, 99094,20220119,    2,    0
 18359, 99094,20220120,  -23,    0
 18359, 99094,20220121,  -47,    0
 18359, 99094,20220122,  -74,    0
 18359, 99094,20220123,    0,    0
 18359, 99094,20220124,    4,    0
 18359, 99094,20220125,  -35,    0
 18359, 99094,20220126,  -66,    0
 18359, 99094,20220127,  -79,    0
 18359, 99094,20220128,  -54,    0
 18359, 99094,20220129,  -49,    0
 18359, 99094,20220130,  -59,    0
 18359, 99094,20220131,  -69,    0
 18359, 99094,20220201,-9999,    9
 18359, 99094,20220202,-9999,    9
 18359, 99094,20220203,  -71,    0
 18359, 99094,20220204, -110,    0
 18359, 99094,20220205,  -77,    0
 18359, 99094,20220206,  -54,    0
 18359, 99094,20220207,  -61,    0
 18359, 99094,20220208,  -43,    0
 18359, 99094,20220209,  -44,    0
 18359, 99094,20220210,  -35,    0
 18359, 99094,20220211,  -59,    0
 18359, 99094,20220212,-9999,    9
 18359, 99094,20220213,  -92,    0
 18359, 99094,20220214,  -75,    0
 18359, 99094,20220215,  -34,    0
 18359, 99094,20220216,  -47,    0
 18359, 99094,20220217,  -32,    0
 18359, 99094,20220218,  -23,    0
 18359, 99094,20220219,  -45,    0
 18359, 99094,20220220,  -68,    0
 18359, 99094,20220221,-9999,    9
 18359, 99094,20220222,  -91,    0
 18359, 99094,20220223, -114,    0
 18359, 99094,20220224,  -61,    0
 18359, 99094,20220225,  -40,    0
 18359, 99094,20220226,  -74,    0
 18359, 99094,20220227,   17,    0
 18359, 99094,20220228,    1,    0
 18359, 99094,20220301,-9999,    9
 18359, 99094,20220302,-9999,    9
 18359, 99094,20220303,-9999,    9
 18359, 99094,20220304,  -29,    0
 18359, 99094,20220305,  -52,    0
 18359, 99094,20220306,-9999,    9
 18359, 99094,20220307,-9999,    9
 18359, 99094,20220308,  -10,    0
 18359, 99094,20220309,  -34,    0
 18359, 99094,20220310,  -22,    0
 18359, 99094,20220311,   23,    0
 18359, 99094,20220312,    7,    0
 18359, 99094,20220313,    5,    0
 18359, 99094,20220314,   -8,    0
 18359, 99094,20220315,  -14,    0
 18359, 99094,20220316,  -23,    0
 18359, 99094,20220317,    7,    0
 18359, 99094,20220318,   19,    0
 18359, 99094,20220319,   15,    0
 18359, 99094,20220320,   27,    0
 18359, 99094,20220321,   46,    0
 18359, 99094,20220322,    8,    0
 18359, 99094,20220323,-9999,    9
 18359, 99094,20220324,-9999,    9
 18359, 99094,20220325,  -41,    0
 18359, 99094,20220326,  -56,    0
 18359, 99094,20220327,-9999,    9
 18359, 99094,20220328,  -65,    0
 18359, 99094,20220329,  -37,    0
 18359, 99094,20220330,  -30,    0
 18359, 99094,20220331,  -45,    0
 18359, 99094,20220401,  -43,    0
 18359, 99094,20220402,-9999,    9
 18359, 99094,20220403,  -41,    0
 18359, 99094,20220404,  -43,    0
 18359, 99094,20220405,-9999,    9
 18359, 99094,20220406,    6,    0
 18359, 99094,20220407,   -4,    0
 18359, 99094,20220408,   -7,    0
 18359, 99094,20220409,    9,    0
 18359, 99094,20220410,   17,    0
 18359, 99094,20220411,    9,    0
 18359, 99094,20220412,   -1,    0
 18359, 99094,20220413,  -12,    0
 18359, 99094,20220414,    1,    0
 18359, 99094,20220415,   12,    0
 18359, 99094,20220416,   30,    0
 18359, 99094,20220417,   42,    0
 18359, 99094,20220418,   58,    0
 18359, 99094,20220419,   43,    0
 18359, 99094,20220420,   44,    0
 18359, 99094,20220421,   47,    0
 18359, 99094,20220422,   35,    0
 18359, 99094,20220423,   25,    0
 18359, 99094,20220424,   40,    0
 18359, 99094,20220425,   10,    0
 18359, 99094,20220426,  -56,    0
 18359, 99094,20220427,  -48,    0
 18359, 99094,20220428,  -46,    0
 18359, 99094,20220429,  -27,    0
 18359, 99094,20220430,  -23,    0
 18359, 99094,20220501,-9999,    9
 18359, 99094,20220502,-9999,    9
 18359, 99094,20220503,-9999,    9
 18359, 99094,20220504,-9999,    9
 18359, 99094,20220505,-9999,    9
 18359, 99094,20220506,-9999,    9
 18359, 99094,20220507,-9999,    9
 18359, 99094,20220508,-9999,    9
 18359, 99094,20220509,-9999,    9
 18359, 99094,20220510,-9999,    9
 18359, 99094,20220511,-9999,    9
 18359, 99094,20220512,-9999,    9
 18359, 99094,20220513,-9999,    9
 18359, 99094,20220514,-9999,    9
 18359, 99094,20220515,   65,    0
 18359, 99094,20220516,   31,    0
 18359, 99094,20220517,   26,    0
 18359, 99094,20220518,   15,    0
 18359, 99094,20220519,-9999,    9
 18359, 99094,20220520,-9999,    9
 18359, 99094,20220521,   45,    0
 18359, 99094,20220522,   42,    0
 18359, 99094,20220523,   42,    0
 18359, 99094,20220524,   67,    0
 18359, 99094,20220525,   91,    0
 18359, 99094,20220526,   76,    0
 18359, 99094,20220527,   49,    0
 18359, 99094,20220528,   67,    0
 18359, 99094,20220529,   64,    0
 18359, 99094,20220530,   73,    0
 18359, 99094,20220531,   60,    0
 18359, 99094,20220601,   65,    0
 18359, 99094,20220602,  103,    0
 18359, 99094,20220603,   73,    0
 18359, 99094,20220604,   92,    0
 18359, 99094,20220605,   85,    0
 18359, 99094,20220606,   90,    0
 18359, 99094,20220607,   82,    0
 18359, 99094,20220608,  109,    0
 18359, 99094,20220609,   92,    0
 18359, 99094,20220610,   81,    0
 18359, 99094,20220611,  115,    0
 18359, 99094,20220612,-9999,    9
 18359, 99094,20220613,-9999,    9
 18359, 99094,20220614,   81,    0
 18359, 99094,20220615,   66,    0
 18359, 99094,20220616,   56,    0
 18359, 99094,20220617,   55,    0
 18359, 99094,20220618,   52,    0
 18359, 99094,20220619,   68,    0
 18359, 99094,20220620,   82,    0
 18359, 99094,20220621,  140,    0
 18359, 99094,20220622,   94,    0
 18359, 99094,20220623,  104,    0
 18359, 99094,20220624,  113,    0
 18359, 99094,20220625,  117,    0
 18359, 99094,20220626,  106,    0
 18359, 99094,20220627,   99,    0
 18359, 99094,20220628,  205,    0
 18359, 99094,20220629,  274,    0
 18359, 99094,20220630,  156,    0
 18359, 99094,20220701,  114,    0
 18359, 99094,20220702,  160,    0
 18359, 99094,20220703,  216,    0
 18359, 99094,20220704,  125,    0
 18359, 99094,20220705,  120,    0
 18359, 99094,20220706,  151,    0
 18359, 99094,20220707,  153,    0
 18359, 99094,20220708,  124,    0
 18359, 99094,20220709,  107,    0
 18359, 99094,20220710,  127,    0
 18359, 99094,20220711,  115,    0
 18359, 99094,20220712,  154,    0
 18359, 99094,20220713,  144,    0
 18359, 99094,20220714,  147,    0
 18359, 99094,20220715,  197,    0
 18359, 99094,20220716,  138,    0
 18359, 99094,20220717,  131,    0
 18359, 99094,20220718,  142,    0
 18359, 99094,20220719,  156,    0
 18359, 99094,20220720,  137,    0
 18359, 99094,20220721,  158,    0
 18359, 99094,20220722,  142,    0
 18359, 99094,20220723,  129,    0
 18359, 99094,20220724,  117,    0
 18359, 99094,20220725,  125,    0
 18359, 99094,20220726,  152,    0
 18359, 99094,20220727,  186,    0
 18359, 99094,20220728,  105,    0
 18359, 99094,20220729,  108,    0
 18359, 99094,20220730,  101,    0
 18359, 99094,20220731,  121,    0
 18359, 99094,20220801,  135,    0
 18359, 99094,20220802,  158,    0
 18359, 99094,20220803,  137,    0
 18359, 99094,20220804,  161,    0
 18359, 99094,20220805,  147,    0
 18359, 99094,20220806,  116,    0
 18359, 99094,20220807,  102,    0
 18359, 99094,20220808,  113,    0
 18359, 99094,20220809,-9999,    9
 18359, 99094,20220810,  142,    0
 18359, 99094,20220811,  147,    0
 18359, 99094,20220812,  116,    0
 18359, 99094,20220813,  123,    0
 18359, 99094,20220814,  123,    0
 18359, 99094,20220815,-9999,    9
 18359, 99094,20220816,  210,    0
 18359, 99094,20220817,-9999,    9
 18359, 99094,20220818,  114,    0
 18359, 99094,20220819,  146,    0
 18359, 99094,20220820,  202,    0
 18359, 99094,20220821,  210,    0
 18359, 99094,20220822,  180,    0
 18359, 99094,20220823,  146,    0
 18359, 99094,20220824,  116,    0
 18359, 99094,20220825,  126,    0
 18359, 99094,20220826,  170,    0
 18359, 99094,20220827,  146,    0
 18359, 99094,20220828,  119,    0
 18359, 99094,20220829,   78,    0
 18359, 99094,20220830,   74,    0
 18359, 99094,20220831,   70,    0
 18359, 99094,20220901,   68,    0
 18359, 99094,20220902,   68,    0
 18359, 99094,20220903,   66,    0
 18359, 99094,20220904,   88,    0
 18359, 99094,20220905,   83,    0
 18359, 99094,20220906,   63,    0
 18359, 99094,20220907,   61,    0
 18359, 99094,20220908,   95,    0
 18359, 99094,20220909,   92,    0
 18359, 99094,20220910,   98,    0
 18359, 99094,20220911,   88,    0
 18359, 99094,20220912,   66,    0
 18359, 99094,20220913,   67,    0
 18359, 99094,20220914,   57,    0
 18359, 99094,20220915,   69,    0
 18359, 99094,20220916,   79,    0
 18359, 99094,20220917,   78,    0
 18359, 99094,20220918,   79,    0
 18359, 99094,20220919,   71,    0
 18359, 99094,20220920,   53,    0
 18359, 99094,20220921,   61,    0
 18359, 99094,20220922,   89,    0
 18359, 99094,20220923,   89,    0
 18359, 99094,20220924,   91,    0
 18359, 99094,20220925,   80,    0
 18359, 99094,20220926,   61,    0
 18359, 99094,20220927,   81,    0
 18359, 99094,20220928,   74,    0
 18359, 99094,20220929,   75,    0
 18359, 99094,20220930,   43,    0
 18359, 99094,20221001,   41,    0
 18359, 99094,20221002,   44,    0
 18359, 99094,20221003,   49,    0
 18359, 99094,20221004,   51,    0
 18359, 99094,20221005,   57,    0
 18359, 99094,20221006,   70,    0
 18359, 99094,20221007,   77,    0
 18359, 99094,20221008,   59,    0
 18359, 99094,20221009,   56,    0
 18359, 99094,20221010,   56,    0
 18359, 99094,20221011,   81,    0
 18359, 99094,20221012,   66,    0
 18359, 99094,20221013,   32,    0
 18359, 99094,20221014,   36,    0
 18359, 99094,20221015,   34,    0
 18359, 99094,20221016,   71,    0
 18359, 99094,20221017,   55,    0
 18359, 99094,20221018,   35,    0
 18359, 99094,20221019,   27,    0
 18359, 99094,20221020,    5,    0
 18359, 99094,20221021,   -2,    0
 18359, 99094,20221022,   16,    0
 18359, 99094,20221023,   20,    0
 18359, 99094,20221024,    8,    0
 18359, 99094,20221025,   -4,    0
 18359, 99094,20221026,   13,    0
 18359, 99094,20221027,   -6,    0
 18359, 99094,20221028,    5,    0
 18359, 99094,20221029,   15,    0
 18359, 99094,20221030,-9999,    9
 18359, 99094,20221031,   25,    0
