EUROPEAN CLIMATE ASSESSMENT & DATASET (ECA&D), file created on: 16-11-2022
THESE DATA CAN BE USED FOR NON-COMMERCIAL RESEARCH AND EDUCATION PROVIDED THAT THE FOLLOWING SOURCE IS ACKNOWLEDGED: 

Klein Tank, A.M.G. and Coauthors, 2002. Daily dataset of 20th-century surface
air temperature and precipitation series for the European Climate Assessment.
Int. J. of Climatol., 22, 1441-1453.
Data and metadata available at http://www.ecad.eu

FILE FORMAT (MISSING VALUE CODE = -9999):

01-06 STAID: Station identifier
08-13 SOUID: Source identifier
15-22 DATE : Date YYYYMMDD
24-28 TG   : Mean temperature in 0.1 &#176;C
30-34 Q_TG : quality code for TG (0='valid'; 1='suspect'; 9='missing')

This is the blended series of station ARENDAL LUFTHAVN, NORWAY (STAID: 18293)
Blended and updated with sources:99642 
See files sources.txt and stations.txt for more info.

STAID, SOUID,    DATE,   TG, Q_TG
 18293, 99642,20161208,   99,    0
 18293, 99642,20161209,   62,    0
 18293, 99642,20161210,   57,    0
 18293, 99642,20161211,   36,    0
 18293, 99642,20161212,   -5,    0
 18293, 99642,20161213,   26,    0
 18293, 99642,20161214,  -25,    0
 18293, 99642,20161215,  -12,    0
 18293, 99642,20161216,    7,    0
 18293, 99642,20161217,   30,    0
 18293, 99642,20161218,    5,    0
 18293, 99642,20161219,   16,    0
 18293, 99642,20161220,   47,    0
 18293, 99642,20161221,   39,    0
 18293, 99642,20161222,   29,    0
 18293, 99642,20161223,   41,    0
 18293, 99642,20161224,   25,    0
 18293, 99642,20161225,   49,    0
 18293, 99642,20161226,   38,    0
 18293, 99642,20161227,   44,    0
 18293, 99642,20161228,   20,    0
 18293, 99642,20161229,   58,    0
 18293, 99642,20161230,   82,    0
 18293, 99642,20161231,   88,    0
 18293, 99642,20170101,   31,    0
 18293, 99642,20170102,  -18,    0
 18293, 99642,20170103,   21,    0
 18293, 99642,20170104,    5,    0
 18293, 99642,20170105,  -78,    0
 18293, 99642,20170106,  -14,    0
 18293, 99642,20170107,   22,    0
 18293, 99642,20170108,   11,    0
 18293, 99642,20170109,   43,    0
 18293, 99642,20170110,   42,    0
 18293, 99642,20170111,   47,    0
 18293, 99642,20170112,   20,    0
 18293, 99642,20170113,  -17,    0
 18293, 99642,20170114,  -16,    0
 18293, 99642,20170115,  -45,    0
 18293, 99642,20170116,  -60,    0
 18293, 99642,20170117,   14,    0
 18293, 99642,20170118,   53,    0
 18293, 99642,20170119,   66,    0
 18293, 99642,20170120,   61,    0
 18293, 99642,20170121,   30,    0
 18293, 99642,20170122,    2,    0
 18293, 99642,20170123,   13,    0
 18293, 99642,20170124,    8,    0
 18293, 99642,20170125,   52,    0
 18293, 99642,20170126,   28,    0
 18293, 99642,20170127,    6,    0
 18293, 99642,20170128,   10,    0
 18293, 99642,20170129,   14,    0
 18293, 99642,20170130,   23,    0
 18293, 99642,20170131,    4,    0
 18293, 99642,20170201,    5,    0
 18293, 99642,20170202,    5,    0
 18293, 99642,20170203,   16,    0
 18293, 99642,20170204,    3,    0
 18293, 99642,20170205,    0,    0
 18293, 99642,20170206,   -7,    0
 18293, 99642,20170207,  -49,    0
 18293, 99642,20170208,  -70,    0
 18293, 99642,20170209,  -63,    0
 18293, 99642,20170210,  -39,    0
 18293, 99642,20170211,  -31,    0
 18293, 99642,20170212,  -53,    0
 18293, 99642,20170213,  -72,    0
 18293, 99642,20170214,  -37,    0
 18293, 99642,20170215,  -43,    0
 18293, 99642,20170216,    8,    0
 18293, 99642,20170217,   33,    0
 18293, 99642,20170218,   23,    0
 18293, 99642,20170219,   62,    0
 18293, 99642,20170220,   61,    0
 18293, 99642,20170221,   58,    0
 18293, 99642,20170222,   39,    0
 18293, 99642,20170223,   14,    0
 18293, 99642,20170224,   -9,    0
 18293, 99642,20170225,  -13,    0
 18293, 99642,20170226,   41,    0
 18293, 99642,20170227,   45,    0
 18293, 99642,20170228,   29,    0
 18293, 99642,20170301,   13,    0
 18293, 99642,20170302,   -2,    0
 18293, 99642,20170303,   33,    0
 18293, 99642,20170304,    7,    0
 18293, 99642,20170305,  -20,    0
 18293, 99642,20170306,  -37,    0
 18293, 99642,20170307,  -47,    0
 18293, 99642,20170308,  -49,    0
 18293, 99642,20170309,   23,    0
 18293, 99642,20170310,   38,    0
 18293, 99642,20170311,   18,    0
 18293, 99642,20170312,   18,    0
 18293, 99642,20170313,   16,    0
 18293, 99642,20170314,   53,    0
 18293, 99642,20170315,   60,    0
 18293, 99642,20170316,   58,    0
 18293, 99642,20170317,   39,    0
 18293, 99642,20170318,   19,    0
 18293, 99642,20170319,   -8,    0
 18293, 99642,20170320,   26,    0
 18293, 99642,20170321,   36,    0
 18293, 99642,20170322,   42,    0
 18293, 99642,20170323,   25,    0
 18293, 99642,20170324,   40,    0
 18293, 99642,20170325,   80,    0
 18293, 99642,20170326,  117,    0
 18293, 99642,20170327,  125,    0
 18293, 99642,20170328,   43,    0
 18293, 99642,20170329,   40,    0
 18293, 99642,20170330,   47,    0
 18293, 99642,20170331,   58,    0
 18293, 99642,20170401,   88,    0
 18293, 99642,20170402,   97,    0
 18293, 99642,20170403,   51,    0
 18293, 99642,20170404,   57,    0
 18293, 99642,20170405,   70,    0
 18293, 99642,20170406,   76,    0
 18293, 99642,20170407,  115,    0
 18293, 99642,20170408,   88,    0
 18293, 99642,20170409,   88,    0
 18293, 99642,20170410,   82,    0
 18293, 99642,20170411,   59,    0
 18293, 99642,20170412,   72,    0
 18293, 99642,20170413,   53,    0
 18293, 99642,20170414,   41,    0
 18293, 99642,20170415,    9,    0
 18293, 99642,20170416,   17,    0
 18293, 99642,20170417,    8,    0
 18293, 99642,20170418,   17,    0
 18293, 99642,20170419,   43,    0
 18293, 99642,20170420,   88,    0
 18293, 99642,20170421,   70,    0
 18293, 99642,20170422,   72,    0
 18293, 99642,20170423,   57,    0
 18293, 99642,20170424,   48,    0
 18293, 99642,20170425,   38,    0
 18293, 99642,20170426,   37,    0
 18293, 99642,20170427,   30,    0
 18293, 99642,20170428,   14,    0
 18293, 99642,20170429,   51,    0
 18293, 99642,20170430,   53,    0
 18293, 99642,20170501,   69,    0
 18293, 99642,20170502,  100,    0
 18293, 99642,20170503,  114,    0
 18293, 99642,20170504,   98,    0
 18293, 99642,20170505,  110,    0
 18293, 99642,20170506,  135,    0
 18293, 99642,20170507,   85,    0
 18293, 99642,20170508,   65,    0
 18293, 99642,20170509,   53,    0
 18293, 99642,20170510,   44,    0
 18293, 99642,20170511,   51,    0
 18293, 99642,20170512,   67,    0
 18293, 99642,20170513,   82,    0
 18293, 99642,20170514,   92,    0
 18293, 99642,20170515,  135,    0
 18293, 99642,20170516,   94,    0
 18293, 99642,20170517,  124,    0
 18293, 99642,20170518,  128,    0
 18293, 99642,20170519,  124,    0
 18293, 99642,20170520,  144,    0
 18293, 99642,20170521,  126,    0
 18293, 99642,20170522,  130,    0
 18293, 99642,20170523,  112,    0
 18293, 99642,20170524,  150,    0
 18293, 99642,20170525,  176,    0
 18293, 99642,20170526,  176,    0
 18293, 99642,20170527,  197,    0
 18293, 99642,20170528,  153,    0
 18293, 99642,20170529,  147,    0
 18293, 99642,20170530,  160,    0
 18293, 99642,20170531,  145,    0
 18293, 99642,20170601,  147,    0
 18293, 99642,20170602,   95,    0
 18293, 99642,20170603,  109,    0
 18293, 99642,20170604,  136,    0
 18293, 99642,20170605,  132,    0
 18293, 99642,20170606,  144,    0
 18293, 99642,20170607,  114,    0
 18293, 99642,20170608,  131,    0
 18293, 99642,20170609,  123,    0
 18293, 99642,20170610,  156,    0
 18293, 99642,20170611,  138,    0
 18293, 99642,20170612,  142,    0
 18293, 99642,20170613,  173,    0
 18293, 99642,20170614,  175,    0
 18293, 99642,20170615,  164,    0
 18293, 99642,20170616,  160,    0
 18293, 99642,20170617,  179,    0
 18293, 99642,20170618,  200,    0
 18293, 99642,20170619,  178,    0
 18293, 99642,20170620,  148,    0
 18293, 99642,20170621,  149,    0
 18293, 99642,20170622,  148,    0
 18293, 99642,20170623,  140,    0
 18293, 99642,20170624,  141,    0
 18293, 99642,20170625,  119,    0
 18293, 99642,20170626,  147,    0
 18293, 99642,20170627,  126,    0
 18293, 99642,20170628,  145,    0
 18293, 99642,20170629,  163,    0
 18293, 99642,20170630,  194,    0
 18293, 99642,20170701,  190,    0
 18293, 99642,20170702,  158,    0
 18293, 99642,20170703,  136,    0
 18293, 99642,20170704,  140,    0
 18293, 99642,20170705,  148,    0
 18293, 99642,20170706,  148,    0
 18293, 99642,20170707,  152,    0
 18293, 99642,20170708,  182,    0
 18293, 99642,20170709,  149,    0
 18293, 99642,20170710,  144,    0
 18293, 99642,20170711,  144,    0
 18293, 99642,20170712,  157,    0
 18293, 99642,20170713,  160,    0
 18293, 99642,20170714,  152,    0
 18293, 99642,20170715,  159,    0
 18293, 99642,20170716,  164,    0
 18293, 99642,20170717,  146,    0
 18293, 99642,20170718,  179,    0
 18293, 99642,20170719,  156,    0
 18293, 99642,20170720,  168,    0
 18293, 99642,20170721,  145,    0
 18293, 99642,20170722,  166,    0
 18293, 99642,20170723,  164,    0
 18293, 99642,20170724,  159,    0
 18293, 99642,20170725,  183,    0
 18293, 99642,20170726,  169,    0
 18293, 99642,20170727,  147,    0
 18293, 99642,20170728,  146,    0
 18293, 99642,20170729,  133,    0
 18293, 99642,20170730,  135,    0
 18293, 99642,20170731,  145,    0
 18293, 99642,20170801,  143,    0
 18293, 99642,20170802,  140,    0
 18293, 99642,20170803,  134,    0
 18293, 99642,20170804,  148,    0
 18293, 99642,20170805,  165,    0
 18293, 99642,20170806,  156,    0
 18293, 99642,20170807,  131,    0
 18293, 99642,20170808,  145,    0
 18293, 99642,20170809,  139,    0
 18293, 99642,20170810,  172,    0
 18293, 99642,20170811,  154,    0
 18293, 99642,20170812,  164,    0
 18293, 99642,20170813,  150,    0
 18293, 99642,20170814,  140,    0
 18293, 99642,20170815,  145,    0
 18293, 99642,20170816,  158,    0
 18293, 99642,20170817,  137,    0
 18293, 99642,20170818,  147,    0
 18293, 99642,20170819,  130,    0
 18293, 99642,20170820,  141,    0
 18293, 99642,20170821,  156,    0
 18293, 99642,20170822,  145,    0
 18293, 99642,20170823,  153,    0
 18293, 99642,20170824,  125,    0
 18293, 99642,20170825,  150,    0
 18293, 99642,20170826,  131,    0
 18293, 99642,20170827,  145,    0
 18293, 99642,20170828,  141,    0
 18293, 99642,20170829,  160,    0
 18293, 99642,20170830,  130,    0
 18293, 99642,20170831,  126,    0
 18293, 99642,20170901,  136,    0
 18293, 99642,20170902,  126,    0
 18293, 99642,20170903,  113,    0
 18293, 99642,20170904,  114,    0
 18293, 99642,20170905,  128,    0
 18293, 99642,20170906,  155,    0
 18293, 99642,20170907,  110,    0
 18293, 99642,20170908,  121,    0
 18293, 99642,20170909,  107,    0
 18293, 99642,20170910,  113,    0
 18293, 99642,20170911,  131,    0
 18293, 99642,20170912,  128,    0
 18293, 99642,20170913,  104,    0
 18293, 99642,20170914,  112,    0
 18293, 99642,20170915,  109,    0
 18293, 99642,20170916,  110,    0
 18293, 99642,20170917,  111,    0
 18293, 99642,20170918,  122,    0
 18293, 99642,20170919,  112,    0
 18293, 99642,20170920,  106,    0
 18293, 99642,20170921,   92,    0
 18293, 99642,20170922,  107,    0
 18293, 99642,20170923,  122,    0
 18293, 99642,20170924,  128,    0
 18293, 99642,20170925,  130,    0
 18293, 99642,20170926,  120,    0
 18293, 99642,20170927,  129,    0
 18293, 99642,20170928,  131,    0
 18293, 99642,20170929,  123,    0
 18293, 99642,20170930,  118,    0
 18293, 99642,20171001,  127,    0
 18293, 99642,20171002,  118,    0
 18293, 99642,20171003,  116,    0
 18293, 99642,20171004,   82,    0
 18293, 99642,20171005,   89,    0
 18293, 99642,20171006,  107,    0
 18293, 99642,20171007,   77,    0
 18293, 99642,20171008,   65,    0
 18293, 99642,20171009,   48,    0
 18293, 99642,20171010,   37,    0
 18293, 99642,20171011,   82,    0
 18293, 99642,20171012,   99,    0
 18293, 99642,20171013,   97,    0
 18293, 99642,20171014,  120,    0
 18293, 99642,20171015,  112,    0
 18293, 99642,20171016,  122,    0
 18293, 99642,20171017,  108,    0
 18293, 99642,20171018,   71,    0
 18293, 99642,20171019,   56,    0
 18293, 99642,20171020,   78,    0
 18293, 99642,20171021,   88,    0
 18293, 99642,20171022,   77,    0
 18293, 99642,20171023,   41,    0
 18293, 99642,20171024,   94,    0
 18293, 99642,20171025,   87,    0
 18293, 99642,20171026,   84,    0
 18293, 99642,20171027,   75,    0
 18293, 99642,20171028,   93,    0
 18293, 99642,20171029,   66,    0
 18293, 99642,20171030,   34,    0
 18293, 99642,20171031,   59,    0
 18293, 99642,20171101,   99,    0
 18293, 99642,20171102,   90,    0
 18293, 99642,20171103,   55,    0
 18293, 99642,20171104,   69,    0
 18293, 99642,20171105,   68,    0
 18293, 99642,20171106,   29,    0
 18293, 99642,20171107,   31,    0
 18293, 99642,20171108,   47,    0
 18293, 99642,20171109,   71,    0
 18293, 99642,20171110,   39,    0
 18293, 99642,20171111,   28,    0
 18293, 99642,20171112,   22,    0
 18293, 99642,20171113,    9,    0
 18293, 99642,20171114,   14,    0
 18293, 99642,20171115,   38,    0
 18293, 99642,20171116,   28,    0
 18293, 99642,20171117,   39,    0
 18293, 99642,20171118,   25,    0
 18293, 99642,20171119,    6,    0
 18293, 99642,20171120,  -17,    0
 18293, 99642,20171121,  -22,    0
 18293, 99642,20171122,   -2,    0
 18293, 99642,20171123,   70,    0
 18293, 99642,20171124,   18,    0
 18293, 99642,20171125,    4,    0
 18293, 99642,20171126,   16,    0
 18293, 99642,20171127,  -14,    0
 18293, 99642,20171128,   -4,    0
 18293, 99642,20171129,  -17,    0
 18293, 99642,20171130,  -29,    0
 18293, 99642,20171201,  -39,    0
 18293, 99642,20171202,  -13,    0
 18293, 99642,20171203,   24,    0
 18293, 99642,20171204,   13,    0
 18293, 99642,20171205,   53,    0
 18293, 99642,20171206,   46,    0
 18293, 99642,20171207,   67,    0
 18293, 99642,20171208,   33,    0
 18293, 99642,20171209,   22,    0
 18293, 99642,20171210,  -38,    0
 18293, 99642,20171211,  -23,    0
 18293, 99642,20171212,  -50,    0
 18293, 99642,20171213,  -11,    0
 18293, 99642,20171214,   -4,    0
 18293, 99642,20171215,  -33,    0
 18293, 99642,20171216,  -56,    0
 18293, 99642,20171217,  -66,    0
 18293, 99642,20171218,   -6,    0
 18293, 99642,20171219,  -10,    0
 18293, 99642,20171220,   37,    0
 18293, 99642,20171221,   27,    0
 18293, 99642,20171222,   32,    0
 18293, 99642,20171223,   93,    0
 18293, 99642,20171224,   41,    0
 18293, 99642,20171225,   57,    0
 18293, 99642,20171226,   46,    0
 18293, 99642,20171227,   13,    0
 18293, 99642,20171228,   -2,    0
 18293, 99642,20171229,  -34,    0
 18293, 99642,20171230,  -28,    0
 18293, 99642,20171231,   -2,    0
 18293, 99642,20180101,   31,    0
 18293, 99642,20180102,   11,    0
 18293, 99642,20180103,   12,    0
 18293, 99642,20180104,    5,    0
 18293, 99642,20180105,   -3,    0
 18293, 99642,20180106,  -35,    0
 18293, 99642,20180107,  -38,    0
 18293, 99642,20180108,   -4,    0
 18293, 99642,20180109,  -30,    0
 18293, 99642,20180110,  -12,    0
 18293, 99642,20180111,   -5,    0
 18293, 99642,20180112,  -24,    0
 18293, 99642,20180113,  -12,    0
 18293, 99642,20180114,   -5,    0
 18293, 99642,20180115,    2,    0
 18293, 99642,20180116,    0,    0
 18293, 99642,20180117,  -31,    0
 18293, 99642,20180118,  -37,    0
 18293, 99642,20180119,  -19,    0
 18293, 99642,20180120,    1,    0
 18293, 99642,20180121,  -17,    0
 18293, 99642,20180122,    0,    0
 18293, 99642,20180123,   17,    0
 18293, 99642,20180124,   46,    0
 18293, 99642,20180125,   32,    0
 18293, 99642,20180126,    6,    0
 18293, 99642,20180127,  -22,    0
 18293, 99642,20180128,   40,    0
 18293, 99642,20180129,   24,    0
 18293, 99642,20180130,   26,    0
 18293, 99642,20180131,   21,    0
 18293, 99642,20180201,   -3,    0
 18293, 99642,20180202,  -48,    0
 18293, 99642,20180203,  -65,    0
 18293, 99642,20180204,  -69,    0
 18293, 99642,20180205,  -82,    0
 18293, 99642,20180206,  -73,    0
 18293, 99642,20180207,  -40,    0
 18293, 99642,20180208,  -17,    0
 18293, 99642,20180209,    0,    0
 18293, 99642,20180210,   -3,    0
 18293, 99642,20180211,    0,    0
 18293, 99642,20180212,   -7,    0
 18293, 99642,20180213,  -18,    0
 18293, 99642,20180214,   13,    0
 18293, 99642,20180215,    3,    0
 18293, 99642,20180216,  -14,    0
 18293, 99642,20180217,  -36,    0
 18293, 99642,20180218,    8,    0
 18293, 99642,20180219,   -7,    0
 18293, 99642,20180220,  -28,    0
 18293, 99642,20180221,  -22,    0
 18293, 99642,20180222,  -23,    0
 18293, 99642,20180223,  -36,    0
 18293, 99642,20180224,  -23,    0
 18293, 99642,20180225,  -54,    0
 18293, 99642,20180226,  -81,    0
 18293, 99642,20180227,  -90,    0
 18293, 99642,20180228, -121,    0
 18293, 99642,20180301, -106,    0
 18293, 99642,20180302,  -68,    0
 18293, 99642,20180303,  -54,    0
 18293, 99642,20180304,  -45,    0
 18293, 99642,20180305,  -41,    0
 18293, 99642,20180306,  -39,    0
 18293, 99642,20180307,  -20,    0
 18293, 99642,20180308,  -21,    0
 18293, 99642,20180309,  -27,    0
 18293, 99642,20180310,  -28,    0
 18293, 99642,20180311,  -27,    0
 18293, 99642,20180312,   -6,    0
 18293, 99642,20180313,   13,    0
 18293, 99642,20180314,  -20,    0
 18293, 99642,20180315,  -27,    0
 18293, 99642,20180316,  -49,    0
 18293, 99642,20180317,  -61,    0
 18293, 99642,20180318,  -47,    0
 18293, 99642,20180319,   -5,    0
 18293, 99642,20180320,   14,    0
 18293, 99642,20180321,   19,    0
 18293, 99642,20180322,   17,    0
 18293, 99642,20180323,   12,    0
 18293, 99642,20180324,   51,    0
 18293, 99642,20180325,   40,    0
 18293, 99642,20180326,   -3,    0
 18293, 99642,20180327,  -21,    0
 18293, 99642,20180328,  -25,    0
 18293, 99642,20180329,  -22,    0
 18293, 99642,20180330,  -23,    0
 18293, 99642,20180331,  -25,    0
 18293, 99642,20180401,   -4,    0
 18293, 99642,20180402,   -8,    0
 18293, 99642,20180403,  -10,    0
 18293, 99642,20180404,   29,    0
 18293, 99642,20180405,   35,    0
 18293, 99642,20180406,   44,    0
 18293, 99642,20180407,   35,    0
 18293, 99642,20180408,   35,    0
 18293, 99642,20180409,   51,    0
 18293, 99642,20180410,   40,    0
 18293, 99642,20180411,   54,    0
 18293, 99642,20180412,   60,    0
 18293, 99642,20180413,   76,    0
 18293, 99642,20180414,  102,    0
 18293, 99642,20180415,   94,    0
 18293, 99642,20180416,   68,    0
 18293, 99642,20180417,   77,    0
 18293, 99642,20180418,  106,    0
 18293, 99642,20180419,  104,    0
 18293, 99642,20180420,  112,    0
 18293, 99642,20180421,  108,    0
 18293, 99642,20180422,   68,    0
 18293, 99642,20180423,   72,    0
 18293, 99642,20180424,   75,    0
 18293, 99642,20180425,   88,    0
 18293, 99642,20180426,   65,    0
 18293, 99642,20180427,   74,    0
 18293, 99642,20180428,   69,    0
 18293, 99642,20180429,   57,    0
 18293, 99642,20180430,   53,    0
 18293, 99642,20180501,   41,    0
 18293, 99642,20180502,   75,    0
 18293, 99642,20180503,   85,    0
 18293, 99642,20180504,   79,    0
 18293, 99642,20180505,  131,    0
 18293, 99642,20180506,  145,    0
 18293, 99642,20180507,  129,    0
 18293, 99642,20180508,  129,    0
 18293, 99642,20180509,  140,    0
 18293, 99642,20180510,  132,    0
 18293, 99642,20180511,  132,    0
 18293, 99642,20180512,  113,    0
 18293, 99642,20180513,  144,    0
 18293, 99642,20180514,  174,    0
 18293, 99642,20180515,  179,    0
 18293, 99642,20180516,  189,    0
 18293, 99642,20180517,  137,    0
 18293, 99642,20180518,  128,    0
 18293, 99642,20180519,  131,    0
 18293, 99642,20180520,  146,    0
 18293, 99642,20180521,  138,    0
 18293, 99642,20180522,  160,    0
 18293, 99642,20180523,  154,    0
 18293, 99642,20180524,  161,    0
 18293, 99642,20180525,  188,    0
 18293, 99642,20180526,  196,    0
 18293, 99642,20180527,  191,    0
 18293, 99642,20180528,  160,    0
 18293, 99642,20180529,  182,    0
 18293, 99642,20180530,  210,    0
 18293, 99642,20180531,  198,    0
 18293, 99642,20180601,  195,    0
 18293, 99642,20180602,  210,    0
 18293, 99642,20180603,  234,    0
 18293, 99642,20180604,  198,    0
 18293, 99642,20180605,  134,    0
 18293, 99642,20180606,  145,    0
 18293, 99642,20180607,  199,    0
 18293, 99642,20180608,  185,    0
 18293, 99642,20180609,  185,    0
 18293, 99642,20180610,  163,    0
 18293, 99642,20180611,  159,    0
 18293, 99642,20180612,  161,    0
 18293, 99642,20180613,  160,    0
 18293, 99642,20180614,  123,    0
 18293, 99642,20180615,  137,    0
 18293, 99642,20180616,  127,    0
 18293, 99642,20180617,  127,    0
 18293, 99642,20180618,  126,    0
 18293, 99642,20180619,  137,    0
 18293, 99642,20180620,   92,    0
 18293, 99642,20180621,  123,    0
 18293, 99642,20180622,  151,    0
 18293, 99642,20180623,  165,    0
 18293, 99642,20180624,  175,    0
 18293, 99642,20180625,  205,    0
 18293, 99642,20180626,  202,    0
 18293, 99642,20180627,  212,    0
 18293, 99642,20180628,  235,    0
 18293, 99642,20180629,  167,    0
 18293, 99642,20180630,  158,    0
 18293, 99642,20180701,  171,    0
 18293, 99642,20180702,  208,    0
 18293, 99642,20180703,  216,    0
 18293, 99642,20180704,  192,    0
 18293, 99642,20180705,  158,    0
 18293, 99642,20180706,  185,    0
 18293, 99642,20180707,  198,    0
 18293, 99642,20180708,  199,    0
 18293, 99642,20180709,  185,    0
 18293, 99642,20180710,  209,    0
 18293, 99642,20180711,  222,    0
 18293, 99642,20180712,  205,    0
 18293, 99642,20180713,  213,    0
 18293, 99642,20180714,  178,    0
 18293, 99642,20180715,  186,    0
 18293, 99642,20180716,  194,    0
 18293, 99642,20180717,  198,    0
 18293, 99642,20180718,  200,    0
 18293, 99642,20180719,  187,    0
 18293, 99642,20180720,  196,    0
 18293, 99642,20180721,  200,    0
 18293, 99642,20180722,  223,    0
 18293, 99642,20180723,  237,    0
 18293, 99642,20180724,  231,    0
 18293, 99642,20180725,  222,    0
 18293, 99642,20180726,  223,    0
 18293, 99642,20180727,  231,    0
 18293, 99642,20180728,  230,    0
 18293, 99642,20180729,  192,    0
 18293, 99642,20180730,  201,    0
 18293, 99642,20180731,  195,    0
 18293, 99642,20180801,  196,    0
 18293, 99642,20180802,  194,    0
 18293, 99642,20180803,  193,    0
 18293, 99642,20180804,  217,    0
 18293, 99642,20180805,  182,    0
 18293, 99642,20180806,  140,    0
 18293, 99642,20180807,  172,    0
 18293, 99642,20180808,  176,    0
 18293, 99642,20180809,  169,    0
 18293, 99642,20180810,  150,    0
 18293, 99642,20180811,  141,    0
 18293, 99642,20180812,  145,    0
 18293, 99642,20180813,  140,    0
 18293, 99642,20180814,  157,    0
 18293, 99642,20180815,  159,    0
 18293, 99642,20180816,  164,    0
 18293, 99642,20180817,  146,    0
 18293, 99642,20180818,  142,    0
 18293, 99642,20180819,  141,    0
 18293, 99642,20180820,  147,    0
 18293, 99642,20180821,  135,    0
 18293, 99642,20180822,  164,    0
 18293, 99642,20180823,  137,    0
 18293, 99642,20180824,  132,    0
 18293, 99642,20180825,  113,    0
 18293, 99642,20180826,  129,    0
 18293, 99642,20180827,  124,    0
 18293, 99642,20180828,  140,    0
 18293, 99642,20180829,  139,    0
 18293, 99642,20180830,  143,    0
 18293, 99642,20180831,  137,    0
 18293, 99642,20180901,  140,    0
 18293, 99642,20180902,  136,    0
 18293, 99642,20180903,  146,    0
 18293, 99642,20180904,  146,    0
 18293, 99642,20180905,  155,    0
 18293, 99642,20180906,  161,    0
 18293, 99642,20180907,  154,    0
 18293, 99642,20180908,  123,    0
 18293, 99642,20180909,  144,    0
 18293, 99642,20180910,  133,    0
 18293, 99642,20180911,  128,    0
 18293, 99642,20180912,  124,    0
 18293, 99642,20180913,  111,    0
 18293, 99642,20180914,  109,    0
 18293, 99642,20180915,  107,    0
 18293, 99642,20180916,   97,    0
 18293, 99642,20180917,  123,    0
 18293, 99642,20180918,  164,    0
 18293, 99642,20180919,  154,    0
 18293, 99642,20180920,  123,    0
 18293, 99642,20180921,  108,    0
 18293, 99642,20180922,  100,    0
 18293, 99642,20180923,  100,    0
 18293, 99642,20180924,   83,    0
 18293, 99642,20180925,   85,    0
 18293, 99642,20180926,  136,    0
 18293, 99642,20180927,  109,    0
 18293, 99642,20180928,   87,    0
 18293, 99642,20180929,   89,    0
 18293, 99642,20180930,   94,    0
 18293, 99642,20181001,   63,    0
 18293, 99642,20181002,   65,    0
 18293, 99642,20181003,   76,    0
 18293, 99642,20181004,   74,    0
 18293, 99642,20181005,   94,    0
 18293, 99642,20181006,   57,    0
 18293, 99642,20181007,   60,    0
 18293, 99642,20181008,  113,    0
 18293, 99642,20181009,  123,    0
 18293, 99642,20181010,  125,    0
 18293, 99642,20181011,  118,    0
 18293, 99642,20181012,  124,    0
 18293, 99642,20181013,  143,    0
 18293, 99642,20181014,  131,    0
 18293, 99642,20181015,  115,    0
 18293, 99642,20181016,   73,    0
 18293, 99642,20181017,  111,    0
 18293, 99642,20181018,   74,    0
 18293, 99642,20181019,   63,    0
 18293, 99642,20181020,   83,    0
 18293, 99642,20181021,  118,    0
 18293, 99642,20181022,   80,    0
 18293, 99642,20181023,   94,    0
 18293, 99642,20181024,   59,    0
 18293, 99642,20181025,   81,    0
 18293, 99642,20181026,   26,    0
 18293, 99642,20181027,   21,    0
 18293, 99642,20181028,    2,    0
 18293, 99642,20181029,  -10,    0
 18293, 99642,20181030,   12,    0
 18293, 99642,20181031,   46,    0
 18293, 99642,20181101,   65,    0
 18293, 99642,20181102,   64,    0
 18293, 99642,20181103,   63,    0
 18293, 99642,20181104,   79,    0
 18293, 99642,20181105,   68,    0
 18293, 99642,20181106,   71,    0
 18293, 99642,20181107,   74,    0
 18293, 99642,20181108,   83,    0
 18293, 99642,20181109,   80,    0
 18293, 99642,20181110,   85,    0
 18293, 99642,20181111,   95,    0
 18293, 99642,20181112,   88,    0
 18293, 99642,20181113,   72,    0
 18293, 99642,20181114,   56,    0
 18293, 99642,20181115,   91,    0
 18293, 99642,20181116,   58,    0
 18293, 99642,20181117,   43,    0
 18293, 99642,20181118,   35,    0
 18293, 99642,20181119,    9,    0
 18293, 99642,20181120,   -2,    0
 18293, 99642,20181121,    2,    0
 18293, 99642,20181122,  -12,    0
 18293, 99642,20181123,  -23,    0
 18293, 99642,20181124,  -18,    0
 18293, 99642,20181125,   -7,    0
 18293, 99642,20181126,  -54,    0
 18293, 99642,20181127,  -42,    0
 18293, 99642,20181128,    5,    0
 18293, 99642,20181129,   50,    0
 18293, 99642,20181130,   72,    0
 18293, 99642,20181201,   22,    0
 18293, 99642,20181202,   53,    0
 18293, 99642,20181203,   56,    0
 18293, 99642,20181204,   27,    0
 18293, 99642,20181205,  -19,    0
 18293, 99642,20181206,    1,    0
 18293, 99642,20181207,    8,    0
 18293, 99642,20181208,    7,    0
 18293, 99642,20181209,    0,    0
 18293, 99642,20181210,   33,    0
 18293, 99642,20181211,   20,    0
 18293, 99642,20181212,  -19,    0
 18293, 99642,20181213,  -26,    0
 18293, 99642,20181214,  -30,    0
 18293, 99642,20181215,   -8,    0
 18293, 99642,20181216,    6,    0
 18293, 99642,20181217,  -12,    0
 18293, 99642,20181218,  -18,    0
 18293, 99642,20181219,   29,    0
 18293, 99642,20181220,   33,    0
 18293, 99642,20181221,   -3,    0
 18293, 99642,20181222,  -36,    0
 18293, 99642,20181223,  -44,    0
 18293, 99642,20181224,  -47,    0
 18293, 99642,20181225,   40,    0
 18293, 99642,20181226,   29,    0
 18293, 99642,20181227,   50,    0
 18293, 99642,20181228,   12,    0
 18293, 99642,20181229,   19,    0
 18293, 99642,20181230,   14,    0
 18293, 99642,20181231,   43,    0
 18293, 99642,20190101,   55,    0
 18293, 99642,20190102,   -1,    0
 18293, 99642,20190103,  -17,    0
 18293, 99642,20190104,   70,    0
 18293, 99642,20190105,   39,    0
 18293, 99642,20190106,   -6,    0
 18293, 99642,20190107,  -16,    0
 18293, 99642,20190108,    8,    0
 18293, 99642,20190109,    3,    0
 18293, 99642,20190110,   25,    0
 18293, 99642,20190111,   49,    0
 18293, 99642,20190112,    0,    0
 18293, 99642,20190113,    9,    0
 18293, 99642,20190114,   -3,    0
 18293, 99642,20190115,  -11,    0
 18293, 99642,20190116,   20,    0
 18293, 99642,20190117,  -33,    0
 18293, 99642,20190118,  -29,    0
 18293, 99642,20190119,   -6,    0
 18293, 99642,20190120,  -28,    0
 18293, 99642,20190121,   -6,    0
 18293, 99642,20190122,  -34,    0
 18293, 99642,20190123,   -4,    0
 18293, 99642,20190124,  -16,    0
 18293, 99642,20190125,  -19,    0
 18293, 99642,20190126,  -31,    0
 18293, 99642,20190127,  -40,    0
 18293, 99642,20190128,  -64,    0
 18293, 99642,20190129,  -78,    0
 18293, 99642,20190130,  -37,    0
 18293, 99642,20190131,  -30,    0
 18293, 99642,20190201,  -12,    0
 18293, 99642,20190202,  -25,    0
 18293, 99642,20190203,  -33,    0
 18293, 99642,20190204,  -17,    0
 18293, 99642,20190205,  -10,    0
 18293, 99642,20190206,  -32,    0
 18293, 99642,20190207,    3,    0
 18293, 99642,20190208,   18,    0
 18293, 99642,20190209,   36,    0
 18293, 99642,20190210,   38,    0
 18293, 99642,20190211,   15,    0
 18293, 99642,20190212,   14,    0
 18293, 99642,20190213,   69,    0
 18293, 99642,20190214,   51,    0
 18293, 99642,20190215,   45,    0
 18293, 99642,20190216,   45,    0
 18293, 99642,20190217,   27,    0
 18293, 99642,20190218,   37,    0
 18293, 99642,20190219,   49,    0
 18293, 99642,20190220,   26,    0
 18293, 99642,20190221,   14,    0
 18293, 99642,20190222,   12,    0
 18293, 99642,20190223,   43,    0
 18293, 99642,20190224,   70,    0
 18293, 99642,20190225,   53,    0
 18293, 99642,20190226,   65,    0
 18293, 99642,20190227,   69,    0
 18293, 99642,20190228,   41,    0
 18293, 99642,20190301,   19,    0
 18293, 99642,20190302,   23,    0
 18293, 99642,20190303,   52,    0
 18293, 99642,20190304,   23,    0
 18293, 99642,20190305,    1,    0
 18293, 99642,20190306,    9,    0
 18293, 99642,20190307,   16,    0
 18293, 99642,20190308,   18,    0
 18293, 99642,20190309,    4,    0
 18293, 99642,20190310,  -11,    0
 18293, 99642,20190311,  -26,    0
 18293, 99642,20190312,    0,    0
 18293, 99642,20190313,   11,    0
 18293, 99642,20190314,   -4,    0
 18293, 99642,20190315,    1,    0
 18293, 99642,20190316,   19,    0
 18293, 99642,20190317,   31,    0
 18293, 99642,20190318,   40,    0
 18293, 99642,20190319,   26,    0
 18293, 99642,20190320,   72,    0
 18293, 99642,20190321,   88,    0
 18293, 99642,20190322,   36,    0
 18293, 99642,20190323,   57,    0
 18293, 99642,20190324,   39,    0
 18293, 99642,20190325,   53,    0
 18293, 99642,20190326,   58,    0
 18293, 99642,20190327,   82,    0
 18293, 99642,20190328,   94,    0
 18293, 99642,20190329,   92,    0
 18293, 99642,20190330,   67,    0
 18293, 99642,20190331,   30,    0
 18293, 99642,20190401,    9,    0
 18293, 99642,20190402,   40,    0
 18293, 99642,20190403,   28,    0
 18293, 99642,20190404,   79,    0
 18293, 99642,20190405,   83,    0
 18293, 99642,20190406,   65,    0
 18293, 99642,20190407,   66,    0
 18293, 99642,20190408,   43,    0
 18293, 99642,20190409,   22,    0
 18293, 99642,20190410,   13,    0
 18293, 99642,20190411,    5,    0
 18293, 99642,20190412,   16,    0
 18293, 99642,20190413,   23,    0
 18293, 99642,20190414,   27,    0
 18293, 99642,20190415,   30,    0
 18293, 99642,20190416,   48,    0
 18293, 99642,20190417,   53,    0
 18293, 99642,20190418,   89,    0
 18293, 99642,20190419,  105,    0
 18293, 99642,20190420,  104,    0
 18293, 99642,20190421,  133,    0
 18293, 99642,20190422,  101,    0
 18293, 99642,20190423,  112,    0
 18293, 99642,20190424,  106,    0
 18293, 99642,20190425,  112,    0
 18293, 99642,20190426,  128,    0
 18293, 99642,20190427,  104,    0
 18293, 99642,20190428,  105,    0
 18293, 99642,20190429,  140,    0
 18293, 99642,20190430,  156,    0
 18293, 99642,20190501,  141,    0
 18293, 99642,20190502,   73,    0
 18293, 99642,20190503,   35,    0
 18293, 99642,20190504,   59,    0
 18293, 99642,20190505,   59,    0
 18293, 99642,20190506,   36,    0
 18293, 99642,20190507,   58,    0
 18293, 99642,20190508,   52,    0
 18293, 99642,20190509,   67,    0
 18293, 99642,20190510,   84,    0
 18293, 99642,20190511,   97,    0
 18293, 99642,20190512,   93,    0
 18293, 99642,20190513,   80,    0
 18293, 99642,20190514,  101,    0
 18293, 99642,20190515,   97,    0
 18293, 99642,20190516,  137,    0
 18293, 99642,20190517,  135,    0
 18293, 99642,20190518,  101,    0
 18293, 99642,20190519,  146,    0
 18293, 99642,20190520,  131,    0
 18293, 99642,20190521,  174,    0
 18293, 99642,20190522,  139,    0
 18293, 99642,20190523,   95,    0
 18293, 99642,20190524,  115,    0
 18293, 99642,20190525,  135,    0
 18293, 99642,20190526,  121,    0
 18293, 99642,20190527,  105,    0
 18293, 99642,20190528,   99,    0
 18293, 99642,20190529,   92,    0
 18293, 99642,20190530,  103,    0
 18293, 99642,20190531,  131,    0
 18293, 99642,20190601,  127,    0
 18293, 99642,20190602,  128,    0
 18293, 99642,20190603,  140,    0
 18293, 99642,20190604,  125,    0
 18293, 99642,20190605,  121,    0
 18293, 99642,20190606,  169,    0
 18293, 99642,20190607,  169,    0
 18293, 99642,20190608,  116,    0
 18293, 99642,20190609,  122,    0
 18293, 99642,20190610,  123,    0
 18293, 99642,20190611,  130,    0
 18293, 99642,20190612,   99,    0
 18293, 99642,20190613,  119,    0
 18293, 99642,20190614,  143,    0
 18293, 99642,20190615,  165,    0
 18293, 99642,20190616,  161,    0
 18293, 99642,20190617,  136,    0
 18293, 99642,20190618,  148,    0
 18293, 99642,20190619,  137,    0
 18293, 99642,20190620,  141,    0
 18293, 99642,20190621,  119,    0
 18293, 99642,20190622,  142,    0
 18293, 99642,20190623,  145,    0
 18293, 99642,20190624,  154,    0
 18293, 99642,20190625,  144,    0
 18293, 99642,20190626,  174,    0
 18293, 99642,20190627,  165,    0
 18293, 99642,20190628,  175,    0
 18293, 99642,20190629,  220,    0
 18293, 99642,20190630,  188,    0
 18293, 99642,20190701,  161,    0
 18293, 99642,20190702,  143,    0
 18293, 99642,20190703,  126,    0
 18293, 99642,20190704,  136,    0
 18293, 99642,20190705,  147,    0
 18293, 99642,20190706,  118,    0
 18293, 99642,20190707,  133,    0
 18293, 99642,20190708,  157,    0
 18293, 99642,20190709,  167,    0
 18293, 99642,20190710,  176,    0
 18293, 99642,20190711,  159,    0
 18293, 99642,20190712,  167,    0
 18293, 99642,20190713,  178,    0
 18293, 99642,20190714,  152,    0
 18293, 99642,20190715,  164,    0
 18293, 99642,20190716,  174,    0
 18293, 99642,20190717,  160,    0
 18293, 99642,20190718,  145,    0
 18293, 99642,20190719,  168,    0
 18293, 99642,20190720,  146,    0
 18293, 99642,20190721,  162,    0
 18293, 99642,20190722,  141,    0
 18293, 99642,20190723,  217,    0
 18293, 99642,20190724,  181,    0
 18293, 99642,20190725,  195,    0
 18293, 99642,20190726,  223,    0
 18293, 99642,20190727,  226,    0
 18293, 99642,20190728,  216,    0
 18293, 99642,20190729,  207,    0
 18293, 99642,20190730,  149,    0
 18293, 99642,20190731,  125,    0
 18293, 99642,20190801,  158,    0
 18293, 99642,20190802,  177,    0
 18293, 99642,20190803,  186,    0
 18293, 99642,20190804,  169,    0
 18293, 99642,20190805,  167,    0
 18293, 99642,20190806,  162,    0
 18293, 99642,20190807,  151,    0
 18293, 99642,20190808,  146,    0
 18293, 99642,20190809,  162,    0
 18293, 99642,20190810,  166,    0
 18293, 99642,20190811,  169,    0
 18293, 99642,20190812,  165,    0
 18293, 99642,20190813,  145,    0
 18293, 99642,20190814,  141,    0
 18293, 99642,20190815,  119,    0
 18293, 99642,20190816,  165,    0
 18293, 99642,20190817,  153,    0
 18293, 99642,20190818,  135,    0
 18293, 99642,20190819,  146,    0
 18293, 99642,20190820,  141,    0
 18293, 99642,20190821,  138,    0
 18293, 99642,20190822,  128,    0
 18293, 99642,20190823,  173,    0
 18293, 99642,20190824,  176,    0
 18293, 99642,20190825,  169,    0
 18293, 99642,20190826,  173,    0
 18293, 99642,20190827,  182,    0
 18293, 99642,20190828,  176,    0
 18293, 99642,20190829,  172,    0
 18293, 99642,20190830,  160,    0
 18293, 99642,20190831,  168,    0
 18293, 99642,20190901,  142,    0
 18293, 99642,20190902,  122,    0
 18293, 99642,20190903,  143,    0
 18293, 99642,20190904,  102,    0
 18293, 99642,20190905,  119,    0
 18293, 99642,20190906,  104,    0
 18293, 99642,20190907,  114,    0
 18293, 99642,20190908,  109,    0
 18293, 99642,20190909,  117,    0
 18293, 99642,20190910,  126,    0
 18293, 99642,20190911,  125,    0
 18293, 99642,20190912,  128,    0
 18293, 99642,20190913,  116,    0
 18293, 99642,20190914,  120,    0
 18293, 99642,20190915,  121,    0
 18293, 99642,20190916,  104,    0
 18293, 99642,20190917,   93,    0
 18293, 99642,20190918,   95,    0
 18293, 99642,20190919,   84,    0
 18293, 99642,20190920,  129,    0
 18293, 99642,20190921,  147,    0
 18293, 99642,20190922,  107,    0
 18293, 99642,20190923,  103,    0
 18293, 99642,20190924,  103,    0
 18293, 99642,20190925,  102,    0
 18293, 99642,20190926,  109,    0
 18293, 99642,20190927,  131,    0
 18293, 99642,20190928,  119,    0
 18293, 99642,20190929,  108,    0
 18293, 99642,20190930,   86,    0
 18293, 99642,20191001,   79,    0
 18293, 99642,20191002,   76,    0
 18293, 99642,20191003,   65,    0
 18293, 99642,20191004,   35,    0
 18293, 99642,20191005,   30,    0
 18293, 99642,20191006,   23,    0
 18293, 99642,20191007,   22,    0
 18293, 99642,20191008,   51,    0
 18293, 99642,20191009,   75,    0
 18293, 99642,20191010,   82,    0
 18293, 99642,20191011,   81,    0
 18293, 99642,20191012,   94,    0
 18293, 99642,20191013,   84,    0
 18293, 99642,20191014,   86,    0
 18293, 99642,20191015,   75,    0
 18293, 99642,20191016,   67,    0
 18293, 99642,20191017,   74,    0
 18293, 99642,20191018,   65,    0
 18293, 99642,20191019,   81,    0
 18293, 99642,20191020,   57,    0
 18293, 99642,20191021,   46,    0
 18293, 99642,20191022,   88,    0
 18293, 99642,20191023,   91,    0
 18293, 99642,20191024,   84,    0
 18293, 99642,20191025,   82,    0
 18293, 99642,20191026,   36,    0
 18293, 99642,20191027,   68,    0
 18293, 99642,20191028,   13,    0
 18293, 99642,20191029,   15,    0
 18293, 99642,20191030,   16,    0
 18293, 99642,20191031,   40,    0
 18293, 99642,20191101,   13,    0
 18293, 99642,20191102,   28,    0
 18293, 99642,20191103,    9,    0
 18293, 99642,20191104,    1,    0
 18293, 99642,20191105,   -3,    0
 18293, 99642,20191106,  -23,    0
 18293, 99642,20191107,  -14,    0
 18293, 99642,20191108,  -16,    0
 18293, 99642,20191109,    0,    0
 18293, 99642,20191110,   -8,    0
 18293, 99642,20191111,  -15,    0
 18293, 99642,20191112,   34,    0
 18293, 99642,20191113,   22,    0
 18293, 99642,20191114,   28,    0
 18293, 99642,20191115,   32,    0
 18293, 99642,20191116,   23,    0
 18293, 99642,20191117,   35,    0
 18293, 99642,20191118,   23,    0
 18293, 99642,20191119,   44,    0
 18293, 99642,20191120,   26,    0
 18293, 99642,20191121,   48,    0
 18293, 99642,20191122,   68,    0
 18293, 99642,20191123,   66,    0
 18293, 99642,20191124,   39,    0
 18293, 99642,20191125,   22,    0
 18293, 99642,20191126,   22,    0
 18293, 99642,20191127,   18,    0
 18293, 99642,20191128,    6,    0
 18293, 99642,20191129,   -7,    0
 18293, 99642,20191130,  -17,    0
 18293, 99642,20191201,  -20,    0
 18293, 99642,20191202,  -17,    0
 18293, 99642,20191203,   32,    0
 18293, 99642,20191204,   54,    0
 18293, 99642,20191205,   62,    0
 18293, 99642,20191206,   60,    0
 18293, 99642,20191207,   28,    0
 18293, 99642,20191208,   37,    0
 18293, 99642,20191209,   29,    0
 18293, 99642,20191210,    0,    0
 18293, 99642,20191211,   44,    0
 18293, 99642,20191212,   16,    0
 18293, 99642,20191213,   26,    0
 18293, 99642,20191214,   24,    0
 18293, 99642,20191215,    1,    0
 18293, 99642,20191216,   -2,    0
 18293, 99642,20191217,    0,    0
 18293, 99642,20191218,    7,    0
 18293, 99642,20191219,   21,    0
 18293, 99642,20191220,   41,    0
 18293, 99642,20191221,   54,    0
 18293, 99642,20191222,   44,    0
 18293, 99642,20191223,   42,    0
 18293, 99642,20191224,   21,    0
 18293, 99642,20191225,  -12,    0
 18293, 99642,20191226,  -27,    0
 18293, 99642,20191227,  -40,    0
 18293, 99642,20191228,    1,    0
 18293, 99642,20191229,   67,    0
 18293, 99642,20191230,   80,    0
 18293, 99642,20191231,   47,    0
 18293, 99642,20200101,   56,    0
 18293, 99642,20200102,   63,    0
 18293, 99642,20200103,   50,    0
 18293, 99642,20200104,    7,    0
 18293, 99642,20200105,   15,    0
 18293, 99642,20200106,   60,    0
 18293, 99642,20200107,   53,    0
 18293, 99642,20200108,   60,    0
 18293, 99642,20200109,   13,    0
 18293, 99642,20200110,   -9,    0
 18293, 99642,20200111,   46,    0
 18293, 99642,20200112,   35,    0
 18293, 99642,20200113,   25,    0
 18293, 99642,20200114,   50,    0
 18293, 99642,20200115,   60,    0
 18293, 99642,20200116,   61,    0
 18293, 99642,20200117,   63,    0
 18293, 99642,20200118,   46,    0
 18293, 99642,20200119,   38,    0
 18293, 99642,20200120,   67,    0
 18293, 99642,20200121,   69,    0
 18293, 99642,20200122,   18,    0
 18293, 99642,20200123,   50,    0
 18293, 99642,20200124,   56,    0
 18293, 99642,20200125,   46,    0
 18293, 99642,20200126,   55,    0
 18293, 99642,20200127,   46,    0
 18293, 99642,20200128,   11,    0
 18293, 99642,20200129,   14,    0
 18293, 99642,20200130,    1,    0
 18293, 99642,20200131,   25,    0
 18293, 99642,20200201,   66,    0
 18293, 99642,20200202,   24,    0
 18293, 99642,20200203,  -16,    0
 18293, 99642,20200204,   -7,    0
 18293, 99642,20200205,   17,    0
 18293, 99642,20200206,   33,    0
 18293, 99642,20200207,   26,    0
 18293, 99642,20200208,   36,    0
 18293, 99642,20200209,   53,    0
 18293, 99642,20200210,   36,    0
 18293, 99642,20200211,   20,    0
 18293, 99642,20200212,   20,    0
 18293, 99642,20200213,    1,    0
 18293, 99642,20200214,    3,    0
 18293, 99642,20200215,   44,    0
 18293, 99642,20200216,   63,    0
 18293, 99642,20200217,   50,    0
 18293, 99642,20200218,   37,    0
 18293, 99642,20200219,   17,    0
 18293, 99642,20200220,   38,    0
 18293, 99642,20200221,   48,    0
 18293, 99642,20200222,   47,    0
 18293, 99642,20200223,   35,    0
 18293, 99642,20200224,   18,    0
 18293, 99642,20200225,   -5,    0
 18293, 99642,20200226,  -29,    0
 18293, 99642,20200227,  -32,    0
 18293, 99642,20200228,    0,    0
 18293, 99642,20200229,    6,    0
 18293, 99642,20200301,   22,    0
 18293, 99642,20200302,   29,    0
 18293, 99642,20200303,   19,    0
 18293, 99642,20200304,   12,    0
 18293, 99642,20200305,    1,    0
 18293, 99642,20200306,   -5,    0
 18293, 99642,20200307,   -4,    0
 18293, 99642,20200308,   54,    0
 18293, 99642,20200309,   43,    0
 18293, 99642,20200310,   36,    0
 18293, 99642,20200311,   52,    0
 18293, 99642,20200312,   29,    0
 18293, 99642,20200313,    5,    0
 18293, 99642,20200314,   -5,    0
 18293, 99642,20200315,   53,    0
 18293, 99642,20200316,   37,    0
 18293, 99642,20200317,   68,    0
 18293, 99642,20200318,   49,    0
 18293, 99642,20200319,   47,    0
 18293, 99642,20200320,   18,    0
 18293, 99642,20200321,   -3,    0
 18293, 99642,20200322,    1,    0
 18293, 99642,20200323,   26,    0
 18293, 99642,20200324,   38,    0
 18293, 99642,20200325,   59,    0
 18293, 99642,20200326,   42,    0
 18293, 99642,20200327,   46,    0
 18293, 99642,20200328,   40,    0
 18293, 99642,20200329,   19,    0
 18293, 99642,20200330,   20,    0
 18293, 99642,20200331,   43,    0
 18293, 99642,20200401,   67,    0
 18293, 99642,20200402,   41,    0
 18293, 99642,20200403,   32,    0
 18293, 99642,20200404,   19,    0
 18293, 99642,20200405,   56,    0
 18293, 99642,20200406,   59,    0
 18293, 99642,20200407,   90,    0
 18293, 99642,20200408,   80,    0
 18293, 99642,20200409,   61,    0
 18293, 99642,20200410,   38,    0
 18293, 99642,20200411,   41,    0
 18293, 99642,20200412,   76,    0
 18293, 99642,20200413,   38,    0
 18293, 99642,20200414,   45,    0
 18293, 99642,20200415,   97,    0
 18293, 99642,20200416,   83,    0
 18293, 99642,20200417,   40,    0
 18293, 99642,20200418,   48,    0
 18293, 99642,20200419,   57,    0
 18293, 99642,20200420,   89,    0
 18293, 99642,20200421,  111,    0
 18293, 99642,20200422,  122,    0
 18293, 99642,20200423,  111,    0
 18293, 99642,20200424,   95,    0
 18293, 99642,20200425,   75,    0
 18293, 99642,20200426,   75,    0
 18293, 99642,20200427,   83,    0
 18293, 99642,20200428,   49,    0
 18293, 99642,20200429,   49,    0
 18293, 99642,20200430,   33,    0
 18293, 99642,20200501,   56,    0
 18293, 99642,20200502,   82,    0
 18293, 99642,20200503,   90,    0
 18293, 99642,20200504,   58,    0
 18293, 99642,20200505,   77,    0
 18293, 99642,20200506,   98,    0
 18293, 99642,20200507,  108,    0
 18293, 99642,20200508,  101,    0
 18293, 99642,20200509,  102,    0
 18293, 99642,20200510,   57,    0
 18293, 99642,20200511,   51,    0
 18293, 99642,20200512,   50,    0
 18293, 99642,20200513,   54,    0
 18293, 99642,20200514,   68,    0
 18293, 99642,20200515,   83,    0
 18293, 99642,20200516,   65,    0
 18293, 99642,20200517,   83,    0
 18293, 99642,20200518,   90,    0
 18293, 99642,20200519,  109,    0
 18293, 99642,20200520,  103,    0
 18293, 99642,20200521,  110,    0
 18293, 99642,20200522,   98,    0
 18293, 99642,20200523,  111,    0
 18293, 99642,20200524,  115,    0
 18293, 99642,20200525,  137,    0
 18293, 99642,20200526,  139,    0
 18293, 99642,20200527,  125,    0
 18293, 99642,20200528,  112,    0
 18293, 99642,20200529,  126,    0
 18293, 99642,20200530,  150,    0
 18293, 99642,20200531,  151,    0
 18293, 99642,20200601,  167,    0
 18293, 99642,20200602,  186,    0
 18293, 99642,20200603,  136,    0
 18293, 99642,20200604,  134,    0
 18293, 99642,20200605,  104,    0
 18293, 99642,20200606,  116,    0
 18293, 99642,20200607,  116,    0
 18293, 99642,20200608,  119,    0
 18293, 99642,20200609,  113,    0
 18293, 99642,20200610,  137,    0
 18293, 99642,20200611,  168,    0
 18293, 99642,20200612,  167,    0
 18293, 99642,20200613,  180,    0
 18293, 99642,20200614,  180,    0
 18293, 99642,20200615,  194,    0
 18293, 99642,20200616,  210,    0
 18293, 99642,20200617,  198,    0
 18293, 99642,20200618,  192,    0
 18293, 99642,20200619,  205,    0
 18293, 99642,20200620,  188,    0
 18293, 99642,20200621,  181,    0
 18293, 99642,20200622,  180,    0
 18293, 99642,20200623,  194,    0
 18293, 99642,20200624,  209,    0
 18293, 99642,20200625,  198,    0
 18293, 99642,20200626,  201,    0
 18293, 99642,20200627,  217,    0
 18293, 99642,20200628,  171,    0
 18293, 99642,20200629,  137,    0
 18293, 99642,20200630,  137,    0
 18293, 99642,20200701,  149,    0
 18293, 99642,20200702,  136,    0
 18293, 99642,20200703,  119,    0
 18293, 99642,20200704,  123,    0
 18293, 99642,20200705,  135,    0
 18293, 99642,20200706,  135,    0
 18293, 99642,20200707,  128,    0
 18293, 99642,20200708,  136,    0
 18293, 99642,20200709,  138,    0
 18293, 99642,20200710,  128,    0
 18293, 99642,20200711,  150,    0
 18293, 99642,20200712,  147,    0
 18293, 99642,20200713,  151,    0
 18293, 99642,20200714,  137,    0
 18293, 99642,20200715,  147,    0
 18293, 99642,20200716,  145,    0
 18293, 99642,20200717,  148,    0
 18293, 99642,20200718,  152,    0
 18293, 99642,20200719,  147,    0
 18293, 99642,20200720,  149,    0
 18293, 99642,20200721,  144,    0
 18293, 99642,20200722,  149,    0
 18293, 99642,20200723,  144,    0
 18293, 99642,20200724,  152,    0
 18293, 99642,20200725,  143,    0
 18293, 99642,20200726,  154,    0
 18293, 99642,20200727,  146,    0
 18293, 99642,20200728,  145,    0
 18293, 99642,20200729,  155,    0
 18293, 99642,20200730,  171,    0
 18293, 99642,20200731,  176,    0
 18293, 99642,20200801,  164,    0
 18293, 99642,20200802,  171,    0
 18293, 99642,20200803,  159,    0
 18293, 99642,20200804,  147,    0
 18293, 99642,20200805,  148,    0
 18293, 99642,20200806,  173,    0
 18293, 99642,20200807,  183,    0
 18293, 99642,20200808,  196,    0
 18293, 99642,20200809,  184,    0
 18293, 99642,20200810,  171,    0
 18293, 99642,20200811,  176,    0
 18293, 99642,20200812,  186,    0
 18293, 99642,20200813,  184,    0
 18293, 99642,20200814,  197,    0
 18293, 99642,20200815,  172,    0
 18293, 99642,20200816,  180,    0
 18293, 99642,20200817,  197,    0
 18293, 99642,20200818,  191,    0
 18293, 99642,20200819,  188,    0
 18293, 99642,20200820,  181,    0
 18293, 99642,20200821,  185,    0
 18293, 99642,20200822,  167,    0
 18293, 99642,20200823,  159,    0
 18293, 99642,20200824,  124,    0
 18293, 99642,20200825,  123,    0
 18293, 99642,20200826,  122,    0
 18293, 99642,20200827,  138,    0
 18293, 99642,20200828,  127,    0
 18293, 99642,20200829,  125,    0
 18293, 99642,20200830,  122,    0
 18293, 99642,20200831,  122,    0
 18293, 99642,20200901,  122,    0
 18293, 99642,20200902,  118,    0
 18293, 99642,20200903,  118,    0
 18293, 99642,20200904,  140,    0
 18293, 99642,20200905,  117,    0
 18293, 99642,20200906,  123,    0
 18293, 99642,20200907,  118,    0
 18293, 99642,20200908,  142,    0
 18293, 99642,20200909,  137,    0
 18293, 99642,20200910,  111,    0
 18293, 99642,20200911,  102,    0
 18293, 99642,20200912,  123,    0
 18293, 99642,20200913,  130,    0
 18293, 99642,20200914,  167,    0
 18293, 99642,20200915,  146,    0
 18293, 99642,20200916,  143,    0
 18293, 99642,20200917,  103,    0
 18293, 99642,20200918,  142,    0
 18293, 99642,20200919,  122,    0
 18293, 99642,20200920,  124,    0
 18293, 99642,20200921,  126,    0
 18293, 99642,20200922,  125,    0
 18293, 99642,20200923,  145,    0
 18293, 99642,20200924,  117,    0
 18293, 99642,20200925,   82,    0
 18293, 99642,20200926,   87,    0
 18293, 99642,20200927,  124,    0
 18293, 99642,20200928,  120,    0
 18293, 99642,20200929,  125,    0
 18293, 99642,20200930,  129,    0
 18293, 99642,20201001,  120,    0
 18293, 99642,20201002,  129,    0
 18293, 99642,20201003,  129,    0
 18293, 99642,20201004,  128,    0
 18293, 99642,20201005,  120,    0
 18293, 99642,20201006,  107,    0
 18293, 99642,20201007,  100,    0
 18293, 99642,20201008,   88,    0
 18293, 99642,20201009,   82,    0
 18293, 99642,20201010,   67,    0
 18293, 99642,20201011,   80,    0
 18293, 99642,20201012,   68,    0
 18293, 99642,20201013,   65,    0
 18293, 99642,20201014,   59,    0
 18293, 99642,20201015,   55,    0
 18293, 99642,20201016,   60,    0
 18293, 99642,20201017,   66,    0
 18293, 99642,20201018,   40,    0
 18293, 99642,20201019,   27,    0
 18293, 99642,20201020,   47,    0
 18293, 99642,20201021,   88,    0
 18293, 99642,20201022,   99,    0
 18293, 99642,20201023,   63,    0
 18293, 99642,20201024,   76,    0
 18293, 99642,20201025,   92,    0
 18293, 99642,20201026,   69,    0
 18293, 99642,20201027,   74,    0
 18293, 99642,20201028,   79,    0
 18293, 99642,20201029,   40,    0
 18293, 99642,20201030,   58,    0
 18293, 99642,20201031,   73,    0
 18293, 99642,20201101,   96,    0
 18293, 99642,20201102,  104,    0
 18293, 99642,20201103,   59,    0
 18293, 99642,20201104,   54,    0
 18293, 99642,20201105,  112,    0
 18293, 99642,20201106,  100,    0
 18293, 99642,20201107,   80,    0
 18293, 99642,20201108,   44,    0
 18293, 99642,20201109,   50,    0
 18293, 99642,20201110,   63,    0
 18293, 99642,20201111,   62,    0
 18293, 99642,20201112,   67,    0
 18293, 99642,20201113,   76,    0
 18293, 99642,20201114,   57,    0
 18293, 99642,20201115,  103,    0
 18293, 99642,20201116,   81,    0
 18293, 99642,20201117,   91,    0
 18293, 99642,20201118,  106,    0
 18293, 99642,20201119,   43,    0
 18293, 99642,20201120,   10,    0
 18293, 99642,20201121,   70,    0
 18293, 99642,20201122,   54,    0
 18293, 99642,20201123,   50,    0
 18293, 99642,20201124,   91,    0
 18293, 99642,20201125,   89,    0
 18293, 99642,20201126,   23,    0
 18293, 99642,20201127,   -4,    0
 18293, 99642,20201128,   12,    0
 18293, 99642,20201129,   -6,    0
 18293, 99642,20201130,   45,    0
 18293, 99642,20201201,   22,    0
 18293, 99642,20201202,   20,    0
 18293, 99642,20201203,   24,    0
 18293, 99642,20201204,   15,    0
 18293, 99642,20201205,   17,    0
 18293, 99642,20201206,   35,    0
 18293, 99642,20201207,   52,    0
 18293, 99642,20201208,   46,    0
 18293, 99642,20201209,   26,    0
 18293, 99642,20201210,   38,    0
 18293, 99642,20201211,   22,    0
 18293, 99642,20201212,   20,    0
 18293, 99642,20201213,   26,    0
 18293, 99642,20201214,   53,    0
 18293, 99642,20201215,   50,    0
 18293, 99642,20201216,   39,    0
 18293, 99642,20201217,   55,    0
 18293, 99642,20201218,   66,    0
 18293, 99642,20201219,   69,    0
 18293, 99642,20201220,   73,    0
 18293, 99642,20201221,   45,    0
 18293, 99642,20201222,   49,    0
 18293, 99642,20201223,   18,    0
 18293, 99642,20201224,    1,    0
 18293, 99642,20201225,  -21,    0
 18293, 99642,20201226,    7,    0
 18293, 99642,20201227,   44,    0
 18293, 99642,20201228,   32,    0
 18293, 99642,20201229,   19,    0
 18293, 99642,20201230,   11,    0
 18293, 99642,20201231,    0,    0
 18293, 99642,20210101,   -5,    0
 18293, 99642,20210102,    1,    0
 18293, 99642,20210103,   -3,    0
 18293, 99642,20210104,  -22,    0
 18293, 99642,20210105,  -35,    0
 18293, 99642,20210106,  -82,    0
 18293, 99642,20210107,  -52,    0
 18293, 99642,20210108,  -48,    0
 18293, 99642,20210109,  -66,    0
 18293, 99642,20210110,   -4,    0
 18293, 99642,20210111,   -9,    0
 18293, 99642,20210112,  -34,    0
 18293, 99642,20210113,  -31,    0
 18293, 99642,20210114,  -62,    0
 18293, 99642,20210115, -100,    0
 18293, 99642,20210116, -103,    0
 18293, 99642,20210117,  -53,    0
 18293, 99642,20210118,  -12,    0
 18293, 99642,20210119,   -9,    0
 18293, 99642,20210120,    2,    0
 18293, 99642,20210121,   33,    0
 18293, 99642,20210122,   33,    0
 18293, 99642,20210123,   11,    0
 18293, 99642,20210124,  -13,    0
 18293, 99642,20210125,  -31,    0
 18293, 99642,20210126,  -63,    0
 18293, 99642,20210127,  -70,    0
 18293, 99642,20210128,  -88,    0
 18293, 99642,20210129, -103,    0
 18293, 99642,20210130,  -90,    0
 18293, 99642,20210131,  -53,    0
 18293, 99642,20210201,  -47,    0
 18293, 99642,20210202,  -52,    0
 18293, 99642,20210203,  -62,    0
 18293, 99642,20210204,  -89,    0
 18293, 99642,20210205,  -89,    0
 18293, 99642,20210206,  -75,    0
 18293, 99642,20210207,  -72,    0
 18293, 99642,20210208,  -63,    0
 18293, 99642,20210209,  -60,    0
 18293, 99642,20210210,  -70,    0
 18293, 99642,20210211,  -86,    0
 18293, 99642,20210212,  -69,    0
 18293, 99642,20210213,  -68,    0
 18293, 99642,20210214,  -67,    0
 18293, 99642,20210215,  -23,    0
 18293, 99642,20210216,  -18,    0
 18293, 99642,20210217,  -18,    0
 18293, 99642,20210218,   -1,    0
 18293, 99642,20210219,   18,    0
 18293, 99642,20210220,   38,    0
 18293, 99642,20210221,   32,    0
 18293, 99642,20210222,   25,    0
 18293, 99642,20210223,   20,    0
 18293, 99642,20210224,   50,    0
 18293, 99642,20210225,   60,    0
 18293, 99642,20210226,   70,    0
 18293, 99642,20210227,   55,    0
 18293, 99642,20210228,   68,    0
 18293, 99642,20210301,   68,    0
 18293, 99642,20210302,   40,    0
 18293, 99642,20210303,    6,    0
 18293, 99642,20210304,   19,    0
 18293, 99642,20210305,    0,    0
 18293, 99642,20210306,   36,    0
 18293, 99642,20210307,   21,    0
 18293, 99642,20210308,  -15,    0
 18293, 99642,20210309,   -3,    0
 18293, 99642,20210310,   -5,    0
 18293, 99642,20210311,   27,    0
 18293, 99642,20210312,   34,    0
 18293, 99642,20210313,   12,    0
 18293, 99642,20210314,   17,    0
 18293, 99642,20210315,   43,    0
 18293, 99642,20210316,   21,    0
 18293, 99642,20210317,   14,    0
 18293, 99642,20210318,   29,    0
 18293, 99642,20210319,   10,    0
 18293, 99642,20210320,   63,    0
 18293, 99642,20210321,   40,    0
 18293, 99642,20210322,   65,    0
 18293, 99642,20210323,   65,    0
 18293, 99642,20210324,   64,    0
 18293, 99642,20210325,   56,    0
 18293, 99642,20210326,   47,    0
 18293, 99642,20210327,   48,    0
 18293, 99642,20210328,   26,    0
 18293, 99642,20210329,   87,    0
 18293, 99642,20210330,  124,    0
 18293, 99642,20210331,   81,    0
 18293, 99642,20210401,   54,    0
 18293, 99642,20210402,   71,    0
 18293, 99642,20210403,   28,    0
 18293, 99642,20210404,   57,    0
 18293, 99642,20210405,   19,    0
 18293, 99642,20210406,   34,    0
 18293, 99642,20210407,   18,    0
 18293, 99642,20210408,   24,    0
 18293, 99642,20210409,   36,    0
 18293, 99642,20210410,   34,    0
 18293, 99642,20210411,    7,    0
 18293, 99642,20210412,   19,    0
 18293, 99642,20210413,   26,    0
 18293, 99642,20210414,   34,    0
 18293, 99642,20210415,   46,    0
 18293, 99642,20210416,   58,    0
 18293, 99642,20210417,   93,    0
 18293, 99642,20210418,  104,    0
 18293, 99642,20210419,   88,    0
 18293, 99642,20210420,   90,    0
 18293, 99642,20210421,   74,    0
 18293, 99642,20210422,   73,    0
 18293, 99642,20210423,   62,    0
 18293, 99642,20210424,   39,    0
 18293, 99642,20210425,   46,    0
 18293, 99642,20210426,   38,    0
 18293, 99642,20210427,   38,    0
 18293, 99642,20210428,   40,    0
 18293, 99642,20210429,   69,    0
 18293, 99642,20210430,   59,    0
 18293, 99642,20210501,   55,    0
 18293, 99642,20210502,   59,    0
 18293, 99642,20210503,   62,    0
 18293, 99642,20210504,   37,    0
 18293, 99642,20210505,   33,    0
 18293, 99642,20210506,   40,    0
 18293, 99642,20210507,   54,    0
 18293, 99642,20210508,   66,    0
 18293, 99642,20210509,   70,    0
 18293, 99642,20210510,   82,    0
 18293, 99642,20210511,   93,    0
 18293, 99642,20210512,  107,    0
 18293, 99642,20210513,  129,    0
 18293, 99642,20210514,  147,    0
 18293, 99642,20210515,  101,    0
 18293, 99642,20210516,   89,    0
 18293, 99642,20210517,   91,    0
 18293, 99642,20210518,  111,    0
 18293, 99642,20210519,  107,    0
 18293, 99642,20210520,  114,    0
 18293, 99642,20210521,   78,    0
 18293, 99642,20210522,   94,    0
 18293, 99642,20210523,   97,    0
 18293, 99642,20210524,   86,    0
 18293, 99642,20210525,  114,    0
 18293, 99642,20210526,   92,    0
 18293, 99642,20210527,  110,    0
 18293, 99642,20210528,  132,    0
 18293, 99642,20210529,  155,    0
 18293, 99642,20210530,  165,    0
 18293, 99642,20210531,  167,    0
 18293, 99642,20210601,  157,    0
 18293, 99642,20210602,  143,    0
 18293, 99642,20210603,  141,    0
 18293, 99642,20210604,  153,    0
 18293, 99642,20210605,  164,    0
 18293, 99642,20210606,  165,    0
 18293, 99642,20210607,  158,    0
 18293, 99642,20210608,  172,    0
 18293, 99642,20210609,  188,    0
 18293, 99642,20210610,  192,    0
 18293, 99642,20210611,  163,    0
 18293, 99642,20210612,  146,    0
 18293, 99642,20210613,  162,    0
 18293, 99642,20210614,  143,    0
 18293, 99642,20210615,  142,    0
 18293, 99642,20210616,  134,    0
 18293, 99642,20210617,  154,    0
 18293, 99642,20210618,  190,    0
 18293, 99642,20210619,  171,    0
 18293, 99642,20210620,  138,    0
 18293, 99642,20210621,  161,    0
 18293, 99642,20210622,  149,    0
 18293, 99642,20210623,  165,    0
 18293, 99642,20210624,  147,    0
 18293, 99642,20210625,  146,    0
 18293, 99642,20210626,  166,    0
 18293, 99642,20210627,  167,    0
 18293, 99642,20210628,  152,    0
 18293, 99642,20210629,  155,    0
 18293, 99642,20210630,  174,    0
 18293, 99642,20210701,  163,    0
 18293, 99642,20210702,  175,    0
 18293, 99642,20210703,  207,    0
 18293, 99642,20210704,  184,    0
 18293, 99642,20210705,  183,    0
 18293, 99642,20210706,  160,    0
 18293, 99642,20210707,  164,    0
 18293, 99642,20210708,  164,    0
 18293, 99642,20210709,  174,    0
 18293, 99642,20210710,  168,    0
 18293, 99642,20210711,  181,    0
 18293, 99642,20210712,  168,    0
 18293, 99642,20210713,  200,    0
 18293, 99642,20210714,  211,    0
 18293, 99642,20210715,  223,    0
 18293, 99642,20210716,  208,    0
 18293, 99642,20210717,  211,    0
 18293, 99642,20210718,  178,    0
 18293, 99642,20210719,  178,    0
 18293, 99642,20210720,  188,    0
 18293, 99642,20210721,  176,    0
 18293, 99642,20210722,  197,    0
 18293, 99642,20210723,  188,    0
 18293, 99642,20210724,  179,    0
 18293, 99642,20210725,  194,    0
 18293, 99642,20210726,  192,    0
 18293, 99642,20210727,  182,    0
 18293, 99642,20210728,  168,    0
 18293, 99642,20210729,  150,    0
 18293, 99642,20210730,  192,    0
 18293, 99642,20210731,  167,    0
 18293, 99642,20210801,  145,    0
 18293, 99642,20210802,  144,    0
 18293, 99642,20210803,  146,    0
 18293, 99642,20210804,  144,    0
 18293, 99642,20210805,  133,    0
 18293, 99642,20210806,  165,    0
 18293, 99642,20210807,  155,    0
 18293, 99642,20210808,  149,    0
 18293, 99642,20210809,  156,    0
 18293, 99642,20210810,  148,    0
 18293, 99642,20210811,  168,    0
 18293, 99642,20210812,  168,    0
 18293, 99642,20210813,  153,    0
 18293, 99642,20210814,  131,    0
 18293, 99642,20210815,  143,    0
 18293, 99642,20210816,  133,    0
 18293, 99642,20210817,  165,    0
 18293, 99642,20210818,  148,    0
 18293, 99642,20210819,  156,    0
 18293, 99642,20210820,  144,    0
 18293, 99642,20210821,  133,    0
 18293, 99642,20210822,  126,    0
 18293, 99642,20210823,  139,    0
 18293, 99642,20210824,  164,    0
 18293, 99642,20210825,  191,    0
 18293, 99642,20210826,  157,    0
 18293, 99642,20210827,  147,    0
 18293, 99642,20210828,  160,    0
 18293, 99642,20210829,  163,    0
 18293, 99642,20210830,  166,    0
 18293, 99642,20210831,  157,    0
 18293, 99642,20210901,  157,    0
 18293, 99642,20210902,  184,    0
 18293, 99642,20210903,  141,    0
 18293, 99642,20210904,  115,    0
 18293, 99642,20210905,  128,    0
 18293, 99642,20210906,  131,    0
 18293, 99642,20210907,  167,    0
 18293, 99642,20210908,  189,    0
 18293, 99642,20210909,  194,    0
 18293, 99642,20210910,  161,    0
 18293, 99642,20210911,  163,    0
 18293, 99642,20210912,  178,    0
 18293, 99642,20210913,  130,    0
 18293, 99642,20210914,  118,    0
 18293, 99642,20210915,  124,    0
 18293, 99642,20210916,  113,    0
 18293, 99642,20210917,  103,    0
 18293, 99642,20210918,   90,    0
 18293, 99642,20210919,   97,    0
 18293, 99642,20210920,   86,    0
 18293, 99642,20210921,  118,    0
 18293, 99642,20210922,  143,    0
 18293, 99642,20210923,  122,    0
 18293, 99642,20210924,  121,    0
 18293, 99642,20210925,  126,    0
 18293, 99642,20210926,  110,    0
 18293, 99642,20210927,  135,    0
 18293, 99642,20210928,  120,    0
 18293, 99642,20210929,  117,    0
 18293, 99642,20210930,  111,    0
 18293, 99642,20211001,  120,    0
 18293, 99642,20211002,  115,    0
 18293, 99642,20211003,  121,    0
 18293, 99642,20211004,  119,    0
 18293, 99642,20211005,  118,    0
 18293, 99642,20211006,  107,    0
 18293, 99642,20211007,  107,    0
 18293, 99642,20211008,  130,    0
 18293, 99642,20211009,  115,    0
 18293, 99642,20211010,  101,    0
 18293, 99642,20211011,   86,    0
 18293, 99642,20211012,   61,    0
 18293, 99642,20211013,   66,    0
 18293, 99642,20211014,  106,    0
 18293, 99642,20211015,   84,    0
 18293, 99642,20211016,   79,    0
 18293, 99642,20211017,   53,    0
 18293, 99642,20211018,   39,    0
 18293, 99642,20211019,   46,    0
 18293, 99642,20211020,   99,    0
 18293, 99642,20211021,   68,    0
 18293, 99642,20211022,   59,    0
 18293, 99642,20211023,   57,    0
 18293, 99642,20211024,   91,    0
 18293, 99642,20211025,   98,    0
 18293, 99642,20211026,   73,    0
 18293, 99642,20211027,  122,    0
 18293, 99642,20211028,  119,    0
 18293, 99642,20211029,  108,    0
 18293, 99642,20211030,  102,    0
 18293, 99642,20211031,   96,    0
 18293, 99642,20211101,  102,    0
 18293, 99642,20211102,   88,    0
 18293, 99642,20211103,   50,    0
 18293, 99642,20211104,   18,    0
 18293, 99642,20211105,   29,    0
 18293, 99642,20211106,   72,    0
 18293, 99642,20211107,   47,    0
 18293, 99642,20211108,   38,    0
 18293, 99642,20211109,   92,    0
 18293, 99642,20211110,   68,    0
 18293, 99642,20211111,   58,    0
 18293, 99642,20211112,   33,    0
 18293, 99642,20211113,   51,    0
 18293, 99642,20211114,   28,    0
 18293, 99642,20211115,   48,    0
 18293, 99642,20211116,   73,    0
 18293, 99642,20211117,   62,    0
 18293, 99642,20211118,   65,    0
 18293, 99642,20211119,  110,    0
 18293, 99642,20211120,   63,    0
 18293, 99642,20211121,   14,    0
 18293, 99642,20211122,   28,    0
 18293, 99642,20211123,   55,    0
 18293, 99642,20211124,   66,    0
 18293, 99642,20211125,    9,    0
 18293, 99642,20211126,  -10,    0
 18293, 99642,20211127,  -17,    0
 18293, 99642,20211128,  -35,    0
 18293, 99642,20211129,  -61,    0
 18293, 99642,20211130,  -36,    0
 18293, 99642,20211201,  -51,    0
 18293, 99642,20211202,  -55,    0
 18293, 99642,20211203,  -70,    0
 18293, 99642,20211204,  -50,    0
 18293, 99642,20211205,  -60,    0
 18293, 99642,20211206,  -75,    0
 18293, 99642,20211207,  -49,    0
 18293, 99642,20211208,    1,    0
 18293, 99642,20211209,    2,    0
 18293, 99642,20211210,   -6,    0
 18293, 99642,20211211,   -5,    0
 18293, 99642,20211212,    1,    0
 18293, 99642,20211213,    9,    0
 18293, 99642,20211214,   28,    0
 18293, 99642,20211215,   47,    0
 18293, 99642,20211216,   48,    0
 18293, 99642,20211217,   38,    0
 18293, 99642,20211218,   68,    0
 18293, 99642,20211219,   20,    0
 18293, 99642,20211220,  -19,    0
 18293, 99642,20211221,  -26,    0
 18293, 99642,20211222,  -33,    0
 18293, 99642,20211223,  -30,    0
 18293, 99642,20211224,  -67,    0
 18293, 99642,20211225,  -86,    0
 18293, 99642,20211226, -101,    0
 18293, 99642,20211227,  -71,    0
 18293, 99642,20211228,  -40,    0
 18293, 99642,20211229,  -31,    0
 18293, 99642,20211230,   39,    0
 18293, 99642,20211231,   36,    0
 18293, 99642,20220101,    1,    0
 18293, 99642,20220102,   23,    0
 18293, 99642,20220103,   34,    0
 18293, 99642,20220104,  -10,    0
 18293, 99642,20220105,  -21,    0
 18293, 99642,20220106,  -65,    0
 18293, 99642,20220107,  -25,    0
 18293, 99642,20220108,  -26,    0
 18293, 99642,20220109,   -6,    0
 18293, 99642,20220110,   -1,    0
 18293, 99642,20220111,   12,    0
 18293, 99642,20220112,   38,    0
 18293, 99642,20220113,   74,    0
 18293, 99642,20220114,   45,    0
 18293, 99642,20220115,    2,    0
 18293, 99642,20220116,   47,    0
 18293, 99642,20220117,   22,    0
 18293, 99642,20220118,   22,    0
 18293, 99642,20220119,   39,    0
 18293, 99642,20220120,   -5,    0
 18293, 99642,20220121,   18,    0
 18293, 99642,20220122,   -5,    0
 18293, 99642,20220123,   56,    0
 18293, 99642,20220124,   54,    0
 18293, 99642,20220125,   25,    0
 18293, 99642,20220126,   49,    0
 18293, 99642,20220127,   62,    0
 18293, 99642,20220128,   25,    0
 18293, 99642,20220129,   60,    0
 18293, 99642,20220130,   28,    0
 18293, 99642,20220131,   -7,    0
 18293, 99642,20220201,   -9,    0
 18293, 99642,20220202,  -25,    0
 18293, 99642,20220203,    0,    0
 18293, 99642,20220204,   21,    0
 18293, 99642,20220205,   24,    0
 18293, 99642,20220206,    6,    0
 18293, 99642,20220207,   34,    0
 18293, 99642,20220208,   49,    0
 18293, 99642,20220209,   32,    0
 18293, 99642,20220210,   13,    0
 18293, 99642,20220211,    2,    0
 18293, 99642,20220212,   31,    0
 18293, 99642,20220213,   51,    0
 18293, 99642,20220214,   36,    0
 18293, 99642,20220215,   29,    0
 18293, 99642,20220216,   13,    0
 18293, 99642,20220217,   15,    0
 18293, 99642,20220218,   18,    0
 18293, 99642,20220219,   -8,    0
 18293, 99642,20220220,  -25,    0
 18293, 99642,20220221,   11,    0
 18293, 99642,20220222,  -12,    0
 18293, 99642,20220223,   23,    0
 18293, 99642,20220224,   16,    0
 18293, 99642,20220225,   18,    0
 18293, 99642,20220226,    6,    0
 18293, 99642,20220227,   25,    0
 18293, 99642,20220228,    0,    0
 18293, 99642,20220301,   41,    0
 18293, 99642,20220302,   36,    0
 18293, 99642,20220303,    9,    0
 18293, 99642,20220304,   -8,    0
 18293, 99642,20220305,    3,    0
 18293, 99642,20220306,   15,    0
 18293, 99642,20220307,   11,    0
 18293, 99642,20220308,   -1,    0
 18293, 99642,20220309,  -13,    0
 18293, 99642,20220310,   17,    0
 18293, 99642,20220311,   22,    0
 18293, 99642,20220312,   10,    0
 18293, 99642,20220313,   20,    0
 18293, 99642,20220314,   19,    0
 18293, 99642,20220315,   12,    0
 18293, 99642,20220316,    8,    0
 18293, 99642,20220317,   25,    0
 18293, 99642,20220318,   44,    0
 18293, 99642,20220319,   51,    0
 18293, 99642,20220320,   22,    0
 18293, 99642,20220321,   19,    0
 18293, 99642,20220322,   35,    0
 18293, 99642,20220323,   37,    0
 18293, 99642,20220324,   84,    0
 18293, 99642,20220325,   89,    0
 18293, 99642,20220326,   76,    0
 18293, 99642,20220327,   92,    0
 18293, 99642,20220328,   71,    0
 18293, 99642,20220329,   12,    0
 18293, 99642,20220330,    1,    0
 18293, 99642,20220331,    7,    0
 18293, 99642,20220401,   -5,    0
 18293, 99642,20220402,   19,    0
 18293, 99642,20220403,   44,    0
 18293, 99642,20220404,   33,    0
 18293, 99642,20220405,   21,    0
 18293, 99642,20220406,   -9,    0
 18293, 99642,20220407,    9,    0
 18293, 99642,20220408,   18,    0
 18293, 99642,20220409,   43,    0
 18293, 99642,20220410,   54,    0
 18293, 99642,20220411,   52,    0
 18293, 99642,20220412,   33,    0
 18293, 99642,20220413,   46,    0
 18293, 99642,20220414,   58,    0
 18293, 99642,20220415,   61,    0
 18293, 99642,20220416,   57,    0
 18293, 99642,20220417,   46,    0
 18293, 99642,20220418,   52,    0
 18293, 99642,20220419,   73,    0
 18293, 99642,20220420,   98,    0
 18293, 99642,20220421,  112,    0
 18293, 99642,20220422,  121,    0
 18293, 99642,20220423,  106,    0
 18293, 99642,20220424,   71,    0
 18293, 99642,20220425,   80,    0
 18293, 99642,20220426,   71,    0
 18293, 99642,20220427,   56,    0
 18293, 99642,20220428,   81,    0
 18293, 99642,20220429,   75,    0
 18293, 99642,20220430,   76,    0
 18293, 99642,20220501,   85,    0
 18293, 99642,20220502,   89,    0
 18293, 99642,20220503,   72,    0
 18293, 99642,20220504,   70,    0
 18293, 99642,20220505,  114,    0
 18293, 99642,20220506,  120,    0
 18293, 99642,20220507,  113,    0
 18293, 99642,20220508,   79,    0
 18293, 99642,20220509,   91,    0
 18293, 99642,20220510,   94,    0
 18293, 99642,20220511,   93,    0
 18293, 99642,20220512,  102,    0
 18293, 99642,20220513,   99,    0
 18293, 99642,20220514,  115,    0
 18293, 99642,20220515,  128,    0
 18293, 99642,20220516,  109,    0
 18293, 99642,20220517,   99,    0
 18293, 99642,20220518,   89,    0
 18293, 99642,20220519,  118,    0
 18293, 99642,20220520,  149,    0
 18293, 99642,20220521,  112,    0
 18293, 99642,20220522,  118,    0
 18293, 99642,20220523,  128,    0
 18293, 99642,20220524,  112,    0
 18293, 99642,20220525,  108,    0
 18293, 99642,20220526,  120,    0
 18293, 99642,20220527,  111,    0
 18293, 99642,20220528,  135,    0
 18293, 99642,20220529,  105,    0
 18293, 99642,20220530,  106,    0
 18293, 99642,20220531,  125,    0
 18293, 99642,20220601,  122,    0
 18293, 99642,20220602,  138,    0
 18293, 99642,20220603,  155,    0
 18293, 99642,20220604,  156,    0
 18293, 99642,20220605,  145,    0
 18293, 99642,20220606,  147,    0
 18293, 99642,20220607,  134,    0
 18293, 99642,20220608,  137,    0
 18293, 99642,20220609,  124,    0
 18293, 99642,20220610,  144,    0
 18293, 99642,20220611,  141,    0
 18293, 99642,20220612,  138,    0
 18293, 99642,20220613,  141,    0
 18293, 99642,20220614,  157,    0
 18293, 99642,20220615,  165,    0
 18293, 99642,20220616,  179,    0
 18293, 99642,20220617,  152,    0
 18293, 99642,20220618,  144,    0
 18293, 99642,20220619,  111,    0
 18293, 99642,20220620,  154,    0
 18293, 99642,20220621,  163,    0
 18293, 99642,20220622,  181,    0
 18293, 99642,20220623,  181,    0
 18293, 99642,20220624,  183,    0
 18293, 99642,20220625,  202,    0
 18293, 99642,20220626,  180,    0
 18293, 99642,20220627,  139,    0
 18293, 99642,20220628,  162,    0
 18293, 99642,20220629,  154,    0
 18293, 99642,20220630,  177,    0
 18293, 99642,20220701,  180,    0
 18293, 99642,20220702,  161,    0
 18293, 99642,20220703,  153,    0
 18293, 99642,20220704,  128,    0
 18293, 99642,20220705,  141,    0
 18293, 99642,20220706,  137,    0
 18293, 99642,20220707,  166,    0
 18293, 99642,20220708,  177,    0
 18293, 99642,20220709,  155,    0
 18293, 99642,20220710,  154,    0
 18293, 99642,20220711,  168,    0
 18293, 99642,20220712,  175,    0
 18293, 99642,20220713,  170,    0
 18293, 99642,20220714,  152,    0
 18293, 99642,20220715,  145,    0
 18293, 99642,20220716,  168,    0
 18293, 99642,20220717,  163,    0
 18293, 99642,20220718,  193,    0
 18293, 99642,20220719,  194,    0
 18293, 99642,20220720,  209,    0
 18293, 99642,20220721,  201,    0
 18293, 99642,20220722,  186,    0
 18293, 99642,20220723,  158,    0
 18293, 99642,20220724,  147,    0
 18293, 99642,20220725,  161,    0
 18293, 99642,20220726,  161,    0
 18293, 99642,20220727,  163,    0
 18293, 99642,20220728,  152,    0
 18293, 99642,20220729,  147,    0
 18293, 99642,20220730,  160,    0
 18293, 99642,20220731,  144,    0
 18293, 99642,20220801,  167,    0
 18293, 99642,20220802,  134,    0
 18293, 99642,20220803,  174,    0
 18293, 99642,20220804,  155,    0
 18293, 99642,20220805,  153,    0
 18293, 99642,20220806,  145,    0
 18293, 99642,20220807,  137,    0
 18293, 99642,20220808,  158,    0
 18293, 99642,20220809,  161,    0
 18293, 99642,20220810,  204,    0
 18293, 99642,20220811,  206,    0
 18293, 99642,20220812,  203,    0
 18293, 99642,20220813,  193,    0
 18293, 99642,20220814,  183,    0
 18293, 99642,20220815,  206,    0
 18293, 99642,20220816,  187,    0
 18293, 99642,20220817,  188,    0
 18293, 99642,20220818,  132,    0
 18293, 99642,20220819,  147,    0
 18293, 99642,20220820,  162,    0
 18293, 99642,20220821,  146,    0
 18293, 99642,20220822,  130,    0
 18293, 99642,20220823,  137,    0
 18293, 99642,20220824,  165,    0
 18293, 99642,20220825,  180,    0
 18293, 99642,20220826,  165,    0
 18293, 99642,20220827,  178,    0
 18293, 99642,20220828,  163,    0
 18293, 99642,20220829,  142,    0
 18293, 99642,20220830,  133,    0
 18293, 99642,20220831,  135,    0
 18293, 99642,20220901,  135,    0
 18293, 99642,20220902,  141,    0
 18293, 99642,20220903,  141,    0
 18293, 99642,20220904,  135,    0
 18293, 99642,20220905,  136,    0
 18293, 99642,20220906,  125,    0
 18293, 99642,20220907,  123,    0
 18293, 99642,20220908,  144,    0
 18293, 99642,20220909,  122,    0
 18293, 99642,20220910,  117,    0
 18293, 99642,20220911,  130,    0
 18293, 99642,20220912,  125,    0
 18293, 99642,20220913,  139,    0
 18293, 99642,20220914,  134,    0
 18293, 99642,20220915,  117,    0
 18293, 99642,20220916,  119,    0
 18293, 99642,20220917,  123,    0
 18293, 99642,20220918,  119,    0
 18293, 99642,20220919,  104,    0
 18293, 99642,20220920,   89,    0
 18293, 99642,20220921,   80,    0
 18293, 99642,20220922,  100,    0
 18293, 99642,20220923,  116,    0
 18293, 99642,20220924,  105,    0
 18293, 99642,20220925,   96,    0
 18293, 99642,20220926,  108,    0
 18293, 99642,20220927,  103,    0
 18293, 99642,20220928,  116,    0
 18293, 99642,20220929,   88,    0
 18293, 99642,20220930,   79,    0
 18293, 99642,20221001,  106,    0
 18293, 99642,20221002,  105,    0
 18293, 99642,20221003,  108,    0
 18293, 99642,20221004,  103,    0
 18293, 99642,20221005,  130,    0
 18293, 99642,20221006,  107,    0
 18293, 99642,20221007,  114,    0
 18293, 99642,20221008,   86,    0
 18293, 99642,20221009,   95,    0
 18293, 99642,20221010,   93,    0
 18293, 99642,20221011,   71,    0
 18293, 99642,20221012,   86,    0
 18293, 99642,20221013,   94,    0
 18293, 99642,20221014,   69,    0
 18293, 99642,20221015,   90,    0
 18293, 99642,20221016,   76,    0
 18293, 99642,20221017,   65,    0
 18293, 99642,20221018,   79,    0
 18293, 99642,20221019,   55,    0
 18293, 99642,20221020,   51,    0
 18293, 99642,20221021,   51,    0
 18293, 99642,20221022,   67,    0
 18293, 99642,20221023,   80,    0
 18293, 99642,20221024,   76,    0
 18293, 99642,20221025,   98,    0
 18293, 99642,20221026,   99,    0
 18293, 99642,20221027,  105,    0
 18293, 99642,20221028,  121,    0
 18293, 99642,20221029,  100,    0
 18293, 99642,20221030,   75,    0
 18293, 99642,20221031,  103,    0
