EUROPEAN CLIMATE ASSESSMENT & DATASET (ECA&D), file created on: 16-11-2022
THESE DATA CAN BE USED FOR NON-COMMERCIAL RESEARCH AND EDUCATION PROVIDED THAT THE FOLLOWING SOURCE IS ACKNOWLEDGED: 

Klein Tank, A.M.G. and Coauthors, 2002. Daily dataset of 20th-century surface
air temperature and precipitation series for the European Climate Assessment.
Int. J. of Climatol., 22, 1441-1453.
Data and metadata available at http://www.ecad.eu

FILE FORMAT (MISSING VALUE CODE = -9999):

01-06 STAID: Station identifier
08-13 SOUID: Source identifier
15-22 DATE : Date YYYYMMDD
24-28 TG   : Mean temperature in 0.1 &#176;C
30-34 Q_TG : quality code for TG (0='valid'; 1='suspect'; 9='missing')

This is the blended series of station MALANGEN - PALFINNMOEN, NORWAY (STAID: 18148)
Blended and updated with sources:99242 
See files sources.txt and stations.txt for more info.

STAID, SOUID,    DATE,   TG, Q_TG
 18148, 99242,20150930,   52,    0
 18148, 99242,20151001,   43,    0
 18148, 99242,20151002,   44,    0
 18148, 99242,20151003,   14,    0
 18148, 99242,20151004,   15,    0
 18148, 99242,20151005,   13,    0
 18148, 99242,20151006,   10,    0
 18148, 99242,20151007,   32,    0
 18148, 99242,20151008,   50,    0
 18148, 99242,20151009,   39,    0
 18148, 99242,20151010,   20,    0
 18148, 99242,20151011,   48,    0
 18148, 99242,20151012,   72,    0
 18148, 99242,20151013,   68,    0
 18148, 99242,20151014,   64,    0
 18148, 99242,20151015,   67,    0
 18148, 99242,20151016,   40,    0
 18148, 99242,20151017,   69,    0
 18148, 99242,20151018,   74,    0
 18148, 99242,20151019,   67,    0
 18148, 99242,20151020,   67,    0
 18148, 99242,20151021,   60,    0
 18148, 99242,20151022,   25,    0
 18148, 99242,20151023,   -1,    0
 18148, 99242,20151024,   71,    0
 18148, 99242,20151025,   44,    0
 18148, 99242,20151026,    6,    0
 18148, 99242,20151027,    4,    0
 18148, 99242,20151028,   28,    0
 18148, 99242,20151029,    0,    0
 18148, 99242,20151030,  -43,    0
 18148, 99242,20151031,   17,    0
 18148, 99242,20151101,   60,    0
 18148, 99242,20151102,   42,    0
 18148, 99242,20151103,   47,    0
 18148, 99242,20151104,   27,    0
 18148, 99242,20151105,   11,    0
 18148, 99242,20151106,  -18,    0
 18148, 99242,20151107,   30,    0
 18148, 99242,20151108,   38,    0
 18148, 99242,20151109,   46,    0
 18148, 99242,20151110,   41,    0
 18148, 99242,20151111,   28,    0
 18148, 99242,20151112,    2,    0
 18148, 99242,20151113,    0,    0
 18148, 99242,20151114,   22,    0
 18148, 99242,20151115,    9,    0
 18148, 99242,20151116,  -29,    0
 18148, 99242,20151117,   -1,    0
 18148, 99242,20151118,   -7,    0
 18148, 99242,20151119,  -37,    0
 18148, 99242,20151120,   -7,    0
 18148, 99242,20151121,  -43,    0
 18148, 99242,20151122, -113,    0
 18148, 99242,20151123,   -9,    0
 18148, 99242,20151124,   27,    0
 18148, 99242,20151125,   -8,    0
 18148, 99242,20151126,   11,    0
 18148, 99242,20151127,   12,    0
 18148, 99242,20151128,  -10,    0
 18148, 99242,20151129,   -6,    0
 18148, 99242,20151130,    9,    0
 18148, 99242,20151201,  -30,    0
 18148, 99242,20151202,    6,    0
 18148, 99242,20151203,   14,    0
 18148, 99242,20151204,   24,    0
 18148, 99242,20151205,   11,    0
 18148, 99242,20151206,   13,    0
 18148, 99242,20151207,   12,    0
 18148, 99242,20151208,   -1,    0
 18148, 99242,20151209,   10,    0
 18148, 99242,20151210,   -4,    0
 18148, 99242,20151211,  -35,    0
 18148, 99242,20151212,  -47,    0
 18148, 99242,20151213,  -43,    0
 18148, 99242,20151214,  -32,    0
 18148, 99242,20151215,  -36,    0
 18148, 99242,20151216,  -53,    0
 18148, 99242,20151217,  -59,    0
 18148, 99242,20151218,   15,    0
 18148, 99242,20151219,   12,    0
 18148, 99242,20151220,   23,    0
 18148, 99242,20151221,    1,    0
 18148, 99242,20151222,  -17,    0
 18148, 99242,20151223,    0,    0
 18148, 99242,20151224,   37,    0
 18148, 99242,20151225,   14,    0
 18148, 99242,20151226,  -43,    0
 18148, 99242,20151227,  -50,    0
 18148, 99242,20151228,  -71,    0
 18148, 99242,20151229,   -8,    0
 18148, 99242,20151230,   -7,    0
 18148, 99242,20151231,   34,    0
 18148, 99242,20160101,   26,    0
 18148, 99242,20160102,   10,    0
 18148, 99242,20160103,  -73,    0
 18148, 99242,20160104,  -89,    0
 18148, 99242,20160105, -133,    0
 18148, 99242,20160106, -163,    0
 18148, 99242,20160107, -207,    0
 18148, 99242,20160108, -182,    0
 18148, 99242,20160109, -105,    0
 18148, 99242,20160110,  -83,    0
 18148, 99242,20160111,  -91,    0
 18148, 99242,20160112, -101,    0
 18148, 99242,20160113, -150,    0
 18148, 99242,20160114, -168,    0
 18148, 99242,20160115, -125,    0
 18148, 99242,20160116,  -37,    0
 18148, 99242,20160117,  -45,    0
 18148, 99242,20160118, -134,    0
 18148, 99242,20160119, -189,    0
 18148, 99242,20160120, -170,    0
 18148, 99242,20160121, -104,    0
 18148, 99242,20160122,   13,    0
 18148, 99242,20160123,  -16,    0
 18148, 99242,20160124,  -75,    0
 18148, 99242,20160125,  -12,    0
 18148, 99242,20160126,  -19,    0
 18148, 99242,20160127,    5,    0
 18148, 99242,20160128,   -7,    0
 18148, 99242,20160129,   -7,    0
 18148, 99242,20160130,  -13,    0
 18148, 99242,20160131,   -8,    0
 18148, 99242,20160201,  -13,    0
 18148, 99242,20160202,  -69,    0
 18148, 99242,20160203,  -65,    0
 18148, 99242,20160204,  -68,    0
 18148, 99242,20160205,  -74,    0
 18148, 99242,20160206,  -50,    0
 18148, 99242,20160207,  -23,    0
 18148, 99242,20160208,  -17,    0
 18148, 99242,20160209,   -6,    0
 18148, 99242,20160210,  -41,    0
 18148, 99242,20160211,  -59,    0
 18148, 99242,20160212,  -72,    0
 18148, 99242,20160213,  -83,    0
 18148, 99242,20160214,  -38,    0
 18148, 99242,20160215,  -71,    0
 18148, 99242,20160216,  -21,    0
 18148, 99242,20160217,   23,    0
 18148, 99242,20160218,   21,    0
 18148, 99242,20160219,   -6,    0
 18148, 99242,20160220,  -17,    0
 18148, 99242,20160221,    4,    0
 18148, 99242,20160222,  -16,    0
 18148, 99242,20160223,  -34,    0
 18148, 99242,20160224,  -47,    0
 18148, 99242,20160225,  -95,    0
 18148, 99242,20160226, -113,    0
 18148, 99242,20160227,  -73,    0
 18148, 99242,20160228,  -35,    0
 18148, 99242,20160229,   -8,    0
 18148, 99242,20160301,   -2,    0
 18148, 99242,20160302,  -21,    0
 18148, 99242,20160303,  -33,    0
 18148, 99242,20160304,  -16,    0
 18148, 99242,20160305,  -14,    0
 18148, 99242,20160306,   -7,    0
 18148, 99242,20160307,   -1,    0
 18148, 99242,20160308,  -14,    0
 18148, 99242,20160309,  -61,    0
 18148, 99242,20160310,  -56,    0
 18148, 99242,20160311,    4,    0
 18148, 99242,20160312,   41,    0
 18148, 99242,20160313,   32,    0
 18148, 99242,20160314,   28,    0
 18148, 99242,20160315,   47,    0
 18148, 99242,20160316,    7,    0
 18148, 99242,20160317,  -41,    0
 18148, 99242,20160318,  -56,    0
 18148, 99242,20160319,  -55,    0
 18148, 99242,20160320,  -69,    0
 18148, 99242,20160321,  -74,    0
 18148, 99242,20160322,  -86,    0
 18148, 99242,20160323,  -52,    0
 18148, 99242,20160324,  -61,    0
 18148, 99242,20160325,  -22,    0
 18148, 99242,20160326,   34,    0
 18148, 99242,20160327,   53,    0
 18148, 99242,20160328,   54,    0
 18148, 99242,20160329,   57,    0
 18148, 99242,20160330,   54,    0
 18148, 99242,20160331,   22,    0
 18148, 99242,20160401,   18,    0
 18148, 99242,20160402,    7,    0
 18148, 99242,20160403,   30,    0
 18148, 99242,20160404,   41,    0
 18148, 99242,20160405,   22,    0
 18148, 99242,20160406,    9,    0
 18148, 99242,20160407,   24,    0
 18148, 99242,20160408,   34,    0
 18148, 99242,20160409,   35,    0
 18148, 99242,20160410,   25,    0
 18148, 99242,20160411,   17,    0
 18148, 99242,20160412,   -9,    0
 18148, 99242,20160413,  -22,    0
 18148, 99242,20160414,  -12,    0
 18148, 99242,20160415,   13,    0
 18148, 99242,20160416,    8,    0
 18148, 99242,20160417,    9,    0
 18148, 99242,20160418,    0,    0
 18148, 99242,20160419,    2,    0
 18148, 99242,20160420,   15,    0
 18148, 99242,20160421,   14,    0
 18148, 99242,20160422,   14,    0
 18148, 99242,20160423,    5,    0
 18148, 99242,20160424,   10,    0
 18148, 99242,20160425,   21,    0
 18148, 99242,20160426,   32,    0
 18148, 99242,20160427,   73,    0
 18148, 99242,20160428,   93,    0
 18148, 99242,20160429,  100,    0
 18148, 99242,20160430,   90,    0
 18148, 99242,20160501,   72,    0
 18148, 99242,20160502,   77,    0
 18148, 99242,20160503,   89,    0
 18148, 99242,20160504,   61,    0
 18148, 99242,20160505,   71,    0
 18148, 99242,20160506,   69,    0
 18148, 99242,20160507,   76,    0
 18148, 99242,20160508,   57,    0
 18148, 99242,20160509,   42,    0
 18148, 99242,20160510,   37,    0
 18148, 99242,20160511,   47,    0
 18148, 99242,20160512,   47,    0
 18148, 99242,20160513,   52,    0
 18148, 99242,20160514,   54,    0
 18148, 99242,20160515,   55,    0
 18148, 99242,20160516,   46,    0
 18148, 99242,20160517,   29,    0
 18148, 99242,20160518,   31,    0
 18148, 99242,20160519,   37,    0
 18148, 99242,20160520,   48,    0
 18148, 99242,20160521,   99,    0
 18148, 99242,20160522,  123,    0
 18148, 99242,20160523,  100,    0
 18148, 99242,20160524,   82,    0
 18148, 99242,20160525,   63,    0
 18148, 99242,20160526,   86,    0
 18148, 99242,20160527,  140,    0
 18148, 99242,20160528,  140,    0
 18148, 99242,20160529,  137,    0
 18148, 99242,20160530,  160,    0
 18148, 99242,20160531,  117,    0
 18148, 99242,20160601,   70,    0
 18148, 99242,20160602,   85,    0
 18148, 99242,20160603,   44,    0
 18148, 99242,20160604,   35,    0
 18148, 99242,20160605,   37,    0
 18148, 99242,20160606,   56,    0
 18148, 99242,20160607,   41,    0
 18148, 99242,20160608,   36,    0
 18148, 99242,20160609,   35,    0
 18148, 99242,20160610,   54,    0
 18148, 99242,20160611,   61,    0
 18148, 99242,20160612,   55,    0
 18148, 99242,20160613,   56,    0
 18148, 99242,20160614,   57,    0
 18148, 99242,20160615,   67,    0
 18148, 99242,20160616,   83,    0
 18148, 99242,20160617,  115,    0
 18148, 99242,20160618,   78,    0
 18148, 99242,20160619,   69,    0
 18148, 99242,20160620,   71,    0
 18148, 99242,20160621,  120,    0
 18148, 99242,20160622,   91,    0
 18148, 99242,20160623,  107,    0
 18148, 99242,20160624,  109,    0
 18148, 99242,20160625,  107,    0
 18148, 99242,20160626,  108,    0
 18148, 99242,20160627,  204,    0
 18148, 99242,20160628,  142,    0
 18148, 99242,20160629,  122,    0
 18148, 99242,20160630,  181,    0
 18148, 99242,20160701,  177,    0
 18148, 99242,20160702,  188,    0
 18148, 99242,20160703,  152,    0
 18148, 99242,20160704,  136,    0
 18148, 99242,20160705,  109,    0
 18148, 99242,20160706,  108,    0
 18148, 99242,20160707,   93,    0
 18148, 99242,20160708,  102,    0
 18148, 99242,20160709,  100,    0
 18148, 99242,20160710,   91,    0
 18148, 99242,20160711,  123,    0
 18148, 99242,20160712,  162,    0
 18148, 99242,20160713,  101,    0
 18148, 99242,20160714,   96,    0
 18148, 99242,20160715,  105,    0
 18148, 99242,20160716,  110,    0
 18148, 99242,20160717,  112,    0
 18148, 99242,20160718,   85,    0
 18148, 99242,20160719,   96,    0
 18148, 99242,20160720,  107,    0
 18148, 99242,20160721,  137,    0
 18148, 99242,20160722,  207,    0
 18148, 99242,20160723,  202,    0
 18148, 99242,20160724,  133,    0
 18148, 99242,20160725,  127,    0
 18148, 99242,20160726,  165,    0
 18148, 99242,20160727,  164,    0
 18148, 99242,20160728,  155,    0
 18148, 99242,20160729,  158,    0
 18148, 99242,20160730,  139,    0
 18148, 99242,20160731,  127,    0
 18148, 99242,20160801,  105,    0
 18148, 99242,20160802,  139,    0
 18148, 99242,20160803,  146,    0
 18148, 99242,20160804,  133,    0
 18148, 99242,20160805,  112,    0
 18148, 99242,20160806,  114,    0
 18148, 99242,20160807,  101,    0
 18148, 99242,20160808,  129,    0
 18148, 99242,20160809,   90,    0
 18148, 99242,20160810,   70,    0
 18148, 99242,20160811,   86,    0
 18148, 99242,20160812,   93,    0
 18148, 99242,20160813,   99,    0
 18148, 99242,20160814,   85,    0
 18148, 99242,20160815,  100,    0
 18148, 99242,20160816,   94,    0
 18148, 99242,20160817,  118,    0
 18148, 99242,20160818,  169,    0
 18148, 99242,20160819,  178,    0
 18148, 99242,20160820,  173,    0
 18148, 99242,20160821,  128,    0
 18148, 99242,20160822,   99,    0
 18148, 99242,20160823,   82,    0
 18148, 99242,20160824,   87,    0
 18148, 99242,20160825,   78,    0
 18148, 99242,20160826,   85,    0
 18148, 99242,20160827,   67,    0
 18148, 99242,20160828,   63,    0
 18148, 99242,20160829,   80,    0
 18148, 99242,20160830,   85,    0
 18148, 99242,20160831,   92,    0
 18148, 99242,20160901,  116,    0
 18148, 99242,20160902,   66,    0
 18148, 99242,20160903,   68,    0
 18148, 99242,20160904,   72,    0
 18148, 99242,20160905,   68,    0
 18148, 99242,20160906,   73,    0
 18148, 99242,20160907,   92,    0
 18148, 99242,20160908,   94,    0
 18148, 99242,20160909,  113,    0
 18148, 99242,20160910,  125,    0
 18148, 99242,20160911,  125,    0
 18148, 99242,20160912,   90,    0
 18148, 99242,20160913,  117,    0
 18148, 99242,20160914,  125,    0
 18148, 99242,20160915,   76,    0
 18148, 99242,20160916,   93,    0
 18148, 99242,20160917,  117,    0
 18148, 99242,20160918,  139,    0
 18148, 99242,20160919,  139,    0
 18148, 99242,20160920,  109,    0
 18148, 99242,20160921,  120,    0
 18148, 99242,20160922,  105,    0
 18148, 99242,20160923,  117,    0
 18148, 99242,20160924,   93,    0
 18148, 99242,20160925,   97,    0
 18148, 99242,20160926,  143,    0
 18148, 99242,20160927,  110,    0
 18148, 99242,20160928,  114,    0
 18148, 99242,20160929,   85,    0
 18148, 99242,20160930,   79,    0
 18148, 99242,20161001,   74,    0
 18148, 99242,20161002,   47,    0
 18148, 99242,20161003,   27,    0
 18148, 99242,20161004,   29,    0
 18148, 99242,20161005,   85,    0
 18148, 99242,20161006,   78,    0
 18148, 99242,20161007,   74,    0
 18148, 99242,20161008,   63,    0
 18148, 99242,20161009,   21,    0
 18148, 99242,20161010,    2,    0
 18148, 99242,20161011,   42,    0
 18148, 99242,20161012,   73,    0
 18148, 99242,20161013,   66,    0
 18148, 99242,20161014,   54,    0
 18148, 99242,20161015,   17,    0
 18148, 99242,20161016,   22,    0
 18148, 99242,20161017,  -15,    0
 18148, 99242,20161018,  -19,    0
 18148, 99242,20161019,   24,    0
 18148, 99242,20161020,   45,    0
 18148, 99242,20161021,   41,    0
 18148, 99242,20161022,   38,    0
 18148, 99242,20161023,   29,    0
 18148, 99242,20161024,   23,    0
 18148, 99242,20161025,   37,    0
 18148, 99242,20161026,   29,    0
 18148, 99242,20161027,   31,    0
 18148, 99242,20161028,   35,    0
 18148, 99242,20161029,   13,    0
 18148, 99242,20161030,   12,    0
 18148, 99242,20161031,   -9,    0
 18148, 99242,20161101,    3,    0
 18148, 99242,20161102,  -11,    0
 18148, 99242,20161103,  -46,    0
 18148, 99242,20161104,  -54,    0
 18148, 99242,20161105,  -58,    0
 18148, 99242,20161106,  -71,    0
 18148, 99242,20161107,  -89,    0
 18148, 99242,20161108,  -45,    0
 18148, 99242,20161109,  -53,    0
 18148, 99242,20161110,  -24,    0
 18148, 99242,20161111,  -74,    0
 18148, 99242,20161112,  -27,    0
 18148, 99242,20161113,   36,    0
 18148, 99242,20161114,   36,    0
 18148, 99242,20161115,   47,    0
 18148, 99242,20161116,   34,    0
 18148, 99242,20161117,   23,    0
 18148, 99242,20161118,   20,    0
 18148, 99242,20161119,   20,    0
 18148, 99242,20161120,   15,    0
 18148, 99242,20161121,  -35,    0
 18148, 99242,20161122,  -16,    0
 18148, 99242,20161123,   -8,    0
 18148, 99242,20161124,  -11,    0
 18148, 99242,20161125,  -12,    0
 18148, 99242,20161126,  -30,    0
 18148, 99242,20161127,  -14,    0
 18148, 99242,20161128,  -29,    0
 18148, 99242,20161129,   21,    0
 18148, 99242,20161130,   17,    0
 18148, 99242,20161201,    3,    0
 18148, 99242,20161202,  -83,    0
 18148, 99242,20161203, -118,    0
 18148, 99242,20161204,  -20,    0
 18148, 99242,20161205,  -10,    0
 18148, 99242,20161206,  -15,    0
 18148, 99242,20161207,    6,    0
 18148, 99242,20161208,   -2,    0
 18148, 99242,20161209,  -32,    0
 18148, 99242,20161210,  -53,    0
 18148, 99242,20161211,  -46,    0
 18148, 99242,20161212,  -17,    0
 18148, 99242,20161213,   -6,    0
 18148, 99242,20161214,   20,    0
 18148, 99242,20161215,   32,    0
 18148, 99242,20161216,   36,    0
 18148, 99242,20161217,   33,    0
 18148, 99242,20161218,   23,    0
 18148, 99242,20161219,   51,    0
 18148, 99242,20161220,   26,    0
 18148, 99242,20161221,   58,    0
 18148, 99242,20161222,   14,    0
 18148, 99242,20161223,   -9,    0
 18148, 99242,20161224,  -24,    0
 18148, 99242,20161225,  -65,    0
 18148, 99242,20161226,  -17,    0
 18148, 99242,20161227,    5,    0
 18148, 99242,20161228,    7,    0
 18148, 99242,20161229,   11,    0
 18148, 99242,20161230,   14,    0
 18148, 99242,20161231,  -14,    0
 18148, 99242,20170101,   -9,    0
 18148, 99242,20170102,  -69,    0
 18148, 99242,20170103, -116,    0
 18148, 99242,20170104, -173,    0
 18148, 99242,20170105, -123,    0
 18148, 99242,20170106,   18,    0
 18148, 99242,20170107,    7,    0
 18148, 99242,20170108,   12,    0
 18148, 99242,20170109,  -12,    0
 18148, 99242,20170110,  -52,    0
 18148, 99242,20170111,  -52,    0
 18148, 99242,20170112,  -16,    0
 18148, 99242,20170113,  -39,    0
 18148, 99242,20170114,  -42,    0
 18148, 99242,20170115,  -89,    0
 18148, 99242,20170116,  -26,    0
 18148, 99242,20170117,   11,    0
 18148, 99242,20170118,   -1,    0
 18148, 99242,20170119,  -28,    0
 18148, 99242,20170120,  -36,    0
 18148, 99242,20170121,  -26,    0
 18148, 99242,20170122,  -40,    0
 18148, 99242,20170123,  -67,    0
 18148, 99242,20170124,  -45,    0
 18148, 99242,20170125,   31,    0
 18148, 99242,20170126,   22,    0
 18148, 99242,20170127,   54,    0
 18148, 99242,20170128,   33,    0
 18148, 99242,20170129,   38,    0
 18148, 99242,20170130,  -16,    0
 18148, 99242,20170131,  -35,    0
 18148, 99242,20170201,  -46,    0
 18148, 99242,20170202,  -16,    0
 18148, 99242,20170203,  -76,    0
 18148, 99242,20170204,  -74,    0
 18148, 99242,20170205,  -19,    0
 18148, 99242,20170206,  -92,    0
 18148, 99242,20170207, -115,    0
 18148, 99242,20170208, -117,    0
 18148, 99242,20170209, -116,    0
 18148, 99242,20170210, -120,    0
 18148, 99242,20170211,  -87,    0
 18148, 99242,20170212,   33,    0
 18148, 99242,20170213,   39,    0
 18148, 99242,20170214,   11,    0
 18148, 99242,20170215,   22,    0
 18148, 99242,20170216,   18,    0
 18148, 99242,20170217,  -10,    0
 18148, 99242,20170218,  -59,    0
 18148, 99242,20170219,  -52,    0
 18148, 99242,20170220,  -53,    0
 18148, 99242,20170221,  -62,    0
 18148, 99242,20170222, -116,    0
 18148, 99242,20170223, -108,    0
 18148, 99242,20170224,  -43,    0
 18148, 99242,20170225,  -49,    0
 18148, 99242,20170226,  -66,    0
 18148, 99242,20170227,  -74,    0
 18148, 99242,20170228,  -71,    0
 18148, 99242,20170301,  -43,    0
 18148, 99242,20170302,  -75,    0
 18148, 99242,20170303,  -83,    0
 18148, 99242,20170304,  -75,    0
 18148, 99242,20170305,  -74,    0
 18148, 99242,20170306,  -98,    0
 18148, 99242,20170307,  -94,    0
 18148, 99242,20170308,  -34,    0
 18148, 99242,20170309,  -53,    0
 18148, 99242,20170310,  -21,    0
 18148, 99242,20170311,  -22,    0
 18148, 99242,20170312,  -31,    0
 18148, 99242,20170313,  -12,    0
 18148, 99242,20170314,   37,    0
 18148, 99242,20170315,   14,    0
 18148, 99242,20170316,   -5,    0
 18148, 99242,20170317,   -7,    0
 18148, 99242,20170318,  -43,    0
 18148, 99242,20170319,  -49,    0
 18148, 99242,20170320,  -10,    0
 18148, 99242,20170321,   12,    0
 18148, 99242,20170322,    9,    0
 18148, 99242,20170323,  -14,    0
 18148, 99242,20170324,   -4,    0
 18148, 99242,20170325,   21,    0
 18148, 99242,20170326,   11,    0
 18148, 99242,20170327,  -19,    0
 18148, 99242,20170328,  -36,    0
 18148, 99242,20170329,  -44,    0
 18148, 99242,20170330,  -42,    0
 18148, 99242,20170331,  -25,    0
 18148, 99242,20170401,  -22,    0
 18148, 99242,20170402,  -40,    0
 18148, 99242,20170403,   17,    0
 18148, 99242,20170404,   43,    0
 18148, 99242,20170405,   22,    0
 18148, 99242,20170406,  -11,    0
 18148, 99242,20170407,  -21,    0
 18148, 99242,20170408,  -19,    0
 18148, 99242,20170409,  -13,    0
 18148, 99242,20170410,    3,    0
 18148, 99242,20170411,  -18,    0
 18148, 99242,20170412,  -27,    0
 18148, 99242,20170413,  -36,    0
 18148, 99242,20170414,  -31,    0
 18148, 99242,20170415,  -38,    0
 18148, 99242,20170416,  -33,    0
 18148, 99242,20170417,  -42,    0
 18148, 99242,20170418,  -23,    0
 18148, 99242,20170419,    6,    0
 18148, 99242,20170420,   21,    0
 18148, 99242,20170421,   13,    0
 18148, 99242,20170422,   11,    0
 18148, 99242,20170423,  -10,    0
 18148, 99242,20170424,  -31,    0
 18148, 99242,20170425,  -25,    0
 18148, 99242,20170426,  -19,    0
 18148, 99242,20170427,    3,    0
 18148, 99242,20170428,    4,    0
 18148, 99242,20170429,   11,    0
 18148, 99242,20170430,   10,    0
 18148, 99242,20170501,   12,    0
 18148, 99242,20170502,   28,    0
 18148, 99242,20170503,   29,    0
 18148, 99242,20170504,   39,    0
 18148, 99242,20170505,   42,    0
 18148, 99242,20170506,    7,    0
 18148, 99242,20170507,  -15,    0
 18148, 99242,20170508,  -14,    0
 18148, 99242,20170509,   -2,    0
 18148, 99242,20170510,    5,    0
 18148, 99242,20170511,   -7,    0
 18148, 99242,20170512,    2,    0
 18148, 99242,20170513,   16,    0
 18148, 99242,20170514,   26,    0
 18148, 99242,20170515,   40,    0
 18148, 99242,20170516,   53,    0
 18148, 99242,20170517,   66,    0
 18148, 99242,20170518,   78,    0
 18148, 99242,20170519,   53,    0
 18148, 99242,20170520,   48,    0
 18148, 99242,20170521,   47,    0
 18148, 99242,20170522,   48,    0
 18148, 99242,20170523,   31,    0
 18148, 99242,20170524,   46,    0
 18148, 99242,20170525,   39,    0
 18148, 99242,20170526,   23,    0
 18148, 99242,20170527,   40,    0
 18148, 99242,20170528,   42,    0
 18148, 99242,20170529,   20,    0
 18148, 99242,20170530,   11,    0
 18148, 99242,20170531,   28,    0
 18148, 99242,20170601,   39,    0
 18148, 99242,20170602,   37,    0
 18148, 99242,20170603,   42,    0
 18148, 99242,20170604,   49,    0
 18148, 99242,20170605,   50,    0
 18148, 99242,20170606,   96,    0
 18148, 99242,20170607,  135,    0
 18148, 99242,20170608,  142,    0
 18148, 99242,20170609,  135,    0
 18148, 99242,20170610,  114,    0
 18148, 99242,20170611,  123,    0
 18148, 99242,20170612,  122,    0
 18148, 99242,20170613,   94,    0
 18148, 99242,20170614,  115,    0
 18148, 99242,20170615,   85,    0
 18148, 99242,20170616,   79,    0
 18148, 99242,20170617,   85,    0
 18148, 99242,20170618,   87,    0
 18148, 99242,20170619,   84,    0
 18148, 99242,20170620,   93,    0
 18148, 99242,20170621,   67,    0
 18148, 99242,20170622,   72,    0
 18148, 99242,20170623,   83,    0
 18148, 99242,20170624,  114,    0
 18148, 99242,20170625,   96,    0
 18148, 99242,20170626,  119,    0
 18148, 99242,20170627,   86,    0
 18148, 99242,20170628,   67,    0
 18148, 99242,20170629,   94,    0
 18148, 99242,20170630,  119,    0
 18148, 99242,20170701,  154,    0
 18148, 99242,20170702,  137,    0
 18148, 99242,20170703,   77,    0
 18148, 99242,20170704,   72,    0
 18148, 99242,20170705,   61,    0
 18148, 99242,20170706,   82,    0
 18148, 99242,20170707,   81,    0
 18148, 99242,20170708,  117,    0
 18148, 99242,20170709,  159,    0
 18148, 99242,20170710,  138,    0
 18148, 99242,20170711,  131,    0
 18148, 99242,20170712,  118,    0
 18148, 99242,20170713,   93,    0
 18148, 99242,20170714,  102,    0
 18148, 99242,20170715,  104,    0
 18148, 99242,20170716,  128,    0
 18148, 99242,20170717,  100,    0
 18148, 99242,20170718,   87,    0
 18148, 99242,20170719,   92,    0
 18148, 99242,20170720,   87,    0
 18148, 99242,20170721,  116,    0
 18148, 99242,20170722,  137,    0
 18148, 99242,20170723,  153,    0
 18148, 99242,20170724,  173,    0
 18148, 99242,20170725,  175,    0
 18148, 99242,20170726,  161,    0
 18148, 99242,20170727,  167,    0
 18148, 99242,20170728,  178,    0
 18148, 99242,20170729,  179,    0
 18148, 99242,20170730,  122,    0
 18148, 99242,20170731,   99,    0
 18148, 99242,20170801,  145,    0
 18148, 99242,20170802,  128,    0
 18148, 99242,20170803,  122,    0
 18148, 99242,20170804,  143,    0
 18148, 99242,20170805,  152,    0
 18148, 99242,20170806,  138,    0
 18148, 99242,20170807,  121,    0
 18148, 99242,20170808,  131,    0
 18148, 99242,20170809,  104,    0
 18148, 99242,20170810,  136,    0
 18148, 99242,20170811,  116,    0
 18148, 99242,20170812,  125,    0
 18148, 99242,20170813,  107,    0
 18148, 99242,20170814,   86,    0
 18148, 99242,20170815,   80,    0
 18148, 99242,20170816,  119,    0
 18148, 99242,20170817,  106,    0
 18148, 99242,20170818,  141,    0
 18148, 99242,20170819,  150,    0
 18148, 99242,20170820,  108,    0
 18148, 99242,20170821,   66,    0
 18148, 99242,20170822,   62,    0
 18148, 99242,20170823,   81,    0
 18148, 99242,20170824,   82,    0
 18148, 99242,20170825,   56,    0
 18148, 99242,20170826,   67,    0
 18148, 99242,20170827,   74,    0
 18148, 99242,20170828,   92,    0
 18148, 99242,20170829,  107,    0
 18148, 99242,20170830,   94,    0
 18148, 99242,20170831,   77,    0
 18148, 99242,20170901,   59,    0
 18148, 99242,20170902,   74,    0
 18148, 99242,20170903,   98,    0
 18148, 99242,20170904,  120,    0
 18148, 99242,20170905,  118,    0
 18148, 99242,20170906,  120,    0
 18148, 99242,20170907,  112,    0
 18148, 99242,20170908,  103,    0
 18148, 99242,20170909,   83,    0
 18148, 99242,20170910,   90,    0
 18148, 99242,20170911,  106,    0
 18148, 99242,20170912,  112,    0
 18148, 99242,20170913,  102,    0
 18148, 99242,20170914,   88,    0
 18148, 99242,20170915,   55,    0
 18148, 99242,20170916,   66,    0
 18148, 99242,20170917,   71,    0
 18148, 99242,20170918,   77,    0
 18148, 99242,20170919,   59,    0
 18148, 99242,20170920,   59,    0
 18148, 99242,20170921,   54,    0
 18148, 99242,20170922,   85,    0
 18148, 99242,20170923,   86,    0
 18148, 99242,20170924,   93,    0
 18148, 99242,20170925,  105,    0
 18148, 99242,20170926,  106,    0
 18148, 99242,20170927,   88,    0
 18148, 99242,20170928,   94,    0
 18148, 99242,20170929,   88,    0
 18148, 99242,20170930,  112,    0
 18148, 99242,20171001,   93,    0
 18148, 99242,20171002,   70,    0
 18148, 99242,20171003,   69,    0
 18148, 99242,20171004,   65,    0
 18148, 99242,20171005,   54,    0
 18148, 99242,20171006,   48,    0
 18148, 99242,20171007,   42,    0
 18148, 99242,20171008,   43,    0
 18148, 99242,20171009,   35,    0
 18148, 99242,20171010,   26,    0
 18148, 99242,20171011,   34,    0
 18148, 99242,20171012,   30,    0
 18148, 99242,20171013,   25,    0
 18148, 99242,20171014,   31,    0
 18148, 99242,20171015,   42,    0
 18148, 99242,20171016,   46,    0
 18148, 99242,20171017,   39,    0
 18148, 99242,20171018,   29,    0
 18148, 99242,20171019,   20,    0
 18148, 99242,20171020,    0,    0
 18148, 99242,20171021,    8,    0
 18148, 99242,20171022,    6,    0
 18148, 99242,20171023,  -22,    0
 18148, 99242,20171024,  -28,    0
 18148, 99242,20171025,    0,    0
 18148, 99242,20171026,   -5,    0
 18148, 99242,20171027,   27,    0
 18148, 99242,20171028,    2,    0
 18148, 99242,20171029,  -10,    0
 18148, 99242,20171030,  -12,    0
 18148, 99242,20171031,  -24,    0
 18148, 99242,20171101,  -19,    0
 18148, 99242,20171102,    6,    0
 18148, 99242,20171103,   25,    0
 18148, 99242,20171104,   28,    0
 18148, 99242,20171105,   15,    0
 18148, 99242,20171106,   15,    0
 18148, 99242,20171107,   11,    0
 18148, 99242,20171108,   44,    0
 18148, 99242,20171109,   32,    0
 18148, 99242,20171110,   15,    0
 18148, 99242,20171111,  -11,    0
 18148, 99242,20171112,  -72,    0
 18148, 99242,20171113,  -33,    0
 18148, 99242,20171114,    7,    0
 18148, 99242,20171115,   -2,    0
 18148, 99242,20171116,   -9,    0
 18148, 99242,20171117,  -19,    0
 18148, 99242,20171118,  -50,    0
 18148, 99242,20171119,  -89,    0
 18148, 99242,20171120,  -89,    0
 18148, 99242,20171121,  -29,    0
 18148, 99242,20171122,  -43,    0
 18148, 99242,20171123,  -43,    0
 18148, 99242,20171124,  -22,    0
 18148, 99242,20171125,    1,    0
 18148, 99242,20171126,    3,    0
 18148, 99242,20171127,    4,    0
 18148, 99242,20171128,  -15,    0
 18148, 99242,20171129,  -66,    0
 18148, 99242,20171130, -122,    0
 18148, 99242,20171201,  -34,    0
 18148, 99242,20171202,    0,    0
 18148, 99242,20171203,   -2,    0
 18148, 99242,20171204,  -29,    0
 18148, 99242,20171205,  -20,    0
 18148, 99242,20171206,  -40,    0
 18148, 99242,20171207,  -52,    0
 18148, 99242,20171208,  -39,    0
 18148, 99242,20171209,  -16,    0
 18148, 99242,20171210,    9,    0
 18148, 99242,20171211,  -21,    0
 18148, 99242,20171212,  -71,    0
 18148, 99242,20171213,  -84,    0
 18148, 99242,20171214,  -23,    0
 18148, 99242,20171215,  -84,    0
 18148, 99242,20171216, -102,    0
 18148, 99242,20171217,  -68,    0
 18148, 99242,20171218,  -56,    0
 18148, 99242,20171219,   23,    0
 18148, 99242,20171220,   32,    0
 18148, 99242,20171221,   19,    0
 18148, 99242,20171222,  -11,    0
 18148, 99242,20171223,  -56,    0
 18148, 99242,20171224,  -33,    0
 18148, 99242,20171225, -125,    0
 18148, 99242,20171226, -111,    0
 18148, 99242,20171227, -144,    0
 18148, 99242,20171228, -144,    0
 18148, 99242,20171229, -101,    0
 18148, 99242,20171230,  -38,    0
 18148, 99242,20171231,   -3,    0
 18148, 99242,20180101,  -78,    0
 18148, 99242,20180102,  -49,    0
 18148, 99242,20180103,  -59,    0
 18148, 99242,20180104,  -52,    0
 18148, 99242,20180105, -129,    0
 18148, 99242,20180106,  -99,    0
 18148, 99242,20180107,  -82,    0
 18148, 99242,20180108,  -17,    0
 18148, 99242,20180109,   -2,    0
 18148, 99242,20180110,    7,    0
 18148, 99242,20180111,  -63,    0
 18148, 99242,20180112,   27,    0
 18148, 99242,20180113,  -11,    0
 18148, 99242,20180114,  -83,    0
 18148, 99242,20180115,  -31,    0
 18148, 99242,20180116,  -29,    0
 18148, 99242,20180117,  -55,    0
 18148, 99242,20180118,  -96,    0
 18148, 99242,20180119,  -85,    0
 18148, 99242,20180120,  -90,    0
 18148, 99242,20180121,  -95,    0
 18148, 99242,20180122, -116,    0
 18148, 99242,20180123, -152,    0
 18148, 99242,20180124, -101,    0
 18148, 99242,20180125,  -82,    0
 18148, 99242,20180126,  -88,    0
 18148, 99242,20180127, -132,    0
 18148, 99242,20180128,  -71,    0
 18148, 99242,20180129,  -59,    0
 18148, 99242,20180130,  -46,    0
 18148, 99242,20180131,  -63,    0
 18148, 99242,20180201,  -74,    0
 18148, 99242,20180202,  -79,    0
 18148, 99242,20180203,  -98,    0
 18148, 99242,20180204, -121,    0
 18148, 99242,20180205,   19,    0
 18148, 99242,20180206,    4,    0
 18148, 99242,20180207,  -70,    0
 18148, 99242,20180208,  -24,    0
 18148, 99242,20180209,  -20,    0
 18148, 99242,20180210,    7,    0
 18148, 99242,20180211,  -21,    0
 18148, 99242,20180212,  -49,    0
 18148, 99242,20180213,  -44,    0
 18148, 99242,20180214,  -19,    0
 18148, 99242,20180215,  -53,    0
 18148, 99242,20180216, -101,    0
 18148, 99242,20180217, -126,    0
 18148, 99242,20180218, -147,    0
 18148, 99242,20180219, -123,    0
 18148, 99242,20180220, -108,    0
 18148, 99242,20180221, -137,    0
 18148, 99242,20180222, -118,    0
 18148, 99242,20180223,  -84,    0
 18148, 99242,20180224,  -89,    0
 18148, 99242,20180225, -109,    0
 18148, 99242,20180226, -119,    0
 18148, 99242,20180227,  -64,    0
 18148, 99242,20180228,  -20,    0
 18148, 99242,20180301,   -6,    0
 18148, 99242,20180302,  -29,    0
 18148, 99242,20180303,  -66,    0
 18148, 99242,20180304, -108,    0
 18148, 99242,20180305, -109,    0
 18148, 99242,20180306, -111,    0
 18148, 99242,20180307,  -98,    0
 18148, 99242,20180308, -105,    0
 18148, 99242,20180309, -125,    0
 18148, 99242,20180310, -107,    0
 18148, 99242,20180311,  -93,    0
 18148, 99242,20180312,  -50,    0
 18148, 99242,20180313,  -84,    0
 18148, 99242,20180314, -113,    0
 18148, 99242,20180315, -117,    0
 18148, 99242,20180316,  -89,    0
 18148, 99242,20180317,  -24,    0
 18148, 99242,20180318,  -28,    0
 18148, 99242,20180319,  -27,    0
 18148, 99242,20180320,  -63,    0
 18148, 99242,20180321,  -27,    0
 18148, 99242,20180322,  -66,    0
 18148, 99242,20180323,  -85,    0
 18148, 99242,20180324,  -70,    0
 18148, 99242,20180325,  -75,    0
 18148, 99242,20180326,  -61,    0
 18148, 99242,20180327,  -22,    0
 18148, 99242,20180328,   -9,    0
 18148, 99242,20180329,  -21,    0
 18148, 99242,20180330,  -24,    0
 18148, 99242,20180331,  -28,    0
 18148, 99242,20180401,  -18,    0
 18148, 99242,20180402,  -41,    0
 18148, 99242,20180403,  -49,    0
 18148, 99242,20180404,  -25,    0
 18148, 99242,20180405,    3,    0
 18148, 99242,20180406,  -10,    0
 18148, 99242,20180407,  -12,    0
 18148, 99242,20180408,   -6,    0
 18148, 99242,20180409,  -19,    0
 18148, 99242,20180410,    6,    0
 18148, 99242,20180411,   19,    0
 18148, 99242,20180412,   20,    0
 18148, 99242,20180413,   37,    0
 18148, 99242,20180414,   33,    0
 18148, 99242,20180415,   28,    0
 18148, 99242,20180416,   38,    0
 18148, 99242,20180417,   41,    0
 18148, 99242,20180418,   34,    0
 18148, 99242,20180419,   27,    0
 18148, 99242,20180420,   40,    0
 18148, 99242,20180421,   47,    0
 18148, 99242,20180422,   26,    0
 18148, 99242,20180423,   49,    0
 18148, 99242,20180424,   42,    0
 18148, 99242,20180425,   28,    0
 18148, 99242,20180426,   32,    0
 18148, 99242,20180427,   25,    0
 18148, 99242,20180428,   13,    0
 18148, 99242,20180429,   24,    0
 18148, 99242,20180430,   23,    0
 18148, 99242,20180501,   33,    0
 18148, 99242,20180502,   56,    0
 18148, 99242,20180503,   54,    0
 18148, 99242,20180504,   73,    0
 18148, 99242,20180505,   69,    0
 18148, 99242,20180506,   57,    0
 18148, 99242,20180507,   37,    0
 18148, 99242,20180508,   68,    0
 18148, 99242,20180509,  116,    0
 18148, 99242,20180510,  126,    0
 18148, 99242,20180511,   82,    0
 18148, 99242,20180512,   86,    0
 18148, 99242,20180513,   88,    0
 18148, 99242,20180514,  107,    0
 18148, 99242,20180515,   96,    0
 18148, 99242,20180516,  109,    0
 18148, 99242,20180517,   69,    0
 18148, 99242,20180518,   54,    0
 18148, 99242,20180519,   66,    0
 18148, 99242,20180520,   76,    0
 18148, 99242,20180521,   78,    0
 18148, 99242,20180522,   54,    0
 18148, 99242,20180523,   43,    0
 18148, 99242,20180524,   70,    0
 18148, 99242,20180525,   95,    0
 18148, 99242,20180526,   59,    0
 18148, 99242,20180527,   66,    0
 18148, 99242,20180528,  155,    0
 18148, 99242,20180529,   77,    0
 18148, 99242,20180530,   49,    0
 18148, 99242,20180531,  117,    0
 18148, 99242,20180601,   87,    0
 18148, 99242,20180602,   68,    0
 18148, 99242,20180603,   54,    0
 18148, 99242,20180604,   37,    0
 18148, 99242,20180605,   43,    0
 18148, 99242,20180606,   28,    0
 18148, 99242,20180607,   30,    0
 18148, 99242,20180608,   47,    0
 18148, 99242,20180609,   62,    0
 18148, 99242,20180610,   72,    0
 18148, 99242,20180611,   54,    0
 18148, 99242,20180612,   49,    0
 18148, 99242,20180613,   46,    0
 18148, 99242,20180614,  116,    0
 18148, 99242,20180615,  122,    0
 18148, 99242,20180616,  109,    0
 18148, 99242,20180617,  108,    0
 18148, 99242,20180618,  120,    0
 18148, 99242,20180619,  121,    0
 18148, 99242,20180620,   85,    0
 18148, 99242,20180621,   81,    0
 18148, 99242,20180622,   83,    0
 18148, 99242,20180623,   59,    0
 18148, 99242,20180624,   73,    0
 18148, 99242,20180625,   99,    0
 18148, 99242,20180626,  100,    0
 18148, 99242,20180627,   67,    0
 18148, 99242,20180628,   76,    0
 18148, 99242,20180629,   59,    0
 18148, 99242,20180630,   73,    0
 18148, 99242,20180701,  138,    0
 18148, 99242,20180702,  185,    0
 18148, 99242,20180703,  137,    0
 18148, 99242,20180704,  104,    0
 18148, 99242,20180705,  143,    0
 18148, 99242,20180706,  139,    0
 18148, 99242,20180707,  102,    0
 18148, 99242,20180708,  130,    0
 18148, 99242,20180709,  140,    0
 18148, 99242,20180710,  148,    0
 18148, 99242,20180711,  146,    0
 18148, 99242,20180712,  130,    0
 18148, 99242,20180713,  110,    0
 18148, 99242,20180714,  115,    0
 18148, 99242,20180715,  132,    0
 18148, 99242,20180716,  169,    0
 18148, 99242,20180717,  214,    0
 18148, 99242,20180718,  236,    0
 18148, 99242,20180719,  178,    0
 18148, 99242,20180720,  132,    0
 18148, 99242,20180721,  160,    0
 18148, 99242,20180722,  149,    0
 18148, 99242,20180723,  148,    0
 18148, 99242,20180724,  162,    0
 18148, 99242,20180725,  146,    0
 18148, 99242,20180726,  128,    0
 18148, 99242,20180727,  170,    0
 18148, 99242,20180728,  223,    0
 18148, 99242,20180729,  239,    0
 18148, 99242,20180730,  233,    0
 18148, 99242,20180731,  235,    0
 18148, 99242,20180801,  236,    0
 18148, 99242,20180802,  162,    0
 18148, 99242,20180803,  153,    0
 18148, 99242,20180804,  139,    0
 18148, 99242,20180805,  130,    0
 18148, 99242,20180806,  111,    0
 18148, 99242,20180807,  103,    0
 18148, 99242,20180808,  130,    0
 18148, 99242,20180809,  129,    0
 18148, 99242,20180810,  145,    0
 18148, 99242,20180811,  160,    0
 18148, 99242,20180812,  110,    0
 18148, 99242,20180813,   90,    0
 18148, 99242,20180814,   89,    0
 18148, 99242,20180815,  111,    0
 18148, 99242,20180816,  144,    0
 18148, 99242,20180817,  131,    0
 18148, 99242,20180818,  138,    0
 18148, 99242,20180819,  115,    0
 18148, 99242,20180820,   90,    0
 18148, 99242,20180821,   81,    0
 18148, 99242,20180822,   98,    0
 18148, 99242,20180823,  118,    0
 18148, 99242,20180824,  129,    0
 18148, 99242,20180825,  116,    0
 18148, 99242,20180826,  104,    0
 18148, 99242,20180827,   81,    0
 18148, 99242,20180828,   98,    0
 18148, 99242,20180829,  145,    0
 18148, 99242,20180830,  124,    0
 18148, 99242,20180831,   80,    0
 18148, 99242,20180901,  121,    0
 18148, 99242,20180902,  124,    0
 18148, 99242,20180903,  138,    0
 18148, 99242,20180904,   90,    0
 18148, 99242,20180905,  104,    0
 18148, 99242,20180906,  117,    0
 18148, 99242,20180907,   93,    0
 18148, 99242,20180908,  102,    0
 18148, 99242,20180909,  128,    0
 18148, 99242,20180910,  165,    0
 18148, 99242,20180911,  123,    0
 18148, 99242,20180912,   88,    0
 18148, 99242,20180913,   97,    0
 18148, 99242,20180914,   83,    0
 18148, 99242,20180915,   88,    0
 18148, 99242,20180916,   78,    0
 18148, 99242,20180917,   60,    0
 18148, 99242,20180918,   57,    0
 18148, 99242,20180919,   84,    0
 18148, 99242,20180920,  111,    0
 18148, 99242,20180921,   84,    0
 18148, 99242,20180922,  101,    0
 18148, 99242,20180923,   64,    0
 18148, 99242,20180924,   29,    0
 18148, 99242,20180925,   30,    0
 18148, 99242,20180926,   38,    0
 18148, 99242,20180927,   17,    0
 18148, 99242,20180928,   -2,    0
 18148, 99242,20180929,   29,    0
 18148, 99242,20180930,   46,    0
 18148, 99242,20181001,   50,    0
 18148, 99242,20181002,   40,    0
 18148, 99242,20181003,   20,    0
 18148, 99242,20181004,    5,    0
 18148, 99242,20181005,  -23,    0
 18148, 99242,20181006,  -23,    0
 18148, 99242,20181007,   12,    0
 18148, 99242,20181008,   34,    0
 18148, 99242,20181009,   46,    0
 18148, 99242,20181010,   39,    0
 18148, 99242,20181011,   59,    0
 18148, 99242,20181012,   81,    0
 18148, 99242,20181013,   94,    0
 18148, 99242,20181014,  106,    0
 18148, 99242,20181015,   63,    0
 18148, 99242,20181016,   60,    0
 18148, 99242,20181017,   75,    0
 18148, 99242,20181018,   64,    0
 18148, 99242,20181019,   56,    0
 18148, 99242,20181020,   60,    0
 18148, 99242,20181021,   54,    0
 18148, 99242,20181022,   32,    0
 18148, 99242,20181023,    9,    0
 18148, 99242,20181024,  -31,    0
 18148, 99242,20181025,  -35,    0
 18148, 99242,20181026,  -47,    0
 18148, 99242,20181027,  -40,    0
 18148, 99242,20181028,  -36,    0
 18148, 99242,20181029,   -6,    0
 18148, 99242,20181030,  -39,    0
 18148, 99242,20181031,   -7,    0
 18148, 99242,20181101,   33,    0
 18148, 99242,20181102,   68,    0
 18148, 99242,20181103,   33,    0
 18148, 99242,20181104,   63,    0
 18148, 99242,20181105,   79,    0
 18148, 99242,20181106,   58,    0
 18148, 99242,20181107,   23,    0
 18148, 99242,20181108,  -10,    0
 18148, 99242,20181109,   34,    0
 18148, 99242,20181110,   54,    0
 18148, 99242,20181111,   59,    0
 18148, 99242,20181112,   58,    0
 18148, 99242,20181113,   31,    0
 18148, 99242,20181114,   59,    0
 18148, 99242,20181115,   63,    0
 18148, 99242,20181116,   82,    0
 18148, 99242,20181117,   40,    0
 18148, 99242,20181118,  -13,    0
 18148, 99242,20181119,   16,    0
 18148, 99242,20181120,   22,    0
 18148, 99242,20181121,   23,    0
 18148, 99242,20181122,   35,    0
 18148, 99242,20181123,   16,    0
 18148, 99242,20181124,   11,    0
 18148, 99242,20181125,   -8,    0
 18148, 99242,20181126,  -40,    0
 18148, 99242,20181127,  -37,    0
 18148, 99242,20181128,   -7,    0
 18148, 99242,20181129,  -14,    0
 18148, 99242,20181130,   38,    0
 18148, 99242,20181201,   41,    0
 18148, 99242,20181202,   33,    0
 18148, 99242,20181203,   30,    0
 18148, 99242,20181204,   10,    0
 18148, 99242,20181205,    0,    0
 18148, 99242,20181206,   -1,    0
 18148, 99242,20181207,  -48,    0
 18148, 99242,20181208, -134,    0
 18148, 99242,20181209,  -62,    0
 18148, 99242,20181210,  -76,    0
 18148, 99242,20181211,  -80,    0
 18148, 99242,20181212,   -6,    0
 18148, 99242,20181213,   24,    0
 18148, 99242,20181214,   31,    0
 18148, 99242,20181215,  -11,    0
 18148, 99242,20181216, -120,    0
 18148, 99242,20181217, -120,    0
 18148, 99242,20181218,  -53,    0
 18148, 99242,20181219,  -28,    0
 18148, 99242,20181220,  -22,    0
 18148, 99242,20181221,  -15,    0
 18148, 99242,20181222,  -49,    0
 18148, 99242,20181223,  -22,    0
 18148, 99242,20181224,  -20,    0
 18148, 99242,20181225,  -13,    0
 18148, 99242,20181226,  -16,    0
 18148, 99242,20181227,  -27,    0
 18148, 99242,20181228,    7,    0
 18148, 99242,20181229,    8,    0
 18148, 99242,20181230,  -28,    0
 18148, 99242,20181231,  -27,    0
 18148, 99242,20190101,  -40,    0
 18148, 99242,20190102,  -55,    0
 18148, 99242,20190103,   -5,    0
 18148, 99242,20190104,   -3,    0
 18148, 99242,20190105,    9,    0
 18148, 99242,20190106,   31,    0
 18148, 99242,20190107,   -4,    0
 18148, 99242,20190108,    2,    0
 18148, 99242,20190109,  -30,    0
 18148, 99242,20190110,    1,    0
 18148, 99242,20190111,   -3,    0
 18148, 99242,20190112,  -17,    0
 18148, 99242,20190113,  -73,    0
 18148, 99242,20190114, -129,    0
 18148, 99242,20190115,  -73,    0
 18148, 99242,20190116,  -78,    0
 18148, 99242,20190117,  -94,    0
 18148, 99242,20190118, -116,    0
 18148, 99242,20190119, -131,    0
 18148, 99242,20190120, -116,    0
 18148, 99242,20190121, -106,    0
 18148, 99242,20190122,  -61,    0
 18148, 99242,20190123, -140,    0
 18148, 99242,20190124, -121,    0
 18148, 99242,20190125,  -78,    0
 18148, 99242,20190126,  -96,    0
 18148, 99242,20190127, -142,    0
 18148, 99242,20190128, -179,    0
 18148, 99242,20190129,  -97,    0
 18148, 99242,20190130,  -98,    0
 18148, 99242,20190131, -162,    0
 18148, 99242,20190201, -115,    0
 18148, 99242,20190202,  -67,    0
 18148, 99242,20190203,  -90,    0
 18148, 99242,20190204,  -95,    0
 18148, 99242,20190205, -170,    0
 18148, 99242,20190206,  -64,    0
 18148, 99242,20190207,  -96,    0
 18148, 99242,20190208, -112,    0
 18148, 99242,20190209, -124,    0
 18148, 99242,20190210,  -55,    0
 18148, 99242,20190211,  -45,    0
 18148, 99242,20190212,  -16,    0
 18148, 99242,20190213,  -42,    0
 18148, 99242,20190214,    8,    0
 18148, 99242,20190215,    3,    0
 18148, 99242,20190216,    8,    0
 18148, 99242,20190217,  -40,    0
 18148, 99242,20190218,  -45,    0
 18148, 99242,20190219,  -65,    0
 18148, 99242,20190220, -108,    0
 18148, 99242,20190221, -120,    0
 18148, 99242,20190222,  -11,    0
 18148, 99242,20190223,   48,    0
 18148, 99242,20190224,   39,    0
 18148, 99242,20190225,   16,    0
 18148, 99242,20190226,    0,    0
 18148, 99242,20190227,    9,    0
 18148, 99242,20190228,  -61,    0
 18148, 99242,20190301,  -53,    0
 18148, 99242,20190302, -127,    0
 18148, 99242,20190303, -124,    0
 18148, 99242,20190304, -101,    0
 18148, 99242,20190305,  -96,    0
 18148, 99242,20190306,  -54,    0
 18148, 99242,20190307,  -99,    0
 18148, 99242,20190308, -111,    0
 18148, 99242,20190309,  -50,    0
 18148, 99242,20190310,  -81,    0
 18148, 99242,20190311, -113,    0
 18148, 99242,20190312,  -59,    0
 18148, 99242,20190313,  -43,    0
 18148, 99242,20190314,  -31,    0
 18148, 99242,20190315,  -43,    0
 18148, 99242,20190316,  -38,    0
 18148, 99242,20190317,  -46,    0
 18148, 99242,20190318,  -57,    0
 18148, 99242,20190319,  -23,    0
 18148, 99242,20190320,   24,    0
 18148, 99242,20190321,   12,    0
 18148, 99242,20190322,    5,    0
 18148, 99242,20190323,   35,    0
 18148, 99242,20190324,    3,    0
 18148, 99242,20190325,  -36,    0
 18148, 99242,20190326,  -27,    0
 18148, 99242,20190327,    6,    0
 18148, 99242,20190328,   19,    0
 18148, 99242,20190329,   -6,    0
 18148, 99242,20190330,  -10,    0
 18148, 99242,20190331,  -16,    0
 18148, 99242,20190401,   -4,    0
 18148, 99242,20190402,   13,    0
 18148, 99242,20190403,   22,    0
 18148, 99242,20190404,  -21,    0
 18148, 99242,20190405,  -13,    0
 18148, 99242,20190406,  -12,    0
 18148, 99242,20190407,  -15,    0
 18148, 99242,20190408,  -19,    0
 18148, 99242,20190409,  -43,    0
 18148, 99242,20190410,  -55,    0
 18148, 99242,20190411,  -23,    0
 18148, 99242,20190412,   17,    0
 18148, 99242,20190413,   24,    0
 18148, 99242,20190414,   36,    0
 18148, 99242,20190415,   33,    0
 18148, 99242,20190416,   20,    0
 18148, 99242,20190417,   14,    0
 18148, 99242,20190418,   34,    0
 18148, 99242,20190419,   37,    0
 18148, 99242,20190420,   77,    0
 18148, 99242,20190421,   44,    0
 18148, 99242,20190422,   49,    0
 18148, 99242,20190423,   63,    0
 18148, 99242,20190424,   58,    0
 18148, 99242,20190425,   68,    0
 18148, 99242,20190426,   70,    0
 18148, 99242,20190427,   52,    0
 18148, 99242,20190428,   63,    0
 18148, 99242,20190429,   30,    0
 18148, 99242,20190430,   24,    0
 18148, 99242,20190501,    3,    0
 18148, 99242,20190502,   -9,    0
 18148, 99242,20190503,  -12,    0
 18148, 99242,20190504,  -20,    0
 18148, 99242,20190505,   -1,    0
 18148, 99242,20190506,   14,    0
 18148, 99242,20190507,   52,    0
 18148, 99242,20190508,   29,    0
 18148, 99242,20190509,   49,    0
 18148, 99242,20190510,   89,    0
 18148, 99242,20190511,   85,    0
 18148, 99242,20190512,   51,    0
 18148, 99242,20190513,   29,    0
 18148, 99242,20190514,   33,    0
 18148, 99242,20190515,   39,    0
 18148, 99242,20190516,   50,    0
 18148, 99242,20190517,   65,    0
 18148, 99242,20190518,   70,    0
 18148, 99242,20190519,   76,    0
 18148, 99242,20190520,   94,    0
 18148, 99242,20190521,   74,    0
 18148, 99242,20190522,   52,    0
 18148, 99242,20190523,   57,    0
 18148, 99242,20190524,   66,    0
 18148, 99242,20190525,   37,    0
 18148, 99242,20190526,   39,    0
 18148, 99242,20190527,   53,    0
 18148, 99242,20190528,   98,    0
 18148, 99242,20190529,   96,    0
 18148, 99242,20190530,   59,    0
 18148, 99242,20190531,   65,    0
 18148, 99242,20190601,   47,    0
 18148, 99242,20190602,   51,    0
 18148, 99242,20190603,   79,    0
 18148, 99242,20190604,   95,    0
 18148, 99242,20190605,  102,    0
 18148, 99242,20190606,  125,    0
 18148, 99242,20190607,  149,    0
 18148, 99242,20190608,  104,    0
 18148, 99242,20190609,   98,    0
 18148, 99242,20190610,   55,    0
 18148, 99242,20190611,   53,    0
 18148, 99242,20190612,   85,    0
 18148, 99242,20190613,  116,    0
 18148, 99242,20190614,  104,    0
 18148, 99242,20190615,  106,    0
 18148, 99242,20190616,   89,    0
 18148, 99242,20190617,  121,    0
 18148, 99242,20190618,  104,    0
 18148, 99242,20190619,   99,    0
 18148, 99242,20190620,  122,    0
 18148, 99242,20190621,  137,    0
 18148, 99242,20190622,   95,    0
 18148, 99242,20190623,   95,    0
 18148, 99242,20190624,   96,    0
 18148, 99242,20190625,   90,    0
 18148, 99242,20190626,   87,    0
 18148, 99242,20190627,   63,    0
 18148, 99242,20190628,   77,    0
 18148, 99242,20190629,   51,    0
 18148, 99242,20190630,   74,    0
 18148, 99242,20190701,   94,    0
 18148, 99242,20190702,   85,    0
 18148, 99242,20190703,  106,    0
 18148, 99242,20190704,   82,    0
 18148, 99242,20190705,  107,    0
 18148, 99242,20190706,   91,    0
 18148, 99242,20190707,  161,    0
 18148, 99242,20190708,  165,    0
 18148, 99242,20190709,  158,    0
 18148, 99242,20190710,  124,    0
 18148, 99242,20190711,  120,    0
 18148, 99242,20190712,  111,    0
 18148, 99242,20190713,  128,    0
 18148, 99242,20190714,   96,    0
 18148, 99242,20190715,   98,    0
 18148, 99242,20190716,   95,    0
 18148, 99242,20190717,   93,    0
 18148, 99242,20190718,  131,    0
 18148, 99242,20190719,  184,    0
 18148, 99242,20190720,  179,    0
 18148, 99242,20190721,  197,    0
 18148, 99242,20190722,  187,    0
 18148, 99242,20190723,  191,    0
 18148, 99242,20190724,  156,    0
 18148, 99242,20190725,  170,    0
 18148, 99242,20190726,  169,    0
 18148, 99242,20190727,  146,    0
 18148, 99242,20190728,  143,    0
 18148, 99242,20190729,  108,    0
 18148, 99242,20190730,  104,    0
 18148, 99242,20190731,  109,    0
 18148, 99242,20190801,  119,    0
 18148, 99242,20190802,  112,    0
 18148, 99242,20190803,  120,    0
 18148, 99242,20190804,  105,    0
 18148, 99242,20190805,   87,    0
 18148, 99242,20190806,  105,    0
 18148, 99242,20190807,  122,    0
 18148, 99242,20190808,  124,    0
 18148, 99242,20190809,  118,    0
 18148, 99242,20190810,  130,    0
 18148, 99242,20190811,  163,    0
 18148, 99242,20190812,  161,    0
 18148, 99242,20190813,  136,    0
 18148, 99242,20190814,  142,    0
 18148, 99242,20190815,  107,    0
 18148, 99242,20190816,  110,    0
 18148, 99242,20190817,  148,    0
 18148, 99242,20190818,  168,    0
 18148, 99242,20190819,  133,    0
 18148, 99242,20190820,  123,    0
 18148, 99242,20190821,  131,    0
 18148, 99242,20190822,  111,    0
 18148, 99242,20190823,  113,    0
 18148, 99242,20190824,   78,    0
 18148, 99242,20190825,  111,    0
 18148, 99242,20190826,  119,    0
 18148, 99242,20190827,  154,    0
 18148, 99242,20190828,  166,    0
 18148, 99242,20190829,  201,    0
 18148, 99242,20190830,  131,    0
 18148, 99242,20190831,  130,    0
 18148, 99242,20190901,  166,    0
 18148, 99242,20190902,  115,    0
 18148, 99242,20190903,  103,    0
 18148, 99242,20190904,   95,    0
 18148, 99242,20190905,   91,    0
 18148, 99242,20190906,   77,    0
 18148, 99242,20190907,   67,    0
 18148, 99242,20190908,   66,    0
 18148, 99242,20190909,  120,    0
 18148, 99242,20190910,  110,    0
 18148, 99242,20190911,  160,    0
 18148, 99242,20190912,  113,    0
 18148, 99242,20190913,   68,    0
 18148, 99242,20190914,   46,    0
 18148, 99242,20190915,   74,    0
 18148, 99242,20190916,   63,    0
 18148, 99242,20190917,   62,    0
 18148, 99242,20190918,   48,    0
 18148, 99242,20190919,   31,    0
 18148, 99242,20190920,   39,    0
 18148, 99242,20190921,   22,    0
 18148, 99242,20190922,   26,    0
 18148, 99242,20190923,   16,    0
 18148, 99242,20190924,   27,    0
 18148, 99242,20190925,   61,    0
 18148, 99242,20190926,   79,    0
 18148, 99242,20190927,   72,    0
 18148, 99242,20190928,   48,    0
 18148, 99242,20190929,   40,    0
 18148, 99242,20190930,   45,    0
 18148, 99242,20191001,   64,    0
 18148, 99242,20191002,   27,    0
 18148, 99242,20191003,   13,    0
 18148, 99242,20191004,   14,    0
 18148, 99242,20191005,   34,    0
 18148, 99242,20191006,   49,    0
 18148, 99242,20191007,   37,    0
 18148, 99242,20191008,   27,    0
 18148, 99242,20191009,    4,    0
 18148, 99242,20191010,   -3,    0
 18148, 99242,20191011,  -25,    0
 18148, 99242,20191012,  -17,    0
 18148, 99242,20191013,  -15,    0
 18148, 99242,20191014,  -38,    0
 18148, 99242,20191015,  -46,    0
 18148, 99242,20191016,  -24,    0
 18148, 99242,20191017,  -38,    0
 18148, 99242,20191018,   -6,    0
 18148, 99242,20191019,  -37,    0
 18148, 99242,20191020,  -36,    0
 18148, 99242,20191021,    1,    0
 18148, 99242,20191022,   13,    0
 18148, 99242,20191023,   16,    0
 18148, 99242,20191024,    2,    0
 18148, 99242,20191025,    4,    0
 18148, 99242,20191026,  -26,    0
 18148, 99242,20191027,  -70,    0
 18148, 99242,20191028,  -45,    0
 18148, 99242,20191029,  -48,    0
 18148, 99242,20191030,  -36,    0
 18148, 99242,20191031,  -29,    0
 18148, 99242,20191101,  -20,    0
 18148, 99242,20191102,  -32,    0
 18148, 99242,20191103,  -25,    0
 18148, 99242,20191104,  -42,    0
 18148, 99242,20191105,  -29,    0
 18148, 99242,20191106,  -30,    0
 18148, 99242,20191107,  -89,    0
 18148, 99242,20191108, -128,    0
 18148, 99242,20191109, -154,    0
 18148, 99242,20191110, -161,    0
 18148, 99242,20191111, -119,    0
 18148, 99242,20191112,  -36,    0
 18148, 99242,20191113,   -9,    0
 18148, 99242,20191114,  -57,    0
 18148, 99242,20191115,  -11,    0
 18148, 99242,20191116,  -71,    0
 18148, 99242,20191117,   -9,    0
 18148, 99242,20191118,  -62,    0
 18148, 99242,20191119,   28,    0
 18148, 99242,20191120,   48,    0
 18148, 99242,20191121,   46,    0
 18148, 99242,20191122,  -29,    0
 18148, 99242,20191123,  -15,    0
 18148, 99242,20191124,    6,    0
 18148, 99242,20191125,   17,    0
 18148, 99242,20191126,  -13,    0
 18148, 99242,20191127,  -38,    0
 18148, 99242,20191128,  -68,    0
 18148, 99242,20191129, -118,    0
 18148, 99242,20191130,  -40,    0
 18148, 99242,20191201,   -4,    0
 18148, 99242,20191202,   -2,    0
 18148, 99242,20191203,   -4,    0
 18148, 99242,20191204,   39,    0
 18148, 99242,20191205,   27,    0
 18148, 99242,20191206,  -21,    0
 18148, 99242,20191207,  -55,    0
 18148, 99242,20191208,  -63,    0
 18148, 99242,20191209, -117,    0
 18148, 99242,20191210,  -71,    0
 18148, 99242,20191211,  -18,    0
 18148, 99242,20191212,   15,    0
 18148, 99242,20191213,  -33,    0
 18148, 99242,20191214,   -8,    0
 18148, 99242,20191215,   13,    0
 18148, 99242,20191216,   -4,    0
 18148, 99242,20191217,  -30,    0
 18148, 99242,20191218,  -39,    0
 18148, 99242,20191219,  -56,    0
 18148, 99242,20191220,  -69,    0
 18148, 99242,20191221,  -74,    0
 18148, 99242,20191222,    0,    0
 18148, 99242,20191223,   -3,    0
 18148, 99242,20191224,   -7,    0
 18148, 99242,20191225,    4,    0
 18148, 99242,20191226,  -67,    0
 18148, 99242,20191227,  -47,    0
 18148, 99242,20191228,   19,    0
 18148, 99242,20191229,   30,    0
 18148, 99242,20191230,    1,    0
 18148, 99242,20191231,  -25,    0
 18148, 99242,20200101,   -6,    0
 18148, 99242,20200102,   28,    0
 18148, 99242,20200103,   -5,    0
 18148, 99242,20200104,  -33,    0
 18148, 99242,20200105,  -35,    0
 18148, 99242,20200106,   12,    0
 18148, 99242,20200107,   44,    0
 18148, 99242,20200108,   29,    0
 18148, 99242,20200109,    7,    0
 18148, 99242,20200110,    2,    0
 18148, 99242,20200111,    4,    0
 18148, 99242,20200112,    3,    0
 18148, 99242,20200113,    4,    0
 18148, 99242,20200114,   -5,    0
 18148, 99242,20200115,  -65,    0
 18148, 99242,20200116,  -34,    0
 18148, 99242,20200117,  -48,    0
 18148, 99242,20200118,  -35,    0
 18148, 99242,20200119,  -17,    0
 18148, 99242,20200120,   18,    0
 18148, 99242,20200121,   -5,    0
 18148, 99242,20200122,  -17,    0
 18148, 99242,20200123,  -15,    0
 18148, 99242,20200124,  -36,    0
 18148, 99242,20200125,  -48,    0
 18148, 99242,20200126, -118,    0
 18148, 99242,20200127,  -79,    0
 18148, 99242,20200128,  -76,    0
 18148, 99242,20200129,  -73,    0
 18148, 99242,20200130,  -37,    0
 18148, 99242,20200131,  -46,    0
 18148, 99242,20200201,  -39,    0
 18148, 99242,20200202,  -32,    0
 18148, 99242,20200203,  -37,    0
 18148, 99242,20200204,  -56,    0
 18148, 99242,20200205,  -54,    0
 18148, 99242,20200206,  -42,    0
 18148, 99242,20200207,    2,    0
 18148, 99242,20200208,   31,    0
 18148, 99242,20200209,   14,    0
 18148, 99242,20200210,   -6,    0
 18148, 99242,20200211,    6,    0
 18148, 99242,20200212,  -12,    0
 18148, 99242,20200213,  -25,    0
 18148, 99242,20200214,  -28,    0
 18148, 99242,20200215,  -74,    0
 18148, 99242,20200216,  -46,    0
 18148, 99242,20200217,   -7,    0
 18148, 99242,20200218,  -20,    0
 18148, 99242,20200219,  -61,    0
 18148, 99242,20200220,  -45,    0
 18148, 99242,20200221,   14,    0
 18148, 99242,20200222,   29,    0
 18148, 99242,20200223,    9,    0
 18148, 99242,20200224,  -24,    0
 18148, 99242,20200225,  -54,    0
 18148, 99242,20200226,  -26,    0
 18148, 99242,20200227,  -32,    0
 18148, 99242,20200228,  -37,    0
 18148, 99242,20200229,  -46,    0
 18148, 99242,20200301,  -86,    0
 18148, 99242,20200302,  -68,    0
 18148, 99242,20200303,  -44,    0
 18148, 99242,20200304,  -41,    0
 18148, 99242,20200305,  -46,    0
 18148, 99242,20200306,  -20,    0
 18148, 99242,20200307,    8,    0
 18148, 99242,20200308,    1,    0
 18148, 99242,20200309,   26,    0
 18148, 99242,20200310,  -25,    0
 18148, 99242,20200311,  -41,    0
 18148, 99242,20200312,  -38,    0
 18148, 99242,20200313,  -66,    0
 18148, 99242,20200314,  -59,    0
 18148, 99242,20200315,  -23,    0
 18148, 99242,20200316,  -30,    0
 18148, 99242,20200317,   -8,    0
 18148, 99242,20200318,   11,    0
 18148, 99242,20200319,  -56,    0
 18148, 99242,20200320,  -50,    0
 18148, 99242,20200321,  -22,    0
 18148, 99242,20200322,   23,    0
 18148, 99242,20200323,   36,    0
 18148, 99242,20200324,   30,    0
 18148, 99242,20200325,    6,    0
 18148, 99242,20200326,   20,    0
 18148, 99242,20200327,   14,    0
 18148, 99242,20200328,  -40,    0
 18148, 99242,20200329,  -47,    0
 18148, 99242,20200330,  -36,    0
 18148, 99242,20200331,  -17,    0
 18148, 99242,20200401,  -37,    0
 18148, 99242,20200402,  -71,    0
 18148, 99242,20200403,  -73,    0
 18148, 99242,20200404,  -54,    0
 18148, 99242,20200405,  -54,    0
 18148, 99242,20200406,  -17,    0
 18148, 99242,20200407,   38,    0
 18148, 99242,20200408,   21,    0
 18148, 99242,20200409,  -25,    0
 18148, 99242,20200410,  -26,    0
 18148, 99242,20200411,  -12,    0
 18148, 99242,20200412,  -19,    0
 18148, 99242,20200413,    1,    0
 18148, 99242,20200414,    2,    0
 18148, 99242,20200415,    7,    0
 18148, 99242,20200416,    6,    0
 18148, 99242,20200417,    9,    0
 18148, 99242,20200418,   21,    0
 18148, 99242,20200419,   38,    0
 18148, 99242,20200420,   44,    0
 18148, 99242,20200421,   27,    0
 18148, 99242,20200422,   28,    0
 18148, 99242,20200423,   21,    0
 18148, 99242,20200424,    9,    0
 18148, 99242,20200425,   10,    0
 18148, 99242,20200426,    8,    0
 18148, 99242,20200427,   -2,    0
 18148, 99242,20200428,  -12,    0
 18148, 99242,20200429,   -5,    0
 18148, 99242,20200430,    9,    0
 18148, 99242,20200501,   20,    0
 18148, 99242,20200502,   33,    0
 18148, 99242,20200503,   43,    0
 18148, 99242,20200504,   25,    0
 18148, 99242,20200505,   32,    0
 18148, 99242,20200506,   25,    0
 18148, 99242,20200507,    7,    0
 18148, 99242,20200508,    1,    0
 18148, 99242,20200509,   -2,    0
 18148, 99242,20200510,   10,    0
 18148, 99242,20200511,    5,    0
 18148, 99242,20200512,   -3,    0
 18148, 99242,20200513,   10,    0
 18148, 99242,20200514,   11,    0
 18148, 99242,20200515,   11,    0
 18148, 99242,20200516,   39,    0
 18148, 99242,20200517,   23,    0
 18148, 99242,20200518,   30,    0
 18148, 99242,20200519,   38,    0
 18148, 99242,20200520,   43,    0
 18148, 99242,20200521,   50,    0
 18148, 99242,20200522,   74,    0
 18148, 99242,20200523,  112,    0
 18148, 99242,20200524,   98,    0
 18148, 99242,20200525,   84,    0
 18148, 99242,20200526,   83,    0
 18148, 99242,20200527,   73,    0
 18148, 99242,20200528,   44,    0
 18148, 99242,20200529,   45,    0
 18148, 99242,20200530,   60,    0
 18148, 99242,20200531,  103,    0
 18148, 99242,20200601,  106,    0
 18148, 99242,20200602,   76,    0
 18148, 99242,20200603,   63,    0
 18148, 99242,20200604,   87,    0
 18148, 99242,20200605,  122,    0
 18148, 99242,20200606,  110,    0
 18148, 99242,20200607,   98,    0
 18148, 99242,20200608,   59,    0
 18148, 99242,20200609,   53,    0
 18148, 99242,20200610,   67,    0
 18148, 99242,20200611,   56,    0
 18148, 99242,20200612,   86,    0
 18148, 99242,20200613,  129,    0
 18148, 99242,20200614,  114,    0
 18148, 99242,20200615,   69,    0
 18148, 99242,20200616,   74,    0
 18148, 99242,20200617,  107,    0
 18148, 99242,20200618,   96,    0
 18148, 99242,20200619,   74,    0
 18148, 99242,20200620,  120,    0
 18148, 99242,20200621,  155,    0
 18148, 99242,20200622,  153,    0
 18148, 99242,20200623,  147,    0
 18148, 99242,20200624,  123,    0
 18148, 99242,20200625,  131,    0
 18148, 99242,20200626,   98,    0
 18148, 99242,20200627,   96,    0
 18148, 99242,20200628,  117,    0
 18148, 99242,20200629,   91,    0
 18148, 99242,20200630,   75,    0
 18148, 99242,20200701,   68,    0
 18148, 99242,20200702,   63,    0
 18148, 99242,20200703,  103,    0
 18148, 99242,20200704,   86,    0
 18148, 99242,20200705,   88,    0
 18148, 99242,20200706,   96,    0
 18148, 99242,20200707,   94,    0
 18148, 99242,20200708,  109,    0
 18148, 99242,20200709,  122,    0
 18148, 99242,20200710,  121,    0
 18148, 99242,20200711,  131,    0
 18148, 99242,20200712,  110,    0
 18148, 99242,20200713,  129,    0
 18148, 99242,20200714,  150,    0
 18148, 99242,20200715,  155,    0
 18148, 99242,20200716,  156,    0
 18148, 99242,20200717,  163,    0
 18148, 99242,20200718,  137,    0
 18148, 99242,20200719,  141,    0
 18148, 99242,20200720,  131,    0
 18148, 99242,20200721,  109,    0
 18148, 99242,20200722,  104,    0
 18148, 99242,20200723,   90,    0
 18148, 99242,20200724,  141,    0
 18148, 99242,20200725,  156,    0
 18148, 99242,20200726,  167,    0
 18148, 99242,20200727,  192,    0
 18148, 99242,20200728,  194,    0
 18148, 99242,20200729,  203,    0
 18148, 99242,20200730,  190,    0
 18148, 99242,20200731,  175,    0
 18148, 99242,20200801,  146,    0
 18148, 99242,20200802,  148,    0
 18148, 99242,20200803,  153,    0
 18148, 99242,20200804,  136,    0
 18148, 99242,20200805,  127,    0
 18148, 99242,20200806,  151,    0
 18148, 99242,20200807,  138,    0
 18148, 99242,20200808,  166,    0
 18148, 99242,20200809,  122,    0
 18148, 99242,20200810,  106,    0
 18148, 99242,20200811,  123,    0
 18148, 99242,20200812,  128,    0
 18148, 99242,20200813,  122,    0
 18148, 99242,20200814,  123,    0
 18148, 99242,20200815,  103,    0
 18148, 99242,20200816,   77,    0
 18148, 99242,20200817,   84,    0
 18148, 99242,20200818,   87,    0
 18148, 99242,20200819,  110,    0
 18148, 99242,20200820,   91,    0
 18148, 99242,20200821,  128,    0
 18148, 99242,20200822,  173,    0
 18148, 99242,20200823,  141,    0
 18148, 99242,20200824,   93,    0
 18148, 99242,20200825,   90,    0
 18148, 99242,20200826,   68,    0
 18148, 99242,20200827,   66,    0
 18148, 99242,20200828,   73,    0
 18148, 99242,20200829,   77,    0
 18148, 99242,20200830,   65,    0
 18148, 99242,20200831,   68,    0
 18148, 99242,20200901,   99,    0
 18148, 99242,20200902,  111,    0
 18148, 99242,20200903,  147,    0
 18148, 99242,20200904,  139,    0
 18148, 99242,20200905,  117,    0
 18148, 99242,20200906,   96,    0
 18148, 99242,20200907,  108,    0
 18148, 99242,20200908,  109,    0
 18148, 99242,20200909,   84,    0
 18148, 99242,20200910,   78,    0
 18148, 99242,20200911,   73,    0
 18148, 99242,20200912,   79,    0
 18148, 99242,20200913,   78,    0
 18148, 99242,20200914,   83,    0
 18148, 99242,20200915,   74,    0
 18148, 99242,20200916,   64,    0
 18148, 99242,20200917,   58,    0
 18148, 99242,20200918,   67,    0
 18148, 99242,20200919,   52,    0
 18148, 99242,20200920,   58,    0
 18148, 99242,20200921,   62,    0
 18148, 99242,20200922,   49,    0
 18148, 99242,20200923,   69,    0
 18148, 99242,20200924,   48,    0
 18148, 99242,20200925,   63,    0
 18148, 99242,20200926,   35,    0
 18148, 99242,20200927,   47,    0
 18148, 99242,20200928,  105,    0
 18148, 99242,20200929,  120,    0
 18148, 99242,20200930,   93,    0
 18148, 99242,20201001,   98,    0
 18148, 99242,20201002,  120,    0
 18148, 99242,20201003,  114,    0
 18148, 99242,20201004,  118,    0
 18148, 99242,20201005,  107,    0
 18148, 99242,20201006,  108,    0
 18148, 99242,20201007,  115,    0
 18148, 99242,20201008,  129,    0
 18148, 99242,20201009,  109,    0
 18148, 99242,20201010,   76,    0
 18148, 99242,20201011,   64,    0
 18148, 99242,20201012,   54,    0
 18148, 99242,20201013,   24,    0
 18148, 99242,20201014,   41,    0
 18148, 99242,20201015,   25,    0
 18148, 99242,20201016,   28,    0
 18148, 99242,20201017,   10,    0
 18148, 99242,20201018,   -9,    0
 18148, 99242,20201019,  -46,    0
 18148, 99242,20201020,  -56,    0
 18148, 99242,20201021,  -10,    0
 18148, 99242,20201022,  -18,    0
 18148, 99242,20201023,  -12,    0
 18148, 99242,20201024,   26,    0
 18148, 99242,20201025,   13,    0
 18148, 99242,20201026,   39,    0
 18148, 99242,20201027,    4,    0
 18148, 99242,20201028,  -30,    0
 18148, 99242,20201029,  -19,    0
 18148, 99242,20201030,  -31,    0
 18148, 99242,20201031,   19,    0
 18148, 99242,20201101,   55,    0
 18148, 99242,20201102,   71,    0
 18148, 99242,20201103,   53,    0
 18148, 99242,20201104,   59,    0
 18148, 99242,20201105,   31,    0
 18148, 99242,20201106,   41,    0
 18148, 99242,20201107,   20,    0
 18148, 99242,20201108,    8,    0
 18148, 99242,20201109,   18,    0
 18148, 99242,20201110,   -8,    0
 18148, 99242,20201111,   16,    0
 18148, 99242,20201112,   53,    0
 18148, 99242,20201113,   30,    0
 18148, 99242,20201114,   45,    0
 18148, 99242,20201115,   57,    0
 18148, 99242,20201116,   60,    0
 18148, 99242,20201117,   77,    0
 18148, 99242,20201118,   31,    0
 18148, 99242,20201119,  -26,    0
 18148, 99242,20201120,   -6,    0
 18148, 99242,20201121,   -9,    0
 18148, 99242,20201122,  -14,    0
 18148, 99242,20201123,    1,    0
 18148, 99242,20201124,  -28,    0
 18148, 99242,20201125,  -41,    0
 18148, 99242,20201126,  -60,    0
 18148, 99242,20201127,   29,    0
 18148, 99242,20201128,   31,    0
 18148, 99242,20201129,   42,    0
 18148, 99242,20201130,   37,    0
 18148, 99242,20201201,   -3,    0
 18148, 99242,20201202,   31,    0
 18148, 99242,20201203,   22,    0
 18148, 99242,20201204,   -7,    0
 18148, 99242,20201205,  -15,    0
 18148, 99242,20201206,  -51,    0
 18148, 99242,20201207,  -46,    0
 18148, 99242,20201208,  -14,    0
 18148, 99242,20201209,   22,    0
 18148, 99242,20201210,    3,    0
 18148, 99242,20201211,  -45,    0
 18148, 99242,20201212,  -51,    0
 18148, 99242,20201213,  -33,    0
 18148, 99242,20201214,   -2,    0
 18148, 99242,20201215,  -21,    0
 18148, 99242,20201216,  -29,    0
 18148, 99242,20201217,  -43,    0
 18148, 99242,20201218,  -64,    0
 18148, 99242,20201219,  -45,    0
 18148, 99242,20201220,   23,    0
 18148, 99242,20201221,   49,    0
 18148, 99242,20201222,   23,    0
 18148, 99242,20201223,   19,    0
 18148, 99242,20201224,    5,    0
 18148, 99242,20201225,  -30,    0
 18148, 99242,20201226,  -74,    0
 18148, 99242,20201227,  -92,    0
 18148, 99242,20201228,   13,    0
 18148, 99242,20201229,   18,    0
 18148, 99242,20201230,   11,    0
 18148, 99242,20201231,   -2,    0
 18148, 99242,20210101,  -46,    0
 18148, 99242,20210102,  -44,    0
 18148, 99242,20210103,    3,    0
 18148, 99242,20210104,   26,    0
 18148, 99242,20210105,   29,    0
 18148, 99242,20210106,   36,    0
 18148, 99242,20210107,  -19,    0
 18148, 99242,20210108,  -63,    0
 18148, 99242,20210109,  -57,    0
 18148, 99242,20210110,  -46,    0
 18148, 99242,20210111,  -70,    0
 18148, 99242,20210112,  -62,    0
 18148, 99242,20210113,  -82,    0
 18148, 99242,20210114,  -43,    0
 18148, 99242,20210115,   13,    0
 18148, 99242,20210116,    9,    0
 18148, 99242,20210117,   -5,    0
 18148, 99242,20210118,  -37,    1
 18148, 99242,20210119,  -68,    0
 18148, 99242,20210120,  -65,    0
 18148, 99242,20210121,  -89,    0
 18148, 99242,20210122,  -97,    0
 18148, 99242,20210123, -108,    0
 18148, 99242,20210124, -115,    0
 18148, 99242,20210125, -115,    0
 18148, 99242,20210126, -113,    0
 18148, 99242,20210127,  -57,    0
 18148, 99242,20210128,  -68,    0
 18148, 99242,20210129, -100,    0
 18148, 99242,20210130, -124,    0
 18148, 99242,20210131, -108,    0
 18148, 99242,20210201,  -51,    0
 18148, 99242,20210202,  -99,    0
 18148, 99242,20210203, -122,    0
 18148, 99242,20210204,   -6,    0
 18148, 99242,20210205,  -12,    0
 18148, 99242,20210206,  -23,    0
 18148, 99242,20210207,  -22,    0
 18148, 99242,20210208,  -55,    0
 18148, 99242,20210209, -111,    0
 18148, 99242,20210210,  -83,    0
 18148, 99242,20210211,  -42,    0
 18148, 99242,20210212,  -19,    0
 18148, 99242,20210213,  -56,    0
 18148, 99242,20210214,  -50,    0
 18148, 99242,20210215,   -6,    0
 18148, 99242,20210216,  -79,    0
 18148, 99242,20210217, -139,    0
 18148, 99242,20210218, -112,    0
 18148, 99242,20210219,  -79,    0
 18148, 99242,20210220,  -81,    0
 18148, 99242,20210221,  -96,    0
 18148, 99242,20210222,  -52,    0
 18148, 99242,20210223,  -49,    0
 18148, 99242,20210224,   16,    0
 18148, 99242,20210225,   33,    0
 18148, 99242,20210226,   18,    0
 18148, 99242,20210227,   13,    0
 18148, 99242,20210228,   38,    0
 18148, 99242,20210301,    8,    0
 18148, 99242,20210302,   -2,    0
 18148, 99242,20210303,  -27,    0
 18148, 99242,20210304,  -59,    0
 18148, 99242,20210305,  -48,    0
 18148, 99242,20210306,  -51,    0
 18148, 99242,20210307,  -45,    0
 18148, 99242,20210308,  -72,    0
 18148, 99242,20210309,  -96,    0
 18148, 99242,20210310,  -97,    0
 18148, 99242,20210311,  -48,    0
 18148, 99242,20210312,  -26,    0
 18148, 99242,20210313,  -17,    0
 18148, 99242,20210314,    6,    0
 18148, 99242,20210315,   -6,    0
 18148, 99242,20210316,  -28,    0
 18148, 99242,20210317,  -71,    0
 18148, 99242,20210318,  -88,    0
 18148, 99242,20210319,   -3,    0
 18148, 99242,20210320,    2,    0
 18148, 99242,20210321,  -35,    0
 18148, 99242,20210322,  -10,    0
 18148, 99242,20210323,   19,    0
 18148, 99242,20210324,   26,    0
 18148, 99242,20210325,    1,    0
 18148, 99242,20210326,   20,    0
 18148, 99242,20210327,   44,    0
 18148, 99242,20210328,   22,    0
 18148, 99242,20210329,   36,    0
 18148, 99242,20210330,   17,    0
 18148, 99242,20210331,   21,    0
 18148, 99242,20210401,   13,    0
 18148, 99242,20210402,   10,    0
 18148, 99242,20210403,    6,    0
 18148, 99242,20210404,  -16,    0
 18148, 99242,20210405,  -10,    0
 18148, 99242,20210406,   15,    0
 18148, 99242,20210407,  -10,    0
 18148, 99242,20210408,  -28,    0
 18148, 99242,20210409,  -47,    0
 18148, 99242,20210410,  -24,    0
 18148, 99242,20210411,    5,    0
 18148, 99242,20210412,   -9,    0
 18148, 99242,20210413,  -11,    0
 18148, 99242,20210414,   -5,    0
 18148, 99242,20210415,   27,    0
 18148, 99242,20210416,   45,    0
 18148, 99242,20210417,   56,    0
 18148, 99242,20210418,   55,    0
 18148, 99242,20210419,   82,    0
 18148, 99242,20210420,   97,    0
 18148, 99242,20210421,   32,    0
 18148, 99242,20210422,    8,    0
 18148, 99242,20210423,   -4,    0
 18148, 99242,20210424,    0,    0
 18148, 99242,20210425,    4,    0
 18148, 99242,20210426,    4,    0
 18148, 99242,20210427,   -8,    0
 18148, 99242,20210428,  -14,    0
 18148, 99242,20210429,   -6,    0
 18148, 99242,20210430,  -36,    0
 18148, 99242,20210501,  -24,    0
 18148, 99242,20210502,   -5,    0
 18148, 99242,20210503,    2,    0
 18148, 99242,20210504,   13,    0
 18148, 99242,20210505,   19,    0
 18148, 99242,20210506,   11,    0
 18148, 99242,20210507,   12,    0
 18148, 99242,20210508,   15,    0
 18148, 99242,20210509,   22,    0
 18148, 99242,20210510,   39,    0
 18148, 99242,20210511,   33,    0
 18148, 99242,20210512,   67,    0
 18148, 99242,20210513,   39,    0
 18148, 99242,20210514,   43,    0
 18148, 99242,20210515,   54,    0
 18148, 99242,20210516,   68,    0
 18148, 99242,20210517,   86,    0
 18148, 99242,20210518,   93,    0
 18148, 99242,20210519,   85,    0
 18148, 99242,20210520,   64,    0
 18148, 99242,20210521,   55,    0
 18148, 99242,20210522,   30,    0
 18148, 99242,20210523,   26,    0
 18148, 99242,20210524,   46,    0
 18148, 99242,20210525,   51,    0
 18148, 99242,20210526,   61,    0
 18148, 99242,20210527,   39,    0
 18148, 99242,20210528,   37,    0
 18148, 99242,20210529,   51,    0
 18148, 99242,20210530,   58,    0
 18148, 99242,20210531,   72,    0
 18148, 99242,20210601,  111,    0
 18148, 99242,20210602,  156,    0
 18148, 99242,20210603,  165,    0
 18148, 99242,20210604,  148,    0
 18148, 99242,20210605,   84,    0
 18148, 99242,20210606,  111,    0
 18148, 99242,20210607,  129,    0
 18148, 99242,20210608,  132,    0
 18148, 99242,20210609,  142,    0
 18148, 99242,20210610,  146,    0
 18148, 99242,20210611,  148,    0
 18148, 99242,20210612,   99,    0
 18148, 99242,20210613,   72,    0
 18148, 99242,20210614,   72,    0
 18148, 99242,20210615,   63,    0
 18148, 99242,20210616,   55,    0
 18148, 99242,20210617,   86,    0
 18148, 99242,20210618,  109,    0
 18148, 99242,20210619,   94,    0
 18148, 99242,20210620,  100,    0
 18148, 99242,20210621,  125,    0
 18148, 99242,20210622,   94,    0
 18148, 99242,20210623,  126,    0
 18148, 99242,20210624,  127,    0
 18148, 99242,20210625,   92,    0
 18148, 99242,20210626,   91,    0
 18148, 99242,20210627,  116,    0
 18148, 99242,20210628,   92,    0
 18148, 99242,20210629,   78,    0
 18148, 99242,20210630,   88,    0
 18148, 99242,20210701,  137,    0
 18148, 99242,20210702,  127,    0
 18148, 99242,20210703,  128,    0
 18148, 99242,20210704,  148,    0
 18148, 99242,20210705,  210,    0
 18148, 99242,20210706,  230,    0
 18148, 99242,20210707,  208,    0
 18148, 99242,20210708,  144,    0
 18148, 99242,20210709,  134,    0
 18148, 99242,20210710,  131,    0
 18148, 99242,20210711,  153,    0
 18148, 99242,20210712,  148,    0
 18148, 99242,20210713,  133,    0
 18148, 99242,20210714,  133,    0
 18148, 99242,20210715,  154,    0
 18148, 99242,20210716,  103,    0
 18148, 99242,20210717,  112,    0
 18148, 99242,20210718,  102,    0
 18148, 99242,20210719,   81,    0
 18148, 99242,20210720,   63,    0
 18148, 99242,20210721,   72,    0
 18148, 99242,20210722,   78,    0
 18148, 99242,20210723,   80,    0
 18148, 99242,20210724,  106,    0
 18148, 99242,20210725,  118,    0
 18148, 99242,20210726,  127,    0
 18148, 99242,20210727,  162,    0
 18148, 99242,20210728,  116,    0
 18148, 99242,20210729,  109,    0
 18148, 99242,20210730,  125,    0
 18148, 99242,20210731,   84,    0
 18148, 99242,20210801,   79,    0
 18148, 99242,20210802,   77,    0
 18148, 99242,20210803,   95,    0
 18148, 99242,20210804,   96,    0
 18148, 99242,20210805,  115,    0
 18148, 99242,20210806,  154,    0
 18148, 99242,20210807,  178,    0
 18148, 99242,20210808,  194,    0
 18148, 99242,20210809,  172,    0
 18148, 99242,20210810,  168,    0
 18148, 99242,20210811,  137,    0
 18148, 99242,20210812,  128,    0
 18148, 99242,20210813,  118,    0
 18148, 99242,20210814,  103,    0
 18148, 99242,20210815,  103,    0
 18148, 99242,20210816,  100,    0
 18148, 99242,20210817,  103,    0
 18148, 99242,20210818,  119,    0
 18148, 99242,20210819,  129,    0
 18148, 99242,20210820,   93,    0
 18148, 99242,20210821,   77,    0
 18148, 99242,20210822,   68,    0
 18148, 99242,20210823,   77,    0
 18148, 99242,20210824,   96,    0
 18148, 99242,20210825,  103,    0
 18148, 99242,20210826,   98,    0
 18148, 99242,20210827,  110,    0
 18148, 99242,20210828,  106,    0
 18148, 99242,20210829,   95,    0
 18148, 99242,20210830,  103,    0
 18148, 99242,20210831,   79,    0
 18148, 99242,20210901,   73,    0
 18148, 99242,20210902,   61,    0
 18148, 99242,20210903,   57,    0
 18148, 99242,20210904,   57,    0
 18148, 99242,20210905,   75,    0
 18148, 99242,20210906,  102,    0
 18148, 99242,20210907,   98,    0
 18148, 99242,20210908,   70,    0
 18148, 99242,20210909,   70,    0
 18148, 99242,20210910,   61,    0
 18148, 99242,20210911,   60,    0
 18148, 99242,20210912,   67,    0
 18148, 99242,20210913,   51,    0
 18148, 99242,20210914,   52,    0
 18148, 99242,20210915,   63,    0
 18148, 99242,20210916,   78,    0
 18148, 99242,20210917,   84,    0
 18148, 99242,20210918,   89,    0
 18148, 99242,20210919,   94,    0
 18148, 99242,20210920,   84,    0
 18148, 99242,20210921,   69,    0
 18148, 99242,20210922,   99,    0
 18148, 99242,20210923,   99,    0
 18148, 99242,20210924,   65,    0
 18148, 99242,20210925,   68,    0
 18148, 99242,20210926,   82,    0
 18148, 99242,20210927,  161,    0
 18148, 99242,20210928,  135,    0
 18148, 99242,20210929,   72,    0
 18148, 99242,20210930,   71,    0
 18148, 99242,20211001,   89,    0
 18148, 99242,20211002,  127,    0
 18148, 99242,20211003,  113,    0
 18148, 99242,20211004,  125,    0
 18148, 99242,20211005,  106,    0
 18148, 99242,20211006,   70,    0
 18148, 99242,20211007,   32,    0
 18148, 99242,20211008,   19,    0
 18148, 99242,20211009,   63,    0
 18148, 99242,20211010,   78,    0
 18148, 99242,20211011,   62,    0
 18148, 99242,20211012,   43,    0
 18148, 99242,20211013,    9,    0
 18148, 99242,20211014,   -1,    0
 18148, 99242,20211015,   14,    0
 18148, 99242,20211016,   25,    0
 18148, 99242,20211017,   26,    0
 18148, 99242,20211018,   -3,    0
 18148, 99242,20211019,  -39,    0
 18148, 99242,20211020,  -17,    0
 18148, 99242,20211021,   -1,    0
 18148, 99242,20211022,   -9,    0
 18148, 99242,20211023,  -41,    0
 18148, 99242,20211024,  -18,    0
 18148, 99242,20211025,  -12,    0
 18148, 99242,20211026,   -9,    0
 18148, 99242,20211027,   -5,    0
 18148, 99242,20211028,   20,    0
 18148, 99242,20211029,   35,    0
 18148, 99242,20211030,   18,    0
 18148, 99242,20211031,   49,    0
 18148, 99242,20211101,   63,    0
 18148, 99242,20211102,   64,    0
 18148, 99242,20211103,   32,    0
 18148, 99242,20211104,   38,    0
 18148, 99242,20211105,   20,    0
 18148, 99242,20211106,  -10,    0
 18148, 99242,20211107,  -33,    0
 18148, 99242,20211108,  -46,    0
 18148, 99242,20211109,  -13,    0
 18148, 99242,20211110,   32,    0
 18148, 99242,20211111,   13,    0
 18148, 99242,20211112,    3,    0
 18148, 99242,20211113,    2,    0
 18148, 99242,20211114,   -1,    0
 18148, 99242,20211115,   26,    0
 18148, 99242,20211116,   45,    0
 18148, 99242,20211117,   50,    0
 18148, 99242,20211118,   18,    0
 18148, 99242,20211119,    3,    0
 18148, 99242,20211120,   -3,    0
 18148, 99242,20211121,  -43,    0
 18148, 99242,20211122,  -59,    0
 18148, 99242,20211123,  -24,    0
 18148, 99242,20211124,  -85,    0
 18148, 99242,20211125,  -90,    0
 18148, 99242,20211126, -101,    0
 18148, 99242,20211127, -108,    0
 18148, 99242,20211128,  -97,    0
 18148, 99242,20211129,  -80,    0
 18148, 99242,20211130, -111,    0
 18148, 99242,20211201, -102,    0
 18148, 99242,20211202,  -44,    0
 18148, 99242,20211203,  -77,    0
 18148, 99242,20211204,  -81,    0
 18148, 99242,20211205, -168,    0
 18148, 99242,20211206, -186,    0
 18148, 99242,20211207, -102,    0
 18148, 99242,20211208,  -87,    0
 18148, 99242,20211209, -129,    0
 18148, 99242,20211210,  -32,    0
 18148, 99242,20211211,  -79,    0
 18148, 99242,20211212,  -10,    0
 18148, 99242,20211213,  -26,    0
 18148, 99242,20211214,   12,    0
 18148, 99242,20211215,   19,    0
 18148, 99242,20211216,   15,    0
 18148, 99242,20211217,   24,    0
 18148, 99242,20211218,    8,    0
 18148, 99242,20211219,   -3,    0
 18148, 99242,20211220, -105,    0
 18148, 99242,20211221,  -84,    0
 18148, 99242,20211222, -116,    0
 18148, 99242,20211223,  -80,    0
 18148, 99242,20211224,  -42,    0
 18148, 99242,20211225,  -83,    0
 18148, 99242,20211226, -130,    0
 18148, 99242,20211227,  -74,    0
 18148, 99242,20211228, -118,    0
 18148, 99242,20211229, -139,    0
 18148, 99242,20211230,  -70,    0
 18148, 99242,20211231,  -98,    0
 18148, 99242,20220101,  -75,    0
 18148, 99242,20220102,  -46,    0
 18148, 99242,20220103,  -57,    0
 18148, 99242,20220104,  -76,    0
 18148, 99242,20220105,  -86,    0
 18148, 99242,20220106,  -66,    0
 18148, 99242,20220107, -102,    0
 18148, 99242,20220108,  -57,    0
 18148, 99242,20220109, -111,    0
 18148, 99242,20220110, -152,    0
 18148, 99242,20220111,  -31,    0
 18148, 99242,20220112,   17,    0
 18148, 99242,20220113,   -5,    0
 18148, 99242,20220114,   -6,    0
 18148, 99242,20220115,  -20,    0
 18148, 99242,20220116,  -25,    0
 18148, 99242,20220117,  -34,    0
 18148, 99242,20220118,    2,    0
 18148, 99242,20220119,   -5,    0
 18148, 99242,20220120,   -8,    0
 18148, 99242,20220121,  -61,    0
 18148, 99242,20220122,   11,    0
 18148, 99242,20220123,   35,    0
 18148, 99242,20220124,  -11,    0
 18148, 99242,20220125,  -29,    0
 18148, 99242,20220126,  -59,    0
 18148, 99242,20220127,  -80,    0
 18148, 99242,20220128,  -53,    0
 18148, 99242,20220129,  -80,    0
 18148, 99242,20220130, -118,    0
 18148, 99242,20220131,  -75,    0
 18148, 99242,20220201,  -68,    0
 18148, 99242,20220202,  -76,    0
 18148, 99242,20220203,  -82,    0
 18148, 99242,20220204,  -86,    0
 18148, 99242,20220205,  -33,    0
 18148, 99242,20220206,  -16,    0
 18148, 99242,20220207,  -53,    0
 18148, 99242,20220208,  -27,    0
 18148, 99242,20220209,  -14,    0
 18148, 99242,20220210,  -46,    0
 18148, 99242,20220211,  -33,    0
 18148, 99242,20220212, -118,    0
 18148, 99242,20220213,  -65,    0
 18148, 99242,20220214,  -56,    0
 18148, 99242,20220215,  -84,    0
 18148, 99242,20220216,  -98,    0
 18148, 99242,20220217,  -48,    0
 18148, 99242,20220218,  -35,    0
 18148, 99242,20220219,  -60,    0
 18148, 99242,20220220,  -90,    0
 18148, 99242,20220221,  -95,    0
 18148, 99242,20220222, -156,    0
 18148, 99242,20220223,  -83,    0
 18148, 99242,20220224,  -34,    0
 18148, 99242,20220225,  -49,    0
 18148, 99242,20220226,  -47,    0
 18148, 99242,20220227,   49,    0
 18148, 99242,20220228,   28,    0
 18148, 99242,20220301,   33,    0
 18148, 99242,20220302,   11,    0
 18148, 99242,20220303,  -13,    0
 18148, 99242,20220304,  -25,    0
 18148, 99242,20220305,    3,    0
 18148, 99242,20220306,  -17,    0
 18148, 99242,20220307,  -12,    0
 18148, 99242,20220308,  -30,    0
 18148, 99242,20220309,  -10,    0
 18148, 99242,20220310,   32,    0
 18148, 99242,20220311,   31,    0
 18148, 99242,20220312,   46,    0
 18148, 99242,20220313,   23,    0
 18148, 99242,20220314,   32,    0
 18148, 99242,20220315,   62,    0
 18148, 99242,20220316,   32,    0
 18148, 99242,20220317,   55,    0
 18148, 99242,20220318,   31,    0
 18148, 99242,20220319,   22,    0
 18148, 99242,20220320,   64,    0
 18148, 99242,20220321,   38,    0
 18148, 99242,20220322,   24,    0
 18148, 99242,20220323,   24,    0
 18148, 99242,20220324,  -12,    0
 18148, 99242,20220325,  -28,    0
 18148, 99242,20220326,  -58,    0
 18148, 99242,20220327,  -64,    0
 18148, 99242,20220328,  -53,    0
 18148, 99242,20220329,  -31,    0
 18148, 99242,20220330,  -27,    0
 18148, 99242,20220331,  -39,    0
 18148, 99242,20220401,  -32,    0
 18148, 99242,20220402,  -17,    0
 18148, 99242,20220403,  -47,    0
 18148, 99242,20220404,  -69,    0
 18148, 99242,20220405,  -56,    0
 18148, 99242,20220406,   -8,    0
 18148, 99242,20220407,  -14,    0
 18148, 99242,20220408,  -13,    0
 18148, 99242,20220409,   20,    0
 18148, 99242,20220410,   14,    0
 18148, 99242,20220411,   21,    0
 18148, 99242,20220412,    0,    0
 18148, 99242,20220413,   19,    0
 18148, 99242,20220414,    9,    0
 18148, 99242,20220415,   19,    0
 18148, 99242,20220416,   31,    0
 18148, 99242,20220417,   48,    0
 18148, 99242,20220418,   48,    0
 18148, 99242,20220419,   64,    0
 18148, 99242,20220420,   74,    0
 18148, 99242,20220421,   48,    0
 18148, 99242,20220422,   31,    0
 18148, 99242,20220423,   34,    0
 18148, 99242,20220424,   31,    0
 18148, 99242,20220425,    5,    0
 18148, 99242,20220426,  -43,    0
 18148, 99242,20220427,  -39,    0
 18148, 99242,20220428,  -26,    0
 18148, 99242,20220429,  -16,    0
 18148, 99242,20220430,  -10,    0
 18148, 99242,20220501,    5,    0
 18148, 99242,20220502,   -1,    0
 18148, 99242,20220503,  -10,    0
 18148, 99242,20220504,  -12,    0
 18148, 99242,20220505,   25,    0
 18148, 99242,20220506,   56,    0
 18148, 99242,20220507,   25,    0
 18148, 99242,20220508,    6,    0
 18148, 99242,20220509,   25,    0
 18148, 99242,20220510,   41,    0
 18148, 99242,20220511,   37,    0
 18148, 99242,20220512,   31,    0
 18148, 99242,20220513,   34,    0
 18148, 99242,20220514,   53,    0
 18148, 99242,20220515,   45,    0
 18148, 99242,20220516,   20,    0
 18148, 99242,20220517,   12,    0
 18148, 99242,20220518,   35,    0
 18148, 99242,20220519,   40,    0
 18148, 99242,20220520,   60,    0
 18148, 99242,20220521,   57,    0
 18148, 99242,20220522,   72,    0
 18148, 99242,20220523,  100,    0
 18148, 99242,20220524,  131,    0
 18148, 99242,20220525,  138,    0
 18148, 99242,20220526,  141,    0
 18148, 99242,20220527,   88,    0
 18148, 99242,20220528,   75,    0
 18148, 99242,20220529,  108,    0
 18148, 99242,20220530,  138,    0
 18148, 99242,20220531,  152,    0
 18148, 99242,20220601,  150,    0
 18148, 99242,20220602,  153,    0
 18148, 99242,20220603,  128,    0
 18148, 99242,20220604,   89,    0
 18148, 99242,20220605,   66,    0
 18148, 99242,20220606,   83,    0
 18148, 99242,20220607,   53,    0
 18148, 99242,20220608,   60,    0
 18148, 99242,20220609,   60,    0
 18148, 99242,20220610,   69,    0
 18148, 99242,20220611,  105,    0
 18148, 99242,20220612,   87,    0
 18148, 99242,20220613,  100,    0
 18148, 99242,20220614,  100,    0
 18148, 99242,20220615,   93,    0
 18148, 99242,20220616,   96,    0
 18148, 99242,20220617,  104,    0
 18148, 99242,20220618,  130,    0
 18148, 99242,20220619,  110,    0
 18148, 99242,20220620,  104,    0
 18148, 99242,20220621,   92,    0
 18148, 99242,20220622,   89,    0
 18148, 99242,20220623,  114,    0
 18148, 99242,20220624,  109,    0
 18148, 99242,20220625,  131,    0
 18148, 99242,20220626,  181,    0
 18148, 99242,20220627,  228,    0
 18148, 99242,20220628,  254,    0
 18148, 99242,20220629,  210,    0
 18148, 99242,20220630,  134,    0
 18148, 99242,20220701,  210,    0
 18148, 99242,20220702,  245,    0
 18148, 99242,20220703,  157,    0
 18148, 99242,20220704,  165,    0
 18148, 99242,20220705,  169,    0
 18148, 99242,20220706,  107,    0
 18148, 99242,20220707,  105,    0
 18148, 99242,20220708,   97,    0
 18148, 99242,20220709,  125,    0
 18148, 99242,20220710,  136,    0
 18148, 99242,20220711,  135,    0
 18148, 99242,20220712,  192,    0
 18148, 99242,20220713,  147,    0
 18148, 99242,20220714,  127,    0
 18148, 99242,20220715,  100,    0
 18148, 99242,20220716,  105,    0
 18148, 99242,20220717,   91,    0
 18148, 99242,20220718,  112,    0
 18148, 99242,20220719,  125,    0
 18148, 99242,20220720,  154,    0
 18148, 99242,20220721,  135,    0
 18148, 99242,20220722,  111,    0
 18148, 99242,20220723,  101,    0
 18148, 99242,20220724,  110,    0
 18148, 99242,20220725,  134,    0
 18148, 99242,20220726,  146,    0
 18148, 99242,20220727,  104,    0
 18148, 99242,20220728,   94,    0
 18148, 99242,20220729,  119,    0
 18148, 99242,20220730,  153,    0
 18148, 99242,20220731,  154,    0
 18148, 99242,20220801,  164,    0
 18148, 99242,20220802,  128,    0
 18148, 99242,20220803,  155,    0
 18148, 99242,20220804,  141,    0
 18148, 99242,20220805,  112,    0
 18148, 99242,20220806,  123,    0
 18148, 99242,20220807,  107,    0
 18148, 99242,20220808,  101,    0
 18148, 99242,20220809,  122,    0
 18148, 99242,20220810,  127,    0
 18148, 99242,20220811,  106,    0
 18148, 99242,20220812,   86,    0
 18148, 99242,20220813,  100,    0
 18148, 99242,20220814,   97,    0
 18148, 99242,20220815,  149,    0
 18148, 99242,20220816,  195,    0
 18148, 99242,20220817,  129,    0
 18148, 99242,20220818,  117,    0
 18148, 99242,20220819,  164,    0
 18148, 99242,20220820,  179,    0
 18148, 99242,20220821,  181,    0
 18148, 99242,20220822,  146,    0
 18148, 99242,20220823,  104,    0
 18148, 99242,20220824,  116,    0
 18148, 99242,20220825,  153,    0
 18148, 99242,20220826,  187,    0
 18148, 99242,20220827,  117,    0
 18148, 99242,20220828,   95,    0
 18148, 99242,20220829,   91,    0
 18148, 99242,20220830,   70,    0
 18148, 99242,20220831,   77,    0
 18148, 99242,20220901,   65,    0
 18148, 99242,20220902,   66,    0
 18148, 99242,20220903,   67,    0
 18148, 99242,20220904,   69,    0
 18148, 99242,20220905,   70,    0
 18148, 99242,20220906,   81,    0
 18148, 99242,20220907,   76,    0
 18148, 99242,20220908,   75,    0
 18148, 99242,20220909,   76,    0
 18148, 99242,20220910,   86,    0
 18148, 99242,20220911,   78,    0
 18148, 99242,20220912,   62,    0
 18148, 99242,20220913,   70,    0
 18148, 99242,20220914,   72,    0
 18148, 99242,20220915,   81,    0
 18148, 99242,20220916,   95,    0
 18148, 99242,20220917,   88,    0
 18148, 99242,20220918,   78,    0
 18148, 99242,20220919,   66,    0
 18148, 99242,20220920,   39,    0
 18148, 99242,20220921,   70,    0
 18148, 99242,20220922,  129,    0
 18148, 99242,20220923,  110,    0
 18148, 99242,20220924,   89,    0
 18148, 99242,20220925,  104,    0
 18148, 99242,20220926,   87,    0
 18148, 99242,20220927,   93,    0
 18148, 99242,20220928,   90,    0
 18148, 99242,20220929,   93,    0
 18148, 99242,20220930,   51,    0
 18148, 99242,20221001,   26,    0
 18148, 99242,20221002,   23,    0
 18148, 99242,20221003,   54,    0
 18148, 99242,20221004,   70,    0
 18148, 99242,20221005,   72,    0
 18148, 99242,20221006,   65,    0
 18148, 99242,20221007,   70,    0
 18148, 99242,20221008,   64,    0
 18148, 99242,20221009,   46,    0
 18148, 99242,20221010,   79,    0
 18148, 99242,20221011,   75,    0
 18148, 99242,20221012,   38,    0
 18148, 99242,20221013,   58,    0
 18148, 99242,20221014,   48,    0
 18148, 99242,20221015,   68,    0
 18148, 99242,20221016,   47,    0
 18148, 99242,20221017,   31,    0
 18148, 99242,20221018,   13,    0
 18148, 99242,20221019,   44,    0
 18148, 99242,20221020,   24,    0
 18148, 99242,20221021,   37,    0
 18148, 99242,20221022,   30,    0
 18148, 99242,20221023,   19,    0
 18148, 99242,20221024,  -22,    0
 18148, 99242,20221025,  -38,    0
 18148, 99242,20221026,  -26,    0
 18148, 99242,20221027,   16,    0
 18148, 99242,20221028,   30,    0
 18148, 99242,20221029,   17,    0
 18148, 99242,20221030,   21,    0
 18148, 99242,20221031,   28,    0
