EUROPEAN CLIMATE ASSESSMENT & DATASET (ECA&D), file created on: 16-11-2022
THESE DATA CAN BE USED FOR NON-COMMERCIAL RESEARCH AND EDUCATION PROVIDED THAT THE FOLLOWING SOURCE IS ACKNOWLEDGED: 

Klein Tank, A.M.G. and Coauthors, 2002. Daily dataset of 20th-century surface
air temperature and precipitation series for the European Climate Assessment.
Int. J. of Climatol., 22, 1441-1453.
Data and metadata available at http://www.ecad.eu

FILE FORMAT (MISSING VALUE CODE = -9999):

01-06 STAID: Station identifier
08-13 SOUID: Source identifier
15-22 DATE : Date YYYYMMDD
24-28 TG   : Mean temperature in 0.1 &#176;C
30-34 Q_TG : quality code for TG (0='valid'; 1='suspect'; 9='missing')

This is the blended series of station LUROY, NORWAY (STAID: 2737)
Blended and updated with sources:11203 
See files sources.txt and stations.txt for more info.

STAID, SOUID,    DATE,   TG, Q_TG
  2737, 11203,20171001,-9999,    9
  2737, 11203,20171002,-9999,    9
  2737, 11203,20171003,-9999,    9
  2737, 11203,20171004,-9999,    9
  2737, 11203,20171005,-9999,    9
  2737, 11203,20171006,-9999,    9
  2737, 11203,20171007,-9999,    9
  2737, 11203,20171008,-9999,    9
  2737, 11203,20171009,-9999,    9
  2737, 11203,20171010,-9999,    9
  2737, 11203,20171011,-9999,    9
  2737, 11203,20171012,-9999,    9
  2737, 11203,20171013,-9999,    9
  2737, 11203,20171014,-9999,    9
  2737, 11203,20171015,-9999,    9
  2737, 11203,20171016,-9999,    9
  2737, 11203,20171017,-9999,    9
  2737, 11203,20171018,-9999,    9
  2737, 11203,20171019,-9999,    9
  2737, 11203,20171020,-9999,    9
  2737, 11203,20171021,-9999,    9
  2737, 11203,20171022,-9999,    9
  2737, 11203,20171023,-9999,    9
  2737, 11203,20171024,-9999,    9
  2737, 11203,20171025,-9999,    9
  2737, 11203,20171026,-9999,    9
  2737, 11203,20171027,-9999,    9
  2737, 11203,20171028,-9999,    9
  2737, 11203,20171029,-9999,    9
  2737, 11203,20171030,-9999,    9
  2737, 11203,20171031,-9999,    9
  2737, 11203,20171101,-9999,    9
  2737, 11203,20171102,-9999,    9
  2737, 11203,20171103,-9999,    9
  2737, 11203,20171104,-9999,    9
  2737, 11203,20171105,-9999,    9
  2737, 11203,20171106,-9999,    9
  2737, 11203,20171107,-9999,    9
  2737, 11203,20171108,-9999,    9
  2737, 11203,20171109,-9999,    9
  2737, 11203,20171110,-9999,    9
  2737, 11203,20171111,-9999,    9
  2737, 11203,20171112,-9999,    9
  2737, 11203,20171113,-9999,    9
  2737, 11203,20171114,-9999,    9
  2737, 11203,20171115,-9999,    9
  2737, 11203,20171116,-9999,    9
  2737, 11203,20171117,-9999,    9
  2737, 11203,20171118,-9999,    9
  2737, 11203,20171119,-9999,    9
  2737, 11203,20171120,-9999,    9
  2737, 11203,20171121,-9999,    9
  2737, 11203,20171122,-9999,    9
  2737, 11203,20171123,-9999,    9
  2737, 11203,20171124,-9999,    9
  2737, 11203,20171125,-9999,    9
  2737, 11203,20171126,-9999,    9
  2737, 11203,20171127,-9999,    9
  2737, 11203,20171128,-9999,    9
  2737, 11203,20171129,-9999,    9
  2737, 11203,20171130,-9999,    9
  2737, 11203,20171201,-9999,    9
  2737, 11203,20171202,-9999,    9
  2737, 11203,20171203,-9999,    9
  2737, 11203,20171204,-9999,    9
  2737, 11203,20171205,-9999,    9
  2737, 11203,20171206,-9999,    9
  2737, 11203,20171207,-9999,    9
  2737, 11203,20171208,-9999,    9
  2737, 11203,20171209,-9999,    9
  2737, 11203,20171210,-9999,    9
  2737, 11203,20171211,-9999,    9
  2737, 11203,20171212,-9999,    9
  2737, 11203,20171213,-9999,    9
  2737, 11203,20171214,-9999,    9
  2737, 11203,20171215,-9999,    9
  2737, 11203,20171216,-9999,    9
  2737, 11203,20171217,-9999,    9
  2737, 11203,20171218,-9999,    9
  2737, 11203,20171219,-9999,    9
  2737, 11203,20171220,-9999,    9
  2737, 11203,20171221,-9999,    9
  2737, 11203,20171222,-9999,    9
  2737, 11203,20171223,-9999,    9
  2737, 11203,20171224,-9999,    9
  2737, 11203,20171225,-9999,    9
  2737, 11203,20171226,-9999,    9
  2737, 11203,20171227,-9999,    9
  2737, 11203,20171228,-9999,    9
  2737, 11203,20171229,-9999,    9
  2737, 11203,20171230,-9999,    9
  2737, 11203,20171231,-9999,    9
  2737, 11203,20180101,   13,    0
  2737, 11203,20180102,   -2,    0
  2737, 11203,20180103,  -45,    0
  2737, 11203,20180104,  -40,    0
  2737, 11203,20180105,  -25,    0
  2737, 11203,20180106,  -27,    0
  2737, 11203,20180107,  -23,    0
  2737, 11203,20180108,    6,    0
  2737, 11203,20180109,   40,    0
  2737, 11203,20180110,   38,    0
  2737, 11203,20180111,   71,    0
  2737, 11203,20180112,   43,    0
  2737, 11203,20180113,   40,    0
  2737, 11203,20180114,   -2,    0
  2737, 11203,20180115,  -11,    0
  2737, 11203,20180116,    4,    0
  2737, 11203,20180117,  -30,    0
  2737, 11203,20180118,  -60,    0
  2737, 11203,20180119,  -48,    0
  2737, 11203,20180120,  -40,    0
  2737, 11203,20180121,  -67,    0
  2737, 11203,20180122,  -24,    0
  2737, 11203,20180123,  -13,    0
  2737, 11203,20180124,   -9,    0
  2737, 11203,20180125,   -8,    0
  2737, 11203,20180126,  -14,    0
  2737, 11203,20180127,  -38,    0
  2737, 11203,20180128,   -8,    0
  2737, 11203,20180129,   -7,    0
  2737, 11203,20180130,    2,    0
  2737, 11203,20180131,    0,    0
  2737, 11203,20180201,  -25,    0
  2737, 11203,20180202,  -61,    0
  2737, 11203,20180203,  -58,    0
  2737, 11203,20180204,  -34,    0
  2737, 11203,20180205,   23,    0
  2737, 11203,20180206,    8,    0
  2737, 11203,20180207,  -46,    0
  2737, 11203,20180208,    5,    0
  2737, 11203,20180209,   13,    0
  2737, 11203,20180210,   14,    0
  2737, 11203,20180211,   -3,    0
  2737, 11203,20180212,  -22,    0
  2737, 11203,20180213,   -8,    0
  2737, 11203,20180214,    2,    0
  2737, 11203,20180215,    8,    0
  2737, 11203,20180216,    1,    0
  2737, 11203,20180217,   -3,    0
  2737, 11203,20180218,  -20,    0
  2737, 11203,20180219,  -21,    0
  2737, 11203,20180220,  -49,    0
  2737, 11203,20180221,  -58,    0
  2737, 11203,20180222,  -28,    0
  2737, 11203,20180223,  -32,    0
  2737, 11203,20180224,  -45,    0
  2737, 11203,20180225,  -76,    0
  2737, 11203,20180226,  -74,    0
  2737, 11203,20180227,  -57,    0
  2737, 11203,20180228,  -89,    0
  2737, 11203,20180301,  -98,    0
  2737, 11203,20180302,  -89,    0
  2737, 11203,20180303,  -90,    0
  2737, 11203,20180304,  -82,    0
  2737, 11203,20180305,  -69,    0
  2737, 11203,20180306,  -72,    0
  2737, 11203,20180307,  -61,    0
  2737, 11203,20180308,  -49,    0
  2737, 11203,20180309,  -21,    0
  2737, 11203,20180310,  -46,    0
  2737, 11203,20180311,  -41,    0
  2737, 11203,20180312,  -36,    0
  2737, 11203,20180313,  -54,    0
  2737, 11203,20180314,  -56,    0
  2737, 11203,20180315,  -61,    0
  2737, 11203,20180316,  -55,    0
  2737, 11203,20180317,  -15,    0
  2737, 11203,20180318,    6,    0
  2737, 11203,20180319,    2,    0
  2737, 11203,20180320,    1,    0
  2737, 11203,20180321,   13,    0
  2737, 11203,20180322,  -12,    0
  2737, 11203,20180323,  -13,    0
  2737, 11203,20180324,   -6,    0
  2737, 11203,20180325,  -57,    0
  2737, 11203,20180326,  -52,    0
  2737, 11203,20180327,  -27,    0
  2737, 11203,20180328,  -30,    0
  2737, 11203,20180329,  -14,    0
  2737, 11203,20180330,  -10,    0
  2737, 11203,20180331,   -1,    0
  2737, 11203,20180401,   -9,    0
  2737, 11203,20180402,  -31,    0
  2737, 11203,20180403,  -26,    0
  2737, 11203,20180404,    2,    0
  2737, 11203,20180405,   15,    0
  2737, 11203,20180406,   15,    0
  2737, 11203,20180407,    4,    0
  2737, 11203,20180408,   -7,    0
  2737, 11203,20180409,   -7,    0
  2737, 11203,20180410,  -20,    0
  2737, 11203,20180411,  -16,    0
  2737, 11203,20180412,   22,    0
  2737, 11203,20180413,   90,    0
  2737, 11203,20180414,   39,    0
  2737, 11203,20180415,   68,    0
  2737, 11203,20180416,   54,    0
  2737, 11203,20180417,   44,    0
  2737, 11203,20180418,   76,    0
  2737, 11203,20180419,   72,    0
  2737, 11203,20180420,   54,    0
  2737, 11203,20180421,   36,    0
  2737, 11203,20180422,   47,    0
  2737, 11203,20180423,   78,    0
  2737, 11203,20180424,   55,    0
  2737, 11203,20180425,   41,    0
  2737, 11203,20180426,   41,    0
  2737, 11203,20180427,   44,    0
  2737, 11203,20180428,   34,    0
  2737, 11203,20180429,   23,    0
  2737, 11203,20180430,   18,    0
  2737, 11203,20180501,   52,    0
  2737, 11203,20180502,   75,    0
  2737, 11203,20180503,   79,    0
  2737, 11203,20180504,   76,    0
  2737, 11203,20180505,   87,    0
  2737, 11203,20180506,   74,    0
  2737, 11203,20180507,   62,    0
  2737, 11203,20180508,   97,    0
  2737, 11203,20180509,  162,    0
  2737, 11203,20180510,  190,    0
  2737, 11203,20180511,   87,    0
  2737, 11203,20180512,  115,    0
  2737, 11203,20180513,  107,    0
  2737, 11203,20180514,  174,    0
  2737, 11203,20180515,  104,    0
  2737, 11203,20180516,   95,    0
  2737, 11203,20180517,   61,    0
  2737, 11203,20180518,   71,    0
  2737, 11203,20180519,   83,    0
  2737, 11203,20180520,  119,    0
  2737, 11203,20180521,  101,    0
  2737, 11203,20180522,   69,    0
  2737, 11203,20180523,   67,    0
  2737, 11203,20180524,  121,    0
  2737, 11203,20180525,   95,    0
  2737, 11203,20180526,   77,    0
  2737, 11203,20180527,  100,    0
  2737, 11203,20180528,  192,    0
  2737, 11203,20180529,   78,    0
  2737, 11203,20180530,   95,    0
  2737, 11203,20180531,  178,    0
  2737, 11203,20180601,   86,    0
  2737, 11203,20180602,   73,    0
  2737, 11203,20180603,   68,    0
  2737, 11203,20180604,   40,    0
  2737, 11203,20180605,   46,    0
  2737, 11203,20180606,   52,    0
  2737, 11203,20180607,   56,    0
  2737, 11203,20180608,   67,    0
  2737, 11203,20180609,   82,    0
  2737, 11203,20180610,   77,    0
  2737, 11203,20180611,   61,    0
  2737, 11203,20180612,   66,    0
  2737, 11203,20180613,   72,    0
  2737, 11203,20180614,  139,    0
  2737, 11203,20180615,  116,    0
  2737, 11203,20180616,   90,    0
  2737, 11203,20180617,  131,    0
  2737, 11203,20180618,  130,    0
  2737, 11203,20180619,   97,    0
  2737, 11203,20180620,   86,    0
  2737, 11203,20180621,   81,    0
  2737, 11203,20180622,   82,    0
  2737, 11203,20180623,   72,    0
  2737, 11203,20180624,   92,    0
  2737, 11203,20180625,  100,    0
  2737, 11203,20180626,   95,    0
  2737, 11203,20180627,   85,    0
  2737, 11203,20180628,   80,    0
  2737, 11203,20180629,   68,    0
  2737, 11203,20180630,   84,    0
  2737, 11203,20180701,  156,    0
  2737, 11203,20180702,  158,    0
  2737, 11203,20180703,   99,    0
  2737, 11203,20180704,   89,    0
  2737, 11203,20180705,  151,    0
  2737, 11203,20180706,  106,    0
  2737, 11203,20180707,  106,    0
  2737, 11203,20180708,  122,    0
  2737, 11203,20180709,  116,    0
  2737, 11203,20180710,  118,    0
  2737, 11203,20180711,  139,    0
  2737, 11203,20180712,  110,    0
  2737, 11203,20180713,  108,    0
  2737, 11203,20180714,  114,    0
  2737, 11203,20180715,  136,    0
  2737, 11203,20180716,  204,    0
  2737, 11203,20180717,  202,    0
  2737, 11203,20180718,  251,    0
  2737, 11203,20180719,  135,    0
  2737, 11203,20180720,  151,    0
  2737, 11203,20180721,  155,    0
  2737, 11203,20180722,  151,    0
  2737, 11203,20180723,  133,    0
  2737, 11203,20180724,  167,    0
  2737, 11203,20180725,  132,    0
  2737, 11203,20180726,  146,    0
  2737, 11203,20180727,  232,    0
  2737, 11203,20180728,  256,    0
  2737, 11203,20180729,  239,    0
  2737, 11203,20180730,  241,    0
  2737, 11203,20180731,  252,    0
  2737, 11203,20180801,  186,    0
  2737, 11203,20180802,  162,    0
  2737, 11203,20180803,  144,    0
  2737, 11203,20180804,  126,    0
  2737, 11203,20180805,  121,    0
  2737, 11203,20180806,  122,    0
  2737, 11203,20180807,  130,    0
  2737, 11203,20180808,  199,    0
  2737, 11203,20180809,  149,    0
  2737, 11203,20180810,  136,    0
  2737, 11203,20180811,  130,    0
  2737, 11203,20180812,  100,    0
  2737, 11203,20180813,   92,    0
  2737, 11203,20180814,   99,    0
  2737, 11203,20180815,  147,    0
  2737, 11203,20180816,  151,    0
  2737, 11203,20180817,  140,    0
  2737, 11203,20180818,  133,    0
  2737, 11203,20180819,  112,    0
  2737, 11203,20180820,   97,    0
  2737, 11203,20180821,   87,    0
  2737, 11203,20180822,  107,    0
  2737, 11203,20180823,  114,    0
  2737, 11203,20180824,  120,    0
  2737, 11203,20180825,   98,    0
  2737, 11203,20180826,   89,    0
  2737, 11203,20180827,   94,    0
  2737, 11203,20180828,  124,    0
  2737, 11203,20180829,  169,    0
  2737, 11203,20180830,  114,    0
  2737, 11203,20180831,   98,    0
  2737, 11203,20180901,  135,    0
  2737, 11203,20180902,  137,    0
  2737, 11203,20180903,  128,    0
  2737, 11203,20180904,   92,    0
  2737, 11203,20180905,  134,    0
  2737, 11203,20180906,  142,    0
  2737, 11203,20180907,  145,    0
  2737, 11203,20180908,  174,    0
  2737, 11203,20180909,  178,    0
  2737, 11203,20180910,  168,    0
  2737, 11203,20180911,  138,    0
  2737, 11203,20180912,  107,    0
  2737, 11203,20180913,   97,    0
  2737, 11203,20180914,   93,    0
  2737, 11203,20180915,   85,    0
  2737, 11203,20180916,   92,    0
  2737, 11203,20180917,   96,    0
  2737, 11203,20180918,  112,    0
  2737, 11203,20180919,  135,    0
  2737, 11203,20180920,  112,    0
  2737, 11203,20180921,  108,    0
  2737, 11203,20180922,   97,    0
  2737, 11203,20180923,   61,    0
  2737, 11203,20180924,   48,    0
  2737, 11203,20180925,   73,    0
  2737, 11203,20180926,   69,    0
  2737, 11203,20180927,   46,    0
  2737, 11203,20180928,   33,    0
  2737, 11203,20180929,   63,    0
  2737, 11203,20180930,   71,    0
  2737, 11203,20181001,   56,    0
  2737, 11203,20181002,   52,    0
  2737, 11203,20181003,   29,    0
  2737, 11203,20181004,   42,    0
  2737, 11203,20181005,   57,    0
  2737, 11203,20181006,   33,    0
  2737, 11203,20181007,   33,    0
  2737, 11203,20181008,   60,    0
  2737, 11203,20181009,   69,    0
  2737, 11203,20181010,   75,    0
  2737, 11203,20181011,  114,    0
  2737, 11203,20181012,  138,    0
  2737, 11203,20181013,  127,    0
  2737, 11203,20181014,  122,    0
  2737, 11203,20181015,   72,    0
  2737, 11203,20181016,   85,    0
  2737, 11203,20181017,   99,    0
  2737, 11203,20181018,   71,    0
  2737, 11203,20181019,   69,    0
  2737, 11203,20181020,   78,    0
  2737, 11203,20181021,   79,    0
  2737, 11203,20181022,   39,    0
  2737, 11203,20181023,   19,    0
  2737, 11203,20181024,   39,    0
  2737, 11203,20181025,   19,    0
  2737, 11203,20181026,   -7,    0
  2737, 11203,20181027,   -7,    0
  2737, 11203,20181028,   -4,    0
  2737, 11203,20181029,    0,    0
  2737, 11203,20181030,    2,    0
  2737, 11203,20181031,   69,    0
  2737, 11203,20181101,   76,    0
  2737, 11203,20181102,   80,    0
  2737, 11203,20181103,   55,    0
  2737, 11203,20181104,   94,    0
  2737, 11203,20181105,   87,    0
  2737, 11203,20181106,   64,    0
  2737, 11203,20181107,   32,    0
  2737, 11203,20181108,   85,    0
  2737, 11203,20181109,   65,    0
  2737, 11203,20181110,   84,    0
  2737, 11203,20181111,   86,    0
  2737, 11203,20181112,   73,    0
  2737, 11203,20181113,   67,    0
  2737, 11203,20181114,   78,    0
  2737, 11203,20181115,   91,    0
  2737, 11203,20181116,  101,    0
  2737, 11203,20181117,   49,    0
  2737, 11203,20181118,   32,    0
  2737, 11203,20181119,   25,    0
  2737, 11203,20181120,   24,    0
  2737, 11203,20181121,  -23,    0
  2737, 11203,20181122,    3,    0
  2737, 11203,20181123,   31,    0
  2737, 11203,20181124,   24,    0
  2737, 11203,20181125,   24,    0
  2737, 11203,20181126,   -7,    0
  2737, 11203,20181127,    3,    0
  2737, 11203,20181128,   25,    0
  2737, 11203,20181129,   43,    0
  2737, 11203,20181130,   75,    0
  2737, 11203,20181201,   66,    0
  2737, 11203,20181202,   54,    0
  2737, 11203,20181203,   52,    0
  2737, 11203,20181204,   18,    0
  2737, 11203,20181205,   12,    0
  2737, 11203,20181206,   -6,    0
  2737, 11203,20181207,  -25,    0
  2737, 11203,20181208,   12,    0
  2737, 11203,20181209,   -5,    0
  2737, 11203,20181210,   -6,    0
  2737, 11203,20181211,  -21,    0
  2737, 11203,20181212,  -35,    0
  2737, 11203,20181213,    7,    0
  2737, 11203,20181214,    7,    0
  2737, 11203,20181215,  -40,    0
  2737, 11203,20181216,  -14,    0
  2737, 11203,20181217,  -19,    0
  2737, 11203,20181218,   -8,    0
  2737, 11203,20181219,    5,    0
  2737, 11203,20181220,   25,    0
  2737, 11203,20181221,    5,    0
  2737, 11203,20181222,  -46,    0
  2737, 11203,20181223,  -18,    0
  2737, 11203,20181224,   14,    0
  2737, 11203,20181225,   34,    0
  2737, 11203,20181226,   28,    0
  2737, 11203,20181227,   43,    0
  2737, 11203,20181228,   35,    0
  2737, 11203,20181229,   26,    0
  2737, 11203,20181230,   -2,    0
  2737, 11203,20181231,   41,    0
  2737, 11203,20190101,   11,    0
  2737, 11203,20190102,   -8,    0
  2737, 11203,20190103,   39,    0
  2737, 11203,20190104,   30,    0
  2737, 11203,20190105,   28,    0
  2737, 11203,20190106,   45,    0
  2737, 11203,20190107,   17,    0
  2737, 11203,20190108,   13,    0
  2737, 11203,20190109,    6,    0
  2737, 11203,20190110,   33,    0
  2737, 11203,20190111,   24,    0
  2737, 11203,20190112,  -14,    0
  2737, 11203,20190113,  -35,    0
  2737, 11203,20190114,  -34,    0
  2737, 11203,20190115,  -46,    0
  2737, 11203,20190116,  -59,    0
  2737, 11203,20190117,  -40,    0
  2737, 11203,20190118,  -25,    0
  2737, 11203,20190119,  -48,    0
  2737, 11203,20190120,  -56,    0
  2737, 11203,20190121,  -81,    0
  2737, 11203,20190122,  -71,    0
  2737, 11203,20190123,  -72,    0
  2737, 11203,20190124,  -59,    0
  2737, 11203,20190125,  -43,    0
  2737, 11203,20190126,  -54,    0
  2737, 11203,20190127,  -68,    0
  2737, 11203,20190128,  -57,    0
  2737, 11203,20190129,  -59,    0
  2737, 11203,20190130,  -31,    0
  2737, 11203,20190131,   15,    0
  2737, 11203,20190201,  -26,    0
  2737, 11203,20190202,  -41,    0
  2737, 11203,20190203,  -54,    0
  2737, 11203,20190204,  -83,    0
  2737, 11203,20190205,  -62,    0
  2737, 11203,20190206,  -18,    0
  2737, 11203,20190207,  -18,    0
  2737, 11203,20190208,   12,    0
  2737, 11203,20190209,  -11,    0
  2737, 11203,20190210,  -24,    0
  2737, 11203,20190211,    0,    0
  2737, 11203,20190212,   -9,    0
  2737, 11203,20190213,   23,    0
  2737, 11203,20190214,   60,    0
  2737, 11203,20190215,   48,    0
  2737, 11203,20190216,   36,    0
  2737, 11203,20190217,   13,    0
  2737, 11203,20190218,   38,    0
  2737, 11203,20190219,   23,    0
  2737, 11203,20190220,  -32,    0
  2737, 11203,20190221,  -22,    0
  2737, 11203,20190222,   47,    0
  2737, 11203,20190223,   69,    0
  2737, 11203,20190224,   52,    0
  2737, 11203,20190225,   44,    0
  2737, 11203,20190226,   43,    0
  2737, 11203,20190227,   47,    0
  2737, 11203,20190228,   -2,    0
  2737, 11203,20190301,    1,    0
  2737, 11203,20190302,  -36,    0
  2737, 11203,20190303,  -69,    0
  2737, 11203,20190304,  -83,    0
  2737, 11203,20190305,  -85,    0
  2737, 11203,20190306,  -37,    0
  2737, 11203,20190307,  -34,    0
  2737, 11203,20190308,  -41,    0
  2737, 11203,20190309,  -81,    0
  2737, 11203,20190310,  -73,    0
  2737, 11203,20190311, -102,    0
  2737, 11203,20190312,  -31,    0
  2737, 11203,20190313,  -21,    0
  2737, 11203,20190314,  -11,    0
  2737, 11203,20190315,   -2,    0
  2737, 11203,20190316,  -37,    0
  2737, 11203,20190317,  -35,    0
  2737, 11203,20190318,   -7,    0
  2737, 11203,20190319,   13,    0
  2737, 11203,20190320,   35,    0
  2737, 11203,20190321,   22,    0
  2737, 11203,20190322,   34,    0
  2737, 11203,20190323,   30,    0
  2737, 11203,20190324,    5,    0
  2737, 11203,20190325,  -11,    0
  2737, 11203,20190326,  -16,    0
  2737, 11203,20190327,   42,    0
  2737, 11203,20190328,   63,    0
  2737, 11203,20190329,   28,    0
  2737, 11203,20190330,    7,    0
  2737, 11203,20190331,    2,    0
  2737, 11203,20190401,   29,    0
  2737, 11203,20190402,   36,    0
  2737, 11203,20190403,   35,    0
  2737, 11203,20190404,   22,    0
  2737, 11203,20190405,   18,    0
  2737, 11203,20190406,   30,    0
  2737, 11203,20190407,   15,    0
  2737, 11203,20190408,  -11,    0
  2737, 11203,20190409,  -19,    0
  2737, 11203,20190410,  -25,    0
  2737, 11203,20190411,  -28,    0
  2737, 11203,20190412,    7,    0
  2737, 11203,20190413,   21,    0
  2737, 11203,20190414,   17,    0
  2737, 11203,20190415,   20,    0
  2737, 11203,20190416,   40,    0
  2737, 11203,20190417,   63,    0
  2737, 11203,20190418,   59,    0
  2737, 11203,20190419,   83,    0
  2737, 11203,20190420,  101,    0
  2737, 11203,20190421,   66,    0
  2737, 11203,20190422,   98,    0
  2737, 11203,20190423,  119,    0
  2737, 11203,20190424,  144,    0
  2737, 11203,20190425,  151,    0
  2737, 11203,20190426,  152,    0
  2737, 11203,20190427,  156,    0
  2737, 11203,20190428,  129,    0
  2737, 11203,20190429,   78,    0
  2737, 11203,20190430,   42,    0
  2737, 11203,20190501,   32,    0
  2737, 11203,20190502,   14,    0
  2737, 11203,20190503,    7,    0
  2737, 11203,20190504,   11,    0
  2737, 11203,20190505,    8,    0
  2737, 11203,20190506,   26,    0
  2737, 11203,20190507,   59,    0
  2737, 11203,20190508,   36,    0
  2737, 11203,20190509,   62,    0
  2737, 11203,20190510,  105,    0
  2737, 11203,20190511,   77,    0
  2737, 11203,20190512,   30,    0
  2737, 11203,20190513,   38,    0
  2737, 11203,20190514,   47,    0
  2737, 11203,20190515,   67,    0
  2737, 11203,20190516,   68,    0
  2737, 11203,20190517,   79,    0
  2737, 11203,20190518,  167,    0
  2737, 11203,20190519,  162,    0
  2737, 11203,20190520,  131,    0
  2737, 11203,20190521,  152,    0
  2737, 11203,20190522,  166,    0
  2737, 11203,20190523,  105,    0
  2737, 11203,20190524,   90,    0
  2737, 11203,20190525,   70,    0
  2737, 11203,20190526,   43,    0
  2737, 11203,20190527,   44,    0
  2737, 11203,20190528,   56,    0
  2737, 11203,20190529,   42,    0
  2737, 11203,20190530,   57,    0
  2737, 11203,20190531,   57,    0
  2737, 11203,20190601,   53,    0
  2737, 11203,20190602,   67,    0
  2737, 11203,20190603,  113,    0
  2737, 11203,20190604,  105,    0
  2737, 11203,20190605,  146,    0
  2737, 11203,20190606,  166,    0
  2737, 11203,20190607,  166,    0
  2737, 11203,20190608,  103,    0
  2737, 11203,20190609,  128,    0
  2737, 11203,20190610,   70,    0
  2737, 11203,20190611,   80,    0
  2737, 11203,20190612,  107,    0
  2737, 11203,20190613,  153,    0
  2737, 11203,20190614,  148,    0
  2737, 11203,20190615,  125,    0
  2737, 11203,20190616,  118,    0
  2737, 11203,20190617,   95,    0
  2737, 11203,20190618,  122,    0
  2737, 11203,20190619,  110,    0
  2737, 11203,20190620,  148,    0
  2737, 11203,20190621,  115,    0
  2737, 11203,20190622,   98,    0
  2737, 11203,20190623,   92,    0
  2737, 11203,20190624,   82,    0
  2737, 11203,20190625,   95,    0
  2737, 11203,20190626,   86,    0
  2737, 11203,20190627,   82,    0
  2737, 11203,20190628,   90,    0
  2737, 11203,20190629,   75,    0
  2737, 11203,20190630,   91,    0
  2737, 11203,20190701,   72,    0
  2737, 11203,20190702,   68,    0
  2737, 11203,20190703,   83,    0
  2737, 11203,20190704,   89,    0
  2737, 11203,20190705,   93,    0
  2737, 11203,20190706,   86,    0
  2737, 11203,20190707,  100,    0
  2737, 11203,20190708,  136,    0
  2737, 11203,20190709,  110,    0
  2737, 11203,20190710,  112,    0
  2737, 11203,20190711,  105,    0
  2737, 11203,20190712,  111,    0
  2737, 11203,20190713,  107,    0
  2737, 11203,20190714,   91,    0
  2737, 11203,20190715,   94,    0
  2737, 11203,20190716,  102,    0
  2737, 11203,20190717,  110,    0
  2737, 11203,20190718,  164,    0
  2737, 11203,20190719,  195,    0
  2737, 11203,20190720,  152,    0
  2737, 11203,20190721,  203,    0
  2737, 11203,20190722,  149,    0
  2737, 11203,20190723,  182,    0
  2737, 11203,20190724,  172,    0
  2737, 11203,20190725,  222,    0
  2737, 11203,20190726,  170,    0
  2737, 11203,20190727,  267,    0
  2737, 11203,20190728,  243,    0
  2737, 11203,20190729,  217,    0
  2737, 11203,20190730,  158,    0
  2737, 11203,20190731,  161,    0
  2737, 11203,20190801,  129,    0
  2737, 11203,20190802,  115,    0
  2737, 11203,20190803,  108,    0
  2737, 11203,20190804,  109,    0
  2737, 11203,20190805,  104,    0
  2737, 11203,20190806,  120,    0
  2737, 11203,20190807,  171,    0
  2737, 11203,20190808,  151,    0
  2737, 11203,20190809,  126,    0
  2737, 11203,20190810,  185,    0
  2737, 11203,20190811,  182,    0
  2737, 11203,20190812,  187,    0
  2737, 11203,20190813,  152,    0
  2737, 11203,20190814,  112,    0
  2737, 11203,20190815,  108,    0
  2737, 11203,20190816,  136,    0
  2737, 11203,20190817,  162,    0
  2737, 11203,20190818,  145,    0
  2737, 11203,20190819,  151,    0
  2737, 11203,20190820,  139,    0
  2737, 11203,20190821,  120,    0
  2737, 11203,20190822,  123,    0
  2737, 11203,20190823,  128,    0
  2737, 11203,20190824,  130,    0
  2737, 11203,20190825,  130,    0
  2737, 11203,20190826,  147,    0
  2737, 11203,20190827,  191,    0
  2737, 11203,20190828,  233,    0
  2737, 11203,20190829,  190,    0
  2737, 11203,20190830,  141,    0
  2737, 11203,20190831,  144,    0
  2737, 11203,20190901,  163,    0
  2737, 11203,20190902,  104,    0
  2737, 11203,20190903,   98,    0
  2737, 11203,20190904,   90,    0
  2737, 11203,20190905,   87,    0
  2737, 11203,20190906,   78,    0
  2737, 11203,20190907,   68,    0
  2737, 11203,20190908,   94,    0
  2737, 11203,20190909,  143,    0
  2737, 11203,20190910,  158,    0
  2737, 11203,20190911,  161,    0
  2737, 11203,20190912,  101,    0
  2737, 11203,20190913,   73,    0
  2737, 11203,20190914,   74,    0
  2737, 11203,20190915,   93,    0
  2737, 11203,20190916,   88,    0
  2737, 11203,20190917,   73,    0
  2737, 11203,20190918,   70,    0
  2737, 11203,20190919,   42,    0
  2737, 11203,20190920,   55,    0
  2737, 11203,20190921,   53,    0
  2737, 11203,20190922,   49,    0
  2737, 11203,20190923,   70,    0
  2737, 11203,20190924,   56,    0
  2737, 11203,20190925,   60,    0
  2737, 11203,20190926,  109,    0
  2737, 11203,20190927,  153,    0
  2737, 11203,20190928,  120,    0
  2737, 11203,20190929,   65,    0
  2737, 11203,20190930,   24,    0
  2737, 11203,20191001,   57,    0
  2737, 11203,20191002,   59,    0
  2737, 11203,20191003,   38,    0
  2737, 11203,20191004,   12,    0
  2737, 11203,20191005,   20,    0
  2737, 11203,20191006,   51,    0
  2737, 11203,20191007,   55,    0
  2737, 11203,20191008,   54,    0
  2737, 11203,20191009,   42,    0
  2737, 11203,20191010,   36,    0
  2737, 11203,20191011,   36,    0
  2737, 11203,20191012,   37,    0
  2737, 11203,20191013,   17,    0
  2737, 11203,20191014,   30,    0
  2737, 11203,20191015,   31,    0
  2737, 11203,20191016,   41,    0
  2737, 11203,20191017,   50,    0
  2737, 11203,20191018,   43,    0
  2737, 11203,20191019,   34,    0
  2737, 11203,20191020,   15,    0
  2737, 11203,20191021,   35,    0
  2737, 11203,20191022,   66,    0
  2737, 11203,20191023,   54,    0
  2737, 11203,20191024,   88,    0
  2737, 11203,20191025,   78,    0
  2737, 11203,20191026,   46,    0
  2737, 11203,20191027,   24,    0
  2737, 11203,20191028,   15,    0
  2737, 11203,20191029,   15,    0
  2737, 11203,20191030,   35,    0
  2737, 11203,20191031,   25,    0
  2737, 11203,20191101,   19,    0
  2737, 11203,20191102,   -1,    0
  2737, 11203,20191103,   -9,    0
  2737, 11203,20191104,  -23,    0
  2737, 11203,20191105,  -38,    0
  2737, 11203,20191106,  -28,    0
  2737, 11203,20191107,  -22,    0
  2737, 11203,20191108,  -32,    0
  2737, 11203,20191109,  -54,    0
  2737, 11203,20191110,  -56,    0
  2737, 11203,20191111,  -27,    0
  2737, 11203,20191112,   -3,    0
  2737, 11203,20191113,   41,    0
  2737, 11203,20191114,   35,    0
  2737, 11203,20191115,   36,    0
  2737, 11203,20191116,   29,    0
  2737, 11203,20191117,   27,    0
  2737, 11203,20191118,   37,    0
  2737, 11203,20191119,   51,    0
  2737, 11203,20191120,   51,    0
  2737, 11203,20191121,   55,    0
  2737, 11203,20191122,   69,    0
  2737, 11203,20191123,   66,    0
  2737, 11203,20191124,   38,    0
  2737, 11203,20191125,    8,    0
  2737, 11203,20191126,    3,    0
  2737, 11203,20191127,  -18,    0
  2737, 11203,20191128,  -28,    0
  2737, 11203,20191129,  -34,    0
  2737, 11203,20191130,  -19,    0
  2737, 11203,20191201,    1,    0
  2737, 11203,20191202,    5,    0
  2737, 11203,20191203,   48,    0
  2737, 11203,20191204,   70,    0
  2737, 11203,20191205,   29,    0
  2737, 11203,20191206,   29,    0
  2737, 11203,20191207,   31,    0
  2737, 11203,20191208,   -5,    0
  2737, 11203,20191209,   -7,    0
  2737, 11203,20191210,  -19,    0
  2737, 11203,20191211,   31,    0
  2737, 11203,20191212,   39,    0
  2737, 11203,20191213,   35,    0
  2737, 11203,20191214,   37,    0
  2737, 11203,20191215,   38,    0
  2737, 11203,20191216,   26,    0
  2737, 11203,20191217,    7,    0
  2737, 11203,20191218,   15,    0
  2737, 11203,20191219,   23,    0
  2737, 11203,20191220,   23,    0
  2737, 11203,20191221,   59,    0
  2737, 11203,20191222,   56,    0
  2737, 11203,20191223,   17,    0
  2737, 11203,20191224,   -5,    0
  2737, 11203,20191225,   10,    0
  2737, 11203,20191226,    6,    0
  2737, 11203,20191227,   -1,    0
  2737, 11203,20191228,   36,    0
  2737, 11203,20191229,   71,    0
  2737, 11203,20191230,   45,    0
  2737, 11203,20191231,   20,    0
  2737, 11203,20200101,   63,    0
  2737, 11203,20200102,   72,    0
  2737, 11203,20200103,   14,    0
  2737, 11203,20200104,    2,    0
  2737, 11203,20200105,   16,    0
  2737, 11203,20200106,   67,    0
  2737, 11203,20200107,   56,    0
  2737, 11203,20200108,   41,    0
  2737, 11203,20200109,   21,    0
  2737, 11203,20200110,   28,    0
  2737, 11203,20200111,   42,    0
  2737, 11203,20200112,   28,    0
  2737, 11203,20200113,   27,    0
  2737, 11203,20200114,   33,    0
  2737, 11203,20200115,   28,    0
  2737, 11203,20200116,   43,    0
  2737, 11203,20200117,   52,    0
  2737, 11203,20200118,   37,    0
  2737, 11203,20200119,   36,    0
  2737, 11203,20200120,   64,    0
  2737, 11203,20200121,   16,    0
  2737, 11203,20200122,   13,    0
  2737, 11203,20200123,   40,    0
  2737, 11203,20200124,    8,    0
  2737, 11203,20200125,   -2,    0
  2737, 11203,20200126,  -13,    0
  2737, 11203,20200127,  -26,    0
  2737, 11203,20200128,  -13,    0
  2737, 11203,20200129,   -4,    0
  2737, 11203,20200130,   -1,    0
  2737, 11203,20200131,   12,    0
  2737, 11203,20200201,   30,    0
  2737, 11203,20200202,   18,    0
  2737, 11203,20200203,  -35,    0
  2737, 11203,20200204,  -37,    0
  2737, 11203,20200205,  -18,    0
  2737, 11203,20200206,  -21,    0
  2737, 11203,20200207,   50,    0
  2737, 11203,20200208,   52,    0
  2737, 11203,20200209,   41,    0
  2737, 11203,20200210,   21,    0
  2737, 11203,20200211,   22,    0
  2737, 11203,20200212,   12,    0
  2737, 11203,20200213,   -8,    0
  2737, 11203,20200214,   -9,    0
  2737, 11203,20200215,   18,    0
  2737, 11203,20200216,   38,    0
  2737, 11203,20200217,   39,    0
  2737, 11203,20200218,   20,    0
  2737, 11203,20200219,  -27,    0
  2737, 11203,20200220,    0,    0
  2737, 11203,20200221,   29,    0
  2737, 11203,20200222,   25,    0
  2737, 11203,20200223,   14,    0
  2737, 11203,20200224,   -6,    0
  2737, 11203,20200225,  -35,    0
  2737, 11203,20200226,  -27,    0
  2737, 11203,20200227,   -8,    0
  2737, 11203,20200228,  -22,    0
  2737, 11203,20200229,  -50,    0
  2737, 11203,20200301,  -61,    0
  2737, 11203,20200302,  -31,    0
  2737, 11203,20200303,  -15,    0
  2737, 11203,20200304,    1,    0
  2737, 11203,20200305,  -28,    0
  2737, 11203,20200306,   15,    0
  2737, 11203,20200307,   32,    0
  2737, 11203,20200308,   33,    0
  2737, 11203,20200309,   41,    0
  2737, 11203,20200310,   27,    0
  2737, 11203,20200311,   35,    0
  2737, 11203,20200312,   -1,    0
  2737, 11203,20200313,  -40,    0
  2737, 11203,20200314,  -11,    0
  2737, 11203,20200315,   -3,    0
  2737, 11203,20200316,    9,    0
  2737, 11203,20200317,   25,    0
  2737, 11203,20200318,   17,    0
  2737, 11203,20200319,   -7,    0
  2737, 11203,20200320,  -26,    0
  2737, 11203,20200321,   -1,    0
  2737, 11203,20200322,   24,    0
  2737, 11203,20200323,   38,    0
  2737, 11203,20200324,   42,    0
  2737, 11203,20200325,   31,    0
  2737, 11203,20200326,   38,    0
  2737, 11203,20200327,   30,    0
  2737, 11203,20200328,  -24,    0
  2737, 11203,20200329,  -27,    0
  2737, 11203,20200330,  -24,    0
  2737, 11203,20200331,   29,    0
  2737, 11203,20200401,    4,    0
  2737, 11203,20200402,    7,    0
  2737, 11203,20200403,  -18,    0
  2737, 11203,20200404,  -37,    0
  2737, 11203,20200405,  -23,    0
  2737, 11203,20200406,   70,    0
  2737, 11203,20200407,   57,    0
  2737, 11203,20200408,   35,    0
  2737, 11203,20200409,    6,    0
  2737, 11203,20200410,   -6,    0
  2737, 11203,20200411,    4,    0
  2737, 11203,20200412,    7,    0
  2737, 11203,20200413,   10,    0
  2737, 11203,20200414,   21,    0
  2737, 11203,20200415,   15,    0
  2737, 11203,20200416,   14,    0
  2737, 11203,20200417,   19,    0
  2737, 11203,20200418,   27,    0
  2737, 11203,20200419,   39,    0
  2737, 11203,20200420,   42,    0
  2737, 11203,20200421,   36,    0
  2737, 11203,20200422,   32,    0
  2737, 11203,20200423,   33,    0
  2737, 11203,20200424,   34,    0
  2737, 11203,20200425,   26,    0
  2737, 11203,20200426,   30,    0
  2737, 11203,20200427,   30,    0
  2737, 11203,20200428,   20,    0
  2737, 11203,20200429,   35,    0
  2737, 11203,20200430,   48,    0
  2737, 11203,20200501,   49,    0
  2737, 11203,20200502,   40,    0
  2737, 11203,20200503,   30,    0
  2737, 11203,20200504,   31,    0
  2737, 11203,20200505,   37,    0
  2737, 11203,20200506,   21,    0
  2737, 11203,20200507,   15,    0
  2737, 11203,20200508,   15,    0
  2737, 11203,20200509,    9,    0
  2737, 11203,20200510,   12,    0
  2737, 11203,20200511,    7,    0
  2737, 11203,20200512,   11,    0
  2737, 11203,20200513,    3,    0
  2737, 11203,20200514,   12,    0
  2737, 11203,20200515,   13,    0
  2737, 11203,20200516,   38,    0
  2737, 11203,20200517,   50,    0
  2737, 11203,20200518,   23,    0
  2737, 11203,20200519,   35,    0
  2737, 11203,20200520,   44,    0
  2737, 11203,20200521,   66,    0
  2737, 11203,20200522,  124,    0
  2737, 11203,20200523,  112,    0
  2737, 11203,20200524,   99,    0
  2737, 11203,20200525,   88,    0
  2737, 11203,20200526,  104,    0
  2737, 11203,20200527,   74,    0
  2737, 11203,20200528,   64,    0
  2737, 11203,20200529,   69,    0
  2737, 11203,20200530,  102,    0
  2737, 11203,20200531,  144,    0
  2737, 11203,20200601,  156,    0
  2737, 11203,20200602,  109,    0
  2737, 11203,20200603,   80,    0
  2737, 11203,20200604,  153,    0
  2737, 11203,20200605,  160,    0
  2737, 11203,20200606,  145,    0
  2737, 11203,20200607,   87,    0
  2737, 11203,20200608,   62,    0
  2737, 11203,20200609,   69,    0
  2737, 11203,20200610,   92,    0
  2737, 11203,20200611,   87,    0
  2737, 11203,20200612,  143,    0
  2737, 11203,20200613,  205,    0
  2737, 11203,20200614,  164,    0
  2737, 11203,20200615,  112,    0
  2737, 11203,20200616,  132,    0
  2737, 11203,20200617,  158,    0
  2737, 11203,20200618,  123,    0
  2737, 11203,20200619,  137,    0
  2737, 11203,20200620,  211,    0
  2737, 11203,20200621,  229,    0
  2737, 11203,20200622,  208,    0
  2737, 11203,20200623,  157,    0
  2737, 11203,20200624,  154,    0
  2737, 11203,20200625,  145,    0
  2737, 11203,20200626,  127,    0
  2737, 11203,20200627,  190,    0
  2737, 11203,20200628,  219,    0
  2737, 11203,20200629,  192,    0
  2737, 11203,20200630,   81,    0
  2737, 11203,20200701,   72,    0
  2737, 11203,20200702,   80,    0
  2737, 11203,20200703,   92,    0
  2737, 11203,20200704,   91,    0
  2737, 11203,20200705,  108,    0
  2737, 11203,20200706,  124,    0
  2737, 11203,20200707,   91,    0
  2737, 11203,20200708,   94,    0
  2737, 11203,20200709,  104,    0
  2737, 11203,20200710,  115,    0
  2737, 11203,20200711,  113,    0
  2737, 11203,20200712,  100,    0
  2737, 11203,20200713,  102,    0
  2737, 11203,20200714,  145,    0
  2737, 11203,20200715,  163,    0
  2737, 11203,20200716,  168,    0
  2737, 11203,20200717,  139,    0
  2737, 11203,20200718,  151,    0
  2737, 11203,20200719,  137,    0
  2737, 11203,20200720,  117,    0
  2737, 11203,20200721,  105,    0
  2737, 11203,20200722,  109,    0
  2737, 11203,20200723,  101,    0
  2737, 11203,20200724,  109,    0
  2737, 11203,20200725,  110,    0
  2737, 11203,20200726,  167,    0
  2737, 11203,20200727,  158,    0
  2737, 11203,20200728,  184,    0
  2737, 11203,20200729,  195,    0
  2737, 11203,20200730,  180,    0
  2737, 11203,20200731,  135,    0
  2737, 11203,20200801,  148,    0
  2737, 11203,20200802,  199,    0
  2737, 11203,20200803,  158,    0
  2737, 11203,20200804,  115,    0
  2737, 11203,20200805,  157,    0
  2737, 11203,20200806,  146,    0
  2737, 11203,20200807,  173,    0
  2737, 11203,20200808,  167,    0
  2737, 11203,20200809,  120,    0
  2737, 11203,20200810,  128,    0
  2737, 11203,20200811,  166,    0
  2737, 11203,20200812,  121,    0
  2737, 11203,20200813,  128,    0
  2737, 11203,20200814,  127,    0
  2737, 11203,20200815,  125,    0
  2737, 11203,20200816,  101,    0
  2737, 11203,20200817,   94,    0
  2737, 11203,20200818,   98,    0
  2737, 11203,20200819,   98,    0
  2737, 11203,20200820,  109,    0
  2737, 11203,20200821,  175,    0
  2737, 11203,20200822,  181,    0
  2737, 11203,20200823,  122,    0
  2737, 11203,20200824,   92,    0
  2737, 11203,20200825,   94,    0
  2737, 11203,20200826,   87,    0
  2737, 11203,20200827,   85,    0
  2737, 11203,20200828,   82,    0
  2737, 11203,20200829,   84,    0
  2737, 11203,20200830,   70,    0
  2737, 11203,20200831,   80,    0
  2737, 11203,20200901,  121,    0
  2737, 11203,20200902,  135,    0
  2737, 11203,20200903,  166,    0
  2737, 11203,20200904,  135,    0
  2737, 11203,20200905,  102,    0
  2737, 11203,20200906,  102,    0
  2737, 11203,20200907,  113,    0
  2737, 11203,20200908,  103,    0
  2737, 11203,20200909,   89,    0
  2737, 11203,20200910,   81,    0
  2737, 11203,20200911,   96,    0
  2737, 11203,20200912,  101,    0
  2737, 11203,20200913,   91,    0
  2737, 11203,20200914,   93,    0
  2737, 11203,20200915,   78,    0
  2737, 11203,20200916,   68,    0
  2737, 11203,20200917,   72,    0
  2737, 11203,20200918,   96,    0
  2737, 11203,20200919,   80,    0
  2737, 11203,20200920,   89,    0
  2737, 11203,20200921,   96,    0
  2737, 11203,20200922,   72,    0
  2737, 11203,20200923,   90,    0
  2737, 11203,20200924,   69,    0
  2737, 11203,20200925,   85,    0
  2737, 11203,20200926,   43,    0
  2737, 11203,20200927,   95,    0
  2737, 11203,20200928,  160,    0
  2737, 11203,20200929,  134,    0
  2737, 11203,20200930,  144,    0
  2737, 11203,20201001,  145,    0
  2737, 11203,20201002,  142,    0
  2737, 11203,20201003,  139,    0
  2737, 11203,20201004,  136,    0
  2737, 11203,20201005,  131,    0
  2737, 11203,20201006,  135,    0
  2737, 11203,20201007,  140,    0
  2737, 11203,20201008,  132,    0
  2737, 11203,20201009,   98,    0
  2737, 11203,20201010,   84,    0
  2737, 11203,20201011,   69,    0
  2737, 11203,20201012,   57,    0
  2737, 11203,20201013,   47,    0
  2737, 11203,20201014,   60,    0
  2737, 11203,20201015,   62,    0
  2737, 11203,20201016,   62,    0
  2737, 11203,20201017,   32,    0
  2737, 11203,20201018,   20,    0
  2737, 11203,20201019,    2,    0
  2737, 11203,20201020,   21,    0
  2737, 11203,20201021,   26,    0
  2737, 11203,20201022,   13,    0
  2737, 11203,20201023,   14,    0
  2737, 11203,20201024,    4,    0
  2737, 11203,20201025,   48,    0
  2737, 11203,20201026,   81,    0
  2737, 11203,20201027,   70,    0
  2737, 11203,20201028,   70,    0
  2737, 11203,20201029,   23,    0
  2737, 11203,20201030,   31,    0
  2737, 11203,20201031,   71,    0
  2737, 11203,20201101,   96,    0
  2737, 11203,20201102,   84,    0
  2737, 11203,20201103,   63,    0
  2737, 11203,20201104,   54,    0
  2737, 11203,20201105,   67,    0
  2737, 11203,20201106,   81,    0
  2737, 11203,20201107,   58,    0
  2737, 11203,20201108,   45,    0
  2737, 11203,20201109,   35,    0
  2737, 11203,20201110,   43,    0
  2737, 11203,20201111,   99,    0
  2737, 11203,20201112,   88,    0
  2737, 11203,20201113,   75,    0
  2737, 11203,20201114,   72,    0
  2737, 11203,20201115,   85,    0
  2737, 11203,20201116,  111,    0
  2737, 11203,20201117,   77,    0
  2737, 11203,20201118,   29,    0
  2737, 11203,20201119,  -13,    0
  2737, 11203,20201120,    9,    0
  2737, 11203,20201121,   26,    0
  2737, 11203,20201122,   43,    0
  2737, 11203,20201123,   29,    0
  2737, 11203,20201124,   31,    0
  2737, 11203,20201125,   32,    0
  2737, 11203,20201126,   31,    0
  2737, 11203,20201127,   52,    0
  2737, 11203,20201128,   55,    0
  2737, 11203,20201129,   56,    0
  2737, 11203,20201130,   47,    0
  2737, 11203,20201201,   20,    0
  2737, 11203,20201202,   46,    0
  2737, 11203,20201203,   35,    0
  2737, 11203,20201204,   42,    0
  2737, 11203,20201205,   28,    0
  2737, 11203,20201206,   25,    0
  2737, 11203,20201207,   54,    0
  2737, 11203,20201208,   64,    0
  2737, 11203,20201209,   42,    0
  2737, 11203,20201210,   40,    0
  2737, 11203,20201211,   46,    0
  2737, 11203,20201212,   20,    0
  2737, 11203,20201213,   37,    0
  2737, 11203,20201214,   46,    0
  2737, 11203,20201215,   19,    0
  2737, 11203,20201216,    8,    0
  2737, 11203,20201217,   14,    0
  2737, 11203,20201218,   28,    0
  2737, 11203,20201219,   64,    0
  2737, 11203,20201220,   71,    0
  2737, 11203,20201221,   60,    0
  2737, 11203,20201222,   46,    0
  2737, 11203,20201223,   13,    0
  2737, 11203,20201224,   13,    0
  2737, 11203,20201225,    3,    0
  2737, 11203,20201226,  -12,    0
  2737, 11203,20201227,   12,    0
  2737, 11203,20201228,   54,    0
  2737, 11203,20201229,   33,    0
  2737, 11203,20201230,   19,    0
  2737, 11203,20201231,    3,    0
  2737, 11203,20210101,    7,    0
  2737, 11203,20210102,  -29,    0
  2737, 11203,20210103,   11,    0
  2737, 11203,20210104,   24,    0
  2737, 11203,20210105,   25,    0
  2737, 11203,20210106,   24,    0
  2737, 11203,20210107,  -25,    0
  2737, 11203,20210108,  -47,    0
  2737, 11203,20210109,   -7,    0
  2737, 11203,20210110,   -8,    0
  2737, 11203,20210111,  -27,    0
  2737, 11203,20210112,  -30,    0
  2737, 11203,20210113,  -50,    0
  2737, 11203,20210114,  -53,    0
  2737, 11203,20210115,   -8,    0
  2737, 11203,20210116,  -18,    0
  2737, 11203,20210117,  -69,    0
  2737, 11203,20210118,  -53,    0
  2737, 11203,20210119,   -4,    0
  2737, 11203,20210120,  -29,    0
  2737, 11203,20210121,  -50,    0
  2737, 11203,20210122,  -39,    0
  2737, 11203,20210123,  -60,    0
  2737, 11203,20210124,  -48,    0
  2737, 11203,20210125,    7,    0
  2737, 11203,20210126,    2,    0
  2737, 11203,20210127,   -8,    0
  2737, 11203,20210128,  -25,    0
  2737, 11203,20210129,  -35,    0
  2737, 11203,20210130,  -69,    0
  2737, 11203,20210131,  -89,    0
  2737, 11203,20210201,  -87,    0
  2737, 11203,20210202,  -57,    0
  2737, 11203,20210203,  -59,    0
  2737, 11203,20210204,  -84,    0
  2737, 11203,20210205,  -68,    0
  2737, 11203,20210206,  -55,    0
  2737, 11203,20210207,  -61,    0
  2737, 11203,20210208,  -59,    0
  2737, 11203,20210209,  -70,    0
  2737, 11203,20210210, -113,    0
  2737, 11203,20210211,  -16,    0
  2737, 11203,20210212,   15,    0
  2737, 11203,20210213,   -4,    0
  2737, 11203,20210214,  -19,    0
  2737, 11203,20210215,  -44,    0
  2737, 11203,20210216,  -41,    0
  2737, 11203,20210217,  -42,    0
  2737, 11203,20210218,  -17,    0
  2737, 11203,20210219,   -4,    0
  2737, 11203,20210220,    9,    0
  2737, 11203,20210221,    8,    0
  2737, 11203,20210222,   22,    0
  2737, 11203,20210223,   22,    0
  2737, 11203,20210224,   57,    0
  2737, 11203,20210225,   58,    0
  2737, 11203,20210226,   28,    0
  2737, 11203,20210227,   54,    0
  2737, 11203,20210228,   65,    0
  2737, 11203,20210301,   36,    0
  2737, 11203,20210302,   32,    0
  2737, 11203,20210303,    1,    0
  2737, 11203,20210304,  -17,    0
  2737, 11203,20210305,   -9,    0
  2737, 11203,20210306,  -33,    0
  2737, 11203,20210307,  -28,    0
  2737, 11203,20210308,  -16,    0
  2737, 11203,20210309,  -38,    0
  2737, 11203,20210310,  -41,    0
  2737, 11203,20210311,  -10,    0
  2737, 11203,20210312,   21,    0
  2737, 11203,20210313,   29,    0
  2737, 11203,20210314,    7,    0
  2737, 11203,20210315,    8,    0
  2737, 11203,20210316,   -3,    0
  2737, 11203,20210317,    7,    0
  2737, 11203,20210318,   -9,    0
  2737, 11203,20210319,   15,    0
  2737, 11203,20210320,   30,    0
  2737, 11203,20210321,  -10,    0
  2737, 11203,20210322,   40,    0
  2737, 11203,20210323,   53,    0
  2737, 11203,20210324,   49,    0
  2737, 11203,20210325,   28,    0
  2737, 11203,20210326,   60,    0
  2737, 11203,20210327,   49,    0
  2737, 11203,20210328,   44,    0
  2737, 11203,20210329,   47,    0
  2737, 11203,20210330,   37,    0
  2737, 11203,20210331,   25,    0
  2737, 11203,20210401,   21,    0
  2737, 11203,20210402,    9,    0
  2737, 11203,20210403,   33,    0
  2737, 11203,20210404,   20,    0
  2737, 11203,20210405,    3,    0
  2737, 11203,20210406,   23,    0
  2737, 11203,20210407,   -6,    0
  2737, 11203,20210408,  -17,    0
  2737, 11203,20210409,    2,    0
  2737, 11203,20210410,    4,    0
  2737, 11203,20210411,   14,    0
  2737, 11203,20210412,    4,    0
  2737, 11203,20210413,    4,    0
  2737, 11203,20210414,   22,    0
  2737, 11203,20210415,   45,    0
  2737, 11203,20210416,   60,    0
  2737, 11203,20210417,   67,    0
  2737, 11203,20210418,   97,    0
  2737, 11203,20210419,  106,    0
  2737, 11203,20210420,  101,    0
  2737, 11203,20210421,   17,    0
  2737, 11203,20210422,    9,    0
  2737, 11203,20210423,   11,    0
  2737, 11203,20210424,   12,    0
  2737, 11203,20210425,   16,    0
  2737, 11203,20210426,   14,    0
  2737, 11203,20210427,   10,    0
  2737, 11203,20210428,    1,    0
  2737, 11203,20210429,    5,    0
  2737, 11203,20210430,   12,    0
  2737, 11203,20210501,    5,    0
  2737, 11203,20210502,   11,    0
  2737, 11203,20210503,    6,    0
  2737, 11203,20210504,   37,    0
  2737, 11203,20210505,   49,    0
  2737, 11203,20210506,   41,    0
  2737, 11203,20210507,   20,    0
  2737, 11203,20210508,   26,    0
  2737, 11203,20210509,   46,    0
  2737, 11203,20210510,   81,    0
  2737, 11203,20210511,   88,    0
  2737, 11203,20210512,   97,    0
  2737, 11203,20210513,   66,    0
  2737, 11203,20210514,   95,    0
  2737, 11203,20210515,  113,    0
  2737, 11203,20210516,  119,    0
  2737, 11203,20210517,  120,    0
  2737, 11203,20210518,   83,    0
  2737, 11203,20210519,   67,    0
  2737, 11203,20210520,   58,    0
  2737, 11203,20210521,   76,    0
  2737, 11203,20210522,   84,    0
  2737, 11203,20210523,   82,    0
  2737, 11203,20210524,   86,    0
  2737, 11203,20210525,   82,    0
  2737, 11203,20210526,  102,    0
  2737, 11203,20210527,   90,    0
  2737, 11203,20210528,   64,    0
  2737, 11203,20210529,   68,    0
  2737, 11203,20210530,   64,    0
  2737, 11203,20210531,   79,    0
  2737, 11203,20210601,  155,    0
  2737, 11203,20210602,  197,    0
  2737, 11203,20210603,  161,    0
  2737, 11203,20210604,  181,    0
  2737, 11203,20210605,  148,    0
  2737, 11203,20210606,  151,    0
  2737, 11203,20210607,  112,    0
  2737, 11203,20210608,  116,    0
  2737, 11203,20210609,  143,    0
  2737, 11203,20210610,  165,    0
  2737, 11203,20210611,  152,    0
  2737, 11203,20210612,  101,    0
  2737, 11203,20210613,   78,    0
  2737, 11203,20210614,   96,    0
  2737, 11203,20210615,   73,    0
  2737, 11203,20210616,   79,    0
  2737, 11203,20210617,  120,    0
  2737, 11203,20210618,  102,    0
  2737, 11203,20210619,   96,    0
  2737, 11203,20210620,  106,    0
  2737, 11203,20210621,  127,    0
  2737, 11203,20210622,  101,    0
  2737, 11203,20210623,  131,    0
  2737, 11203,20210624,  107,    0
  2737, 11203,20210625,   94,    0
  2737, 11203,20210626,   93,    0
  2737, 11203,20210627,  101,    0
  2737, 11203,20210628,  100,    0
  2737, 11203,20210629,   83,    0
  2737, 11203,20210630,   97,    0
  2737, 11203,20210701,  125,    0
  2737, 11203,20210702,  130,    0
  2737, 11203,20210703,  160,    0
  2737, 11203,20210704,  222,    0
  2737, 11203,20210705,  232,    0
  2737, 11203,20210706,  232,    0
  2737, 11203,20210707,  198,    0
  2737, 11203,20210708,  137,    0
  2737, 11203,20210709,  154,    0
  2737, 11203,20210710,  174,    0
  2737, 11203,20210711,  194,    0
  2737, 11203,20210712,  155,    0
  2737, 11203,20210713,  136,    0
  2737, 11203,20210714,  152,    0
  2737, 11203,20210715,  144,    0
  2737, 11203,20210716,  117,    0
  2737, 11203,20210717,  117,    0
  2737, 11203,20210718,   97,    0
  2737, 11203,20210719,   94,    0
  2737, 11203,20210720,   83,    0
  2737, 11203,20210721,   96,    0
  2737, 11203,20210722,   94,    0
  2737, 11203,20210723,   92,    0
  2737, 11203,20210724,  112,    0
  2737, 11203,20210725,  141,    0
  2737, 11203,20210726,  135,    0
  2737, 11203,20210727,  255,    0
  2737, 11203,20210728,  228,    0
  2737, 11203,20210729,  148,    0
  2737, 11203,20210730,  118,    0
  2737, 11203,20210731,  104,    0
  2737, 11203,20210801,   90,    0
  2737, 11203,20210802,   82,    0
  2737, 11203,20210803,   94,    0
  2737, 11203,20210804,  113,    0
  2737, 11203,20210805,  136,    0
  2737, 11203,20210806,  160,    0
  2737, 11203,20210807,  195,    0
  2737, 11203,20210808,  187,    0
  2737, 11203,20210809,  177,    0
  2737, 11203,20210810,  132,    0
  2737, 11203,20210811,  119,    0
  2737, 11203,20210812,  122,    0
  2737, 11203,20210813,  127,    0
  2737, 11203,20210814,  131,    0
  2737, 11203,20210815,  109,    0
  2737, 11203,20210816,  108,    0
  2737, 11203,20210817,  115,    0
  2737, 11203,20210818,  114,    0
  2737, 11203,20210819,  114,    0
  2737, 11203,20210820,  100,    0
  2737, 11203,20210821,   86,    0
  2737, 11203,20210822,   86,    0
  2737, 11203,20210823,   83,    0
  2737, 11203,20210824,  100,    0
  2737, 11203,20210825,  114,    0
  2737, 11203,20210826,  114,    0
  2737, 11203,20210827,  111,    0
  2737, 11203,20210828,   97,    0
  2737, 11203,20210829,   97,    0
  2737, 11203,20210830,  108,    0
  2737, 11203,20210831,   98,    0
  2737, 11203,20210901,   77,    0
  2737, 11203,20210902,   83,    0
  2737, 11203,20210903,   76,    0
  2737, 11203,20210904,   65,    0
  2737, 11203,20210905,   93,    0
  2737, 11203,20210906,  112,    0
  2737, 11203,20210907,  123,    0
  2737, 11203,20210908,   97,    0
  2737, 11203,20210909,   83,    0
  2737, 11203,20210910,   79,    0
  2737, 11203,20210911,  107,    0
  2737, 11203,20210912,   82,    0
  2737, 11203,20210913,   60,    0
  2737, 11203,20210914,   54,    0
  2737, 11203,20210915,   86,    0
  2737, 11203,20210916,  113,    0
  2737, 11203,20210917,  110,    0
  2737, 11203,20210918,  101,    0
  2737, 11203,20210919,  109,    0
  2737, 11203,20210920,   93,    0
  2737, 11203,20210921,   85,    0
  2737, 11203,20210922,  113,    0
  2737, 11203,20210923,   88,    0
  2737, 11203,20210924,   79,    0
  2737, 11203,20210925,   73,    0
  2737, 11203,20210926,  121,    0
  2737, 11203,20210927,  180,    0
  2737, 11203,20210928,  138,    0
  2737, 11203,20210929,  130,    0
  2737, 11203,20210930,  117,    0
  2737, 11203,20211001,  119,    0
  2737, 11203,20211002,  134,    0
  2737, 11203,20211003,  126,    0
  2737, 11203,20211004,  147,    0
  2737, 11203,20211005,  120,    0
  2737, 11203,20211006,   88,    0
  2737, 11203,20211007,   63,    0
  2737, 11203,20211008,   99,    0
  2737, 11203,20211009,  114,    0
  2737, 11203,20211010,   95,    0
  2737, 11203,20211011,   73,    0
  2737, 11203,20211012,   43,    0
  2737, 11203,20211013,   37,    0
  2737, 11203,20211014,   45,    0
  2737, 11203,20211015,   26,    0
  2737, 11203,20211016,   15,    0
  2737, 11203,20211017,   17,    0
  2737, 11203,20211018,   22,    0
  2737, 11203,20211019,   20,    0
  2737, 11203,20211020,   42,    0
  2737, 11203,20211021,   32,    0
  2737, 11203,20211022,   21,    0
  2737, 11203,20211023,   19,    0
  2737, 11203,20211024,   56,    0
  2737, 11203,20211025,   81,    0
  2737, 11203,20211026,   71,    0
  2737, 11203,20211027,   70,    0
  2737, 11203,20211028,   90,    0
  2737, 11203,20211029,   82,    0
  2737, 11203,20211030,  101,    0
  2737, 11203,20211031,  101,    0
  2737, 11203,20211101,   89,    0
  2737, 11203,20211102,  108,    0
  2737, 11203,20211103,   87,    0
  2737, 11203,20211104,   60,    0
  2737, 11203,20211105,   40,    0
  2737, 11203,20211106,   30,    0
  2737, 11203,20211107,   17,    0
  2737, 11203,20211108,  -10,    0
  2737, 11203,20211109,   36,    0
  2737, 11203,20211110,   53,    0
  2737, 11203,20211111,   48,    0
  2737, 11203,20211112,   29,    0
  2737, 11203,20211113,    8,    0
  2737, 11203,20211114,   22,    0
  2737, 11203,20211115,   63,    0
  2737, 11203,20211116,   70,    0
  2737, 11203,20211117,   60,    0
  2737, 11203,20211118,   30,    0
  2737, 11203,20211119,   41,    0
  2737, 11203,20211120,   21,    0
  2737, 11203,20211121,  -10,    0
  2737, 11203,20211122,  -11,    0
  2737, 11203,20211123,   30,    0
  2737, 11203,20211124,    2,    0
  2737, 11203,20211125,  -46,    0
  2737, 11203,20211126,  -56,    0
  2737, 11203,20211127,  -71,    0
  2737, 11203,20211128,  -49,    0
  2737, 11203,20211129,  -40,    0
  2737, 11203,20211130,  -46,    0
  2737, 11203,20211201,  -75,    0
  2737, 11203,20211202,  -36,    0
  2737, 11203,20211203,  -36,    0
  2737, 11203,20211204,  -50,    0
  2737, 11203,20211205,  -74,    0
  2737, 11203,20211206,  -84,    0
  2737, 11203,20211207,  -69,    0
  2737, 11203,20211208,  -49,    0
  2737, 11203,20211209,   -7,    0
  2737, 11203,20211210,   14,    0
  2737, 11203,20211211,   23,    0
  2737, 11203,20211212,   23,    0
  2737, 11203,20211213,   45,    0
  2737, 11203,20211214,   40,    0
  2737, 11203,20211215,   49,    0
  2737, 11203,20211216,   45,    0
  2737, 11203,20211217,   52,    0
  2737, 11203,20211218,   39,    0
  2737, 11203,20211219,   40,    0
  2737, 11203,20211220,  -16,    0
  2737, 11203,20211221,  -14,    0
  2737, 11203,20211222,  -39,    0
  2737, 11203,20211223,  -42,    0
  2737, 11203,20211224,  -63,    0
  2737, 11203,20211225,  -11,    0
  2737, 11203,20211226,  -83,    0
  2737, 11203,20211227,  -40,    0
  2737, 11203,20211228,  -19,    0
  2737, 11203,20211229,  -13,    0
  2737, 11203,20211230,   19,    0
  2737, 11203,20211231,  -51,    0
  2737, 11203,20220101,  -57,    0
  2737, 11203,20220102,   -6,    0
  2737, 11203,20220103,   19,    0
  2737, 11203,20220104,  -15,    0
  2737, 11203,20220105,  -22,    0
  2737, 11203,20220106,  -61,    0
  2737, 11203,20220107,  -55,    0
  2737, 11203,20220108,  -46,    0
  2737, 11203,20220109,  -32,    0
  2737, 11203,20220110,  -22,    0
  2737, 11203,20220111,   23,    0
  2737, 11203,20220112,   43,    0
  2737, 11203,20220113,   22,    0
  2737, 11203,20220114,   16,    0
  2737, 11203,20220115,   21,    0
  2737, 11203,20220116,    8,    0
  2737, 11203,20220117,  -12,    0
  2737, 11203,20220118,   52,    0
  2737, 11203,20220119,   13,    0
  2737, 11203,20220120,  -12,    0
  2737, 11203,20220121,  -27,    0
  2737, 11203,20220122,   44,    0
  2737, 11203,20220123,   70,    0
  2737, 11203,20220124,   11,    0
  2737, 11203,20220125,   -5,    0
  2737, 11203,20220126,   19,    0
  2737, 11203,20220127,   10,    0
  2737, 11203,20220128,   -2,    0
  2737, 11203,20220129,    8,    0
  2737, 11203,20220130,   -7,    0
  2737, 11203,20220131,  -32,    0
  2737, 11203,20220201,  -57,    0
  2737, 11203,20220202,  -60,    0
  2737, 11203,20220203,  -62,    0
  2737, 11203,20220204,  -29,    0
  2737, 11203,20220205,   17,    0
  2737, 11203,20220206,   -4,    0
  2737, 11203,20220207,   -2,    0
  2737, 11203,20220208,   15,    0
  2737, 11203,20220209,   11,    0
  2737, 11203,20220210,    8,    0
  2737, 11203,20220211,  -19,    0
  2737, 11203,20220212,  -19,    0
  2737, 11203,20220213,   -7,    0
  2737, 11203,20220214,  -49,    0
  2737, 11203,20220215,  -32,    0
  2737, 11203,20220216,  -28,    0
  2737, 11203,20220217,   -4,    0
  2737, 11203,20220218,  -46,    0
  2737, 11203,20220219,  -29,    0
  2737, 11203,20220220,  -34,    0
  2737, 11203,20220221,  -39,    0
  2737, 11203,20220222,  -58,    0
  2737, 11203,20220223,  -13,    0
  2737, 11203,20220224,   19,    0
  2737, 11203,20220225,  -13,    0
  2737, 11203,20220226,    6,    0
  2737, 11203,20220227,   54,    0
  2737, 11203,20220228,   51,    0
  2737, 11203,20220301,   33,    0
  2737, 11203,20220302,   31,    0
  2737, 11203,20220303,   -4,    0
  2737, 11203,20220304,    6,    0
  2737, 11203,20220305,   21,    0
  2737, 11203,20220306,   21,    0
  2737, 11203,20220307,   27,    0
  2737, 11203,20220308,   48,    0
  2737, 11203,20220309,   66,    0
  2737, 11203,20220310,   58,    0
  2737, 11203,20220311,   73,    0
  2737, 11203,20220312,   96,    0
  2737, 11203,20220313,   68,    0
  2737, 11203,20220314,   77,    0
  2737, 11203,20220315,   74,    0
  2737, 11203,20220316,   59,    0
  2737, 11203,20220317,   71,    0
  2737, 11203,20220318,   39,    0
  2737, 11203,20220319,   67,    0
  2737, 11203,20220320,   85,    0
  2737, 11203,20220321,   55,    0
  2737, 11203,20220322,   42,    0
  2737, 11203,20220323,   58,    0
  2737, 11203,20220324,   22,    0
  2737, 11203,20220325,   21,    0
  2737, 11203,20220326,    8,    0
  2737, 11203,20220327,   14,    0
  2737, 11203,20220328,  -19,    0
  2737, 11203,20220329,  -46,    0
  2737, 11203,20220330,  -11,    0
  2737, 11203,20220331,  -40,    0
  2737, 11203,20220401,  -33,    0
  2737, 11203,20220402,  -11,    0
  2737, 11203,20220403,  -20,    0
  2737, 11203,20220404,  -24,    0
  2737, 11203,20220405,  -61,    0
  2737, 11203,20220406,  -25,    0
  2737, 11203,20220407,    2,    0
  2737, 11203,20220408,  -13,    0
  2737, 11203,20220409,   11,    0
  2737, 11203,20220410,   16,    0
  2737, 11203,20220411,   11,    0
  2737, 11203,20220412,   29,    0
  2737, 11203,20220413,   26,    0
  2737, 11203,20220414,   11,    0
  2737, 11203,20220415,   22,    0
  2737, 11203,20220416,   52,    0
  2737, 11203,20220417,   62,    0
  2737, 11203,20220418,   76,    0
  2737, 11203,20220419,  102,    0
  2737, 11203,20220420,   66,    0
  2737, 11203,20220421,   48,    0
  2737, 11203,20220422,   47,    0
  2737, 11203,20220423,   41,    0
  2737, 11203,20220424,   40,    0
  2737, 11203,20220425,   30,    0
  2737, 11203,20220426,   -9,    0
  2737, 11203,20220427,   -7,    0
  2737, 11203,20220428,   -2,    0
  2737, 11203,20220429,   14,    0
  2737, 11203,20220430,   24,    0
  2737, 11203,20220501,   42,    0
  2737, 11203,20220502,   17,    0
  2737, 11203,20220503,    4,    0
  2737, 11203,20220504,   16,    0
  2737, 11203,20220505,   47,    0
  2737, 11203,20220506,   66,    0
  2737, 11203,20220507,   21,    0
  2737, 11203,20220508,   21,    0
  2737, 11203,20220509,   49,    0
  2737, 11203,20220510,   80,    0
  2737, 11203,20220511,   74,    0
  2737, 11203,20220512,   65,    0
  2737, 11203,20220513,   61,    0
  2737, 11203,20220514,   55,    0
  2737, 11203,20220515,   44,    0
  2737, 11203,20220516,   33,    0
  2737, 11203,20220517,   40,    0
  2737, 11203,20220518,   85,    0
  2737, 11203,20220519,  103,    0
  2737, 11203,20220520,   98,    0
  2737, 11203,20220521,  130,    0
  2737, 11203,20220522,   85,    0
  2737, 11203,20220523,  143,    0
  2737, 11203,20220524,  152,    0
  2737, 11203,20220525,  121,    0
  2737, 11203,20220526,  110,    0
  2737, 11203,20220527,   78,    0
  2737, 11203,20220528,   65,    0
  2737, 11203,20220529,  116,    0
  2737, 11203,20220530,  153,    0
  2737, 11203,20220531,  144,    0
  2737, 11203,20220601,  141,    0
  2737, 11203,20220602,  143,    0
  2737, 11203,20220603,  103,    0
  2737, 11203,20220604,   77,    0
  2737, 11203,20220605,   53,    0
  2737, 11203,20220606,   77,    0
  2737, 11203,20220607,   60,    0
  2737, 11203,20220608,   62,    0
  2737, 11203,20220609,   71,    0
  2737, 11203,20220610,  113,    0
  2737, 11203,20220611,  116,    0
  2737, 11203,20220612,  125,    0
  2737, 11203,20220613,  102,    0
  2737, 11203,20220614,   89,    0
  2737, 11203,20220615,   89,    0
  2737, 11203,20220616,  102,    0
  2737, 11203,20220617,  127,    0
  2737, 11203,20220618,  112,    0
  2737, 11203,20220619,   97,    0
  2737, 11203,20220620,  103,    0
  2737, 11203,20220621,   84,    0
  2737, 11203,20220622,   90,    0
  2737, 11203,20220623,  101,    0
  2737, 11203,20220624,  122,    0
  2737, 11203,20220625,  195,    0
  2737, 11203,20220626,  226,    0
  2737, 11203,20220627,  218,    0
  2737, 11203,20220628,  237,    0
  2737, 11203,20220629,  124,    0
  2737, 11203,20220630,  188,    0
  2737, 11203,20220701,  249,    0
  2737, 11203,20220702,  180,    0
  2737, 11203,20220703,  152,    0
  2737, 11203,20220704,  147,    0
  2737, 11203,20220705,  118,    0
  2737, 11203,20220706,   93,    0
  2737, 11203,20220707,   94,    0
  2737, 11203,20220708,  100,    0
  2737, 11203,20220709,  114,    0
  2737, 11203,20220710,  116,    0
  2737, 11203,20220711,  133,    0
  2737, 11203,20220712,  170,    0
  2737, 11203,20220713,  127,    0
  2737, 11203,20220714,  105,    0
  2737, 11203,20220715,   87,    0
  2737, 11203,20220716,   89,    0
  2737, 11203,20220717,   99,    0
  2737, 11203,20220718,  103,    0
  2737, 11203,20220719,  108,    0
  2737, 11203,20220720,  155,    0
  2737, 11203,20220721,  115,    0
  2737, 11203,20220722,  102,    0
  2737, 11203,20220723,  100,    0
  2737, 11203,20220724,  130,    0
  2737, 11203,20220725,  177,    0
  2737, 11203,20220726,  143,    0
  2737, 11203,20220727,   96,    0
  2737, 11203,20220728,   97,    0
  2737, 11203,20220729,  125,    0
  2737, 11203,20220730,  188,    0
  2737, 11203,20220731,  162,    0
  2737, 11203,20220801,  109,    0
  2737, 11203,20220802,  114,    0
  2737, 11203,20220803,  154,    0
  2737, 11203,20220804,  124,    0
  2737, 11203,20220805,  112,    0
  2737, 11203,20220806,  104,    0
  2737, 11203,20220807,   94,    0
  2737, 11203,20220808,  123,    0
  2737, 11203,20220809,  132,    0
  2737, 11203,20220810,  137,    0
  2737, 11203,20220811,  111,    0
  2737, 11203,20220812,  108,    0
  2737, 11203,20220813,  112,    0
  2737, 11203,20220814,  137,    0
  2737, 11203,20220815,  210,    0
  2737, 11203,20220816,  200,    0
  2737, 11203,20220817,   97,    0
  2737, 11203,20220818,  133,    0
  2737, 11203,20220819,  177,    0
  2737, 11203,20220820,  163,    0
  2737, 11203,20220821,  145,    0
  2737, 11203,20220822,  110,    0
  2737, 11203,20220823,  101,    0
  2737, 11203,20220824,  179,    0
  2737, 11203,20220825,  196,    0
  2737, 11203,20220826,  173,    0
  2737, 11203,20220827,  111,    0
  2737, 11203,20220828,   99,    0
  2737, 11203,20220829,   91,    0
  2737, 11203,20220830,   98,    0
  2737, 11203,20220831,   88,    0
  2737, 11203,20220901,   74,    0
  2737, 11203,20220902,   99,    0
  2737, 11203,20220903,   89,    0
  2737, 11203,20220904,   98,    0
  2737, 11203,20220905,   84,    0
  2737, 11203,20220906,   85,    0
  2737, 11203,20220907,   87,    0
  2737, 11203,20220908,  113,    0
  2737, 11203,20220909,   84,    0
  2737, 11203,20220910,   74,    0
  2737, 11203,20220911,   84,    0
  2737, 11203,20220912,   95,    0
  2737, 11203,20220913,  130,    0
  2737, 11203,20220914,  133,    0
  2737, 11203,20220915,  126,    0
  2737, 11203,20220916,   95,    0
  2737, 11203,20220917,   91,    0
  2737, 11203,20220918,   90,    0
  2737, 11203,20220919,   83,    0
  2737, 11203,20220920,   74,    0
  2737, 11203,20220921,   98,    0
  2737, 11203,20220922,  140,    0
  2737, 11203,20220923,  109,    0
  2737, 11203,20220924,   93,    0
  2737, 11203,20220925,  113,    0
  2737, 11203,20220926,  127,    0
  2737, 11203,20220927,  120,    0
  2737, 11203,20220928,  117,    0
  2737, 11203,20220929,  113,    0
  2737, 11203,20220930,   92,    0
  2737, 11203,20221001,   97,    0
  2737, 11203,20221002,  111,    0
  2737, 11203,20221003,   95,    0
  2737, 11203,20221004,  106,    0
  2737, 11203,20221005,   98,    0
  2737, 11203,20221006,   86,    0
  2737, 11203,20221007,   81,    0
  2737, 11203,20221008,   60,    0
  2737, 11203,20221009,   79,    0
  2737, 11203,20221010,  102,    0
  2737, 11203,20221011,   67,    0
  2737, 11203,20221012,   63,    0
  2737, 11203,20221013,   73,    0
  2737, 11203,20221014,   74,    0
  2737, 11203,20221015,   83,    0
  2737, 11203,20221016,   58,    0
  2737, 11203,20221017,   53,    0
  2737, 11203,20221018,   41,    0
  2737, 11203,20221019,   60,    0
  2737, 11203,20221020,   57,    0
  2737, 11203,20221021,   47,    0
  2737, 11203,20221022,   38,    0
  2737, 11203,20221023,   24,    0
  2737, 11203,20221024,   30,    0
  2737, 11203,20221025,   68,    0
  2737, 11203,20221026,   56,    0
  2737, 11203,20221027,   72,    0
  2737, 11203,20221028,   80,    0
  2737, 11203,20221029,   50,    0
  2737, 11203,20221030,   53,    0
  2737, 11203,20221031,   68,    0
