EUROPEAN CLIMATE ASSESSMENT & DATASET (ECA&D), file created on: 16-11-2022
THESE DATA CAN BE USED FOR NON-COMMERCIAL RESEARCH AND EDUCATION PROVIDED THAT THE FOLLOWING SOURCE IS ACKNOWLEDGED: 

Klein Tank, A.M.G. and Coauthors, 2002. Daily dataset of 20th-century surface
air temperature and precipitation series for the European Climate Assessment.
Int. J. of Climatol., 22, 1441-1453.
Data and metadata available at http://www.ecad.eu

FILE FORMAT (MISSING VALUE CODE = -9999):

01-06 STAID: Station identifier
08-13 SOUID: Source identifier
15-22 DATE : Date YYYYMMDD
24-28 TG   : Mean temperature in 0.1 &#176;C
30-34 Q_TG : quality code for TG (0='valid'; 1='suspect'; 9='missing')

This is the blended series of station FV715 HOGSDALEN, NORWAY (STAID: 18360)
Blended and updated with sources:99095 
See files sources.txt and stations.txt for more info.

STAID, SOUID,    DATE,   TG, Q_TG
 18360, 99095,20170701,-9999,    9
 18360, 99095,20170702,-9999,    9
 18360, 99095,20170703,-9999,    9
 18360, 99095,20170704,-9999,    9
 18360, 99095,20170705,-9999,    9
 18360, 99095,20170706,-9999,    9
 18360, 99095,20170707,-9999,    9
 18360, 99095,20170708,-9999,    9
 18360, 99095,20170709,-9999,    9
 18360, 99095,20170710,-9999,    9
 18360, 99095,20170711,-9999,    9
 18360, 99095,20170712,   94,    0
 18360, 99095,20170713,   91,    0
 18360, 99095,20170714,   86,    0
 18360, 99095,20170715,  127,    0
 18360, 99095,20170716,  115,    0
 18360, 99095,20170717,   91,    0
 18360, 99095,20170718,   96,    0
 18360, 99095,20170719,  105,    0
 18360, 99095,20170720,  144,    0
 18360, 99095,20170721,  181,    0
 18360, 99095,20170722,  164,    0
 18360, 99095,20170723,  171,    0
 18360, 99095,20170724,  167,    0
 18360, 99095,20170725,  178,    0
 18360, 99095,20170726,  182,    0
 18360, 99095,20170727,  181,    0
 18360, 99095,20170728,  168,    0
 18360, 99095,20170729,  147,    0
 18360, 99095,20170730,  158,    0
 18360, 99095,20170731,  147,    0
 18360, 99095,20170801,  137,    0
 18360, 99095,20170802,  140,    0
 18360, 99095,20170803,  149,    0
 18360, 99095,20170804,  152,    0
 18360, 99095,20170805,  155,    0
 18360, 99095,20170806,  157,    0
 18360, 99095,20170807,  132,    0
 18360, 99095,20170808,  118,    0
 18360, 99095,20170809,  140,    0
 18360, 99095,20170810,  124,    0
 18360, 99095,20170811,  129,    0
 18360, 99095,20170812,  111,    0
 18360, 99095,20170813,   87,    0
 18360, 99095,20170814,  101,    0
 18360, 99095,20170815,  132,    0
 18360, 99095,20170816,  120,    0
 18360, 99095,20170817,  148,    0
 18360, 99095,20170818,  144,    0
 18360, 99095,20170819,  136,    0
 18360, 99095,20170820,  113,    0
 18360, 99095,20170821,   91,    0
 18360, 99095,20170822,   86,    0
 18360, 99095,20170823,   90,    0
 18360, 99095,20170824,   88,    0
 18360, 99095,20170825,   83,    0
 18360, 99095,20170826,   86,    0
 18360, 99095,20170827,   96,    0
 18360, 99095,20170828,  132,    0
 18360, 99095,20170829,  116,    0
 18360, 99095,20170830,  111,    0
 18360, 99095,20170831,  111,    0
 18360, 99095,20170901,   94,    0
 18360, 99095,20170902,  105,    0
 18360, 99095,20170903,  131,    0
 18360, 99095,20170904,  126,    0
 18360, 99095,20170905,  131,    0
 18360, 99095,20170906,  130,    0
 18360, 99095,20170907,  119,    0
 18360, 99095,20170908,  109,    0
 18360, 99095,20170909,  111,    0
 18360, 99095,20170910,  105,    0
 18360, 99095,20170911,  126,    0
 18360, 99095,20170912,  125,    0
 18360, 99095,20170913,   99,    0
 18360, 99095,20170914,   92,    0
 18360, 99095,20170915,  100,    0
 18360, 99095,20170916,   83,    0
 18360, 99095,20170917,   79,    0
 18360, 99095,20170918,   87,    0
 18360, 99095,20170919,   82,    0
 18360, 99095,20170920,   78,    0
 18360, 99095,20170921,   95,    0
 18360, 99095,20170922,  108,    0
 18360, 99095,20170923,  107,    0
 18360, 99095,20170924,  137,    0
 18360, 99095,20170925,  137,    0
 18360, 99095,20170926,  125,    0
 18360, 99095,20170927,  121,    0
 18360, 99095,20170928,  124,    0
 18360, 99095,20170929,  119,    0
 18360, 99095,20170930,  117,    0
 18360, 99095,20171001,  107,    0
 18360, 99095,20171002,  109,    0
 18360, 99095,20171003,  100,    0
 18360, 99095,20171004,-9999,    9
 18360, 99095,20171005,   72,    0
 18360, 99095,20171006,   64,    0
 18360, 99095,20171007,   31,    0
 18360, 99095,20171008,   48,    0
 18360, 99095,20171009,   53,    0
 18360, 99095,20171010,   53,    0
 18360, 99095,20171011,   47,    0
 18360, 99095,20171012,   54,    0
 18360, 99095,20171013,   61,    0
 18360, 99095,20171014,-9999,    9
 18360, 99095,20171015,   71,    0
 18360, 99095,20171016,   68,    0
 18360, 99095,20171017,-9999,    9
 18360, 99095,20171018,-9999,    9
 18360, 99095,20171019,-9999,    9
 18360, 99095,20171020,-9999,    9
 18360, 99095,20171021,-9999,    9
 18360, 99095,20171022,-9999,    9
 18360, 99095,20171023,-9999,    9
 18360, 99095,20171024,-9999,    9
 18360, 99095,20171025,   46,    0
 18360, 99095,20171026,   58,    0
 18360, 99095,20171027,   63,    0
 18360, 99095,20171028,   36,    0
 18360, 99095,20171029,   12,    0
 18360, 99095,20171030,   12,    0
 18360, 99095,20171031,   70,    0
 18360, 99095,20171101,-9999,    9
 18360, 99095,20171102,-9999,    9
 18360, 99095,20171103,   36,    0
 18360, 99095,20171104,   41,    0
 18360, 99095,20171105,   34,    0
 18360, 99095,20171106,   12,    0
 18360, 99095,20171107,   13,    0
 18360, 99095,20171108,   17,    0
 18360, 99095,20171109,   47,    0
 18360, 99095,20171110,    3,    0
 18360, 99095,20171111,    9,    0
 18360, 99095,20171112,   17,    0
 18360, 99095,20171113,   10,    0
 18360, 99095,20171114,   -4,    0
 18360, 99095,20171115,   28,    0
 18360, 99095,20171116,    9,    0
 18360, 99095,20171117,    2,    0
 18360, 99095,20171118,  -14,    0
 18360, 99095,20171119,  -41,    0
 18360, 99095,20171120,  -65,    0
 18360, 99095,20171121,  -74,    0
 18360, 99095,20171122,  -42,    0
 18360, 99095,20171123,   45,    0
 18360, 99095,20171124,   17,    0
 18360, 99095,20171125,   -8,    0
 18360, 99095,20171126,  -41,    0
 18360, 99095,20171127,  -46,    0
 18360, 99095,20171128,-9999,    9
 18360, 99095,20171129,-9999,    9
 18360, 99095,20171130,  -54,    0
 18360, 99095,20171201,  -40,    0
 18360, 99095,20171202,   40,    0
 18360, 99095,20171203,   16,    0
 18360, 99095,20171204,    2,    0
 18360, 99095,20171205,   -2,    0
 18360, 99095,20171206,  -17,    0
 18360, 99095,20171207,   10,    0
 18360, 99095,20171208,    5,    0
 18360, 99095,20171209,    5,    0
 18360, 99095,20171210,  -34,    0
 18360, 99095,20171211,  -57,    0
 18360, 99095,20171212,  -64,    0
 18360, 99095,20171213,  -24,    0
 18360, 99095,20171214,  -73,    0
 18360, 99095,20171215, -115,    0
 18360, 99095,20171216,  -37,    0
 18360, 99095,20171217,  -15,    0
 18360, 99095,20171218,   13,    0
 18360, 99095,20171219,   30,    0
 18360, 99095,20171220,   25,    0
 18360, 99095,20171221,   19,    0
 18360, 99095,20171222,    5,    0
 18360, 99095,20171223,   26,    0
 18360, 99095,20171224,  -14,    0
 18360, 99095,20171225,  -31,    0
 18360, 99095,20171226,  -47,    0
 18360, 99095,20171227,  -62,    0
 18360, 99095,20171228,  -49,    0
 18360, 99095,20171229,  -44,    0
 18360, 99095,20171230,  -56,    0
 18360, 99095,20171231,  -64,    0
 18360, 99095,20180101,  -15,    0
 18360, 99095,20180102,    0,    0
 18360, 99095,20180103,  -41,    0
 18360, 99095,20180104,  -34,    0
 18360, 99095,20180105,  -56,    0
 18360, 99095,20180106,  -58,    0
 18360, 99095,20180107,  -22,    0
 18360, 99095,20180108,   15,    0
 18360, 99095,20180109,  -19,    0
 18360, 99095,20180110,    3,    0
 18360, 99095,20180111,   19,    0
 18360, 99095,20180112,    3,    0
 18360, 99095,20180113,  -40,    0
 18360, 99095,20180114,  -54,    0
 18360, 99095,20180115,   -7,    0
 18360, 99095,20180116,    0,    0
 18360, 99095,20180117,   -7,    0
 18360, 99095,20180118,  -47,    0
 18360, 99095,20180119,  -76,    0
 18360, 99095,20180120,  -79,    0
 18360, 99095,20180121,  -94,    0
 18360, 99095,20180122,  -88,    0
 18360, 99095,20180123,  -62,    0
 18360, 99095,20180124,    0,    0
 18360, 99095,20180125,   15,    0
 18360, 99095,20180126,    5,    0
 18360, 99095,20180127,   -7,    0
 18360, 99095,20180128,   -7,    0
 18360, 99095,20180129,  -16,    0
 18360, 99095,20180130,  -16,    0
 18360, 99095,20180131,   -2,    0
 18360, 99095,20180201,  -29,    0
 18360, 99095,20180202, -105,    0
 18360, 99095,20180203,  -92,    0
 18360, 99095,20180204,  -82,    0
 18360, 99095,20180205,  -33,    0
 18360, 99095,20180206,  -30,    0
 18360, 99095,20180207,  -47,    0
 18360, 99095,20180208,  -31,    0
 18360, 99095,20180209,  -15,    0
 18360, 99095,20180210,  -10,    0
 18360, 99095,20180211,  -13,    0
 18360, 99095,20180212,  -25,    0
 18360, 99095,20180213,  -31,    0
 18360, 99095,20180214,   -4,    0
 18360, 99095,20180215,    4,    0
 18360, 99095,20180216,  -18,    0
 18360, 99095,20180217,  -27,    0
 18360, 99095,20180218,  -45,    0
 18360, 99095,20180219,  -63,    0
 18360, 99095,20180220,  -70,    0
 18360, 99095,20180221,  -51,    0
 18360, 99095,20180222,  -12,    0
 18360, 99095,20180223,  -24,    0
 18360, 99095,20180224,  -56,    0
 18360, 99095,20180225,  -76,    0
 18360, 99095,20180226, -109,    0
 18360, 99095,20180227,  -99,    0
 18360, 99095,20180228, -131,    0
 18360, 99095,20180301, -122,    0
 18360, 99095,20180302,  -84,    0
 18360, 99095,20180303,-9999,    9
 18360, 99095,20180304,  -70,    0
 18360, 99095,20180305,  -61,    0
 18360, 99095,20180306,  -85,    0
 18360, 99095,20180307,  -66,    0
 18360, 99095,20180308,  -28,    0
 18360, 99095,20180309,  -46,    0
 18360, 99095,20180310,-9999,    9
 18360, 99095,20180311,  -57,    0
 18360, 99095,20180312,  -35,    0
 18360, 99095,20180313,  -55,    0
 18360, 99095,20180314,  -61,    0
 18360, 99095,20180315,  -60,    0
 18360, 99095,20180316,  -67,    0
 18360, 99095,20180317,-9999,    9
 18360, 99095,20180318,   -3,    0
 18360, 99095,20180319,   -8,    0
 18360, 99095,20180320,   -7,    0
 18360, 99095,20180321,   11,    0
 18360, 99095,20180322,   10,    0
 18360, 99095,20180323,   16,    0
 18360, 99095,20180324,   31,    0
 18360, 99095,20180325,-9999,    9
 18360, 99095,20180326,  -61,    0
 18360, 99095,20180327,  -54,    0
 18360, 99095,20180328,  -32,    0
 18360, 99095,20180329,  -36,    0
 18360, 99095,20180330,  -52,    0
 18360, 99095,20180331,  -48,    0
 18360, 99095,20180401,  -39,    0
 18360, 99095,20180402,  -42,    0
 18360, 99095,20180403,  -29,    0
 18360, 99095,20180404,    4,    0
 18360, 99095,20180405,  -10,    0
 18360, 99095,20180406,    8,    0
 18360, 99095,20180407,-9999,    9
 18360, 99095,20180408,   20,    0
 18360, 99095,20180409,    5,    0
 18360, 99095,20180410,   20,    0
 18360, 99095,20180411,   32,    0
 18360, 99095,20180412,   64,    0
 18360, 99095,20180413,   69,    0
 18360, 99095,20180414,   80,    0
 18360, 99095,20180415,   84,    0
 18360, 99095,20180416,   68,    0
 18360, 99095,20180417,   68,    0
 18360, 99095,20180418,   53,    0
 18360, 99095,20180419,   67,    0
 18360, 99095,20180420,   62,    0
 18360, 99095,20180421,   39,    0
 18360, 99095,20180422,   51,    0
 18360, 99095,20180423,   54,    0
 18360, 99095,20180424,   45,    0
 18360, 99095,20180425,   27,    0
 18360, 99095,20180426,   32,    0
 18360, 99095,20180427,   43,    0
 18360, 99095,20180428,   40,    0
 18360, 99095,20180429,   26,    0
 18360, 99095,20180430,   39,    0
 18360, 99095,20180501,   45,    0
 18360, 99095,20180502,-9999,    9
 18360, 99095,20180503,   59,    0
 18360, 99095,20180504,   64,    0
 18360, 99095,20180505,-9999,    9
 18360, 99095,20180506,   78,    0
 18360, 99095,20180507,   63,    0
 18360, 99095,20180508,  132,    0
 18360, 99095,20180509,  181,    0
 18360, 99095,20180510,  168,    0
 18360, 99095,20180511,   76,    0
 18360, 99095,20180512,  121,    0
 18360, 99095,20180513,  149,    0
 18360, 99095,20180514,  165,    0
 18360, 99095,20180515,  160,    0
 18360, 99095,20180516,-9999,    9
 18360, 99095,20180517,   63,    0
 18360, 99095,20180518,   82,    0
 18360, 99095,20180519,-9999,    9
 18360, 99095,20180520,  144,    0
 18360, 99095,20180521,  141,    0
 18360, 99095,20180522,   90,    0
 18360, 99095,20180523,  104,    0
 18360, 99095,20180524,  116,    0
 18360, 99095,20180525,  116,    0
 18360, 99095,20180526,-9999,    9
 18360, 99095,20180527,  163,    0
 18360, 99095,20180528,  169,    0
 18360, 99095,20180529,  124,    0
 18360, 99095,20180530,-9999,    9
 18360, 99095,20180531,  196,    0
 18360, 99095,20180601,  141,    0
 18360, 99095,20180602,  138,    0
 18360, 99095,20180603,   97,    0
 18360, 99095,20180604,   55,    0
 18360, 99095,20180605,   44,    0
 18360, 99095,20180606,-9999,    9
 18360, 99095,20180607,   76,    0
 18360, 99095,20180608,   74,    0
 18360, 99095,20180609,  124,    0
 18360, 99095,20180610,   90,    0
 18360, 99095,20180611,   78,    0
 18360, 99095,20180612,   69,    0
 18360, 99095,20180613,   94,    0
 18360, 99095,20180614,  148,    0
 18360, 99095,20180615,  117,    0
 18360, 99095,20180616,  110,    0
 18360, 99095,20180617,  129,    0
 18360, 99095,20180618,  124,    0
 18360, 99095,20180619,   81,    0
 18360, 99095,20180620,   71,    0
 18360, 99095,20180621,   75,    0
 18360, 99095,20180622,   61,    0
 18360, 99095,20180623,   80,    0
 18360, 99095,20180624,   95,    0
 18360, 99095,20180625,   99,    0
 18360, 99095,20180626,  104,    0
 18360, 99095,20180627,  130,    0
 18360, 99095,20180628,   92,    0
 18360, 99095,20180629,   72,    0
 18360, 99095,20180630,  106,    0
 18360, 99095,20180701,  165,    0
 18360, 99095,20180702,  150,    0
 18360, 99095,20180703,  109,    0
 18360, 99095,20180704,  120,    0
 18360, 99095,20180705,  135,    0
 18360, 99095,20180706,  101,    0
 18360, 99095,20180707,  108,    0
 18360, 99095,20180708,-9999,    9
 18360, 99095,20180709,  111,    0
 18360, 99095,20180710,  162,    0
 18360, 99095,20180711,  185,    0
 18360, 99095,20180712,  143,    0
 18360, 99095,20180713,  129,    0
 18360, 99095,20180714,  122,    0
 18360, 99095,20180715,  166,    0
 18360, 99095,20180716,  201,    0
 18360, 99095,20180717,  205,    0
 18360, 99095,20180718,  183,    0
 18360, 99095,20180719,  139,    0
 18360, 99095,20180720,  171,    0
 18360, 99095,20180721,  150,    0
 18360, 99095,20180722,  148,    0
 18360, 99095,20180723,  150,    0
 18360, 99095,20180724,  161,    0
 18360, 99095,20180725,  136,    0
 18360, 99095,20180726,  165,    0
 18360, 99095,20180727,  239,    0
 18360, 99095,20180728,  245,    0
 18360, 99095,20180729,  199,    0
 18360, 99095,20180730,  218,    0
 18360, 99095,20180731,  228,    0
 18360, 99095,20180801,  164,    0
 18360, 99095,20180802,  148,    0
 18360, 99095,20180803,  143,    0
 18360, 99095,20180804,  141,    0
 18360, 99095,20180805,  109,    0
 18360, 99095,20180806,  116,    0
 18360, 99095,20180807,  150,    0
 18360, 99095,20180808,  178,    0
 18360, 99095,20180809,  140,    0
 18360, 99095,20180810,  126,    0
 18360, 99095,20180811,  113,    0
 18360, 99095,20180812,  107,    0
 18360, 99095,20180813,  103,    0
 18360, 99095,20180814,  116,    0
 18360, 99095,20180815,  131,    0
 18360, 99095,20180816,  148,    0
 18360, 99095,20180817,  131,    0
 18360, 99095,20180818,  109,    0
 18360, 99095,20180819,   98,    0
 18360, 99095,20180820,   93,    0
 18360, 99095,20180821,   92,    0
 18360, 99095,20180822,  105,    0
 18360, 99095,20180823,  119,    0
 18360, 99095,20180824,  109,    0
 18360, 99095,20180825,   94,    0
 18360, 99095,20180826,   82,    0
 18360, 99095,20180827,   87,    0
 18360, 99095,20180828,  122,    0
 18360, 99095,20180829,  142,    0
 18360, 99095,20180830,   99,    0
 18360, 99095,20180831,  101,    0
 18360, 99095,20180901,  116,    0
 18360, 99095,20180902,  149,    0
 18360, 99095,20180903,  134,    0
 18360, 99095,20180904,  104,    0
 18360, 99095,20180905,  125,    0
 18360, 99095,20180906,  151,    0
 18360, 99095,20180907,  154,    0
 18360, 99095,20180908,  158,    0
 18360, 99095,20180909,  140,    0
 18360, 99095,20180910,  123,    0
 18360, 99095,20180911,  108,    0
 18360, 99095,20180912,   91,    0
 18360, 99095,20180913,   93,    0
 18360, 99095,20180914,   81,    0
 18360, 99095,20180915,   69,    0
 18360, 99095,20180916,   91,    0
 18360, 99095,20180917,   85,    0
 18360, 99095,20180918,  100,    0
 18360, 99095,20180919,  140,    0
 18360, 99095,20180920,   99,    0
 18360, 99095,20180921,   78,    0
 18360, 99095,20180922,   78,    0
 18360, 99095,20180923,   50,    0
 18360, 99095,20180924,   39,    0
 18360, 99095,20180925,   66,    0
 18360, 99095,20180926,-9999,    9
 18360, 99095,20180927,-9999,    9
 18360, 99095,20180928,-9999,    9
 18360, 99095,20180929,-9999,    9
 18360, 99095,20180930,-9999,    9
 18360, 99095,20181001,-9999,    9
 18360, 99095,20181002,-9999,    9
 18360, 99095,20181003,-9999,    9
 18360, 99095,20181004,   38,    0
 18360, 99095,20181005,   52,    0
 18360, 99095,20181006,   39,    0
 18360, 99095,20181007,   23,    0
 18360, 99095,20181008,   50,    0
 18360, 99095,20181009,   59,    0
 18360, 99095,20181010,   79,    0
 18360, 99095,20181011,-9999,    9
 18360, 99095,20181012,  125,    0
 18360, 99095,20181013,  124,    0
 18360, 99095,20181014,  127,    0
 18360, 99095,20181015,   44,    0
 18360, 99095,20181016,   60,    0
 18360, 99095,20181017,-9999,    9
 18360, 99095,20181018,-9999,    9
 18360, 99095,20181019,   63,    0
 18360, 99095,20181020,   60,    0
 18360, 99095,20181021,   68,    0
 18360, 99095,20181022,-9999,    9
 18360, 99095,20181023,   21,    0
 18360, 99095,20181024,   27,    0
 18360, 99095,20181025,   16,    0
 18360, 99095,20181026,    2,    0
 18360, 99095,20181027,  -28,    0
 18360, 99095,20181028,  -41,    0
 18360, 99095,20181029,  -26,    0
 18360, 99095,20181030,    1,    0
 18360, 99095,20181031,   51,    0
 18360, 99095,20181101,   44,    0
 18360, 99095,20181102,   54,    0
 18360, 99095,20181103,   25,    0
 18360, 99095,20181104,   72,    0
 18360, 99095,20181105,   59,    0
 18360, 99095,20181106,   32,    0
 18360, 99095,20181107,   31,    0
 18360, 99095,20181108,   45,    0
 18360, 99095,20181109,   33,    0
 18360, 99095,20181110,   63,    0
 18360, 99095,20181111,   84,    0
 18360, 99095,20181112,   69,    0
 18360, 99095,20181113,   35,    0
 18360, 99095,20181114,   25,    0
 18360, 99095,20181115,   58,    0
 18360, 99095,20181116,   77,    0
 18360, 99095,20181117,   66,    0
 18360, 99095,20181118,   19,    0
 18360, 99095,20181119,  -20,    0
 18360, 99095,20181120,   -5,    0
 18360, 99095,20181121,   -9,    0
 18360, 99095,20181122,  -16,    0
 18360, 99095,20181123,   -2,    0
 18360, 99095,20181124,    0,    0
 18360, 99095,20181125,   11,    0
 18360, 99095,20181126,   -4,    0
 18360, 99095,20181127,  -38,    0
 18360, 99095,20181128,  -50,    0
 18360, 99095,20181129,   33,    0
 18360, 99095,20181130,   65,    0
 18360, 99095,20181201,   45,    0
 18360, 99095,20181202,   27,    0
 18360, 99095,20181203,   15,    0
 18360, 99095,20181204,    6,    0
 18360, 99095,20181205,   -4,    0
 18360, 99095,20181206,  -28,    0
 18360, 99095,20181207,  -38,    0
 18360, 99095,20181208,   -8,    0
 18360, 99095,20181209,   -6,    0
 18360, 99095,20181210,   13,    0
 18360, 99095,20181211,  -20,    0
 18360, 99095,20181212,  -38,    0
 18360, 99095,20181213,  -71,    0
 18360, 99095,20181214,  -88,    0
 18360, 99095,20181215, -101,    0
 18360, 99095,20181216,  -20,    0
 18360, 99095,20181217,  -36,    0
 18360, 99095,20181218,  -59,    0
 18360, 99095,20181219,-9999,    9
 18360, 99095,20181220,   16,    0
 18360, 99095,20181221,  -15,    0
 18360, 99095,20181222,  -39,    0
 18360, 99095,20181223,  -86,    0
 18360, 99095,20181224,    8,    0
 18360, 99095,20181225,   40,    0
 18360, 99095,20181226,   39,    0
 18360, 99095,20181227,   44,    0
 18360, 99095,20181228,   36,    0
 18360, 99095,20181229,   25,    0
 18360, 99095,20181230,    2,    0
 18360, 99095,20181231,   24,    0
 18360, 99095,20190101,   10,    0
 18360, 99095,20190102,    4,    0
 18360, 99095,20190103,   48,    0
 18360, 99095,20190104,   58,    0
 18360, 99095,20190105,   46,    0
 18360, 99095,20190106,   46,    0
 18360, 99095,20190107,    4,    0
 18360, 99095,20190108,   -3,    0
 18360, 99095,20190109,  -10,    0
 18360, 99095,20190110,   34,    0
 18360, 99095,20190111,    6,    0
 18360, 99095,20190112,   -6,    0
 18360, 99095,20190113,  -20,    0
 18360, 99095,20190114,  -14,    0
 18360, 99095,20190115,  -64,    0
 18360, 99095,20190116,  -78,    0
 18360, 99095,20190117,  -63,    0
 18360, 99095,20190118,-9999,    9
 18360, 99095,20190119,-9999,    9
 18360, 99095,20190120,  -65,    0
 18360, 99095,20190121,  -79,    0
 18360, 99095,20190122,  -83,    0
 18360, 99095,20190123, -101,    0
 18360, 99095,20190124,  -79,    0
 18360, 99095,20190125,  -59,    0
 18360, 99095,20190126,  -53,    0
 18360, 99095,20190127,  -67,    0
 18360, 99095,20190128,  -75,    0
 18360, 99095,20190129,  -73,    0
 18360, 99095,20190130,-9999,    9
 18360, 99095,20190131,  -48,    0
 18360, 99095,20190201,  -39,    0
 18360, 99095,20190202,  -72,    0
 18360, 99095,20190203,  -93,    0
 18360, 99095,20190204,  -93,    0
 18360, 99095,20190205,  -98,    0
 18360, 99095,20190206,  -79,    0
 18360, 99095,20190207,   -3,    0
 18360, 99095,20190208,  -21,    0
 18360, 99095,20190209,  -14,    0
 18360, 99095,20190210,  -10,    0
 18360, 99095,20190211,  -13,    0
 18360, 99095,20190212,   -6,    0
 18360, 99095,20190213,-9999,    9
 18360, 99095,20190214,-9999,    9
 18360, 99095,20190215,-9999,    9
 18360, 99095,20190216,   28,    0
 18360, 99095,20190217,    4,    0
 18360, 99095,20190218,   20,    0
 18360, 99095,20190219,   18,    0
 18360, 99095,20190220,  -16,    0
 18360, 99095,20190221,  -22,    0
 18360, 99095,20190222,    9,    0
 18360, 99095,20190223,   40,    0
 18360, 99095,20190224,   47,    0
 18360, 99095,20190225,   50,    0
 18360, 99095,20190226,   49,    0
 18360, 99095,20190227,   43,    0
 18360, 99095,20190228,    6,    0
 18360, 99095,20190301,   -2,    0
 18360, 99095,20190302,   -6,    0
 18360, 99095,20190303,  -28,    0
 18360, 99095,20190304,  -52,    0
 18360, 99095,20190305,  -82,    0
 18360, 99095,20190306,  -86,    0
 18360, 99095,20190307,  -53,    0
 18360, 99095,20190308,  -28,    0
 18360, 99095,20190309,  -49,    0
 18360, 99095,20190310,  -72,    0
 18360, 99095,20190311,  -43,    0
 18360, 99095,20190312,  -35,    0
 18360, 99095,20190313,  -25,    0
 18360, 99095,20190314,  -11,    0
 18360, 99095,20190315,  -26,    0
 18360, 99095,20190316,  -21,    0
 18360, 99095,20190317,  -18,    0
 18360, 99095,20190318,   -8,    0
 18360, 99095,20190319,   15,    0
 18360, 99095,20190320,   26,    0
 18360, 99095,20190321,   26,    0
 18360, 99095,20190322,   37,    0
 18360, 99095,20190323,   10,    0
 18360, 99095,20190324,   -3,    0
 18360, 99095,20190325,   -8,    0
 18360, 99095,20190326,    0,    0
 18360, 99095,20190327,   39,    0
 18360, 99095,20190328,   72,    0
 18360, 99095,20190329,   25,    0
 18360, 99095,20190330,    2,    0
 18360, 99095,20190331,-9999,    9
 18360, 99095,20190401,    6,    0
 18360, 99095,20190402,    6,    0
 18360, 99095,20190403,   24,    0
 18360, 99095,20190404,   27,    0
 18360, 99095,20190405,   42,    0
 18360, 99095,20190406,   22,    0
 18360, 99095,20190407,   13,    0
 18360, 99095,20190408,  -10,    0
 18360, 99095,20190409,-9999,    9
 18360, 99095,20190410,-9999,    9
 18360, 99095,20190411,-9999,    9
 18360, 99095,20190412,  -13,    0
 18360, 99095,20190413,    1,    0
 18360, 99095,20190414,   25,    0
 18360, 99095,20190415,   35,    0
 18360, 99095,20190416,   73,    0
 18360, 99095,20190417,   65,    0
 18360, 99095,20190418,   67,    0
 18360, 99095,20190419,   82,    0
 18360, 99095,20190420,   97,    0
 18360, 99095,20190421,   62,    0
 18360, 99095,20190422,  105,    0
 18360, 99095,20190423,  116,    0
 18360, 99095,20190424,  128,    0
 18360, 99095,20190425,  142,    0
 18360, 99095,20190426,  131,    0
 18360, 99095,20190427,  141,    0
 18360, 99095,20190428,  140,    0
 18360, 99095,20190429,  104,    0
 18360, 99095,20190430,-9999,    9
 18360, 99095,20190501,   34,    0
 18360, 99095,20190502,    9,    0
 18360, 99095,20190503,    2,    0
 18360, 99095,20190504,   11,    0
 18360, 99095,20190505,   10,    0
 18360, 99095,20190506,    6,    0
 18360, 99095,20190507,   13,    0
 18360, 99095,20190508,   25,    0
 18360, 99095,20190509,   50,    0
 18360, 99095,20190510,   77,    0
 18360, 99095,20190511,   35,    0
 18360, 99095,20190512,   30,    0
 18360, 99095,20190513,   29,    0
 18360, 99095,20190514,   46,    0
 18360, 99095,20190515,   81,    0
 18360, 99095,20190516,   93,    0
 18360, 99095,20190517,  151,    0
 18360, 99095,20190518,  162,    0
 18360, 99095,20190519,  134,    0
 18360, 99095,20190520,  148,    0
 18360, 99095,20190521,  178,    0
 18360, 99095,20190522,  180,    0
 18360, 99095,20190523,  114,    0
 18360, 99095,20190524,  101,    0
 18360, 99095,20190525,   70,    0
 18360, 99095,20190526,   46,    0
 18360, 99095,20190527,   39,    0
 18360, 99095,20190528,   41,    0
 18360, 99095,20190529,-9999,    9
 18360, 99095,20190530,-9999,    9
 18360, 99095,20190531,-9999,    9
 18360, 99095,20190601,   71,    0
 18360, 99095,20190602,   88,    0
 18360, 99095,20190603,  135,    0
 18360, 99095,20190604,  124,    0
 18360, 99095,20190605,  129,    0
 18360, 99095,20190606,  188,    0
 18360, 99095,20190607,  118,    0
 18360, 99095,20190608,  147,    0
 18360, 99095,20190609,  143,    0
 18360, 99095,20190610,   94,    0
 18360, 99095,20190611,  120,    0
 18360, 99095,20190612,  128,    0
 18360, 99095,20190613,  122,    0
 18360, 99095,20190614,  146,    0
 18360, 99095,20190615,  147,    0
 18360, 99095,20190616,  174,    0
 18360, 99095,20190617,  123,    0
 18360, 99095,20190618,  122,    0
 18360, 99095,20190619,  132,    0
 18360, 99095,20190620,  145,    0
 18360, 99095,20190621,  104,    0
 18360, 99095,20190622,   90,    0
 18360, 99095,20190623,   87,    0
 18360, 99095,20190624,  113,    0
 18360, 99095,20190625,  140,    0
 18360, 99095,20190626,   89,    0
 18360, 99095,20190627,   84,    0
 18360, 99095,20190628,   96,    0
 18360, 99095,20190629,   98,    0
 18360, 99095,20190630,  111,    0
 18360, 99095,20190701,   82,    0
 18360, 99095,20190702,   58,    0
 18360, 99095,20190703,   49,    0
 18360, 99095,20190704,   64,    0
 18360, 99095,20190705,   80,    0
 18360, 99095,20190706,   91,    0
 18360, 99095,20190707,   99,    0
 18360, 99095,20190708,   91,    0
 18360, 99095,20190709,  112,    0
 18360, 99095,20190710,  122,    0
 18360, 99095,20190711,  118,    0
 18360, 99095,20190712,  112,    0
 18360, 99095,20190713,  106,    0
 18360, 99095,20190714,   89,    0
 18360, 99095,20190715,   88,    0
 18360, 99095,20190716,   96,    0
 18360, 99095,20190717,  126,    0
 18360, 99095,20190718,  172,    0
 18360, 99095,20190719,  154,    0
 18360, 99095,20190720,  182,    0
 18360, 99095,20190721,  163,    0
 18360, 99095,20190722,  155,    0
 18360, 99095,20190723,  162,    0
 18360, 99095,20190724,  209,    0
 18360, 99095,20190725,  209,    0
 18360, 99095,20190726,  228,    0
 18360, 99095,20190727,  265,    0
 18360, 99095,20190728,  261,    0
 18360, 99095,20190729,  233,    0
 18360, 99095,20190730,  155,    0
 18360, 99095,20190731,  161,    0
 18360, 99095,20190801,  155,    0
 18360, 99095,20190802,  128,    0
 18360, 99095,20190803,  116,    0
 18360, 99095,20190804,  119,    0
 18360, 99095,20190805,  119,    0
 18360, 99095,20190806,  133,    0
 18360, 99095,20190807,  134,    0
 18360, 99095,20190808,  131,    0
 18360, 99095,20190809,  135,    0
 18360, 99095,20190810,  172,    0
 18360, 99095,20190811,  177,    0
 18360, 99095,20190812,  125,    0
 18360, 99095,20190813,   99,    0
 18360, 99095,20190814,  100,    0
 18360, 99095,20190815,  119,    0
 18360, 99095,20190816,  119,    0
 18360, 99095,20190817,  143,    0
 18360, 99095,20190818,  132,    0
 18360, 99095,20190819,  127,    0
 18360, 99095,20190820,  125,    0
 18360, 99095,20190821,  104,    0
 18360, 99095,20190822,-9999,    9
 18360, 99095,20190823,  127,    0
 18360, 99095,20190824,  133,    0
 18360, 99095,20190825,  135,    0
 18360, 99095,20190826,  169,    0
 18360, 99095,20190827,  184,    0
 18360, 99095,20190828,  202,    0
 18360, 99095,20190829,  141,    0
 18360, 99095,20190830,  133,    0
 18360, 99095,20190831,  150,    0
 18360, 99095,20190901,  134,    0
 18360, 99095,20190902,   87,    0
 18360, 99095,20190903,   75,    0
 18360, 99095,20190904,   94,    0
 18360, 99095,20190905,   82,    0
 18360, 99095,20190906,   78,    0
 18360, 99095,20190907,   74,    0
 18360, 99095,20190908,   74,    0
 18360, 99095,20190909,  118,    0
 18360, 99095,20190910,  139,    0
 18360, 99095,20190911,  140,    0
 18360, 99095,20190912,   87,    0
 18360, 99095,20190913,   73,    0
 18360, 99095,20190914,   75,    0
 18360, 99095,20190915,   78,    0
 18360, 99095,20190916,   74,    0
 18360, 99095,20190917,   67,    0
 18360, 99095,20190918,   67,    0
 18360, 99095,20190919,   48,    0
 18360, 99095,20190920,   87,    0
 18360, 99095,20190921,  101,    0
 18360, 99095,20190922,   73,    0
 18360, 99095,20190923,   82,    0
 18360, 99095,20190924,   79,    0
 18360, 99095,20190925,   85,    0
 18360, 99095,20190926,   86,    0
 18360, 99095,20190927,  103,    0
 18360, 99095,20190928,  110,    0
 18360, 99095,20190929,   76,    0
 18360, 99095,20190930,   10,    0
 18360, 99095,20191001,   19,    0
 18360, 99095,20191002,   50,    0
 18360, 99095,20191003,   29,    0
 18360, 99095,20191004,    9,    0
 18360, 99095,20191005,   -1,    0
 18360, 99095,20191006,   14,    0
 18360, 99095,20191007,   32,    0
 18360, 99095,20191008,   31,    0
 18360, 99095,20191009,   45,    0
 18360, 99095,20191010,   30,    0
 18360, 99095,20191011,   35,    0
 18360, 99095,20191012,   35,    0
 18360, 99095,20191013,   16,    0
 18360, 99095,20191014,    8,    0
 18360, 99095,20191015,   12,    0
 18360, 99095,20191016,   44,    0
 18360, 99095,20191017,   58,    0
 18360, 99095,20191018,   54,    0
 18360, 99095,20191019,   47,    0
 18360, 99095,20191020,   17,    0
 18360, 99095,20191021,   25,    0
 18360, 99095,20191022,   57,    0
 18360, 99095,20191023,-9999,    9
 18360, 99095,20191024,-9999,    9
 18360, 99095,20191025,-9999,    9
 18360, 99095,20191026,-9999,    9
 18360, 99095,20191027,    9,    0
 18360, 99095,20191028,   13,    0
 18360, 99095,20191029,   23,    0
 18360, 99095,20191030,   28,    0
 18360, 99095,20191031,   25,    0
 18360, 99095,20191101,   19,    0
 18360, 99095,20191102,   -4,    0
 18360, 99095,20191103,  -38,    0
 18360, 99095,20191104,  -40,    0
 18360, 99095,20191105,  -66,    0
 18360, 99095,20191106,  -53,    0
 18360, 99095,20191107,  -55,    0
 18360, 99095,20191108,  -62,    0
 18360, 99095,20191109,  -64,    0
 18360, 99095,20191110,  -61,    0
 18360, 99095,20191111,  -59,    0
 18360, 99095,20191112,  -19,    0
 18360, 99095,20191113,  -18,    0
 18360, 99095,20191114,  -30,    0
 18360, 99095,20191115,  -32,    0
 18360, 99095,20191116,   -6,    0
 18360, 99095,20191117,    6,    0
 18360, 99095,20191118,    2,    0
 18360, 99095,20191119,    4,    0
 18360, 99095,20191120,  -18,    0
 18360, 99095,20191121,   14,    0
 18360, 99095,20191122,   41,    0
 18360, 99095,20191123,   26,    0
 18360, 99095,20191124,   -4,    0
 18360, 99095,20191125,    6,    0
 18360, 99095,20191126,    0,    0
 18360, 99095,20191127,  -26,    0
 18360, 99095,20191128,  -33,    0
 18360, 99095,20191129,   -2,    0
 18360, 99095,20191130,  -15,    0
 18360, 99095,20191201,   -5,    0
 18360, 99095,20191202,   -6,    0
 18360, 99095,20191203,   40,    0
 18360, 99095,20191204,   42,    0
 18360, 99095,20191205,    8,    0
 18360, 99095,20191206,    7,    0
 18360, 99095,20191207,-9999,    9
 18360, 99095,20191208,  -21,    0
 18360, 99095,20191209,  -34,    0
 18360, 99095,20191210,  -26,    0
 18360, 99095,20191211,   12,    0
 18360, 99095,20191212,   34,    0
 18360, 99095,20191213,   -9,    0
 18360, 99095,20191214,-9999,    9
 18360, 99095,20191215,   13,    0
 18360, 99095,20191216,  -18,    0
 18360, 99095,20191217,  -23,    0
 18360, 99095,20191218,  -22,    0
 18360, 99095,20191219,  -13,    0
 18360, 99095,20191220,    2,    0
 18360, 99095,20191221,-9999,    9
 18360, 99095,20191222,-9999,    9
 18360, 99095,20191223,-9999,    9
 18360, 99095,20191224,  -21,    0
 18360, 99095,20191225,  -41,    0
 18360, 99095,20191226,  -22,    0
 18360, 99095,20191227,  -48,    0
 18360, 99095,20191228,  -22,    0
 18360, 99095,20191229,   38,    0
 18360, 99095,20191230,   44,    0
 18360, 99095,20191231,-9999,    9
 18360, 99095,20200101,   65,    0
 18360, 99095,20200102,   47,    0
 18360, 99095,20200103,   -4,    0
 18360, 99095,20200104,    1,    0
 18360, 99095,20200105,-9999,    9
 18360, 99095,20200106,-9999,    9
 18360, 99095,20200107,   35,    0
 18360, 99095,20200108,   18,    0
 18360, 99095,20200109,    7,    0
 18360, 99095,20200110,   -2,    0
 18360, 99095,20200111,   11,    0
 18360, 99095,20200112,-9999,    9
 18360, 99095,20200113,-9999,    9
 18360, 99095,20200114,-9999,    9
 18360, 99095,20200115,-9999,    9
 18360, 99095,20200116,   24,    0
 18360, 99095,20200117,   18,    0
 18360, 99095,20200118,    6,    0
 18360, 99095,20200119,   24,    0
 18360, 99095,20200120,   69,    0
 18360, 99095,20200121,   24,    0
 18360, 99095,20200122,    9,    0
 18360, 99095,20200123,   33,    0
 18360, 99095,20200124,    4,    0
 18360, 99095,20200125,    2,    0
 18360, 99095,20200126,   42,    0
 18360, 99095,20200127,-9999,    9
 18360, 99095,20200128,-9999,    9
 18360, 99095,20200129,  -17,    0
 18360, 99095,20200130,  -21,    0
 18360, 99095,20200131,    8,    0
 18360, 99095,20200201,    6,    0
 18360, 99095,20200202,   14,    0
 18360, 99095,20200203,  -34,    0
 18360, 99095,20200204,  -28,    0
 18360, 99095,20200205,   13,    0
 18360, 99095,20200206,   -9,    0
 18360, 99095,20200207,   40,    0
 18360, 99095,20200208,    9,    0
 18360, 99095,20200209,   36,    0
 18360, 99095,20200210,   21,    0
 18360, 99095,20200211,   -7,    0
 18360, 99095,20200212,    3,    0
 18360, 99095,20200213,   -5,    0
 18360, 99095,20200214,  -17,    0
 18360, 99095,20200215,   14,    0
 18360, 99095,20200216,   32,    0
 18360, 99095,20200217,   32,    0
 18360, 99095,20200218,   19,    0
 18360, 99095,20200219,  -14,    0
 18360, 99095,20200220,    6,    0
 18360, 99095,20200221,   22,    0
 18360, 99095,20200222,    9,    0
 18360, 99095,20200223,    5,    0
 18360, 99095,20200224,  -18,    0
 18360, 99095,20200225,  -38,    0
 18360, 99095,20200226,  -68,    0
 18360, 99095,20200227,  -54,    0
 18360, 99095,20200228,  -46,    0
 18360, 99095,20200229,  -50,    0
 18360, 99095,20200301,  -59,    0
 18360, 99095,20200302,  -47,    0
 18360, 99095,20200303,  -30,    0
 18360, 99095,20200304,  -17,    0
 18360, 99095,20200305,   -9,    0
 18360, 99095,20200306,   11,    0
 18360, 99095,20200307,   -1,    0
 18360, 99095,20200308,   34,    0
 18360, 99095,20200309,   24,    0
 18360, 99095,20200310,   22,    0
 18360, 99095,20200311,   19,    0
 18360, 99095,20200312,   -6,    0
 18360, 99095,20200313,  -45,    0
 18360, 99095,20200314,  -38,    0
 18360, 99095,20200315,   16,    0
 18360, 99095,20200316,   -5,    0
 18360, 99095,20200317,   20,    0
 18360, 99095,20200318,    7,    0
 18360, 99095,20200319,    1,    0
 18360, 99095,20200320,-9999,    9
 18360, 99095,20200321,-9999,    9
 18360, 99095,20200322,-9999,    9
 18360, 99095,20200323,-9999,    9
 18360, 99095,20200324,-9999,    9
 18360, 99095,20200325,-9999,    9
 18360, 99095,20200326,-9999,    9
 18360, 99095,20200327,   26,    0
 18360, 99095,20200328,  -21,    0
 18360, 99095,20200329,-9999,    9
 18360, 99095,20200330,  -24,    0
 18360, 99095,20200331,   27,    0
 18360, 99095,20200401,   10,    0
 18360, 99095,20200402,  -10,    0
 18360, 99095,20200403,  -23,    0
 18360, 99095,20200404,  -23,    0
 18360, 99095,20200405,  -13,    0
 18360, 99095,20200406,   63,    0
 18360, 99095,20200407,   53,    0
 18360, 99095,20200408,   24,    0
 18360, 99095,20200409,   14,    0
 18360, 99095,20200410,    2,    0
 18360, 99095,20200411,-9999,    9
 18360, 99095,20200412,-9999,    9
 18360, 99095,20200413,-9999,    9
 18360, 99095,20200414,-9999,    9
 18360, 99095,20200415,-9999,    9
 18360, 99095,20200416,-9999,    9
 18360, 99095,20200417,   21,    0
 18360, 99095,20200418,   29,    0
 18360, 99095,20200419,   39,    0
 18360, 99095,20200420,   42,    0
 18360, 99095,20200421,   62,    0
 18360, 99095,20200422,   57,    0
 18360, 99095,20200423,   29,    0
 18360, 99095,20200424,   35,    0
 18360, 99095,20200425,   28,    0
 18360, 99095,20200426,   21,    0
 18360, 99095,20200427,   33,    0
 18360, 99095,20200428,   40,    0
 18360, 99095,20200429,   48,    0
 18360, 99095,20200430,   53,    0
 18360, 99095,20200501,   51,    0
 18360, 99095,20200502,   38,    0
 18360, 99095,20200503,   30,    0
 18360, 99095,20200504,   22,    0
 18360, 99095,20200505,   35,    0
 18360, 99095,20200506,   36,    0
 18360, 99095,20200507,   28,    0
 18360, 99095,20200508,   25,    0
 18360, 99095,20200509,   12,    0
 18360, 99095,20200510,   -1,    0
 18360, 99095,20200511,    3,    0
 18360, 99095,20200512,   -2,    0
 18360, 99095,20200513,   -4,    0
 18360, 99095,20200514,   -5,    0
 18360, 99095,20200515,    2,    0
 18360, 99095,20200516,    4,    0
 18360, 99095,20200517,   24,    0
 18360, 99095,20200518,   28,    0
 18360, 99095,20200519,   27,    0
 18360, 99095,20200520,   47,    0
 18360, 99095,20200521,   83,    0
 18360, 99095,20200522,  117,    0
 18360, 99095,20200523,  115,    0
 18360, 99095,20200524,  110,    0
 18360, 99095,20200525,   91,    0
 18360, 99095,20200526,   97,    0
 18360, 99095,20200527,   68,    0
 18360, 99095,20200528,   66,    0
 18360, 99095,20200529,   88,    0
 18360, 99095,20200530,  145,    0
 18360, 99095,20200531,  171,    0
 18360, 99095,20200601,  150,    0
 18360, 99095,20200602,  121,    0
 18360, 99095,20200603,   97,    0
 18360, 99095,20200604,  148,    0
 18360, 99095,20200605,  162,    0
 18360, 99095,20200606,  135,    0
 18360, 99095,20200607,   71,    0
 18360, 99095,20200608,   60,    0
 18360, 99095,20200609,   96,    0
 18360, 99095,20200610,  146,    0
 18360, 99095,20200611,  134,    0
 18360, 99095,20200612,  186,    0
 18360, 99095,20200613,  195,    0
 18360, 99095,20200614,  181,    0
 18360, 99095,20200615,  150,    0
 18360, 99095,20200616,  193,    0
 18360, 99095,20200617,  204,    0
 18360, 99095,20200618,  166,    0
 18360, 99095,20200619,  193,    0
 18360, 99095,20200620,  240,    0
 18360, 99095,20200621,  228,    0
 18360, 99095,20200622,  161,    0
 18360, 99095,20200623,  163,    0
 18360, 99095,20200624,  189,    0
 18360, 99095,20200625,  181,    0
 18360, 99095,20200626,  209,    0
 18360, 99095,20200627,-9999,    9
 18360, 99095,20200628,  215,    0
 18360, 99095,20200629,  127,    0
 18360, 99095,20200630,-9999,    9
 18360, 99095,20200701,   76,    0
 18360, 99095,20200702,-9999,    9
 18360, 99095,20200703,   80,    0
 18360, 99095,20200704,  101,    0
 18360, 99095,20200705,  129,    0
 18360, 99095,20200706,  101,    0
 18360, 99095,20200707,   92,    0
 18360, 99095,20200708,   85,    0
 18360, 99095,20200709,   87,    0
 18360, 99095,20200710,  107,    0
 18360, 99095,20200711,   95,    0
 18360, 99095,20200712,   79,    0
 18360, 99095,20200713,  106,    0
 18360, 99095,20200714,  125,    0
 18360, 99095,20200715,  158,    0
 18360, 99095,20200716,  160,    0
 18360, 99095,20200717,  127,    0
 18360, 99095,20200718,  140,    0
 18360, 99095,20200719,  131,    0
 18360, 99095,20200720,  109,    0
 18360, 99095,20200721,   95,    0
 18360, 99095,20200722,   86,    0
 18360, 99095,20200723,   91,    0
 18360, 99095,20200724,   91,    0
 18360, 99095,20200725,   97,    0
 18360, 99095,20200726,  149,    0
 18360, 99095,20200727,  147,    0
 18360, 99095,20200728,  167,    0
 18360, 99095,20200729,  158,    0
 18360, 99095,20200730,  129,    0
 18360, 99095,20200731,  136,    0
 18360, 99095,20200801,  177,    0
 18360, 99095,20200802,  159,    0
 18360, 99095,20200803,  109,    0
 18360, 99095,20200804,-9999,    9
 18360, 99095,20200805,-9999,    9
 18360, 99095,20200806,  157,    0
 18360, 99095,20200807,  189,    0
 18360, 99095,20200808,  151,    0
 18360, 99095,20200809,  115,    0
 18360, 99095,20200810,  149,    0
 18360, 99095,20200811,  146,    0
 18360, 99095,20200812,  144,    0
 18360, 99095,20200813,  145,    0
 18360, 99095,20200814,  135,    0
 18360, 99095,20200815,  132,    0
 18360, 99095,20200816,  123,    0
 18360, 99095,20200817,  132,    0
 18360, 99095,20200818,  162,    0
 18360, 99095,20200819,  158,    0
 18360, 99095,20200820,  160,    0
 18360, 99095,20200821,  185,    0
 18360, 99095,20200822,  170,    0
 18360, 99095,20200823,   96,    0
 18360, 99095,20200824,-9999,    9
 18360, 99095,20200825,-9999,    9
 18360, 99095,20200826,   85,    0
 18360, 99095,20200827,   84,    0
 18360, 99095,20200828,  104,    0
 18360, 99095,20200829,   97,    0
 18360, 99095,20200830,   71,    0
 18360, 99095,20200831,   64,    0
 18360, 99095,20200901,  104,    0
 18360, 99095,20200902,  129,    0
 18360, 99095,20200903,  144,    0
 18360, 99095,20200904,-9999,    9
 18360, 99095,20200905,   94,    0
 18360, 99095,20200906,   94,    0
 18360, 99095,20200907,   91,    0
 18360, 99095,20200908,   96,    0
 18360, 99095,20200909,   83,    0
 18360, 99095,20200910,   63,    0
 18360, 99095,20200911,   84,    0
 18360, 99095,20200912,   83,    0
 18360, 99095,20200913,   81,    0
 18360, 99095,20200914,   79,    0
 18360, 99095,20200915,   77,    0
 18360, 99095,20200916,   68,    0
 18360, 99095,20200917,   66,    0
 18360, 99095,20200918,   99,    0
 18360, 99095,20200919,   77,    0
 18360, 99095,20200920,   92,    0
 18360, 99095,20200921,   94,    0
 18360, 99095,20200922,   70,    0
 18360, 99095,20200923,   72,    0
 18360, 99095,20200924,   77,    0
 18360, 99095,20200925,   65,    0
 18360, 99095,20200926,   60,    0
 18360, 99095,20200927,   97,    0
 18360, 99095,20200928,  123,    0
 18360, 99095,20200929,  118,    0
 18360, 99095,20200930,  115,    0
 18360, 99095,20201001,  130,    0
 18360, 99095,20201002,-9999,    9
 18360, 99095,20201003,  119,    0
 18360, 99095,20201004,  126,    0
 18360, 99095,20201005,  111,    0
 18360, 99095,20201006,  106,    0
 18360, 99095,20201007,   91,    0
 18360, 99095,20201008,   85,    0
 18360, 99095,20201009,   72,    0
 18360, 99095,20201010,   70,    0
 18360, 99095,20201011,   74,    0
 18360, 99095,20201012,   62,    0
 18360, 99095,20201013,   52,    0
 18360, 99095,20201014,   48,    0
 18360, 99095,20201015,   59,    0
 18360, 99095,20201016,   63,    0
 18360, 99095,20201017,   44,    0
 18360, 99095,20201018,   23,    0
 18360, 99095,20201019,    8,    0
 18360, 99095,20201020,    5,    0
 18360, 99095,20201021,    6,    0
 18360, 99095,20201022,  -16,    0
 18360, 99095,20201023,   -6,    0
 18360, 99095,20201024,    4,    0
 18360, 99095,20201025,-9999,    9
 18360, 99095,20201026,   30,    0
 18360, 99095,20201027,   23,    0
 18360, 99095,20201028,   27,    0
 18360, 99095,20201029,   34,    0
 18360, 99095,20201030,   36,    0
 18360, 99095,20201031,   51,    0
 18360, 99095,20201101,   98,    0
 18360, 99095,20201102,   83,    0
 18360, 99095,20201103,   37,    0
 18360, 99095,20201104,   38,    0
 18360, 99095,20201105,   80,    0
 18360, 99095,20201106,   85,    0
 18360, 99095,20201107,   61,    0
 18360, 99095,20201108,   34,    0
 18360, 99095,20201109,   43,    0
 18360, 99095,20201110,   47,    0
 18360, 99095,20201111,   32,    0
 18360, 99095,20201112,   23,    0
 18360, 99095,20201113,   43,    0
 18360, 99095,20201114,   41,    0
 18360, 99095,20201115,   74,    0
 18360, 99095,20201116,  102,    0
 18360, 99095,20201117,   55,    0
 18360, 99095,20201118,   22,    0
 18360, 99095,20201119,  -19,    0
 18360, 99095,20201120,    0,    0
 18360, 99095,20201121,   10,    0
 18360, 99095,20201122,   37,    0
 18360, 99095,20201123,   19,    0
 18360, 99095,20201124,   10,    0
 18360, 99095,20201125,   29,    0
 18360, 99095,20201126,   28,    0
 18360, 99095,20201127,   -8,    0
 18360, 99095,20201128,  -35,    0
 18360, 99095,20201129,  -19,    0
 18360, 99095,20201130,    0,    0
 18360, 99095,20201201,    3,    0
 18360, 99095,20201202,   -3,    0
 18360, 99095,20201203,   23,    0
 18360, 99095,20201204,   15,    0
 18360, 99095,20201205,   -7,    0
 18360, 99095,20201206,   -3,    0
 18360, 99095,20201207,-9999,    9
 18360, 99095,20201208,-9999,    9
 18360, 99095,20201209,   19,    0
 18360, 99095,20201210,   19,    0
 18360, 99095,20201211,   10,    0
 18360, 99095,20201212,   -5,    0
 18360, 99095,20201213,  -22,    0
 18360, 99095,20201214,-9999,    9
 18360, 99095,20201215,    9,    0
 18360, 99095,20201216,   27,    0
 18360, 99095,20201217,   27,    0
 18360, 99095,20201218,    5,    0
 18360, 99095,20201219,   35,    0
 18360, 99095,20201220,   32,    0
 18360, 99095,20201221,   21,    0
 18360, 99095,20201222,-9999,    9
 18360, 99095,20201223,   21,    0
 18360, 99095,20201224,    1,    0
 18360, 99095,20201225,  -22,    0
 18360, 99095,20201226,-9999,    9
 18360, 99095,20201227,-9999,    9
 18360, 99095,20201228,   33,    0
 18360, 99095,20201229,   22,    0
 18360, 99095,20201230,   -2,    0
 18360, 99095,20201231,  -30,    0
 18360, 99095,20210101,  -39,    0
 18360, 99095,20210102,  -29,    0
 18360, 99095,20210103,  -63,    0
 18360, 99095,20210104,  -72,    0
 18360, 99095,20210105,  -62,    0
 18360, 99095,20210106,  -74,    0
 18360, 99095,20210107,  -98,    0
 18360, 99095,20210108, -100,    0
 18360, 99095,20210109,  -68,    0
 18360, 99095,20210110,  -36,    0
 18360, 99095,20210111,  -69,    0
 18360, 99095,20210112,  -56,    0
 18360, 99095,20210113,  -82,    0
 18360, 99095,20210114, -109,    0
 18360, 99095,20210115,  -87,    0
 18360, 99095,20210116,  -53,    0
 18360, 99095,20210117,  -80,    0
 18360, 99095,20210118,  -61,    0
 18360, 99095,20210119,  -55,    0
 18360, 99095,20210120,  -35,    0
 18360, 99095,20210121,  -23,    0
 18360, 99095,20210122,   19,    0
 18360, 99095,20210123,  -40,    0
 18360, 99095,20210124,  -23,    0
 18360, 99095,20210125,  -70,    0
 18360, 99095,20210126,  -41,    0
 18360, 99095,20210127,  -44,    0
 18360, 99095,20210128,  -60,    0
 18360, 99095,20210129,  -56,    0
 18360, 99095,20210130,  -30,    0
 18360, 99095,20210131,  -35,    0
 18360, 99095,20210201,  -77,    0
 18360, 99095,20210202, -108,    0
 18360, 99095,20210203, -118,    0
 18360, 99095,20210204, -131,    0
 18360, 99095,20210205, -102,    0
 18360, 99095,20210206,  -90,    0
 18360, 99095,20210207, -102,    0
 18360, 99095,20210208,  -83,    0
 18360, 99095,20210209,  -89,    0
 18360, 99095,20210210, -105,    0
 18360, 99095,20210211, -151,    0
 18360, 99095,20210212,  -75,    0
 18360, 99095,20210213,  -16,    0
 18360, 99095,20210214,  -29,    0
 18360, 99095,20210215,  -55,    0
 18360, 99095,20210216,  -54,    0
 18360, 99095,20210217,  -25,    0
 18360, 99095,20210218,  -15,    0
 18360, 99095,20210219,    2,    0
 18360, 99095,20210220,    2,    0
 18360, 99095,20210221,   37,    0
 18360, 99095,20210222,   -2,    0
 18360, 99095,20210223,   37,    0
 18360, 99095,20210224,   43,    0
 18360, 99095,20210225,   39,    0
 18360, 99095,20210226,   33,    0
 18360, 99095,20210227,-9999,    9
 18360, 99095,20210228,   49,    0
 18360, 99095,20210301,   30,    0
 18360, 99095,20210302,   33,    0
 18360, 99095,20210303,   10,    0
 18360, 99095,20210304,  -17,    0
 18360, 99095,20210305,   -3,    0
 18360, 99095,20210306,   -9,    0
 18360, 99095,20210307,  -37,    0
 18360, 99095,20210308,  -27,    0
 18360, 99095,20210309,   -7,    0
 18360, 99095,20210310,  -25,    0
 18360, 99095,20210311,    6,    0
 18360, 99095,20210312,   12,    0
 18360, 99095,20210313,    2,    0
 18360, 99095,20210314,  -12,    0
 18360, 99095,20210315,-9999,    9
 18360, 99095,20210316,-9999,    9
 18360, 99095,20210317,  -20,    0
 18360, 99095,20210318,   14,    0
 18360, 99095,20210319,   14,    0
 18360, 99095,20210320,   32,    0
 18360, 99095,20210321,-9999,    9
 18360, 99095,20210322,   44,    0
 18360, 99095,20210323,   52,    0
 18360, 99095,20210324,-9999,    9
 18360, 99095,20210325,   27,    0
 18360, 99095,20210326,   44,    0
 18360, 99095,20210327,   24,    0
 18360, 99095,20210328,-9999,    9
 18360, 99095,20210329,   43,    0
 18360, 99095,20210330,   31,    0
 18360, 99095,20210331,   19,    0
 18360, 99095,20210401,   16,    0
 18360, 99095,20210402,    9,    0
 18360, 99095,20210403,   27,    0
 18360, 99095,20210404,   21,    0
 18360, 99095,20210405,   -3,    0
 18360, 99095,20210406,   12,    0
 18360, 99095,20210407,  -10,    0
 18360, 99095,20210408,  -13,    0
 18360, 99095,20210409,  -10,    0
 18360, 99095,20210410,    0,    0
 18360, 99095,20210411,    6,    0
 18360, 99095,20210412,    7,    0
 18360, 99095,20210413,   -2,    0
 18360, 99095,20210414,   18,    0
 18360, 99095,20210415,   21,    0
 18360, 99095,20210416,   42,    0
 18360, 99095,20210417,-9999,    9
 18360, 99095,20210418,   70,    0
 18360, 99095,20210419,   65,    0
 18360, 99095,20210420,   68,    0
 18360, 99095,20210421,   20,    0
 18360, 99095,20210422,    5,    0
 18360, 99095,20210423,   -3,    0
 18360, 99095,20210424,    1,    0
 18360, 99095,20210425,   -1,    0
 18360, 99095,20210426,   15,    0
 18360, 99095,20210427,    4,    0
 18360, 99095,20210428,    1,    0
 18360, 99095,20210429,    1,    0
 18360, 99095,20210430,   11,    0
 18360, 99095,20210501,   11,    0
 18360, 99095,20210502,    6,    0
 18360, 99095,20210503,   26,    0
 18360, 99095,20210504,   37,    0
 18360, 99095,20210505,   40,    0
 18360, 99095,20210506,   22,    0
 18360, 99095,20210507,   18,    0
 18360, 99095,20210508,   21,    0
 18360, 99095,20210509,   47,    0
 18360, 99095,20210510,-9999,    9
 18360, 99095,20210511,-9999,    9
 18360, 99095,20210512,   74,    0
 18360, 99095,20210513,   69,    0
 18360, 99095,20210514,  109,    0
 18360, 99095,20210515,  110,    0
 18360, 99095,20210516,   97,    0
 18360, 99095,20210517,   89,    0
 18360, 99095,20210518,   73,    0
 18360, 99095,20210519,   78,    0
 18360, 99095,20210520,   58,    0
 18360, 99095,20210521,   76,    0
 18360, 99095,20210522,  114,    0
 18360, 99095,20210523,   99,    0
 18360, 99095,20210524,-9999,    9
 18360, 99095,20210525,  132,    0
 18360, 99095,20210526,  135,    0
 18360, 99095,20210527,  119,    0
 18360, 99095,20210528,   67,    0
 18360, 99095,20210529,  101,    0
 18360, 99095,20210530,  106,    0
 18360, 99095,20210531,  129,    0
 18360, 99095,20210601,  176,    0
 18360, 99095,20210602,  174,    0
 18360, 99095,20210603,  179,    0
 18360, 99095,20210604,  183,    0
 18360, 99095,20210605,  156,    0
 18360, 99095,20210606,  136,    0
 18360, 99095,20210607,  128,    0
 18360, 99095,20210608,  132,    0
 18360, 99095,20210609,  146,    0
 18360, 99095,20210610,  171,    0
 18360, 99095,20210611,  143,    0
 18360, 99095,20210612,   89,    0
 18360, 99095,20210613,   77,    0
 18360, 99095,20210614,   92,    0
 18360, 99095,20210615,   69,    0
 18360, 99095,20210616,  105,    0
 18360, 99095,20210617,  133,    0
 18360, 99095,20210618,  101,    0
 18360, 99095,20210619,   97,    0
 18360, 99095,20210620,  124,    0
 18360, 99095,20210621,  111,    0
 18360, 99095,20210622,  107,    0
 18360, 99095,20210623,  111,    0
 18360, 99095,20210624,  113,    0
 18360, 99095,20210625,  106,    0
 18360, 99095,20210626,  108,    0
 18360, 99095,20210627,  102,    0
 18360, 99095,20210628,  107,    0
 18360, 99095,20210629,   98,    0
 18360, 99095,20210630,  115,    0
 18360, 99095,20210701,  183,    0
 18360, 99095,20210702,  212,    0
 18360, 99095,20210703,  205,    0
 18360, 99095,20210704,  207,    0
 18360, 99095,20210705,  214,    0
 18360, 99095,20210706,  197,    0
 18360, 99095,20210707,  174,    0
 18360, 99095,20210708,  168,    0
 18360, 99095,20210709,  192,    0
 18360, 99095,20210710,  165,    0
 18360, 99095,20210711,  151,    0
 18360, 99095,20210712,  167,    0
 18360, 99095,20210713,  171,    0
 18360, 99095,20210714,  185,    0
 18360, 99095,20210715,  135,    0
 18360, 99095,20210716,  136,    0
 18360, 99095,20210717,  122,    0
 18360, 99095,20210718,   94,    0
 18360, 99095,20210719,  100,    0
 18360, 99095,20210720,   90,    0
 18360, 99095,20210721,  104,    0
 18360, 99095,20210722,  102,    0
 18360, 99095,20210723,  117,    0
 18360, 99095,20210724,  162,    0
 18360, 99095,20210725,  160,    0
 18360, 99095,20210726,  217,    0
 18360, 99095,20210727,  226,    0
 18360, 99095,20210728,  214,    0
 18360, 99095,20210729,  201,    0
 18360, 99095,20210730,-9999,    9
 18360, 99095,20210731,  113,    0
 18360, 99095,20210801,   88,    0
 18360, 99095,20210802,-9999,    9
 18360, 99095,20210803,   89,    0
 18360, 99095,20210804,  112,    0
 18360, 99095,20210805,  134,    0
 18360, 99095,20210806,  162,    0
 18360, 99095,20210807,  178,    0
 18360, 99095,20210808,  141,    0
 18360, 99095,20210809,  174,    0
 18360, 99095,20210810,  152,    0
 18360, 99095,20210811,  133,    0
 18360, 99095,20210812,-9999,    9
 18360, 99095,20210813,  146,    0
 18360, 99095,20210814,  123,    0
 18360, 99095,20210815,  114,    0
 18360, 99095,20210816,  106,    0
 18360, 99095,20210817,  107,    0
 18360, 99095,20210818,  106,    0
 18360, 99095,20210819,   95,    0
 18360, 99095,20210820,   94,    0
 18360, 99095,20210821,   86,    0
 18360, 99095,20210822,   79,    0
 18360, 99095,20210823,   91,    0
 18360, 99095,20210824,   96,    0
 18360, 99095,20210825,  101,    0
 18360, 99095,20210826,  100,    0
 18360, 99095,20210827,  122,    0
 18360, 99095,20210828,  121,    0
 18360, 99095,20210829,  115,    0
 18360, 99095,20210830,  111,    0
 18360, 99095,20210831,-9999,    9
 18360, 99095,20210901,  105,    0
 18360, 99095,20210902,  103,    0
 18360, 99095,20210903,   72,    0
 18360, 99095,20210904,   65,    0
 18360, 99095,20210905,   81,    0
 18360, 99095,20210906,  100,    0
 18360, 99095,20210907,  124,    0
 18360, 99095,20210908,  113,    0
 18360, 99095,20210909,  102,    0
 18360, 99095,20210910,   89,    0
 18360, 99095,20210911,  114,    0
 18360, 99095,20210912,   93,    0
 18360, 99095,20210913,   74,    0
 18360, 99095,20210914,   73,    0
 18360, 99095,20210915,   85,    0
 18360, 99095,20210916,  105,    0
 18360, 99095,20210917,  103,    0
 18360, 99095,20210918,   96,    0
 18360, 99095,20210919,   97,    0
 18360, 99095,20210920,   91,    0
 18360, 99095,20210921,   85,    0
 18360, 99095,20210922,   89,    0
 18360, 99095,20210923,   69,    0
 18360, 99095,20210924,   62,    0
 18360, 99095,20210925,   78,    0
 18360, 99095,20210926,  100,    0
 18360, 99095,20210927,  136,    0
 18360, 99095,20210928,  116,    0
 18360, 99095,20210929,  117,    0
 18360, 99095,20210930,  111,    0
 18360, 99095,20211001,-9999,    9
 18360, 99095,20211002,  118,    0
 18360, 99095,20211003,  113,    0
 18360, 99095,20211004,-9999,    9
 18360, 99095,20211005,   98,    0
 18360, 99095,20211006,   85,    0
 18360, 99095,20211007,   77,    0
 18360, 99095,20211008,   98,    0
 18360, 99095,20211009,  113,    0
 18360, 99095,20211010,   90,    0
 18360, 99095,20211011,   54,    0
 18360, 99095,20211012,   42,    0
 18360, 99095,20211013,   33,    0
 18360, 99095,20211014,   74,    0
 18360, 99095,20211015,   31,    0
 18360, 99095,20211016,   28,    0
 18360, 99095,20211017,   32,    0
 18360, 99095,20211018,   23,    0
 18360, 99095,20211019,   30,    0
 18360, 99095,20211020,   53,    0
 18360, 99095,20211021,   30,    0
 18360, 99095,20211022,   24,    0
 18360, 99095,20211023,   28,    0
 18360, 99095,20211024,   39,    0
 18360, 99095,20211025,   52,    0
 18360, 99095,20211026,   43,    0
 18360, 99095,20211027,   72,    0
 18360, 99095,20211028,   72,    0
 18360, 99095,20211029,   73,    0
 18360, 99095,20211030,   81,    0
 18360, 99095,20211031,-9999,    9
 18360, 99095,20211101,-9999,    9
 18360, 99095,20211102,   94,    0
 18360, 99095,20211103,   33,    0
 18360, 99095,20211104,   30,    0
 18360, 99095,20211105,   28,    0
 18360, 99095,20211106,   16,    0
 18360, 99095,20211107,-9999,    9
 18360, 99095,20211108,-9999,    9
 18360, 99095,20211109,   18,    0
 18360, 99095,20211110,   30,    0
 18360, 99095,20211111,   34,    0
 18360, 99095,20211112,   16,    0
 18360, 99095,20211113,   -6,    0
 18360, 99095,20211114,  -15,    0
 18360, 99095,20211115,   13,    0
 18360, 99095,20211116,   34,    0
 18360, 99095,20211117,   30,    0
 18360, 99095,20211118,    8,    0
 18360, 99095,20211119,   17,    0
 18360, 99095,20211120,   17,    0
 18360, 99095,20211121,   -4,    0
 18360, 99095,20211122,   18,    0
 18360, 99095,20211123,   44,    0
 18360, 99095,20211124,   16,    0
 18360, 99095,20211125,  -12,    0
 18360, 99095,20211126,  -45,    0
 18360, 99095,20211127,  -82,    0
 18360, 99095,20211128, -101,    0
 18360, 99095,20211129,  -86,    0
 18360, 99095,20211130,-9999,    9
 18360, 99095,20211201,  -31,    0
 18360, 99095,20211202,  -81,    0
 18360, 99095,20211203,  -99,    0
 18360, 99095,20211204,  -44,    0
 18360, 99095,20211205,  -81,    0
 18360, 99095,20211206, -105,    0
 18360, 99095,20211207,  -97,    0
 18360, 99095,20211208,  -50,    0
 18360, 99095,20211209,-9999,    9
 18360, 99095,20211210,  -19,    0
 18360, 99095,20211211,    0,    0
 18360, 99095,20211212,   -7,    0
 18360, 99095,20211213,    2,    0
 18360, 99095,20211214,    2,    0
 18360, 99095,20211215,   43,    0
 18360, 99095,20211216,   48,    0
 18360, 99095,20211217,   69,    0
 18360, 99095,20211218,   57,    0
 18360, 99095,20211219,   19,    0
 18360, 99095,20211220,   -1,    0
 18360, 99095,20211221,  -11,    0
 18360, 99095,20211222,  -43,    0
 18360, 99095,20211223,  -40,    0
 18360, 99095,20211224,  -91,    0
 18360, 99095,20211225,  -17,    0
 18360, 99095,20211226,  -15,    0
 18360, 99095,20211227,  -38,    0
 18360, 99095,20211228,  -84,    0
 18360, 99095,20211229,  -64,    0
 18360, 99095,20211230,  -33,    0
 18360, 99095,20211231,   11,    0
 18360, 99095,20220101,  -37,    0
 18360, 99095,20220102,  -12,    0
 18360, 99095,20220103,  -11,    0
 18360, 99095,20220104,  -49,    0
 18360, 99095,20220105,  -53,    0
 18360, 99095,20220106,  -76,    0
 18360, 99095,20220107,  -52,    0
 18360, 99095,20220108,  -46,    0
 18360, 99095,20220109,  -28,    0
 18360, 99095,20220110,  -57,    0
 18360, 99095,20220111,   -4,    0
 18360, 99095,20220112,   49,    0
 18360, 99095,20220113,   52,    0
 18360, 99095,20220114,-9999,    9
 18360, 99095,20220115,    9,    0
 18360, 99095,20220116,    5,    0
 18360, 99095,20220117,-9999,    9
 18360, 99095,20220118,   53,    0
 18360, 99095,20220119,    0,    0
 18360, 99095,20220120,  -24,    0
 18360, 99095,20220121,   -3,    0
 18360, 99095,20220122,   44,    0
 18360, 99095,20220123,   51,    0
 18360, 99095,20220124,   18,    0
 18360, 99095,20220125,   -6,    0
 18360, 99095,20220126,   11,    0
 18360, 99095,20220127,    7,    0
 18360, 99095,20220128,   -1,    0
 18360, 99095,20220129,   12,    0
 18360, 99095,20220130,   -8,    0
 18360, 99095,20220131,  -44,    0
 18360, 99095,20220201,  -68,    0
 18360, 99095,20220202,  -74,    0
 18360, 99095,20220203,  -46,    0
 18360, 99095,20220204,  -13,    0
 18360, 99095,20220205,  -17,    0
 18360, 99095,20220206,  -16,    0
 18360, 99095,20220207,    6,    0
 18360, 99095,20220208,    2,    0
 18360, 99095,20220209,   -7,    0
 18360, 99095,20220210,   -8,    0
 18360, 99095,20220211,  -19,    0
 18360, 99095,20220212,   -1,    0
 18360, 99095,20220213,    7,    0
 18360, 99095,20220214,  -34,    0
 18360, 99095,20220215,  -48,    0
 18360, 99095,20220216,  -38,    0
 18360, 99095,20220217,  -57,    0
 18360, 99095,20220218,  -18,    0
 18360, 99095,20220219,  -22,    0
 18360, 99095,20220220,  -20,    0
 18360, 99095,20220221,  -46,    0
 18360, 99095,20220222,  -31,    0
 18360, 99095,20220223,   -3,    0
 18360, 99095,20220224,   -5,    0
 18360, 99095,20220225,   -8,    0
 18360, 99095,20220226,  -13,    0
 18360, 99095,20220227,   19,    0
 18360, 99095,20220228,    9,    0
 18360, 99095,20220301,   20,    0
 18360, 99095,20220302,   19,    0
 18360, 99095,20220303,-9999,    9
 18360, 99095,20220304,  -34,    0
 18360, 99095,20220305,   -9,    0
 18360, 99095,20220306,   23,    0
 18360, 99095,20220307,   36,    0
 18360, 99095,20220308,   23,    0
 18360, 99095,20220309,   17,    0
 18360, 99095,20220310,   34,    0
 18360, 99095,20220311,   41,    0
 18360, 99095,20220312,   38,    0
 18360, 99095,20220313,   34,    0
 18360, 99095,20220314,   24,    0
 18360, 99095,20220315,   15,    0
 18360, 99095,20220316,   22,    0
 18360, 99095,20220317,   42,    0
 18360, 99095,20220318,   28,    0
 18360, 99095,20220319,   69,    0
 18360, 99095,20220320,   35,    0
 18360, 99095,20220321,   18,    0
 18360, 99095,20220322,   17,    0
 18360, 99095,20220323,   49,    0
 18360, 99095,20220324,   57,    0
 18360, 99095,20220325,   38,    0
 18360, 99095,20220326,    2,    0
 18360, 99095,20220327,-9999,    9
 18360, 99095,20220328,    0,    0
 18360, 99095,20220329,  -35,    0
 18360, 99095,20220330,  -20,    0
 18360, 99095,20220331,  -36,    0
 18360, 99095,20220401,  -38,    0
 18360, 99095,20220402,   -4,    0
 18360, 99095,20220403,  -11,    0
 18360, 99095,20220404,  -27,    0
 18360, 99095,20220405,  -42,    0
 18360, 99095,20220406,  -11,    0
 18360, 99095,20220407,  -22,    0
 18360, 99095,20220408,  -30,    0
 18360, 99095,20220409,    8,    0
 18360, 99095,20220410,   23,    0
 18360, 99095,20220411,   16,    0
 18360, 99095,20220412,   25,    0
 18360, 99095,20220413,   29,    0
 18360, 99095,20220414,   20,    0
 18360, 99095,20220415,   34,    0
 18360, 99095,20220416,   51,    0
 18360, 99095,20220417,   52,    0
 18360, 99095,20220418,   80,    0
 18360, 99095,20220419,   86,    0
 18360, 99095,20220420,   66,    0
 18360, 99095,20220421,   73,    0
 18360, 99095,20220422,   38,    0
 18360, 99095,20220423,-9999,    9
 18360, 99095,20220424,   69,    0
 18360, 99095,20220425,   31,    0
 18360, 99095,20220426,    3,    0
 18360, 99095,20220427,   -2,    0
 18360, 99095,20220428,   19,    0
 18360, 99095,20220429,   19,    0
 18360, 99095,20220430,   35,    0
 18360, 99095,20220501,-9999,    9
 18360, 99095,20220502,-9999,    9
 18360, 99095,20220503,-9999,    9
 18360, 99095,20220504,-9999,    9
 18360, 99095,20220505,-9999,    9
 18360, 99095,20220506,-9999,    9
 18360, 99095,20220507,-9999,    9
 18360, 99095,20220508,-9999,    9
 18360, 99095,20220509,-9999,    9
 18360, 99095,20220510,-9999,    9
 18360, 99095,20220511,-9999,    9
 18360, 99095,20220512,-9999,    9
 18360, 99095,20220513,-9999,    9
 18360, 99095,20220514,-9999,    9
 18360, 99095,20220515,   39,    0
 18360, 99095,20220516,   34,    0
 18360, 99095,20220517,   70,    0
 18360, 99095,20220518,  100,    0
 18360, 99095,20220519,-9999,    9
 18360, 99095,20220520,-9999,    9
 18360, 99095,20220521,  113,    0
 18360, 99095,20220522,  103,    0
 18360, 99095,20220523,  131,    0
 18360, 99095,20220524,  136,    0
 18360, 99095,20220525,  110,    0
 18360, 99095,20220526,   96,    0
 18360, 99095,20220527,   74,    0
 18360, 99095,20220528,   54,    0
 18360, 99095,20220529,   62,    0
 18360, 99095,20220530,  130,    0
 18360, 99095,20220531,  147,    0
 18360, 99095,20220601,  111,    0
 18360, 99095,20220602,  119,    0
 18360, 99095,20220603,   84,    0
 18360, 99095,20220604,   71,    0
 18360, 99095,20220605,   57,    0
 18360, 99095,20220606,   96,    0
 18360, 99095,20220607,  114,    0
 18360, 99095,20220608,  117,    0
 18360, 99095,20220609,  105,    0
 18360, 99095,20220610,  130,    0
 18360, 99095,20220611,  134,    0
 18360, 99095,20220612,  122,    0
 18360, 99095,20220613,   94,    0
 18360, 99095,20220614,   92,    0
 18360, 99095,20220615,  100,    0
 18360, 99095,20220616,  120,    0
 18360, 99095,20220617,  137,    0
 18360, 99095,20220618,   97,    0
 18360, 99095,20220619,   96,    0
 18360, 99095,20220620,  118,    0
 18360, 99095,20220621,   86,    0
 18360, 99095,20220622,  101,    0
 18360, 99095,20220623,  110,    0
 18360, 99095,20220624,  179,    0
 18360, 99095,20220625,  212,    0
 18360, 99095,20220626,  220,    0
 18360, 99095,20220627,  182,    0
 18360, 99095,20220628,  125,    0
 18360, 99095,20220629,  142,    0
 18360, 99095,20220630,-9999,    9
 18360, 99095,20220701,  223,    0
 18360, 99095,20220702,  143,    0
 18360, 99095,20220703,  142,    0
 18360, 99095,20220704,  147,    0
 18360, 99095,20220705,  100,    0
 18360, 99095,20220706,   91,    0
 18360, 99095,20220707,   90,    0
 18360, 99095,20220708,   96,    0
 18360, 99095,20220709,   88,    0
 18360, 99095,20220710,   93,    0
 18360, 99095,20220711,  112,    0
 18360, 99095,20220712,  160,    0
 18360, 99095,20220713,  112,    0
 18360, 99095,20220714,   86,    0
 18360, 99095,20220715,   85,    0
 18360, 99095,20220716,   82,    0
 18360, 99095,20220717,   92,    0
 18360, 99095,20220718,  102,    0
 18360, 99095,20220719,  122,    0
 18360, 99095,20220720,  158,    0
 18360, 99095,20220721,  117,    0
 18360, 99095,20220722,  104,    0
 18360, 99095,20220723,  118,    0
 18360, 99095,20220724,  141,    0
 18360, 99095,20220725,  173,    0
 18360, 99095,20220726,  116,    0
 18360, 99095,20220727,   86,    0
 18360, 99095,20220728,  100,    0
 18360, 99095,20220729,  147,    0
 18360, 99095,20220730,  160,    0
 18360, 99095,20220731,  121,    0
 18360, 99095,20220801,   95,    0
 18360, 99095,20220802,  117,    0
 18360, 99095,20220803,  136,    0
 18360, 99095,20220804,  112,    0
 18360, 99095,20220805,  110,    0
 18360, 99095,20220806,   93,    0
 18360, 99095,20220807,  114,    0
 18360, 99095,20220808,  120,    0
 18360, 99095,20220809,-9999,    9
 18360, 99095,20220810,  162,    0
 18360, 99095,20220811,  115,    0
 18360, 99095,20220812,  116,    0
 18360, 99095,20220813,  127,    0
 18360, 99095,20220814,  162,    0
 18360, 99095,20220815,-9999,    9
 18360, 99095,20220816,  190,    0
 18360, 99095,20220817,-9999,    9
 18360, 99095,20220818,  132,    0
 18360, 99095,20220819,  157,    0
 18360, 99095,20220820,  123,    0
 18360, 99095,20220821,  124,    0
 18360, 99095,20220822,   97,    0
 18360, 99095,20220823,  125,    0
 18360, 99095,20220824,  165,    0
 18360, 99095,20220825,  180,    0
 18360, 99095,20220826,  145,    0
 18360, 99095,20220827,  111,    0
 18360, 99095,20220828,   94,    0
 18360, 99095,20220829,   96,    0
 18360, 99095,20220830,   86,    0
 18360, 99095,20220831,   80,    0
 18360, 99095,20220901,   95,    0
 18360, 99095,20220902,  110,    0
 18360, 99095,20220903,  102,    0
 18360, 99095,20220904,  110,    0
 18360, 99095,20220905,  110,    0
 18360, 99095,20220906,   94,    0
 18360, 99095,20220907,   95,    0
 18360, 99095,20220908,  110,    0
 18360, 99095,20220909,  111,    0
 18360, 99095,20220910,   93,    0
 18360, 99095,20220911,   87,    0
 18360, 99095,20220912,  102,    0
 18360, 99095,20220913,  116,    0
 18360, 99095,20220914,   98,    0
 18360, 99095,20220915,   91,    0
 18360, 99095,20220916,   96,    0
 18360, 99095,20220917,   93,    0
 18360, 99095,20220918,   85,    0
 18360, 99095,20220919,   73,    0
 18360, 99095,20220920,   62,    0
 18360, 99095,20220921,   59,    0
 18360, 99095,20220922,   96,    0
 18360, 99095,20220923,   95,    0
 18360, 99095,20220924,   73,    0
 18360, 99095,20220925,   90,    0
 18360, 99095,20220926,   93,    0
 18360, 99095,20220927,  115,    0
 18360, 99095,20220928,  116,    0
 18360, 99095,20220929,   86,    0
 18360, 99095,20220930,   91,    0
 18360, 99095,20221001,  101,    0
 18360, 99095,20221002,   92,    0
 18360, 99095,20221003,   81,    0
 18360, 99095,20221004,   90,    0
 18360, 99095,20221005,   81,    0
 18360, 99095,20221006,   66,    0
 18360, 99095,20221007,   59,    0
 18360, 99095,20221008,   52,    0
 18360, 99095,20221009,   59,    0
 18360, 99095,20221010,   85,    0
 18360, 99095,20221011,   45,    0
 18360, 99095,20221012,   49,    0
 18360, 99095,20221013,   53,    0
 18360, 99095,20221014,   46,    0
 18360, 99095,20221015,   57,    0
 18360, 99095,20221016,   52,    0
 18360, 99095,20221017,   62,    0
 18360, 99095,20221018,   41,    0
 18360, 99095,20221019,   51,    0
 18360, 99095,20221020,   42,    0
 18360, 99095,20221021,   32,    0
 18360, 99095,20221022,   34,    0
 18360, 99095,20221023,   23,    0
 18360, 99095,20221024,   35,    0
 18360, 99095,20221025,   62,    0
 18360, 99095,20221026,   77,    0
 18360, 99095,20221027,   71,    0
 18360, 99095,20221028,   85,    0
 18360, 99095,20221029,   61,    0
 18360, 99095,20221030,   35,    0
 18360, 99095,20221031,   55,    0
