EUROPEAN CLIMATE ASSESSMENT & DATASET (ECA&D), file created on: 16-11-2022
THESE DATA CAN BE USED FOR NON-COMMERCIAL RESEARCH AND EDUCATION PROVIDED THAT THE FOLLOWING SOURCE IS ACKNOWLEDGED: 

Klein Tank, A.M.G. and Coauthors, 2002. Daily dataset of 20th-century surface
air temperature and precipitation series for the European Climate Assessment.
Int. J. of Climatol., 22, 1441-1453.
Data and metadata available at http://www.ecad.eu

FILE FORMAT (MISSING VALUE CODE = -9999):

01-06 STAID: Station identifier
08-13 SOUID: Source identifier
15-22 DATE : Date YYYYMMDD
24-28 TG   : Mean temperature in 0.1 &#176;C
30-34 Q_TG : quality code for TG (0='valid'; 1='suspect'; 9='missing')

This is the blended series of station KATTERAT, NORWAY (STAID: 18254)
Blended and updated with sources:99542 
See files sources.txt and stations.txt for more info.

STAID, SOUID,    DATE,   TG, Q_TG
 18254, 99542,20161014,   40,    0
 18254, 99542,20161015,    4,    0
 18254, 99542,20161016,   -5,    0
 18254, 99542,20161017,  -27,    0
 18254, 99542,20161018,   -6,    0
 18254, 99542,20161019,   11,    0
 18254, 99542,20161020,   28,    0
 18254, 99542,20161021,   12,    0
 18254, 99542,20161022,   13,    0
 18254, 99542,20161023,   12,    0
 18254, 99542,20161024,   -2,    0
 18254, 99542,20161025,    6,    0
 18254, 99542,20161026,    7,    0
 18254, 99542,20161027,   25,    0
 18254, 99542,20161028,   19,    0
 18254, 99542,20161029,    4,    0
 18254, 99542,20161030,    7,    0
 18254, 99542,20161031,  -15,    0
 18254, 99542,20161101,  -11,    0
 18254, 99542,20161102,  -23,    0
 18254, 99542,20161103,  -31,    0
 18254, 99542,20161104,  -51,    0
 18254, 99542,20161105,  -63,    0
 18254, 99542,20161106,  -71,    0
 18254, 99542,20161107,  -79,    0
 18254, 99542,20161108,  -63,    0
 18254, 99542,20161109,  -44,    0
 18254, 99542,20161110,  -61,    0
 18254, 99542,20161111,  -72,    0
 18254, 99542,20161112,  -24,    0
 18254, 99542,20161113,  -16,    0
 18254, 99542,20161114,    8,    0
 18254, 99542,20161115,   36,    0
 18254, 99542,20161116,   30,    0
 18254, 99542,20161117,   11,    0
 18254, 99542,20161118,    6,    0
 18254, 99542,20161119,   -8,    0
 18254, 99542,20161120,  -20,    0
 18254, 99542,20161121,  -35,    0
 18254, 99542,20161122,  -17,    0
 18254, 99542,20161123,  -14,    0
 18254, 99542,20161124,  -15,    0
 18254, 99542,20161125,  -18,    0
 18254, 99542,20161126,  -49,    0
 18254, 99542,20161127,  -38,    0
 18254, 99542,20161128,  -29,    0
 18254, 99542,20161129,   14,    0
 18254, 99542,20161130,   -3,    0
 18254, 99542,20161201,  -13,    0
 18254, 99542,20161202,  -72,    0
 18254, 99542,20161203,  -86,    0
 18254, 99542,20161204,  -38,    0
 18254, 99542,20161205,  -23,    0
 18254, 99542,20161206,  -10,    0
 18254, 99542,20161207,    6,    0
 18254, 99542,20161208,   -6,    0
 18254, 99542,20161209,  -55,    0
 18254, 99542,20161210,  -56,    0
 18254, 99542,20161211,  -56,    0
 18254, 99542,20161212,  -10,    0
 18254, 99542,20161213,  -17,    0
 18254, 99542,20161214,   23,    0
 18254, 99542,20161215,   19,    0
 18254, 99542,20161216,   27,    0
 18254, 99542,20161217,   31,    0
 18254, 99542,20161218,   20,    0
 18254, 99542,20161219,   36,    0
 18254, 99542,20161220,   26,    0
 18254, 99542,20161221,   41,    0
 18254, 99542,20161222,    7,    0
 18254, 99542,20161223,  -22,    0
 18254, 99542,20161224,  -34,    0
 18254, 99542,20161225,  -41,    0
 18254, 99542,20161226,  -27,    0
 18254, 99542,20161227,  -16,    0
 18254, 99542,20161228,   12,    0
 18254, 99542,20161229,    9,    0
 18254, 99542,20161230,   10,    0
 18254, 99542,20161231,  -21,    0
 18254, 99542,20170101,  -36,    0
 18254, 99542,20170102,  -88,    0
 18254, 99542,20170103, -117,    0
 18254, 99542,20170104, -165,    0
 18254, 99542,20170105, -136,    0
 18254, 99542,20170106,  -19,    0
 18254, 99542,20170107,   -8,    0
 18254, 99542,20170108,    9,    0
 18254, 99542,20170109,  -24,    0
 18254, 99542,20170110,  -42,    0
 18254, 99542,20170111,  -51,    0
 18254, 99542,20170112,  -18,    0
 18254, 99542,20170113,  -72,    0
 18254, 99542,20170114,  -60,    0
 18254, 99542,20170115,  -59,    0
 18254, 99542,20170116,  -56,    0
 18254, 99542,20170117,  -21,    0
 18254, 99542,20170118,    5,    0
 18254, 99542,20170119,  -42,    0
 18254, 99542,20170120,  -48,    0
 18254, 99542,20170121,  -54,    0
 18254, 99542,20170122,  -45,    0
 18254, 99542,20170123,  -63,    0
 18254, 99542,20170124,  -83,    0
 18254, 99542,20170125,   26,    0
 18254, 99542,20170126,   19,    0
 18254, 99542,20170127,   31,    0
 18254, 99542,20170128,   15,    0
 18254, 99542,20170129,   38,    0
 18254, 99542,20170130,  -18,    0
 18254, 99542,20170131,  -33,    0
 18254, 99542,20170201,  -36,    0
 18254, 99542,20170202,  -59,    0
 18254, 99542,20170203,  -80,    0
 18254, 99542,20170204,  -59,    0
 18254, 99542,20170205,  -46,    0
 18254, 99542,20170206,  -91,    0
 18254, 99542,20170207, -100,    0
 18254, 99542,20170208,  -71,    0
 18254, 99542,20170209, -115,    0
 18254, 99542,20170210, -103,    0
 18254, 99542,20170211,  -62,    0
 18254, 99542,20170212,   19,    0
 18254, 99542,20170213,   36,    0
 18254, 99542,20170214,    3,    0
 18254, 99542,20170215,    4,    0
 18254, 99542,20170216,    3,    0
 18254, 99542,20170217,  -17,    0
 18254, 99542,20170218,  -34,    0
 18254, 99542,20170219,  -66,    0
 18254, 99542,20170220,  -62,    0
 18254, 99542,20170221,  -74,    0
 18254, 99542,20170222, -112,    0
 18254, 99542,20170223,  -97,    0
 18254, 99542,20170224,  -62,    0
 18254, 99542,20170225,  -58,    0
 18254, 99542,20170226,  -79,    0
 18254, 99542,20170227,  -71,    0
 18254, 99542,20170228,  -70,    0
 18254, 99542,20170301,  -34,    0
 18254, 99542,20170302,  -57,    0
 18254, 99542,20170303,  -87,    0
 18254, 99542,20170304,  -79,    0
 18254, 99542,20170305,  -70,    0
 18254, 99542,20170306,  -87,    0
 18254, 99542,20170307, -111,    0
 18254, 99542,20170308,  -48,    0
 18254, 99542,20170309,  -80,    0
 18254, 99542,20170310,  -21,    0
 18254, 99542,20170311,  -27,    0
 18254, 99542,20170312,  -12,    0
 18254, 99542,20170313,  -18,    0
 18254, 99542,20170314,   24,    0
 18254, 99542,20170315,    8,    0
 18254, 99542,20170316,  -10,    0
 18254, 99542,20170317,  -18,    0
 18254, 99542,20170318,  -50,    0
 18254, 99542,20170319,  -66,    0
 18254, 99542,20170320,   -5,    0
 18254, 99542,20170321,    6,    0
 18254, 99542,20170322,  -10,    0
 18254, 99542,20170323,  -38,    0
 18254, 99542,20170324,  -18,    0
 18254, 99542,20170325,    9,    0
 18254, 99542,20170326,   -7,    0
 18254, 99542,20170327,  -29,    0
 18254, 99542,20170328,  -60,    0
 18254, 99542,20170329,  -57,    0
 18254, 99542,20170330,  -54,    0
 18254, 99542,20170331,  -65,    0
 18254, 99542,20170401,  -33,    0
 18254, 99542,20170402,  -35,    0
 18254, 99542,20170403,   -9,    0
 18254, 99542,20170404,   30,    0
 18254, 99542,20170405,    6,    0
 18254, 99542,20170406,  -18,    0
 18254, 99542,20170407,  -35,    0
 18254, 99542,20170408,  -41,    0
 18254, 99542,20170409,  -16,    0
 18254, 99542,20170410,   -5,    0
 18254, 99542,20170411,  -28,    0
 18254, 99542,20170412,  -37,    0
 18254, 99542,20170413,  -61,    0
 18254, 99542,20170414,  -51,    0
 18254, 99542,20170415,  -51,    0
 18254, 99542,20170416,  -37,    0
 18254, 99542,20170417,  -45,    0
 18254, 99542,20170418,  -34,    0
 18254, 99542,20170419,    5,    0
 18254, 99542,20170420,   17,    0
 18254, 99542,20170421,   -4,    0
 18254, 99542,20170422,  -10,    0
 18254, 99542,20170423,  -15,    0
 18254, 99542,20170424,  -26,    0
 18254, 99542,20170425,  -31,    0
 18254, 99542,20170426,  -26,    0
 18254, 99542,20170427,  -18,    0
 18254, 99542,20170428,  -17,    0
 18254, 99542,20170429,   -4,    0
 18254, 99542,20170430,   -8,    0
 18254, 99542,20170501,    4,    0
 18254, 99542,20170502,    4,    0
 18254, 99542,20170503,   17,    0
 18254, 99542,20170504,   17,    0
 18254, 99542,20170505,   31,    0
 18254, 99542,20170506,    4,    0
 18254, 99542,20170507,  -28,    0
 18254, 99542,20170508,  -29,    0
 18254, 99542,20170509,  -22,    0
 18254, 99542,20170510,  -16,    0
 18254, 99542,20170511,  -24,    0
 18254, 99542,20170512,  -16,    0
 18254, 99542,20170513,    0,    0
 18254, 99542,20170514,   12,    0
 18254, 99542,20170515,   21,    0
 18254, 99542,20170516,   39,    0
 18254, 99542,20170517,   53,    0
 18254, 99542,20170518,   75,    0
 18254, 99542,20170519,   50,    0
 18254, 99542,20170520,   44,    0
 18254, 99542,20170521,   36,    0
 18254, 99542,20170522,   35,    0
 18254, 99542,20170523,   36,    0
 18254, 99542,20170524,   35,    0
 18254, 99542,20170525,   37,    0
 18254, 99542,20170526,   23,    0
 18254, 99542,20170527,   33,    0
 18254, 99542,20170528,   30,    0
 18254, 99542,20170529,   12,    0
 18254, 99542,20170530,    1,    0
 18254, 99542,20170531,    8,    0
 18254, 99542,20170601,   33,    0
 18254, 99542,20170602,   33,    0
 18254, 99542,20170603,   45,    0
 18254, 99542,20170604,   39,    0
 18254, 99542,20170605,   66,    0
 18254, 99542,20170606,   93,    0
 18254, 99542,20170607,  125,    0
 18254, 99542,20170608,  141,    0
 18254, 99542,20170609,  133,    0
 18254, 99542,20170610,  135,    0
 18254, 99542,20170611,  139,    0
 18254, 99542,20170612,  138,    0
 18254, 99542,20170613,  130,    0
 18254, 99542,20170614,  105,    0
 18254, 99542,20170615,   88,    0
 18254, 99542,20170616,   88,    0
 18254, 99542,20170617,   84,    0
 18254, 99542,20170618,   81,    0
 18254, 99542,20170619,   83,    0
 18254, 99542,20170620,   90,    0
 18254, 99542,20170621,   63,    0
 18254, 99542,20170622,   70,    0
 18254, 99542,20170623,   97,    0
 18254, 99542,20170624,  118,    0
 18254, 99542,20170625,   89,    0
 18254, 99542,20170626,  102,    0
 18254, 99542,20170627,   61,    0
 18254, 99542,20170628,   67,    0
 18254, 99542,20170629,   86,    0
 18254, 99542,20170630,  124,    0
 18254, 99542,20170701,  166,    0
 18254, 99542,20170702,  119,    0
 18254, 99542,20170703,   68,    0
 18254, 99542,20170704,   63,    0
 18254, 99542,20170705,   53,    0
 18254, 99542,20170706,   71,    0
 18254, 99542,20170707,   86,    0
 18254, 99542,20170708,  110,    0
 18254, 99542,20170709,  165,    0
 18254, 99542,20170710,  127,    0
 18254, 99542,20170711,  127,    0
 18254, 99542,20170712,   99,    0
 18254, 99542,20170713,   81,    0
 18254, 99542,20170714,   85,    0
 18254, 99542,20170715,  100,    0
 18254, 99542,20170716,  122,    0
 18254, 99542,20170717,   82,    0
 18254, 99542,20170718,   82,    0
 18254, 99542,20170719,   81,    0
 18254, 99542,20170720,   84,    0
 18254, 99542,20170721,  118,    0
 18254, 99542,20170722,  140,    0
 18254, 99542,20170723,  158,    0
 18254, 99542,20170724,  166,    0
 18254, 99542,20170725,  179,    0
 18254, 99542,20170726,  141,    0
 18254, 99542,20170727,  180,    0
 18254, 99542,20170728,  189,    0
 18254, 99542,20170729,  187,    0
 18254, 99542,20170730,  118,    0
 18254, 99542,20170731,  120,    0
 18254, 99542,20170801,  129,    0
 18254, 99542,20170802,  119,    0
 18254, 99542,20170803,  116,    0
 18254, 99542,20170804,  145,    0
 18254, 99542,20170805,  146,    0
 18254, 99542,20170806,  133,    0
 18254, 99542,20170807,  106,    0
 18254, 99542,20170808,  120,    0
 18254, 99542,20170809,   97,    0
 18254, 99542,20170810,  115,    0
 18254, 99542,20170811,  112,    0
 18254, 99542,20170812,  119,    0
 18254, 99542,20170813,   92,    0
 18254, 99542,20170814,   76,    0
 18254, 99542,20170815,   83,    0
 18254, 99542,20170816,  115,    0
 18254, 99542,20170817,  102,    0
 18254, 99542,20170818,  144,    0
 18254, 99542,20170819,  146,    0
 18254, 99542,20170820,  113,    0
 18254, 99542,20170821,   59,    0
 18254, 99542,20170822,   55,    0
 18254, 99542,20170823,   68,    0
 18254, 99542,20170824,   80,    0
 18254, 99542,20170825,   54,    0
 18254, 99542,20170826,   58,    0
 18254, 99542,20170827,   67,    0
 18254, 99542,20170828,   90,    0
 18254, 99542,20170829,  109,    0
 18254, 99542,20170830,  106,    0
 18254, 99542,20170831,   86,    0
 18254, 99542,20170901,   64,    0
 18254, 99542,20170902,   80,    0
 18254, 99542,20170903,   93,    0
 18254, 99542,20170904,  122,    0
 18254, 99542,20170905,  136,    0
 18254, 99542,20170906,  123,    0
 18254, 99542,20170907,  103,    0
 18254, 99542,20170908,   98,    0
 18254, 99542,20170909,   82,    0
 18254, 99542,20170910,   89,    0
 18254, 99542,20170911,  112,    0
 18254, 99542,20170912,  122,    0
 18254, 99542,20170913,  116,    0
 18254, 99542,20170914,   90,    0
 18254, 99542,20170915,   63,    0
 18254, 99542,20170916,   63,    0
 18254, 99542,20170917,   69,    0
 18254, 99542,20170918,   81,    0
 18254, 99542,20170919,   57,    0
 18254, 99542,20170920,   51,    0
 18254, 99542,20170921,   64,    0
 18254, 99542,20170922,   95,    0
 18254, 99542,20170923,   79,    0
 18254, 99542,20170924,   81,    0
 18254, 99542,20170925,   82,    0
 18254, 99542,20170926,   70,    0
 18254, 99542,20170927,   80,    0
 18254, 99542,20170928,   40,    0
 18254, 99542,20170929,   43,    0
 18254, 99542,20170930,   91,    0
 18254, 99542,20171001,   94,    0
 18254, 99542,20171002,   89,    0
 18254, 99542,20171003,   79,    0
 18254, 99542,20171004,   74,    0
 18254, 99542,20171005,   58,    0
 18254, 99542,20171006,   56,    0
 18254, 99542,20171007,   45,    0
 18254, 99542,20171008,   38,    0
 18254, 99542,20171009,   41,    0
 18254, 99542,20171010,   30,    0
 18254, 99542,20171011,   44,    0
 18254, 99542,20171012,   44,    0
 18254, 99542,20171013,   36,    0
 18254, 99542,20171014,   56,    0
 18254, 99542,20171015,   33,    0
 18254, 99542,20171016,   35,    0
 18254, 99542,20171017,   33,    0
 18254, 99542,20171018,   17,    0
 18254, 99542,20171019,   15,    0
 18254, 99542,20171020,   -3,    0
 18254, 99542,20171021,    4,    0
 18254, 99542,20171022,    1,    0
 18254, 99542,20171023,  -32,    0
 18254, 99542,20171024,  -30,    0
 18254, 99542,20171025,   34,    0
 18254, 99542,20171026,   -5,    0
 18254, 99542,20171027,   17,    0
 18254, 99542,20171028,   -7,    0
 18254, 99542,20171029,  -23,    0
 18254, 99542,20171030,  -29,    0
 18254, 99542,20171031,  -38,    0
 18254, 99542,20171101,  -25,    0
 18254, 99542,20171102,   -7,    0
 18254, 99542,20171103,   18,    0
 18254, 99542,20171104,   21,    0
 18254, 99542,20171105,    7,    0
 18254, 99542,20171106,    3,    0
 18254, 99542,20171107,   14,    0
 18254, 99542,20171108,    5,    0
 18254, 99542,20171109,   18,    0
 18254, 99542,20171110,   -2,    0
 18254, 99542,20171111,  -31,    0
 18254, 99542,20171112,  -58,    0
 18254, 99542,20171113,  -14,    0
 18254, 99542,20171114,  -15,    0
 18254, 99542,20171115,  -21,    0
 18254, 99542,20171116,  -11,    0
 18254, 99542,20171117,  -21,    0
 18254, 99542,20171118,  -40,    0
 18254, 99542,20171119,  -67,    0
 18254, 99542,20171120,  -62,    0
 18254, 99542,20171121,  -51,    0
 18254, 99542,20171122,  -65,    0
 18254, 99542,20171123,  -73,    0
 18254, 99542,20171124,  -33,    0
 18254, 99542,20171125,  -27,    0
 18254, 99542,20171126,  -53,    0
 18254, 99542,20171127,  -24,    0
 18254, 99542,20171128,  -23,    0
 18254, 99542,20171129,  -67,    0
 18254, 99542,20171130,  -97,    0
 18254, 99542,20171201,  -53,    0
 18254, 99542,20171202,   -7,    0
 18254, 99542,20171203,  -20,    0
 18254, 99542,20171204,  -37,    0
 18254, 99542,20171205,  -25,    0
 18254, 99542,20171206,  -35,    0
 18254, 99542,20171207,  -60,    0
 18254, 99542,20171208,  -61,    0
 18254, 99542,20171209,  -35,    0
 18254, 99542,20171210,   -4,    0
 18254, 99542,20171211,  -33,    0
 18254, 99542,20171212,  -66,    0
 18254, 99542,20171213,  -64,    0
 18254, 99542,20171214,  -49,    0
 18254, 99542,20171215,  -78,    0
 18254, 99542,20171216,  -77,    0
 18254, 99542,20171217,  -50,    0
 18254, 99542,20171218,  -43,    0
 18254, 99542,20171219,  -29,    0
 18254, 99542,20171220,   25,    0
 18254, 99542,20171221,    6,    0
 18254, 99542,20171222,  -18,    0
 18254, 99542,20171223,  -52,    0
 18254, 99542,20171224,  -39,    0
 18254, 99542,20171225,  -93,    0
 18254, 99542,20171226,  -91,    0
 18254, 99542,20171227,  -91,    0
 18254, 99542,20171228, -132,    0
 18254, 99542,20171229,  -99,    0
 18254, 99542,20171230,  -65,    0
 18254, 99542,20171231,  -69,    0
 18254, 99542,20180101,  -92,    0
 18254, 99542,20180102,  -46,    0
 18254, 99542,20180103,  -66,    0
 18254, 99542,20180104,  -59,    0
 18254, 99542,20180105,  -90,    0
 18254, 99542,20180106,  -84,    0
 18254, 99542,20180107,  -78,    0
 18254, 99542,20180108,  -35,    0
 18254, 99542,20180109,   -8,    0
 18254, 99542,20180110,  -11,    0
 18254, 99542,20180111,  -67,    0
 18254, 99542,20180112,    4,    0
 18254, 99542,20180113,  -44,    0
 18254, 99542,20180114, -134,    0
 18254, 99542,20180115,  -24,    0
 18254, 99542,20180116,  -32,    0
 18254, 99542,20180117,  -55,    0
 18254, 99542,20180118, -104,    0
 18254, 99542,20180119, -117,    0
 18254, 99542,20180120, -152,    0
 18254, 99542,20180121, -154,    0
 18254, 99542,20180122, -184,    0
 18254, 99542,20180123, -160,    0
 18254, 99542,20180124, -112,    0
 18254, 99542,20180125,  -85,    0
 18254, 99542,20180126,  -66,    0
 18254, 99542,20180127, -105,    0
 18254, 99542,20180128, -128,    0
 18254, 99542,20180129,  -97,    0
 18254, 99542,20180130, -108,    0
 18254, 99542,20180131,  -86,    0
 18254, 99542,20180201,  -79,    0
 18254, 99542,20180202, -115,    0
 18254, 99542,20180203, -132,    0
 18254, 99542,20180204, -141,    0
 18254, 99542,20180205,  -82,    0
 18254, 99542,20180206, -109,    0
 18254, 99542,20180207, -143,    0
 18254, 99542,20180208, -141,    0
 18254, 99542,20180209,  -94,    0
 18254, 99542,20180210,  -29,    0
 18254, 99542,20180211,  -28,    0
 18254, 99542,20180212,  -63,    0
 18254, 99542,20180213,  -44,    0
 18254, 99542,20180214,  -43,    0
 18254, 99542,20180215,  -75,    0
 18254, 99542,20180216,  -99,    0
 18254, 99542,20180217, -135,    0
 18254, 99542,20180218, -146,    0
 18254, 99542,20180219, -129,    0
 18254, 99542,20180220, -120,    0
 18254, 99542,20180221, -133,    0
 18254, 99542,20180222,  -96,    0
 18254, 99542,20180223,  -87,    0
 18254, 99542,20180224, -120,    0
 18254, 99542,20180225, -159,    0
 18254, 99542,20180226,  -88,    0
 18254, 99542,20180227, -103,    0
 18254, 99542,20180228,  -60,    0
 18254, 99542,20180301,  -35,    0
 18254, 99542,20180302,  -54,    0
 18254, 99542,20180303,  -74,    0
 18254, 99542,20180304,  -93,    0
 18254, 99542,20180305, -125,    0
 18254, 99542,20180306, -133,    0
 18254, 99542,20180307, -110,    0
 18254, 99542,20180308, -133,    0
 18254, 99542,20180309, -135,    0
 18254, 99542,20180310, -114,    0
 18254, 99542,20180311,  -81,    0
 18254, 99542,20180312,  -63,    0
 18254, 99542,20180313,  -95,    0
 18254, 99542,20180314,  -98,    0
 18254, 99542,20180315, -104,    0
 18254, 99542,20180316,  -97,    0
 18254, 99542,20180317,  -40,    0
 18254, 99542,20180318,  -37,    0
 18254, 99542,20180319,  -43,    0
 18254, 99542,20180320,  -55,    0
 18254, 99542,20180321,  -30,    0
 18254, 99542,20180322,  -71,    0
 18254, 99542,20180323,  -82,    0
 18254, 99542,20180324,  -79,    0
 18254, 99542,20180325, -101,    0
 18254, 99542,20180326,  -73,    0
 18254, 99542,20180327,  -38,    0
 18254, 99542,20180328,  -24,    0
 18254, 99542,20180329,  -29,    0
 18254, 99542,20180330,  -24,    0
 18254, 99542,20180331,  -43,    0
 18254, 99542,20180401,  -52,    0
 18254, 99542,20180402,  -72,    0
 18254, 99542,20180403,  -70,    0
 18254, 99542,20180404,  -43,    0
 18254, 99542,20180405,  -13,    0
 18254, 99542,20180406,  -14,    0
 18254, 99542,20180407,  -17,    0
 18254, 99542,20180408,  -34,    0
 18254, 99542,20180409,  -29,    0
 18254, 99542,20180410,   -5,    0
 18254, 99542,20180411,    0,    0
 18254, 99542,20180412,    9,    0
 18254, 99542,20180413,    0,    0
 18254, 99542,20180414,   31,    0
 18254, 99542,20180415,   15,    0
 18254, 99542,20180416,   56,    0
 18254, 99542,20180417,   39,    0
 18254, 99542,20180418,   49,    0
 18254, 99542,20180419,   37,    0
 18254, 99542,20180420,   36,    0
 18254, 99542,20180421,   37,    0
 18254, 99542,20180422,   14,    0
 18254, 99542,20180423,   49,    0
 18254, 99542,20180424,   29,    0
 18254, 99542,20180425,   18,    0
 18254, 99542,20180426,   11,    0
 18254, 99542,20180427,   31,    0
 18254, 99542,20180428,   18,    0
 18254, 99542,20180429,   15,    0
 18254, 99542,20180430,    8,    0
 18254, 99542,20180501,   27,    0
 18254, 99542,20180502,   41,    0
 18254, 99542,20180503,   62,    0
 18254, 99542,20180504,   57,    0
 18254, 99542,20180505,   51,    0
 18254, 99542,20180506,   55,    0
 18254, 99542,20180507,   28,    0
 18254, 99542,20180508,   66,    0
 18254, 99542,20180509,  103,    0
 18254, 99542,20180510,  140,    0
 18254, 99542,20180511,   93,    0
 18254, 99542,20180512,   80,    0
 18254, 99542,20180513,   99,    0
 18254, 99542,20180514,  134,    0
 18254, 99542,20180515,  111,    0
 18254, 99542,20180516,   89,    0
 18254, 99542,20180517,   48,    0
 18254, 99542,20180518,   40,    0
 18254, 99542,20180519,   52,    0
 18254, 99542,20180520,   71,    0
 18254, 99542,20180521,   57,    0
 18254, 99542,20180522,   43,    0
 18254, 99542,20180523,   44,    0
 18254, 99542,20180524,   72,    0
 18254, 99542,20180525,   74,    0
 18254, 99542,20180526,   58,    0
 18254, 99542,20180527,   51,    0
 18254, 99542,20180528,  135,    0
 18254, 99542,20180529,   67,    0
 18254, 99542,20180530,   61,    0
 18254, 99542,20180531,  132,    0
 18254, 99542,20180601,   83,    0
 18254, 99542,20180602,   57,    0
 18254, 99542,20180603,   42,    0
 18254, 99542,20180604,    8,    0
 18254, 99542,20180605,   19,    0
 18254, 99542,20180606,   16,    0
 18254, 99542,20180607,   13,    0
 18254, 99542,20180608,   36,    0
 18254, 99542,20180609,   52,    0
 18254, 99542,20180610,   59,    0
 18254, 99542,20180611,   40,    0
 18254, 99542,20180612,   35,    0
 18254, 99542,20180613,   49,    0
 18254, 99542,20180614,  111,    0
 18254, 99542,20180615,  114,    0
 18254, 99542,20180616,   98,    0
 18254, 99542,20180617,  120,    0
 18254, 99542,20180618,  105,    0
 18254, 99542,20180619,   75,    0
 18254, 99542,20180620,   65,    0
 18254, 99542,20180621,   63,    0
 18254, 99542,20180622,   65,    0
 18254, 99542,20180623,   46,    0
 18254, 99542,20180624,   68,    0
 18254, 99542,20180625,   80,    0
 18254, 99542,20180626,   85,    0
 18254, 99542,20180627,   62,    0
 18254, 99542,20180628,   69,    0
 18254, 99542,20180629,   49,    0
 18254, 99542,20180630,   61,    0
 18254, 99542,20180701,  136,    0
 18254, 99542,20180702,  177,    0
 18254, 99542,20180703,   96,    0
 18254, 99542,20180704,   79,    0
 18254, 99542,20180705,  133,    0
 18254, 99542,20180706,   98,    0
 18254, 99542,20180707,   82,    0
 18254, 99542,20180708,  103,    0
 18254, 99542,20180709,  113,    0
 18254, 99542,20180710,  124,    0
 18254, 99542,20180711,  147,    0
 18254, 99542,20180712,  144,    0
 18254, 99542,20180713,  115,    0
 18254, 99542,20180714,  100,    0
 18254, 99542,20180715,  110,    0
 18254, 99542,20180716,  167,    0
 18254, 99542,20180717,  225,    0
 18254, 99542,20180718,  248,    0
 18254, 99542,20180719,  150,    0
 18254, 99542,20180720,  124,    0
 18254, 99542,20180721,  177,    0
 18254, 99542,20180722,  136,    0
 18254, 99542,20180723,  119,    0
 18254, 99542,20180724,  144,    0
 18254, 99542,20180725,  126,    0
 18254, 99542,20180726,  124,    0
 18254, 99542,20180727,  189,    0
 18254, 99542,20180728,  225,    0
 18254, 99542,20180729,  239,    0
 18254, 99542,20180730,  233,    0
 18254, 99542,20180731,  242,    0
 18254, 99542,20180801,  218,    0
 18254, 99542,20180802,  157,    0
 18254, 99542,20180803,  134,    0
 18254, 99542,20180804,  118,    0
 18254, 99542,20180805,  117,    0
 18254, 99542,20180806,  105,    0
 18254, 99542,20180807,  109,    0
 18254, 99542,20180808,  158,    0
 18254, 99542,20180809,  137,    0
 18254, 99542,20180810,  131,    0
 18254, 99542,20180811,  135,    0
 18254, 99542,20180812,   93,    0
 18254, 99542,20180813,   70,    0
 18254, 99542,20180814,   77,    0
 18254, 99542,20180815,  121,    0
 18254, 99542,20180816,  147,    0
 18254, 99542,20180817,  117,    0
 18254, 99542,20180818,  120,    0
 18254, 99542,20180819,  102,    0
 18254, 99542,20180820,   76,    0
 18254, 99542,20180821,   65,    0
 18254, 99542,20180822,   99,    0
 18254, 99542,20180823,   91,    0
 18254, 99542,20180824,  108,    0
 18254, 99542,20180825,   92,    0
 18254, 99542,20180826,   84,    0
 18254, 99542,20180827,   70,    0
 18254, 99542,20180828,   93,    0
 18254, 99542,20180829,  150,    0
 18254, 99542,20180830,  107,    0
 18254, 99542,20180831,   73,    0
 18254, 99542,20180901,  107,    0
 18254, 99542,20180902,  113,    0
 18254, 99542,20180903,  119,    0
 18254, 99542,20180904,   82,    0
 18254, 99542,20180905,  102,    0
 18254, 99542,20180906,  100,    0
 18254, 99542,20180907,  116,    0
 18254, 99542,20180908,  121,    0
 18254, 99542,20180909,  141,    0
 18254, 99542,20180910,  160,    0
 18254, 99542,20180911,  118,    0
 18254, 99542,20180912,   93,    0
 18254, 99542,20180913,   79,    0
 18254, 99542,20180914,   68,    0
 18254, 99542,20180915,   67,    0
 18254, 99542,20180916,   64,    0
 18254, 99542,20180917,   65,    0
 18254, 99542,20180918,   64,    0
 18254, 99542,20180919,   82,    0
 18254, 99542,20180920,  102,    0
 18254, 99542,20180921,   82,    0
 18254, 99542,20180922,   94,    0
 18254, 99542,20180923,   48,    0
 18254, 99542,20180924,   16,    0
 18254, 99542,20180925,   25,    0
 18254, 99542,20180926,   32,    0
 18254, 99542,20180927,    6,    0
 18254, 99542,20180928,   -5,    0
 18254, 99542,20180929,   27,    0
 18254, 99542,20180930,   30,    0
 18254, 99542,20181001,   39,    0
 18254, 99542,20181002,   23,    0
 18254, 99542,20181003,    5,    0
 18254, 99542,20181004,    1,    0
 18254, 99542,20181005,   -1,    0
 18254, 99542,20181006,   -6,    0
 18254, 99542,20181007,    6,    0
 18254, 99542,20181008,   31,    0
 18254, 99542,20181009,   38,    0
 18254, 99542,20181010,   28,    0
 18254, 99542,20181011,   37,    0
 18254, 99542,20181012,   74,    0
 18254, 99542,20181013,   62,    0
 18254, 99542,20181014,   90,    0
 18254, 99542,20181015,   48,    0
 18254, 99542,20181016,   46,    0
 18254, 99542,20181017,   51,    0
 18254, 99542,20181018,   51,    0
 18254, 99542,20181019,   49,    0
 18254, 99542,20181020,   44,    0
 18254, 99542,20181021,   47,    0
 18254, 99542,20181022,   15,    0
 18254, 99542,20181023,   -2,    0
 18254, 99542,20181024,  -19,    0
 18254, 99542,20181025,  -24,    0
 18254, 99542,20181026,  -31,    0
 18254, 99542,20181027,  -32,    0
 18254, 99542,20181028,  -43,    0
 18254, 99542,20181029,  -35,    0
 18254, 99542,20181030,  -34,    0
 18254, 99542,20181031,    0,    0
 18254, 99542,20181101,   34,    0
 18254, 99542,20181102,   71,    0
 18254, 99542,20181103,   19,    0
 18254, 99542,20181104,   23,    0
 18254, 99542,20181105,   48,    0
 18254, 99542,20181106,   45,    0
 18254, 99542,20181107,   24,    0
 18254, 99542,20181108,   -3,    0
 18254, 99542,20181109,   14,    0
 18254, 99542,20181110,   48,    0
 18254, 99542,20181111,   67,    0
 18254, 99542,20181112,   43,    0
 18254, 99542,20181113,   23,    0
 18254, 99542,20181114,   40,    0
 18254, 99542,20181115,   43,    0
 18254, 99542,20181116,   63,    0
 18254, 99542,20181117,   34,    0
 18254, 99542,20181118,    5,    0
 18254, 99542,20181119,    6,    0
 18254, 99542,20181120,    9,    0
 18254, 99542,20181121,  -19,    0
 18254, 99542,20181122,    4,    0
 18254, 99542,20181123,    3,    0
 18254, 99542,20181124,  -15,    0
 18254, 99542,20181125,  -26,    0
 18254, 99542,20181126,  -47,    0
 18254, 99542,20181127,  -49,    0
 18254, 99542,20181128,   -6,    0
 18254, 99542,20181129,  -22,    0
 18254, 99542,20181130,    5,    0
 18254, 99542,20181201,   38,    0
 18254, 99542,20181202,   28,    0
 18254, 99542,20181203,   30,    0
 18254, 99542,20181204,   -2,    0
 18254, 99542,20181205,  -15,    0
 18254, 99542,20181206,  -14,    0
 18254, 99542,20181207,  -78,    0
 18254, 99542,20181208,  -71,    0
 18254, 99542,20181209,  -36,    0
 18254, 99542,20181210,  -25,    0
 18254, 99542,20181211,  -36,    0
 18254, 99542,20181212,  -21,    0
 18254, 99542,20181213,   -3,    0
 18254, 99542,20181214,    6,    0
 18254, 99542,20181215,  -45,    0
 18254, 99542,20181216, -130,    0
 18254, 99542,20181217, -111,    0
 18254, 99542,20181218,  -50,    0
 18254, 99542,20181219,  -36,    0
 18254, 99542,20181220,  -20,    0
 18254, 99542,20181221,  -34,    0
 18254, 99542,20181222,  -82,    0
 18254, 99542,20181223,  -44,    0
 18254, 99542,20181224,  -34,    0
 18254, 99542,20181225,  -15,    0
 18254, 99542,20181226,  -24,    0
 18254, 99542,20181227,  -29,    0
 18254, 99542,20181228,   -7,    0
 18254, 99542,20181229,   -9,    0
 18254, 99542,20181230,  -38,    0
 18254, 99542,20181231,  -26,    0
 18254, 99542,20190101,  -64,    0
 18254, 99542,20190102,  -59,    0
 18254, 99542,20190103,  -25,    0
 18254, 99542,20190104,   -3,    0
 18254, 99542,20190105,   -6,    0
 18254, 99542,20190106,   15,    0
 18254, 99542,20190107,   -9,    0
 18254, 99542,20190108,  -13,    0
 18254, 99542,20190109,  -25,    0
 18254, 99542,20190110,    2,    0
 18254, 99542,20190111,  -18,    0
 18254, 99542,20190112,  -46,    0
 18254, 99542,20190113,  -75,    0
 18254, 99542,20190114, -104,    0
 18254, 99542,20190115,  -75,    0
 18254, 99542,20190116, -100,    0
 18254, 99542,20190117, -114,    0
 18254, 99542,20190118,  -83,    0
 18254, 99542,20190119,  -90,    0
 18254, 99542,20190120,  -95,    0
 18254, 99542,20190121,  -74,    0
 18254, 99542,20190122,  -76,    0
 18254, 99542,20190123,  -98,    0
 18254, 99542,20190124, -113,    0
 18254, 99542,20190125,  -72,    0
 18254, 99542,20190126, -108,    0
 18254, 99542,20190127, -158,    0
 18254, 99542,20190128, -196,    0
 18254, 99542,20190129, -134,    0
 18254, 99542,20190130, -165,    0
 18254, 99542,20190131, -188,    0
 18254, 99542,20190201, -161,    0
 18254, 99542,20190202, -105,    0
 18254, 99542,20190203,  -94,    0
 18254, 99542,20190204, -122,    0
 18254, 99542,20190205, -160,    0
 18254, 99542,20190206,  -95,    0
 18254, 99542,20190207, -106,    0
 18254, 99542,20190208, -131,    0
 18254, 99542,20190209, -106,    0
 18254, 99542,20190210,  -81,    0
 18254, 99542,20190211,  -47,    0
 18254, 99542,20190212,  -32,    0
 18254, 99542,20190213,  -49,    0
 18254, 99542,20190214,    5,    0
 18254, 99542,20190215,    3,    0
 18254, 99542,20190216,   13,    0
 18254, 99542,20190217,  -34,    0
 18254, 99542,20190218,  -47,    0
 18254, 99542,20190219,  -76,    0
 18254, 99542,20190220, -129,    0
 18254, 99542,20190221, -118,    0
 18254, 99542,20190222,  -66,    0
 18254, 99542,20190223,   38,    0
 18254, 99542,20190224,   26,    0
 18254, 99542,20190225,    3,    0
 18254, 99542,20190226,   -1,    0
 18254, 99542,20190227,    2,    0
 18254, 99542,20190228,  -81,    0
 18254, 99542,20190301,  -64,    0
 18254, 99542,20190302, -114,    0
 18254, 99542,20190303, -159,    0
 18254, 99542,20190304, -126,    0
 18254, 99542,20190305, -114,    0
 18254, 99542,20190306,  -54,    0
 18254, 99542,20190307,  -77,    0
 18254, 99542,20190308,  -84,    0
 18254, 99542,20190309,  -82,    0
 18254, 99542,20190310,  -89,    0
 18254, 99542,20190311, -108,    0
 18254, 99542,20190312,  -76,    0
 18254, 99542,20190313,  -44,    0
 18254, 99542,20190314,  -39,    0
 18254, 99542,20190315,  -51,    0
 18254, 99542,20190316,  -46,    0
 18254, 99542,20190317,  -58,    0
 18254, 99542,20190318,  -54,    0
 18254, 99542,20190319,  -28,    0
 18254, 99542,20190320,   -8,    0
 18254, 99542,20190321,  -11,    0
 18254, 99542,20190322,    4,    0
 18254, 99542,20190323,   22,    0
 18254, 99542,20190324,  -10,    0
 18254, 99542,20190325,  -48,    0
 18254, 99542,20190326,  -43,    0
 18254, 99542,20190327,   -5,    0
 18254, 99542,20190328,   13,    0
 18254, 99542,20190329,  -14,    0
 18254, 99542,20190330,  -21,    0
 18254, 99542,20190331,  -27,    0
 18254, 99542,20190401,  -15,    0
 18254, 99542,20190402,    4,    0
 18254, 99542,20190403,  -13,    0
 18254, 99542,20190404,  -26,    0
 18254, 99542,20190405,  -37,    0
 18254, 99542,20190406,  -27,    0
 18254, 99542,20190407,  -33,    0
 18254, 99542,20190408,  -49,    0
 18254, 99542,20190409,  -50,    0
 18254, 99542,20190410,  -60,    0
 18254, 99542,20190411,  -50,    0
 18254, 99542,20190412,   -1,    0
 18254, 99542,20190413,    8,    0
 18254, 99542,20190414,   15,    0
 18254, 99542,20190415,   19,    0
 18254, 99542,20190416,    1,    0
 18254, 99542,20190417,   16,    0
 18254, 99542,20190418,   35,    0
 18254, 99542,20190419,   27,    0
 18254, 99542,20190420,   67,    0
 18254, 99542,20190421,   35,    0
 18254, 99542,20190422,   41,    0
 18254, 99542,20190423,   63,    0
 18254, 99542,20190424,   76,    0
 18254, 99542,20190425,   76,    0
 18254, 99542,20190426,   86,    0
 18254, 99542,20190427,   63,    0
 18254, 99542,20190428,   69,    0
 18254, 99542,20190429,   32,    0
 18254, 99542,20190430,   10,    0
 18254, 99542,20190501,   -1,    0
 18254, 99542,20190502,  -30,    0
 18254, 99542,20190503,  -26,    0
 18254, 99542,20190504,  -30,    0
 18254, 99542,20190505,  -26,    0
 18254, 99542,20190506,    4,    0
 18254, 99542,20190507,   35,    0
 18254, 99542,20190508,   12,    0
 18254, 99542,20190509,   40,    0
 18254, 99542,20190510,   79,    0
 18254, 99542,20190511,   78,    0
 18254, 99542,20190512,   21,    0
 18254, 99542,20190513,   19,    0
 18254, 99542,20190514,   20,    0
 18254, 99542,20190515,   32,    0
 18254, 99542,20190516,   38,    0
 18254, 99542,20190517,   73,    0
 18254, 99542,20190518,  102,    0
 18254, 99542,20190519,  113,    0
 18254, 99542,20190520,  120,    0
 18254, 99542,20190521,  106,    0
 18254, 99542,20190522,   67,    0
 18254, 99542,20190523,   53,    0
 18254, 99542,20190524,   67,    0
 18254, 99542,20190525,   40,    0
 18254, 99542,20190526,   28,    0
 18254, 99542,20190527,   53,    0
 18254, 99542,20190528,   73,    0
 18254, 99542,20190529,   66,    0
 18254, 99542,20190530,   45,    0
 18254, 99542,20190531,   39,    0
 18254, 99542,20190601,   32,    0
 18254, 99542,20190602,   36,    0
 18254, 99542,20190603,   88,    0
 18254, 99542,20190604,   72,    0
 18254, 99542,20190605,  116,    0
 18254, 99542,20190606,  133,    0
 18254, 99542,20190607,  171,    0
 18254, 99542,20190608,   88,    0
 18254, 99542,20190609,  125,    0
 18254, 99542,20190610,   54,    0
 18254, 99542,20190611,   65,    0
 18254, 99542,20190612,   91,    0
 18254, 99542,20190613,  140,    0
 18254, 99542,20190614,  140,    0
 18254, 99542,20190615,  131,    0
 18254, 99542,20190616,  112,    0
 18254, 99542,20190617,  107,    0
 18254, 99542,20190618,   87,    0
 18254, 99542,20190619,   88,    0
 18254, 99542,20190620,  142,    0
 18254, 99542,20190621,  113,    0
 18254, 99542,20190622,   72,    0
 18254, 99542,20190623,   76,    0
 18254, 99542,20190624,   73,    0
 18254, 99542,20190625,   72,    0
 18254, 99542,20190626,   71,    0
 18254, 99542,20190627,   61,    0
 18254, 99542,20190628,   66,    0
 18254, 99542,20190629,   51,    0
 18254, 99542,20190630,   79,    0
 18254, 99542,20190701,   73,    0
 18254, 99542,20190702,   70,    0
 18254, 99542,20190703,   93,    0
 18254, 99542,20190704,   66,    0
 18254, 99542,20190705,   95,    0
 18254, 99542,20190706,   77,    0
 18254, 99542,20190707,  136,    0
 18254, 99542,20190708,  153,    0
 18254, 99542,20190709,  163,    0
 18254, 99542,20190710,  139,    0
 18254, 99542,20190711,  127,    0
 18254, 99542,20190712,  111,    0
 18254, 99542,20190713,  110,    0
 18254, 99542,20190714,   92,    0
 18254, 99542,20190715,   89,    0
 18254, 99542,20190716,   82,    0
 18254, 99542,20190717,   85,    0
 18254, 99542,20190718,  137,    0
 18254, 99542,20190719,  177,    0
 18254, 99542,20190720,  165,    0
 18254, 99542,20190721,  191,    0
 18254, 99542,20190722,  159,    0
 18254, 99542,20190723,  187,    0
 18254, 99542,20190724,  132,    0
 18254, 99542,20190725,  190,    0
 18254, 99542,20190726,  169,    0
 18254, 99542,20190727,  189,    0
 18254, 99542,20190728,  168,    0
 18254, 99542,20190729,  127,    0
 18254, 99542,20190730,  118,    0
 18254, 99542,20190731,  123,    0
 18254, 99542,20190801,  119,    0
 18254, 99542,20190802,  117,    0
 18254, 99542,20190803,  122,    0
 18254, 99542,20190804,  115,    0
 18254, 99542,20190805,  104,    0
 18254, 99542,20190806,  127,    0
 18254, 99542,20190807,  114,    0
 18254, 99542,20190808,  123,    0
 18254, 99542,20190809,  130,    0
 18254, 99542,20190810,  145,    0
 18254, 99542,20190811,  159,    0
 18254, 99542,20190812,  171,    0
 18254, 99542,20190813,  162,    0
 18254, 99542,20190814,  130,    0
 18254, 99542,20190815,   99,    0
 18254, 99542,20190816,  111,    0
 18254, 99542,20190817,  136,    0
 18254, 99542,20190818,  159,    0
 18254, 99542,20190819,  121,    0
 18254, 99542,20190820,  114,    0
 18254, 99542,20190821,  117,    0
 18254, 99542,20190822,   97,    0
 18254, 99542,20190823,  120,    0
 18254, 99542,20190824,   86,    0
 18254, 99542,20190825,  101,    0
 18254, 99542,20190826,  105,    0
 18254, 99542,20190827,  128,    0
 18254, 99542,20190828,  181,    0
 18254, 99542,20190829,  205,    0
 18254, 99542,20190830,  108,    0
 18254, 99542,20190831,  121,    0
 18254, 99542,20190901,  158,    0
 18254, 99542,20190902,   84,    0
 18254, 99542,20190903,   93,    0
 18254, 99542,20190904,   86,    0
 18254, 99542,20190905,   69,    0
 18254, 99542,20190906,   61,    0
 18254, 99542,20190907,   69,    0
 18254, 99542,20190908,   67,    0
 18254, 99542,20190909,  106,    0
 18254, 99542,20190910,  120,    0
 18254, 99542,20190911,  167,    0
 18254, 99542,20190912,   91,    0
 18254, 99542,20190913,   55,    0
 18254, 99542,20190914,   44,    0
 18254, 99542,20190915,   71,    0
 18254, 99542,20190916,   63,    0
 18254, 99542,20190917,   57,    0
 18254, 99542,20190918,   30,    0
 18254, 99542,20190919,   22,    0
 18254, 99542,20190920,   24,    0
 18254, 99542,20190921,   12,    0
 18254, 99542,20190922,   17,    0
 18254, 99542,20190923,   19,    0
 18254, 99542,20190924,   33,    0
 18254, 99542,20190925,   54,    0
 18254, 99542,20190926,   71,    0
 18254, 99542,20190927,   88,    0
 18254, 99542,20190928,   79,    0
 18254, 99542,20190929,   32,    0
 18254, 99542,20190930,   19,    0
 18254, 99542,20191001,   38,    0
 18254, 99542,20191002,   11,    0
 18254, 99542,20191003,   -1,    0
 18254, 99542,20191004,    6,    0
 18254, 99542,20191005,   15,    0
 18254, 99542,20191006,   30,    0
 18254, 99542,20191007,   25,    0
 18254, 99542,20191008,   13,    0
 18254, 99542,20191009,    5,    0
 18254, 99542,20191010,   -4,    0
 18254, 99542,20191011,  -17,    0
 18254, 99542,20191012,  -14,    0
 18254, 99542,20191013,  -10,    0
 18254, 99542,20191014,  -27,    0
 18254, 99542,20191015,  -26,    0
 18254, 99542,20191016,  -32,    0
 18254, 99542,20191017,  -44,    0
 18254, 99542,20191018,   -6,    0
 18254, 99542,20191019,  -33,    0
 18254, 99542,20191020,  -43,    0
 18254, 99542,20191021,   -5,    0
 18254, 99542,20191022,   25,    0
 18254, 99542,20191023,   16,    0
 18254, 99542,20191024,   10,    0
 18254, 99542,20191025,    9,    0
 18254, 99542,20191026,   -5,    0
 18254, 99542,20191027,  -26,    0
 18254, 99542,20191028,  -27,    0
 18254, 99542,20191029,  -42,    0
 18254, 99542,20191030,  -35,    0
 18254, 99542,20191031,  -18,    0
 18254, 99542,20191101,  -24,    0
 18254, 99542,20191102,  -59,    0
 18254, 99542,20191103,  -22,    0
 18254, 99542,20191104,  -38,    0
 18254, 99542,20191105,  -44,    0
 18254, 99542,20191106,  -61,    0
 18254, 99542,20191107,  -63,    0
 18254, 99542,20191108, -100,    0
 18254, 99542,20191109, -100,    0
 18254, 99542,20191110, -106,    0
 18254, 99542,20191111,  -76,    0
 18254, 99542,20191112,  -41,    0
 18254, 99542,20191113,  -24,    0
 18254, 99542,20191114,  -17,    0
 18254, 99542,20191115,  -13,    0
 18254, 99542,20191116,  -69,    0
 18254, 99542,20191117,  -24,    0
 18254, 99542,20191118,  -40,    0
 18254, 99542,20191119,   21,    0
 18254, 99542,20191120,   31,    0
 18254, 99542,20191121,   -6,    0
 18254, 99542,20191122,  -49,    0
 18254, 99542,20191123,  -10,    0
 18254, 99542,20191124,    0,    0
 18254, 99542,20191125,    0,    0
 18254, 99542,20191126,  -21,    0
 18254, 99542,20191127,  -58,    0
 18254, 99542,20191128,  -82,    0
 18254, 99542,20191129,  -84,    0
 18254, 99542,20191130,  -63,    0
 18254, 99542,20191201,  -38,    0
 18254, 99542,20191202,  -31,    0
 18254, 99542,20191203,  -21,    0
 18254, 99542,20191204,   32,    0
 18254, 99542,20191205,   11,    0
 18254, 99542,20191206,  -16,    0
 18254, 99542,20191207,  -47,    0
 18254, 99542,20191208,  -48,    0
 18254, 99542,20191209,  -78,    0
 18254, 99542,20191210,  -71,    0
 18254, 99542,20191211,  -17,    0
 18254, 99542,20191212,    4,    0
 18254, 99542,20191213,  -23,    0
 18254, 99542,20191214,  -23,    0
 18254, 99542,20191215,   -1,    0
 18254, 99542,20191216,  -26,    0
 18254, 99542,20191217,  -32,    0
 18254, 99542,20191218,  -10,    0
 18254, 99542,20191219,  -34,    0
 18254, 99542,20191220,  -85,    0
 18254, 99542,20191221,  -40,    0
 18254, 99542,20191222,   -4,    0
 18254, 99542,20191223,  -29,    0
 18254, 99542,20191224,  -11,    0
 18254, 99542,20191225,  -27,    0
 18254, 99542,20191226,  -55,    0
 18254, 99542,20191227,  -81,    0
 18254, 99542,20191228,  -35,    0
 18254, 99542,20191229,   29,    0
 18254, 99542,20191230,  -15,    0
 18254, 99542,20191231,  -32,    0
 18254, 99542,20200101,  -18,    0
 18254, 99542,20200102,   29,    0
 18254, 99542,20200103,  -24,    0
 18254, 99542,20200104,  -48,    0
 18254, 99542,20200105,  -55,    0
 18254, 99542,20200106,  -16,    0
 18254, 99542,20200107,   16,    0
 18254, 99542,20200108,   18,    0
 18254, 99542,20200109,  -11,    0
 18254, 99542,20200110,   -9,    0
 18254, 99542,20200111,   -1,    0
 18254, 99542,20200112,   -5,    0
 18254, 99542,20200113,   -3,    0
 18254, 99542,20200114,  -17,    0
 18254, 99542,20200115,  -53,    0
 18254, 99542,20200116,  -36,    0
 18254, 99542,20200117,  -43,    0
 18254, 99542,20200118,  -34,    0
 18254, 99542,20200119,  -50,    0
 18254, 99542,20200120,    5,    0
 18254, 99542,20200121,  -25,    0
 18254, 99542,20200122,  -28,    0
 18254, 99542,20200123,  -10,    0
 18254, 99542,20200124,  -43,    0
 18254, 99542,20200125,  -46,    0
 18254, 99542,20200126,  -92,    0
 18254, 99542,20200127,  -81,    0
 18254, 99542,20200128,  -72,    0
 18254, 99542,20200129,  -84,    0
 18254, 99542,20200130,  -48,    0
 18254, 99542,20200131,  -45,    0
 18254, 99542,20200201,  -35,    0
 18254, 99542,20200202,  -60,    0
 18254, 99542,20200203,  -57,    0
 18254, 99542,20200204,  -69,    0
 18254, 99542,20200205,  -71,    0
 18254, 99542,20200206,  -57,    0
 18254, 99542,20200207,  -16,    0
 18254, 99542,20200208,    6,    0
 18254, 99542,20200209,    0,    0
 18254, 99542,20200210,  -12,    0
 18254, 99542,20200211,    1,    0
 18254, 99542,20200212,  -29,    0
 18254, 99542,20200213,  -46,    0
 18254, 99542,20200214,  -51,    0
 18254, 99542,20200215,  -74,    0
 18254, 99542,20200216,  -49,    0
 18254, 99542,20200217,  -16,    0
 18254, 99542,20200218,  -27,    0
 18254, 99542,20200219,  -89,    0
 18254, 99542,20200220,  -72,    0
 18254, 99542,20200221,   10,    0
 18254, 99542,20200222,   23,    0
 18254, 99542,20200223,   -5,    0
 18254, 99542,20200224,  -44,    0
 18254, 99542,20200225,  -68,    0
 18254, 99542,20200226,  -44,    0
 18254, 99542,20200227,  -32,    0
 18254, 99542,20200228,  -84,    0
 18254, 99542,20200229,  -77,    0
 18254, 99542,20200301, -104,    0
 18254, 99542,20200302,  -91,    0
 18254, 99542,20200303,  -66,    0
 18254, 99542,20200304,  -44,    0
 18254, 99542,20200305,  -75,    0
 18254, 99542,20200306,  -32,    0
 18254, 99542,20200307,   -4,    0
 18254, 99542,20200308,  -12,    0
 18254, 99542,20200309,   24,    0
 18254, 99542,20200310,  -21,    0
 18254, 99542,20200311,  -56,    0
 18254, 99542,20200312,  -53,    0
 18254, 99542,20200313,  -82,    0
 18254, 99542,20200314,  -57,    0
 18254, 99542,20200315,  -22,    0
 18254, 99542,20200316,  -34,    0
 18254, 99542,20200317,  -12,    0
 18254, 99542,20200318,    2,    0
 18254, 99542,20200319,  -50,    0
 18254, 99542,20200320,  -53,    0
 18254, 99542,20200321,  -33,    0
 18254, 99542,20200322,   13,    0
 18254, 99542,20200323,   31,    0
 18254, 99542,20200324,   32,    0
 18254, 99542,20200325,    4,    0
 18254, 99542,20200326,   18,    0
 18254, 99542,20200327,    6,    0
 18254, 99542,20200328,  -62,    0
 18254, 99542,20200329,  -73,    0
 18254, 99542,20200330,  -54,    0
 18254, 99542,20200331,  -19,    0
 18254, 99542,20200401,  -51,    0
 18254, 99542,20200402,  -70,    0
 18254, 99542,20200403,  -76,    0
 18254, 99542,20200404,  -60,    0
 18254, 99542,20200405,  -58,    0
 18254, 99542,20200406,  -22,    0
 18254, 99542,20200407,   18,    0
 18254, 99542,20200408,   14,    0
 18254, 99542,20200409,  -30,    0
 18254, 99542,20200410,  -37,    0
 18254, 99542,20200411,  -28,    0
 18254, 99542,20200412,  -35,    0
 18254, 99542,20200413,  -15,    0
 18254, 99542,20200414,  -11,    0
 18254, 99542,20200415,   -2,    0
 18254, 99542,20200416,   -6,    0
 18254, 99542,20200417,   -8,    0
 18254, 99542,20200418,    6,    0
 18254, 99542,20200419,   17,    0
 18254, 99542,20200420,   31,    0
 18254, 99542,20200421,   22,    0
 18254, 99542,20200422,    9,    0
 18254, 99542,20200423,   10,    0
 18254, 99542,20200424,    0,    0
 18254, 99542,20200425,  -12,    0
 18254, 99542,20200426,   -3,    0
 18254, 99542,20200427,   -6,    0
 18254, 99542,20200428,  -27,    0
 18254, 99542,20200429,  -13,    0
 18254, 99542,20200430,   -5,    0
 18254, 99542,20200501,    6,    0
 18254, 99542,20200502,   21,    0
 18254, 99542,20200503,   28,    0
 18254, 99542,20200504,    7,    0
 18254, 99542,20200505,   25,    0
 18254, 99542,20200506,   14,    0
 18254, 99542,20200507,   -5,    0
 18254, 99542,20200508,   -9,    0
 18254, 99542,20200509,  -14,    0
 18254, 99542,20200510,  -20,    0
 18254, 99542,20200511,  -14,    0
 18254, 99542,20200512,  -12,    0
 18254, 99542,20200513,   -5,    0
 18254, 99542,20200514,   -6,    0
 18254, 99542,20200515,    0,    0
 18254, 99542,20200516,   19,    0
 18254, 99542,20200517,   20,    0
 18254, 99542,20200518,   13,    0
 18254, 99542,20200519,   18,    0
 18254, 99542,20200520,   23,    0
 18254, 99542,20200521,   30,    0
 18254, 99542,20200522,   56,    0
 18254, 99542,20200523,   99,    0
 18254, 99542,20200524,   83,    0
 18254, 99542,20200525,   76,    0
 18254, 99542,20200526,   75,    0
 18254, 99542,20200527,   54,    0
 18254, 99542,20200528,   39,    0
 18254, 99542,20200529,   40,    0
 18254, 99542,20200530,   60,    0
 18254, 99542,20200531,  103,    0
 18254, 99542,20200601,  123,    0
 18254, 99542,20200602,   79,    0
 18254, 99542,20200603,   63,    0
 18254, 99542,20200604,  106,    0
 18254, 99542,20200605,  112,    0
 18254, 99542,20200606,  100,    0
 18254, 99542,20200607,   83,    0
 18254, 99542,20200608,   48,    0
 18254, 99542,20200609,   47,    0
 18254, 99542,20200610,   79,    0
 18254, 99542,20200611,   73,    0
 18254, 99542,20200612,  106,    0
 18254, 99542,20200613,  153,    0
 18254, 99542,20200614,  132,    0
 18254, 99542,20200615,   70,    0
 18254, 99542,20200616,   97,    0
 18254, 99542,20200617,  143,    0
 18254, 99542,20200618,  117,    0
 18254, 99542,20200619,   96,    0
 18254, 99542,20200620,  158,    0
 18254, 99542,20200621,  181,    0
 18254, 99542,20200622,  195,    0
 18254, 99542,20200623,  149,    0
 18254, 99542,20200624,  128,    0
 18254, 99542,20200625,  112,    0
 18254, 99542,20200626,   98,    0
 18254, 99542,20200627,  137,    0
 18254, 99542,20200628,  172,    0
 18254, 99542,20200629,  135,    0
 18254, 99542,20200630,   69,    0
 18254, 99542,20200701,   54,    0
 18254, 99542,20200702,   59,    0
 18254, 99542,20200703,   94,    0
 18254, 99542,20200704,   86,    0
 18254, 99542,20200705,   87,    0
 18254, 99542,20200706,  113,    0
 18254, 99542,20200707,   81,    0
 18254, 99542,20200708,   88,    0
 18254, 99542,20200709,   87,    0
 18254, 99542,20200710,   81,    0
 18254, 99542,20200711,  119,    0
 18254, 99542,20200712,   91,    0
 18254, 99542,20200713,  107,    0
 18254, 99542,20200714,  146,    0
 18254, 99542,20200715,  147,    0
 18254, 99542,20200716,  154,    0
 18254, 99542,20200717,  150,    0
 18254, 99542,20200718,  129,    0
 18254, 99542,20200719,  119,    0
 18254, 99542,20200720,  105,    0
 18254, 99542,20200721,   88,    0
 18254, 99542,20200722,   80,    0
 18254, 99542,20200723,   78,    0
 18254, 99542,20200724,  113,    0
 18254, 99542,20200725,  131,    0
 18254, 99542,20200726,  155,    0
 18254, 99542,20200727,  178,    0
 18254, 99542,20200728,  171,    0
 18254, 99542,20200729,  169,    0
 18254, 99542,20200730,  181,    0
 18254, 99542,20200731,  156,    0
 18254, 99542,20200801,  143,    0
 18254, 99542,20200802,  163,    0
 18254, 99542,20200803,  162,    0
 18254, 99542,20200804,  107,    0
 18254, 99542,20200805,  119,    0
 18254, 99542,20200806,  136,    0
 18254, 99542,20200807,  137,    0
 18254, 99542,20200808,  181,    0
 18254, 99542,20200809,  104,    0
 18254, 99542,20200810,  104,    0
 18254, 99542,20200811,  138,    0
 18254, 99542,20200812,  126,    0
 18254, 99542,20200813,  114,    0
 18254, 99542,20200814,  108,    0
 18254, 99542,20200815,  102,    0
 18254, 99542,20200816,   68,    0
 18254, 99542,20200817,   73,    0
 18254, 99542,20200818,   90,    0
 18254, 99542,20200819,   86,    0
 18254, 99542,20200820,   87,    0
 18254, 99542,20200821,  140,    0
 18254, 99542,20200822,  167,    0
 18254, 99542,20200823,  118,    0
 18254, 99542,20200824,   77,    0
 18254, 99542,20200825,   86,    0
 18254, 99542,20200826,   71,    0
 18254, 99542,20200827,   62,    0
 18254, 99542,20200828,   60,    0
 18254, 99542,20200829,   68,    0
 18254, 99542,20200830,   52,    0
 18254, 99542,20200831,   56,    0
 18254, 99542,20200901,   87,    0
 18254, 99542,20200902,  101,    0
 18254, 99542,20200903,  142,    0
 18254, 99542,20200904,  128,    0
 18254, 99542,20200905,  106,    0
 18254, 99542,20200906,   82,    0
 18254, 99542,20200907,   99,    0
 18254, 99542,20200908,  107,    0
 18254, 99542,20200909,   73,    0
 18254, 99542,20200910,   64,    0
 18254, 99542,20200911,   61,    0
 18254, 99542,20200912,   78,    0
 18254, 99542,20200913,   68,    0
 18254, 99542,20200914,   59,    0
 18254, 99542,20200915,   61,    0
 18254, 99542,20200916,   47,    0
 18254, 99542,20200917,   53,    0
 18254, 99542,20200918,   58,    0
 18254, 99542,20200919,   43,    0
 18254, 99542,20200920,   56,    0
 18254, 99542,20200921,   58,    0
 18254, 99542,20200922,   37,    0
 18254, 99542,20200923,   76,    0
 18254, 99542,20200924,   41,    0
 18254, 99542,20200925,   55,    0
 18254, 99542,20200926,   23,    0
 18254, 99542,20200927,   52,    0
 18254, 99542,20200928,   79,    0
 18254, 99542,20200929,   88,    0
 18254, 99542,20200930,   88,    0
 18254, 99542,20201001,   89,    0
 18254, 99542,20201002,  113,    0
 18254, 99542,20201003,  100,    0
 18254, 99542,20201004,   94,    0
 18254, 99542,20201005,   82,    0
 18254, 99542,20201006,   97,    0
 18254, 99542,20201007,   99,    0
 18254, 99542,20201008,  118,    0
 18254, 99542,20201009,   92,    0
 18254, 99542,20201010,   66,    0
 18254, 99542,20201011,   55,    0
 18254, 99542,20201012,   42,    0
 18254, 99542,20201013,   19,    0
 18254, 99542,20201014,   37,    0
 18254, 99542,20201015,   17,    0
 18254, 99542,20201016,   29,    0
 18254, 99542,20201017,   -1,    0
 18254, 99542,20201018,  -40,    0
 18254, 99542,20201019,  -25,    0
 18254, 99542,20201020,  -31,    0
 18254, 99542,20201021,  -24,    0
 18254, 99542,20201022,  -33,    0
 18254, 99542,20201023,  -30,    0
 18254, 99542,20201024,   -1,    0
 18254, 99542,20201025,    6,    0
 18254, 99542,20201026,    7,    0
 18254, 99542,20201027,  -15,    0
 18254, 99542,20201028,  -27,    0
 18254, 99542,20201029,  -19,    0
 18254, 99542,20201030,  -28,    0
 18254, 99542,20201031,  -11,    0
 18254, 99542,20201101,   49,    0
 18254, 99542,20201102,   60,    0
 18254, 99542,20201103,   43,    0
 18254, 99542,20201104,   49,    0
 18254, 99542,20201105,   21,    0
 18254, 99542,20201106,   33,    0
 18254, 99542,20201107,    7,    0
 18254, 99542,20201108,    6,    0
 18254, 99542,20201109,   11,    0
 18254, 99542,20201110,  -16,    0
 18254, 99542,20201111,    7,    0
 18254, 99542,20201112,    0,    0
 18254, 99542,20201113,   -5,    0
 18254, 99542,20201114,   31,    0
 18254, 99542,20201115,   47,    0
 18254, 99542,20201116,   65,    0
 18254, 99542,20201117,   69,    0
 18254, 99542,20201118,   18,    0
 18254, 99542,20201119,  -46,    0
 18254, 99542,20201120,  -21,    0
 18254, 99542,20201121,   -2,    0
 18254, 99542,20201122,  -13,    0
 18254, 99542,20201123,   -5,    0
 18254, 99542,20201124,  -26,    0
 18254, 99542,20201125,  -28,    0
 18254, 99542,20201126,  -28,    0
 18254, 99542,20201127,   -6,    0
 18254, 99542,20201128,   -1,    0
 18254, 99542,20201129,   44,    0
 18254, 99542,20201130,   12,    0
 18254, 99542,20201201,  -24,    0
 18254, 99542,20201202,   10,    0
 18254, 99542,20201203,   11,    0
 18254, 99542,20201204,   -3,    0
 18254, 99542,20201205,  -17,    0
 18254, 99542,20201206,  -27,    0
 18254, 99542,20201207,  -31,    0
 18254, 99542,20201208,  -16,    0
 18254, 99542,20201209,   -6,    0
 18254, 99542,20201210,  -15,    0
 18254, 99542,20201211,  -35,    0
 18254, 99542,20201212,  -49,    0
 18254, 99542,20201213,  -33,    0
 18254, 99542,20201214,  -21,    0
 18254, 99542,20201215,  -21,    0
 18254, 99542,20201216,  -16,    0
 18254, 99542,20201217,  -41,    0
 18254, 99542,20201218,  -49,    0
 18254, 99542,20201219,  -50,    0
 18254, 99542,20201220,   -1,    0
 18254, 99542,20201221,   21,    0
 18254, 99542,20201222,  -36,    0
 18254, 99542,20201223,   -8,    0
 18254, 99542,20201224,  -18,    0
 18254, 99542,20201225,  -45,    0
 18254, 99542,20201226,  -72,    0
 18254, 99542,20201227,  -93,    0
 18254, 99542,20201228,   10,    0
 18254, 99542,20201229,    7,    0
 18254, 99542,20201230,   -8,    0
 18254, 99542,20201231,  -22,    0
 18254, 99542,20210101,  -38,    0
 18254, 99542,20210102,  -43,    0
 18254, 99542,20210103,   -9,    0
 18254, 99542,20210104,    5,    0
 18254, 99542,20210105,    5,    0
 18254, 99542,20210106,  -33,    0
 18254, 99542,20210107,  -97,    0
 18254, 99542,20210108, -117,    0
 18254, 99542,20210109,  -81,    0
 18254, 99542,20210110,  -43,    0
 18254, 99542,20210111,  -99,    0
 18254, 99542,20210112,  -89,    0
 18254, 99542,20210113, -136,    0
 18254, 99542,20210114,  -44,    0
 18254, 99542,20210115,   -6,    0
 18254, 99542,20210116,  -13,    0
 18254, 99542,20210117,  -46,    0
 18254, 99542,20210118,  -55,    0
 18254, 99542,20210119,  -44,    0
 18254, 99542,20210120,  -80,    0
 18254, 99542,20210121, -110,    0
 18254, 99542,20210122, -125,    0
 18254, 99542,20210123, -113,    0
 18254, 99542,20210124, -139,    0
 18254, 99542,20210125, -155,    0
 18254, 99542,20210126, -122,    0
 18254, 99542,20210127,  -74,    0
 18254, 99542,20210128,  -89,    0
 18254, 99542,20210129, -120,    0
 18254, 99542,20210130, -111,    0
 18254, 99542,20210131,  -91,    0
 18254, 99542,20210201,  -77,    0
 18254, 99542,20210202,  -85,    0
 18254, 99542,20210203, -100,    0
 18254, 99542,20210204,  -71,    0
 18254, 99542,20210205,  -48,    0
 18254, 99542,20210206,  -54,    0
 18254, 99542,20210207,  -52,    0
 18254, 99542,20210208,  -53,    0
 18254, 99542,20210209, -119,    0
 18254, 99542,20210210,  -92,    0
 18254, 99542,20210211,  -55,    0
 18254, 99542,20210212,  -35,    0
 18254, 99542,20210213,  -60,    0
 18254, 99542,20210214,  -48,    0
 18254, 99542,20210215,  -18,    0
 18254, 99542,20210216,  -62,    0
 18254, 99542,20210217, -149,    0
 18254, 99542,20210218, -162,    0
 18254, 99542,20210219,  -88,    0
 18254, 99542,20210220,  -71,    0
 18254, 99542,20210221,  -86,    0
 18254, 99542,20210222,  -88,    0
 18254, 99542,20210223,  -85,    0
 18254, 99542,20210224,  -62,    0
 18254, 99542,20210225,    1,    0
 18254, 99542,20210226,   -2,    0
 18254, 99542,20210227,   -1,    0
 18254, 99542,20210228,   31,    0
 18254, 99542,20210301,   -4,    0
 18254, 99542,20210302,   -9,    0
 18254, 99542,20210303,  -32,    0
 18254, 99542,20210304,  -63,    0
 18254, 99542,20210305,  -50,    0
 18254, 99542,20210306,  -72,    0
 18254, 99542,20210307,  -68,    0
 18254, 99542,20210308,  -64,    0
 18254, 99542,20210309,  -92,    0
 18254, 99542,20210310, -133,    0
 18254, 99542,20210311,  -65,    0
 18254, 99542,20210312,  -30,    0
 18254, 99542,20210313,  -40,    0
 18254, 99542,20210314,  -16,    0
 18254, 99542,20210315,  -19,    0
 18254, 99542,20210316,  -47,    0
 18254, 99542,20210317,  -55,    0
 18254, 99542,20210318,  -95,    0
 18254, 99542,20210319,  -38,    0
 18254, 99542,20210320,    1,    0
 18254, 99542,20210321,  -53,    0
 18254, 99542,20210322,  -24,    0
 18254, 99542,20210323,   18,    0
 18254, 99542,20210324,   12,    0
 18254, 99542,20210325,   -8,    0
 18254, 99542,20210326,   -8,    0
 18254, 99542,20210327,   24,    0
 18254, 99542,20210328,   15,    0
 18254, 99542,20210329,   32,    0
 18254, 99542,20210330,    6,    0
 18254, 99542,20210331,    7,    0
 18254, 99542,20210401,    4,    0
 18254, 99542,20210402,  -11,    0
 18254, 99542,20210403,   -2,    0
 18254, 99542,20210404,  -20,    0
 18254, 99542,20210405,  -33,    0
 18254, 99542,20210406,  -16,    0
 18254, 99542,20210407,  -33,    0
 18254, 99542,20210408,  -45,    0
 18254, 99542,20210409,  -60,    0
 18254, 99542,20210410,  -25,    0
 18254, 99542,20210411,   -4,    0
 18254, 99542,20210412,  -15,    0
 18254, 99542,20210413,  -38,    0
 18254, 99542,20210414,  -13,    0
 18254, 99542,20210415,   25,    0
 18254, 99542,20210416,   33,    0
 18254, 99542,20210417,   30,    0
 18254, 99542,20210418,   27,    0
 18254, 99542,20210419,   54,    0
 18254, 99542,20210420,   74,    0
 18254, 99542,20210421,    8,    0
 18254, 99542,20210422,  -11,    0
 18254, 99542,20210423,  -13,    0
 18254, 99542,20210424,  -17,    0
 18254, 99542,20210425,  -17,    0
 18254, 99542,20210426,   -7,    0
 18254, 99542,20210427,  -18,    0
 18254, 99542,20210428,  -18,    0
 18254, 99542,20210429,  -19,    0
 18254, 99542,20210430,  -39,    0
 18254, 99542,20210501,  -23,    0
 18254, 99542,20210502,  -17,    0
 18254, 99542,20210503,   -9,    0
 18254, 99542,20210504,    2,    0
 18254, 99542,20210505,   -2,    0
 18254, 99542,20210506,  -15,    0
 18254, 99542,20210507,   -8,    0
 18254, 99542,20210508,   -3,    0
 18254, 99542,20210509,   17,    0
 18254, 99542,20210510,   29,    0
 18254, 99542,20210511,   27,    0
 18254, 99542,20210512,   70,    0
 18254, 99542,20210513,   44,    0
 18254, 99542,20210514,   45,    0
 18254, 99542,20210515,   53,    0
 18254, 99542,20210516,   64,    0
 18254, 99542,20210517,   72,    0
 18254, 99542,20210518,   98,    0
 18254, 99542,20210519,   69,    0
 18254, 99542,20210520,   45,    0
 18254, 99542,20210521,   62,    0
 18254, 99542,20210522,   20,    0
 18254, 99542,20210523,   22,    0
 18254, 99542,20210524,   37,    0
 18254, 99542,20210525,   62,    0
 18254, 99542,20210526,   73,    0
 18254, 99542,20210527,   57,    0
 18254, 99542,20210528,   38,    0
 18254, 99542,20210529,   51,    0
 18254, 99542,20210530,   43,    0
 18254, 99542,20210531,   65,    0
 18254, 99542,20210601,  116,    0
 18254, 99542,20210602,  156,    0
 18254, 99542,20210603,  165,    0
 18254, 99542,20210604,  165,    0
 18254, 99542,20210605,  112,    0
 18254, 99542,20210606,  141,    0
 18254, 99542,20210607,  109,    0
 18254, 99542,20210608,  133,    0
 18254, 99542,20210609,  127,    0
 18254, 99542,20210610,  137,    0
 18254, 99542,20210611,  145,    0
 18254, 99542,20210612,   82,    0
 18254, 99542,20210613,   63,    0
 18254, 99542,20210614,   68,    0
 18254, 99542,20210615,   52,    0
 18254, 99542,20210616,   43,    0
 18254, 99542,20210617,   72,    0
 18254, 99542,20210618,   89,    0
 18254, 99542,20210619,   64,    0
 18254, 99542,20210620,   94,    0
 18254, 99542,20210621,  114,    0
 18254, 99542,20210622,   82,    0
 18254, 99542,20210623,  125,    0
 18254, 99542,20210624,   97,    0
 18254, 99542,20210625,   78,    0
 18254, 99542,20210626,   82,    0
 18254, 99542,20210627,   92,    0
 18254, 99542,20210628,   72,    0
 18254, 99542,20210629,   66,    0
 18254, 99542,20210630,   70,    0
 18254, 99542,20210701,  114,    0
 18254, 99542,20210702,  121,    0
 18254, 99542,20210703,  146,    0
 18254, 99542,20210704,  175,    0
 18254, 99542,20210705,  231,    0
 18254, 99542,20210706,  231,    0
 18254, 99542,20210707,  206,    0
 18254, 99542,20210708,  121,    0
 18254, 99542,20210709,  120,    0
 18254, 99542,20210710,  142,    0
 18254, 99542,20210711,  172,    0
 18254, 99542,20210712,  116,    0
 18254, 99542,20210713,  112,    0
 18254, 99542,20210714,  134,    0
 18254, 99542,20210715,  139,    0
 18254, 99542,20210716,   94,    0
 18254, 99542,20210717,   94,    0
 18254, 99542,20210718,   84,    0
 18254, 99542,20210719,   72,    0
 18254, 99542,20210720,   52,    0
 18254, 99542,20210721,   65,    0
 18254, 99542,20210722,   74,    0
 18254, 99542,20210723,   71,    0
 18254, 99542,20210724,   90,    0
 18254, 99542,20210725,  106,    0
 18254, 99542,20210726,  154,    0
 18254, 99542,20210727,  193,    0
 18254, 99542,20210728,  174,    0
 18254, 99542,20210729,  121,    0
 18254, 99542,20210730,  135,    0
 18254, 99542,20210731,   76,    0
 18254, 99542,20210801,   56,    0
 18254, 99542,20210802,   68,    0
 18254, 99542,20210803,   84,    0
 18254, 99542,20210804,   85,    0
 18254, 99542,20210805,  101,    0
 18254, 99542,20210806,  150,    0
 18254, 99542,20210807,  176,    0
 18254, 99542,20210808,  169,    0
 18254, 99542,20210809,  156,    0
 18254, 99542,20210810,  145,    0
 18254, 99542,20210811,  115,    0
 18254, 99542,20210812,  108,    0
 18254, 99542,20210813,  102,    0
 18254, 99542,20210814,  105,    0
 18254, 99542,20210815,  105,    0
 18254, 99542,20210816,  106,    0
 18254, 99542,20210817,  101,    0
 18254, 99542,20210818,  110,    0
 18254, 99542,20210819,  129,    0
 18254, 99542,20210820,   86,    0
 18254, 99542,20210821,   68,    0
 18254, 99542,20210822,   54,    0
 18254, 99542,20210823,   60,    0
 18254, 99542,20210824,   79,    0
 18254, 99542,20210825,   86,    0
 18254, 99542,20210826,   93,    0
 18254, 99542,20210827,   99,    0
 18254, 99542,20210828,  102,    0
 18254, 99542,20210829,   93,    0
 18254, 99542,20210830,   88,    0
 18254, 99542,20210831,   76,    0
 18254, 99542,20210901,   47,    0
 18254, 99542,20210902,   41,    0
 18254, 99542,20210903,   39,    0
 18254, 99542,20210904,   43,    0
 18254, 99542,20210905,   60,    0
 18254, 99542,20210906,   85,    0
 18254, 99542,20210907,   82,    0
 18254, 99542,20210908,   73,    0
 18254, 99542,20210909,   61,    0
 18254, 99542,20210910,   60,    0
 18254, 99542,20210911,   62,    0
 18254, 99542,20210912,   56,    0
 18254, 99542,20210913,   31,    0
 18254, 99542,20210914,   34,    0
 18254, 99542,20210915,   54,    0
 18254, 99542,20210916,   53,    0
 18254, 99542,20210917,   66,    0
 18254, 99542,20210918,   74,    0
 18254, 99542,20210919,   71,    0
 18254, 99542,20210920,   66,    0
 18254, 99542,20210921,   70,    0
 18254, 99542,20210922,   98,    0
 18254, 99542,20210923,   91,    0
 18254, 99542,20210924,   55,    0
 18254, 99542,20210925,   49,    0
 18254, 99542,20210926,   66,    0
 18254, 99542,20210927,  132,    0
 18254, 99542,20210928,  120,    0
 18254, 99542,20210929,   69,    0
 18254, 99542,20210930,   62,    0
 18254, 99542,20211001,   84,    0
 18254, 99542,20211002,  126,    0
 18254, 99542,20211003,  107,    0
 18254, 99542,20211004,  131,    0
 18254, 99542,20211005,   97,    0
 18254, 99542,20211006,   63,    0
 18254, 99542,20211007,   25,    0
 18254, 99542,20211008,   26,    0
 18254, 99542,20211009,   52,    0
 18254, 99542,20211010,   71,    0
 18254, 99542,20211011,   46,    0
 18254, 99542,20211012,   19,    0
 18254, 99542,20211013,    3,    0
 18254, 99542,20211014,    2,    0
 18254, 99542,20211015,    3,    0
 18254, 99542,20211016,    2,    0
 18254, 99542,20211017,    7,    0
 18254, 99542,20211018,  -20,    0
 18254, 99542,20211019,  -37,    0
 18254, 99542,20211020,  -31,    0
 18254, 99542,20211021,  -19,    0
 18254, 99542,20211022,  -18,    0
 18254, 99542,20211023,  -35,    0
 18254, 99542,20211024,   -6,    0
 18254, 99542,20211025,  -16,    0
 18254, 99542,20211026,  -13,    0
 18254, 99542,20211027,   -8,    0
 18254, 99542,20211028,   15,    0
 18254, 99542,20211029,   28,    0
 18254, 99542,20211030,   27,    0
 18254, 99542,20211031,   37,    0
 18254, 99542,20211101,   55,    0
 18254, 99542,20211102,   53,    0
 18254, 99542,20211103,   30,    0
 18254, 99542,20211104,   29,    0
 18254, 99542,20211105,    4,    0
 18254, 99542,20211106,    2,    0
 18254, 99542,20211107,  -32,    0
 18254, 99542,20211108,  -34,    0
 18254, 99542,20211109,  -18,    0
 18254, 99542,20211110,    5,    0
 18254, 99542,20211111,   18,    0
 18254, 99542,20211112,    0,    0
 18254, 99542,20211113,   -7,    0
 18254, 99542,20211114,   -9,    0
 18254, 99542,20211115,   15,    0
 18254, 99542,20211116,   32,    0
 18254, 99542,20211117,   20,    0
 18254, 99542,20211118,    6,    0
 18254, 99542,20211119,   -9,    0
 18254, 99542,20211120,  -18,    0
 18254, 99542,20211121,  -50,    0
 18254, 99542,20211122,  -70,    0
 18254, 99542,20211123,  -55,    0
 18254, 99542,20211124,  -71,    0
 18254, 99542,20211125,  -98,    0
 18254, 99542,20211126, -102,    0
 18254, 99542,20211127, -120,    0
 18254, 99542,20211128, -131,    0
 18254, 99542,20211129, -142,    0
 18254, 99542,20211130, -113,    0
 18254, 99542,20211201, -101,    0
 18254, 99542,20211202,  -42,    0
 18254, 99542,20211203,  -70,    0
 18254, 99542,20211204,  -91,    0
 18254, 99542,20211205, -148,    0
 18254, 99542,20211206, -175,    0
 18254, 99542,20211207, -113,    0
 18254, 99542,20211208, -106,    0
 18254, 99542,20211209, -130,    0
 18254, 99542,20211210,  -46,    0
 18254, 99542,20211211,  -72,    0
 18254, 99542,20211212,  -35,    0
 18254, 99542,20211213,  -19,    0
 18254, 99542,20211214,  -39,    0
 18254, 99542,20211215,  -31,    0
 18254, 99542,20211216,   11,    0
 18254, 99542,20211217,   20,    0
 18254, 99542,20211218,    7,    0
 18254, 99542,20211219,  -21,    0
 18254, 99542,20211220,  -71,    0
 18254, 99542,20211221, -112,    0
 18254, 99542,20211222, -110,    0
 18254, 99542,20211223, -111,    0
 18254, 99542,20211224,  -81,    0
 18254, 99542,20211225,  -83,    0
 18254, 99542,20211226, -100,    0
 18254, 99542,20211227,  -80,    0
 18254, 99542,20211228, -100,    0
 18254, 99542,20211229, -149,    0
 18254, 99542,20211230, -101,    0
 18254, 99542,20211231,  -74,    0
 18254, 99542,20220101,  -69,    0
 18254, 99542,20220102,  -54,    0
 18254, 99542,20220103,  -51,    0
 18254, 99542,20220104, -101,    0
 18254, 99542,20220105,  -86,    0
 18254, 99542,20220106,  -81,    0
 18254, 99542,20220107,  -97,    0
 18254, 99542,20220108,  -91,    0
 18254, 99542,20220109, -105,    0
 18254, 99542,20220110, -145,    0
 18254, 99542,20220111, -102,    0
 18254, 99542,20220112,   15,    0
 18254, 99542,20220113,  -19,    0
 18254, 99542,20220114,  -16,    0
 18254, 99542,20220115,  -32,    0
 18254, 99542,20220116,  -18,    0
 18254, 99542,20220117,  -51,    0
 18254, 99542,20220118,   -7,    0
 18254, 99542,20220119,  -16,    0
 18254, 99542,20220120,  -36,    0
 18254, 99542,20220121,  -51,    0
 18254, 99542,20220122,  -51,    0
 18254, 99542,20220123,   38,    0
 18254, 99542,20220124,  -19,    0
 18254, 99542,20220125,  -39,    0
 18254, 99542,20220126,  -72,    0
 18254, 99542,20220127,  -94,    0
 18254, 99542,20220128,  -63,    0
 18254, 99542,20220129,  -69,    0
 18254, 99542,20220130,  -79,    0
 18254, 99542,20220131,  -96,    0
 18254, 99542,20220201, -133,    0
 18254, 99542,20220202,  -95,    0
 18254, 99542,20220203, -101,    0
 18254, 99542,20220204,  -91,    0
 18254, 99542,20220205,  -34,    0
 18254, 99542,20220206,  -25,    0
 18254, 99542,20220207,  -59,    0
 18254, 99542,20220208,  -41,    0
 18254, 99542,20220209,  -69,    0
 18254, 99542,20220210,  -74,    0
 18254, 99542,20220211,  -54,    0
 18254, 99542,20220212,  -93,    0
 18254, 99542,20220213, -111,    0
 18254, 99542,20220214,  -49,    0
 18254, 99542,20220215,  -80,    0
 18254, 99542,20220216,  -76,    0
 18254, 99542,20220217,  -61,    0
 18254, 99542,20220218,  -54,    0
 18254, 99542,20220219,  -60,    0
 18254, 99542,20220220,  -79,    0
 18254, 99542,20220221, -102,    0
 18254, 99542,20220222, -108,    0
 18254, 99542,20220223,  -95,    0
 18254, 99542,20220224,  -34,    0
 18254, 99542,20220225,  -42,    0
 18254, 99542,20220226,  -42,    0
 18254, 99542,20220227,   35,    0
 18254, 99542,20220228,   14,    0
 18254, 99542,20220301,   10,    0
 18254, 99542,20220302,   -7,    0
 18254, 99542,20220303,  -28,    0
 18254, 99542,20220304,  -53,    0
 18254, 99542,20220305,  -22,    0
 18254, 99542,20220306,  -23,    0
 18254, 99542,20220307,  -29,    0
 18254, 99542,20220308,  -45,    0
 18254, 99542,20220309,  -69,    0
 18254, 99542,20220310,   -9,    0
 18254, 99542,20220311,   19,    0
 18254, 99542,20220312,   40,    0
 18254, 99542,20220313,   13,    0
 18254, 99542,20220314,    4,    0
 18254, 99542,20220315,    7,    0
 18254, 99542,20220316,  -28,    0
 18254, 99542,20220317,   22,    0
 18254, 99542,20220318,   26,    0
 18254, 99542,20220319,   36,    0
 18254, 99542,20220320,   47,    0
 18254, 99542,20220321,   27,    0
 18254, 99542,20220322,   14,    0
 18254, 99542,20220323,   19,    0
 18254, 99542,20220324,  -25,    0
 18254, 99542,20220325,  -25,    0
 18254, 99542,20220326,  -54,    0
 18254, 99542,20220327,  -55,    0
 18254, 99542,20220328,  -81,    0
 18254, 99542,20220329,  -59,    0
 18254, 99542,20220330,  -46,    0
 18254, 99542,20220331,  -63,    0
 18254, 99542,20220401,  -40,    0
 18254, 99542,20220402,  -37,    0
 18254, 99542,20220403,  -68,    0
 18254, 99542,20220404,  -72,    0
 18254, 99542,20220405,  -81,    0
 18254, 99542,20220406,  -30,    0
 18254, 99542,20220407,  -26,    0
 18254, 99542,20220408,  -34,    0
 18254, 99542,20220409,    3,    0
 18254, 99542,20220410,   -6,    0
 18254, 99542,20220411,   -9,    0
 18254, 99542,20220412,    1,    0
 18254, 99542,20220413,   -7,    0
 18254, 99542,20220414,   -5,    0
 18254, 99542,20220415,   -6,    0
 18254, 99542,20220416,   15,    0
 18254, 99542,20220417,   31,    0
 18254, 99542,20220418,   39,    0
 18254, 99542,20220419,   66,    0
 18254, 99542,20220420,   73,    0
 18254, 99542,20220421,   32,    0
 18254, 99542,20220422,   20,    0
 18254, 99542,20220423,   33,    0
 18254, 99542,20220424,   23,    0
 18254, 99542,20220425,   -6,    0
 18254, 99542,20220426,  -52,    0
 18254, 99542,20220427,  -38,    0
 18254, 99542,20220428,  -40,    0
 18254, 99542,20220429,  -21,    0
 18254, 99542,20220430,  -17,    0
 18254, 99542,20220501,   -2,    0
 18254, 99542,20220502,  -14,    0
 18254, 99542,20220503,  -28,    0
 18254, 99542,20220504,  -17,    0
 18254, 99542,20220505,   21,    0
 18254, 99542,20220506,   55,    0
 18254, 99542,20220507,   17,    0
 18254, 99542,20220508,   -4,    0
 18254, 99542,20220509,   23,    0
 18254, 99542,20220510,   48,    0
 18254, 99542,20220511,   36,    0
 18254, 99542,20220512,   40,    0
 18254, 99542,20220513,   29,    0
 18254, 99542,20220514,   36,    0
 18254, 99542,20220515,   20,    0
 18254, 99542,20220516,   -1,    0
 18254, 99542,20220517,    5,    0
 18254, 99542,20220518,   33,    0
 18254, 99542,20220519,   46,    0
 18254, 99542,20220520,   64,    0
 18254, 99542,20220521,   73,    0
 18254, 99542,20220522,   84,    0
 18254, 99542,20220523,  102,    0
 18254, 99542,20220524,  113,    0
 18254, 99542,20220525,  118,    0
 18254, 99542,20220526,  111,    0
 18254, 99542,20220527,   78,    0
 18254, 99542,20220528,   56,    0
 18254, 99542,20220529,   87,    0
 18254, 99542,20220530,  121,    0
 18254, 99542,20220531,  128,    0
 18254, 99542,20220601,  115,    0
 18254, 99542,20220602,  131,    0
 18254, 99542,20220603,  103,    0
 18254, 99542,20220604,   72,    0
 18254, 99542,20220605,   41,    0
 18254, 99542,20220606,   73,    0
 18254, 99542,20220607,   47,    0
 18254, 99542,20220608,   49,    0
 18254, 99542,20220609,   58,    0
 18254, 99542,20220610,   82,    0
 18254, 99542,20220611,  101,    0
 18254, 99542,20220612,   97,    0
 18254, 99542,20220613,   95,    0
 18254, 99542,20220614,   97,    0
 18254, 99542,20220615,   86,    0
 18254, 99542,20220616,   87,    0
 18254, 99542,20220617,   94,    0
 18254, 99542,20220618,  104,    0
 18254, 99542,20220619,   87,    0
 18254, 99542,20220620,   80,    0
 18254, 99542,20220621,   81,    0
 18254, 99542,20220622,   85,    0
 18254, 99542,20220623,   97,    0
 18254, 99542,20220624,   92,    0
 18254, 99542,20220625,  177,    0
 18254, 99542,20220626,  195,    0
 18254, 99542,20220627,  226,    0
 18254, 99542,20220628,  237,    0
 18254, 99542,20220629,  160,    0
 18254, 99542,20220630,  152,    0
 18254, 99542,20220701,  227,    0
 18254, 99542,20220702,  232,    0
 18254, 99542,20220703,  143,    0
 18254, 99542,20220704,  157,    0
 18254, 99542,20220705,  147,    0
 18254, 99542,20220706,   91,    0
 18254, 99542,20220707,   86,    0
 18254, 99542,20220708,   84,    0
 18254, 99542,20220709,  114,    0
 18254, 99542,20220710,  121,    0
 18254, 99542,20220711,  128,    0
 18254, 99542,20220712,  181,    0
 18254, 99542,20220713,  116,    0
 18254, 99542,20220714,  103,    0
 18254, 99542,20220715,   83,    0
 18254, 99542,20220716,   81,    0
 18254, 99542,20220717,   75,    0
 18254, 99542,20220718,   92,    0
 18254, 99542,20220719,  108,    0
 18254, 99542,20220720,  151,    0
 18254, 99542,20220721,  112,    0
 18254, 99542,20220722,   94,    0
 18254, 99542,20220723,   92,    0
 18254, 99542,20220724,  104,    0
 18254, 99542,20220725,  133,    0
 18254, 99542,20220726,  127,    0
 18254, 99542,20220727,   84,    0
 18254, 99542,20220728,   87,    0
 18254, 99542,20220729,  115,    0
 18254, 99542,20220730,  155,    0
 18254, 99542,20220731,  155,    0
 18254, 99542,20220801,  164,    0
 18254, 99542,20220802,   95,    0
 18254, 99542,20220803,  141,    0
 18254, 99542,20220804,  118,    0
 18254, 99542,20220805,   99,    0
 18254, 99542,20220806,  115,    0
 18254, 99542,20220807,   81,    0
 18254, 99542,20220808,   88,    0
 18254, 99542,20220809,  103,    0
 18254, 99542,20220810,  119,    0
 18254, 99542,20220811,   98,    0
 18254, 99542,20220812,   86,    0
 18254, 99542,20220813,   87,    0
 18254, 99542,20220814,  102,    0
 18254, 99542,20220815,  169,    0
 18254, 99542,20220816,  199,    0
 18254, 99542,20220817,  120,    0
 18254, 99542,20220818,  114,    0
 18254, 99542,20220819,  164,    0
 18254, 99542,20220820,  162,    0
 18254, 99542,20220821,  175,    0
 18254, 99542,20220822,  124,    0
 18254, 99542,20220823,   88,    0
 18254, 99542,20220824,  116,    0
 18254, 99542,20220825,  157,    0
 18254, 99542,20220826,  163,    0
 18254, 99542,20220827,   99,    0
 18254, 99542,20220828,   85,    0
 18254, 99542,20220829,   75,    0
 18254, 99542,20220830,   66,    0
 18254, 99542,20220831,   65,    0
 18254, 99542,20220901,   68,    0
 18254, 99542,20220902,   67,    0
 18254, 99542,20220903,   57,    0
 18254, 99542,20220904,   70,    0
 18254, 99542,20220905,   64,    0
 18254, 99542,20220906,   62,    0
 18254, 99542,20220907,   58,    0
 18254, 99542,20220908,   81,    0
 18254, 99542,20220909,   61,    0
 18254, 99542,20220910,   68,    0
 18254, 99542,20220911,   68,    0
 18254, 99542,20220912,   71,    0
 18254, 99542,20220913,   88,    0
 18254, 99542,20220914,   70,    0
 18254, 99542,20220915,   74,    0
 18254, 99542,20220916,   89,    0
 18254, 99542,20220917,   80,    0
 18254, 99542,20220918,   79,    0
 18254, 99542,20220919,   63,    0
 18254, 99542,20220920,   31,    0
 18254, 99542,20220921,   54,    0
 18254, 99542,20220922,  113,    0
 18254, 99542,20220923,   91,    0
 18254, 99542,20220924,   78,    0
 18254, 99542,20220925,   98,    0
 18254, 99542,20220926,   78,    0
 18254, 99542,20220927,   83,    0
 18254, 99542,20220928,   64,    0
 18254, 99542,20220929,   78,    0
 18254, 99542,20220930,   44,    0
 18254, 99542,20221001,   21,    0
 18254, 99542,20221002,   46,    0
 18254, 99542,20221003,   63,    0
 18254, 99542,20221004,   68,    0
 18254, 99542,20221005,   67,    0
 18254, 99542,20221006,   57,    0
 18254, 99542,20221007,   63,    0
 18254, 99542,20221008,   38,    0
 18254, 99542,20221009,   39,    0
 18254, 99542,20221010,   63,    0
 18254, 99542,20221011,   66,    0
 18254, 99542,20221012,   31,    0
 18254, 99542,20221013,   39,    0
 18254, 99542,20221014,   36,    0
 18254, 99542,20221015,   60,    0
 18254, 99542,20221016,   35,    0
 18254, 99542,20221017,   25,    0
 18254, 99542,20221018,   10,    0
 18254, 99542,20221019,   36,    0
 18254, 99542,20221020,   19,    0
 18254, 99542,20221021,   21,    0
 18254, 99542,20221022,   15,    0
 18254, 99542,20221023,  -11,    0
 18254, 99542,20221024,  -22,    0
 18254, 99542,20221025,  -25,    0
 18254, 99542,20221026,   -4,    0
 18254, 99542,20221027,    5,    0
 18254, 99542,20221028,   21,    0
 18254, 99542,20221029,    0,    0
 18254, 99542,20221030,   14,    0
 18254, 99542,20221031,   14,    0
