EUROPEAN CLIMATE ASSESSMENT & DATASET (ECA&D), file created on: 16-11-2022
THESE DATA CAN BE USED FOR NON-COMMERCIAL RESEARCH AND EDUCATION PROVIDED THAT THE FOLLOWING SOURCE IS ACKNOWLEDGED: 

Klein Tank, A.M.G. and Coauthors, 2002. Daily dataset of 20th-century surface
air temperature and precipitation series for the European Climate Assessment.
Int. J. of Climatol., 22, 1441-1453.
Data and metadata available at http://www.ecad.eu

FILE FORMAT (MISSING VALUE CODE = -9999):

01-06 STAID: Station identifier
08-13 SOUID: Source identifier
15-22 DATE : Date YYYYMMDD
24-28 TG   : Mean temperature in 0.1 &#176;C
30-34 Q_TG : quality code for TG (0='valid'; 1='suspect'; 9='missing')

This is the blended series of station PLJEVLJA, MONTENEGRO (STAID: 11375)
Blended and updated with sources:75530 913363 
See files sources.txt and stations.txt for more info.

STAID, SOUID,    DATE,   TG, Q_TG
 11375, 75530,20160701,  222,    0
 11375, 75530,20160702,  215,    0
 11375, 75530,20160703,  216,    0
 11375, 75530,20160704,  177,    0
 11375, 75530,20160705,  189,    0
 11375, 75530,20160706,  193,    0
 11375, 75530,20160707,  194,    0
 11375, 75530,20160708,  179,    0
 11375, 75530,20160709,  204,    0
 11375,913363,20160710,  216,    0
 11375, 75530,20160711,  218,    0
 11375, 75530,20160712,  231,    0
 11375, 75530,20160713,  241,    0
 11375, 75530,20160714,  230,    0
 11375, 75530,20160715,  167,    0
 11375, 75530,20160716,  146,    0
 11375, 75530,20160717,  150,    0
 11375, 75530,20160718,  184,    0
 11375, 75530,20160719,  168,    0
 11375, 75530,20160720,  185,    0
 11375,913363,20160721,  191,    0
 11375, 75530,20160722,  214,    0
 11375, 75530,20160723,  235,    0
 11375, 75530,20160724,  231,    0
 11375, 75530,20160725,  204,    0
 11375, 75530,20160726,  201,    0
 11375, 75530,20160727,  227,    0
 11375, 75530,20160728,  226,    0
 11375, 75530,20160729,  217,    0
 11375, 75530,20160730,  226,    0
 11375, 75530,20160731,  219,    0
 11375, 75530,20160801,  210,    0
 11375, 75530,20160802,  190,    0
 11375, 75530,20160803,  193,    0
 11375, 75530,20160804,  192,    0
 11375, 75530,20160805,  231,    0
 11375, 75530,20160806,  168,    0
 11375, 75530,20160807,  158,    0
 11375, 75530,20160808,  183,    0
 11375, 75530,20160809,  202,    0
 11375, 75530,20160810,  217,    0
 11375, 75530,20160811,  165,    0
 11375, 75530,20160812,  148,    0
 11375, 75530,20160813,  130,    0
 11375, 75530,20160814,  157,    0
 11375, 75530,20160815,  188,    0
 11375, 75530,20160816,  198,    0
 11375, 75530,20160817,  199,    0
 11375, 75530,20160818,  199,    0
 11375, 75530,20160819,  199,    0
 11375, 75530,20160820,  131,    0
 11375, 75530,20160821,  215,    0
 11375, 75530,20160822,  168,    0
 11375,913363,20160823,  134,    0
 11375, 75530,20160824,  162,    0
 11375, 75530,20160825,  188,    0
 11375, 75530,20160826,  203,    0
 11375, 75530,20160827,  194,    0
 11375, 75530,20160828,  192,    0
 11375, 75530,20160829,  195,    0
 11375, 75530,20160830,  198,    0
 11375,913363,20160831,  205,    0
 11375, 75530,20160901,  193,    0
 11375, 75530,20160902,  185,    0
 11375, 75530,20160903,  172,    0
 11375, 75530,20160904,  180,    0
 11375, 75530,20160905,  161,    0
 11375, 75530,20160906,  136,    0
 11375, 75530,20160907,  162,    0
 11375, 75530,20160908,  186,    0
 11375, 75530,20160909,  172,    0
 11375, 75530,20160910,  188,    0
 11375, 75530,20160911,  183,    0
 11375, 75530,20160912,  200,    0
 11375, 75530,20160913,  190,    0
 11375, 75530,20160914,  181,    0
 11375, 75530,20160915,  177,    0
 11375, 75530,20160916,  191,    0
 11375, 75530,20160917,  189,    0
 11375, 75530,20160918,  160,    0
 11375, 75530,20160919,  161,    0
 11375, 75530,20160920,  133,    0
 11375, 75530,20160921,  132,    0
 11375, 75530,20160922,  128,    0
 11375, 75530,20160923,  116,    0
 11375, 75530,20160924,  113,    0
 11375, 75530,20160925,  106,    0
 11375, 75530,20160926,  120,    0
 11375, 75530,20160927,  110,    0
 11375, 75530,20160928,  123,    0
 11375, 75530,20160929,  132,    0
 11375, 75530,20160930,  142,    0
 11375, 75530,20161001,  145,    0
 11375, 75530,20161002,  149,    0
 11375, 75530,20161003,  173,    0
 11375, 75530,20161004,  134,    0
 11375, 75530,20161005,   71,    0
 11375, 75530,20161006,  -28,    0
 11375, 75530,20161007,   69,    0
 11375, 75530,20161008,   80,    0
 11375, 75530,20161009,   66,    0
 11375, 75530,20161010,   84,    0
 11375, 75530,20161011,   86,    0
 11375, 75530,20161012,   65,    0
 11375, 75530,20161013,   76,    0
 11375, 75530,20161014,  125,    0
 11375, 75530,20161015,  157,    0
 11375, 75530,20161016,  132,    0
 11375, 75530,20161017,  133,    0
 11375, 75530,20161018,  100,    0
 11375, 75530,20161019,  109,    0
 11375, 75530,20161020,  109,    0
 11375, 75530,20161021,  136,    0
 11375, 75530,20161022,  142,    0
 11375, 75530,20161023,   94,    0
 11375, 75530,20161024,  136,    0
 11375, 75530,20161025,  142,    0
 11375, 75530,20161026,  133,    0
 11375, 75530,20161027,  107,    0
 11375, 75530,20161028,   62,    0
 11375, 75530,20161029,   62,    0
 11375, 75530,20161030,   94,    0
 11375, 75530,20161031,   56,    0
 11375, 75530,20161101,   46,    0
 11375, 75530,20161102,   76,    0
 11375, 75530,20161103,  107,    0
 11375, 75530,20161104,   22,    0
 11375, 75530,20161105,   79,    0
 11375, 75530,20161106,  165,    0
 11375, 75530,20161107,  155,    0
 11375, 75530,20161108,   73,    0
 11375, 75530,20161109,   52,    0
 11375, 75530,20161110,   33,    0
 11375, 75530,20161111,   66,    0
 11375, 75530,20161112,   65,    0
 11375, 75530,20161113,   36,    0
 11375, 75530,20161114,    9,    0
 11375, 75530,20161115,   -2,    0
 11375, 75530,20161116,  -11,    0
 11375, 75530,20161117,   65,    0
 11375, 75530,20161118,   67,    0
 11375, 75530,20161119,   87,    0
 11375, 75530,20161120,  104,    0
 11375, 75530,20161121,   87,    0
 11375,913363,20161122,   78,    0
 11375, 75530,20161123,   70,    0
 11375, 75530,20161124,   61,    0
 11375, 75530,20161125,   29,    0
 11375, 75530,20161126,   71,    0
 11375, 75530,20161127,   58,    0
 11375, 75530,20161128,   30,    0
 11375, 75530,20161129,  -29,    0
 11375, 75530,20161130,  -22,    0
 11375, 75530,20161201,  -13,    0
 11375, 75530,20161202,   24,    0
 11375, 75530,20161203,   14,    0
 11375, 75530,20161204,   -9,    0
 11375, 75530,20161205,  -18,    0
 11375, 75530,20161206,   13,    0
 11375, 75530,20161207,  -18,    0
 11375, 75530,20161208,  -25,    0
 11375, 75530,20161209,    5,    0
 11375, 75530,20161210,    1,    0
 11375, 75530,20161211,   11,    0
 11375, 75530,20161212,  -13,    0
 11375, 75530,20161213,    3,    0
 11375, 75530,20161214,  -59,    0
 11375, 75530,20161215,  -28,    0
 11375, 75530,20161216,   -2,    0
 11375, 75530,20161217,  -31,    0
 11375, 75530,20161218,  -31,    0
 11375, 75530,20161219,  -21,    0
 11375, 75530,20161220,  -24,    0
 11375, 75530,20161221,  -22,    0
 11375, 75530,20161222,  -22,    0
 11375, 75530,20161223,  -14,    0
 11375, 75530,20161224,    4,    0
 11375, 75530,20161225,  -16,    0
 11375, 75530,20161226,   18,    0
 11375, 75530,20161227,   28,    0
 11375,913363,20161228,    7,    0
 11375, 75530,20161229,  -32,    0
 11375, 75530,20161230,  -35,    0
 11375, 75530,20161231,  -55,    0
 11375, 75530,20170101,  -72,    0
 11375, 75530,20170102,  -46,    0
 11375, 75530,20170103,  -27,    0
 11375, 75530,20170104,  -37,    0
 11375, 75530,20170105,  -39,    0
 11375, 75530,20170106,  -99,    0
 11375, 75530,20170107, -136,    0
 11375, 75530,20170108, -183,    0
 11375, 75530,20170109, -166,    0
 11375, 75530,20170110, -173,    0
 11375, 75530,20170111, -160,    0
 11375, 75530,20170112, -136,    0
 11375, 75530,20170113,  -26,    0
 11375, 75530,20170114,    6,    0
 11375,913363,20170115,-9999,    9
 11375, 75530,20170116,  -59,    0
 11375, 75530,20170117,  -26,    0
 11375, 75530,20170118,  -38,    0
 11375, 75530,20170119,  -51,    0
 11375, 75530,20170120,  -33,    0
 11375, 75530,20170121,  -33,    0
 11375, 75530,20170122,  -56,    0
 11375, 75530,20170123,  -64,    0
 11375, 75530,20170124,  -46,    0
 11375,913363,20170125,  -42,    0
 11375, 75530,20170126,  -39,    0
 11375, 75530,20170127,  -67,    0
 11375, 75530,20170128,  -60,    0
 11375, 75530,20170129,  -47,    0
 11375, 75530,20170130,  -37,    0
 11375, 75530,20170131,  -18,    0
 11375, 75530,20170201,   29,    0
 11375, 75530,20170202,   46,    0
 11375, 75530,20170203,   89,    0
 11375, 75530,20170204,   79,    0
 11375, 75530,20170205,   74,    0
 11375, 75530,20170206,  110,    0
 11375, 75530,20170207,   29,    0
 11375, 75530,20170208,   16,    0
 11375, 75530,20170209,   25,    0
 11375, 75530,20170210,   28,    0
 11375, 75530,20170211,   53,    0
 11375, 75530,20170212,   33,    0
 11375, 75530,20170213,   -2,    0
 11375, 75530,20170214,   15,    0
 11375, 75530,20170215,   22,    0
 11375, 75530,20170216,   48,    0
 11375,913363,20170217,-9999,    9
 11375, 75530,20170218,   44,    0
 11375, 75530,20170219,   18,    0
 11375, 75530,20170220,    5,    0
 11375, 75530,20170221,    2,    0
 11375, 75530,20170222,   63,    0
 11375, 75530,20170223,   57,    0
 11375, 75530,20170224,   86,    0
 11375, 75530,20170225,   20,    0
 11375, 75530,20170226,   39,    0
 11375, 75530,20170227,   78,    0
 11375, 75530,20170228,   85,    0
 11375, 75530,20170301,  105,    0
 11375, 75530,20170302,   63,    0
 11375, 75530,20170303,   54,    0
 11375, 75530,20170304,   68,    0
 11375, 75530,20170305,  112,    0
 11375, 75530,20170306,   68,    0
 11375, 75530,20170307,   76,    0
 11375, 75530,20170308,   25,    0
 11375, 75530,20170309,   62,    0
 11375, 75530,20170310,   51,    0
 11375, 75530,20170311,   30,    0
 11375, 75530,20170312,   22,    0
 11375, 75530,20170313,   14,    0
 11375, 75530,20170314,   48,    0
 11375, 75530,20170315,   51,    0
 11375, 75530,20170316,   75,    0
 11375, 75530,20170317,   74,    0
 11375, 75530,20170318,   72,    0
 11375, 75530,20170319,  114,    0
 11375, 75530,20170320,  110,    0
 11375, 75530,20170321,  118,    0
 11375, 75530,20170322,  119,    0
 11375, 75530,20170323,  115,    0
 11375,913363,20170324,  116,    0
 11375,913363,20170325,  128,    0
 11375, 75530,20170326,   45,    0
 11375, 75530,20170327,   35,    0
 11375, 75530,20170328,   60,    0
 11375, 75530,20170329,   79,    0
 11375, 75530,20170330,   81,    0
 11375, 75530,20170331,  121,    0
 11375, 75530,20170401,  107,    0
 11375, 75530,20170402,  114,    0
 11375, 75530,20170403,   92,    0
 11375, 75530,20170404,   85,    0
 11375, 75530,20170405,   96,    0
 11375, 75530,20170406,   73,    0
 11375, 75530,20170407,   38,    0
 11375, 75530,20170408,   74,    0
 11375, 75530,20170409,   93,    0
 11375, 75530,20170410,  102,    0
 11375, 75530,20170411,  121,    0
 11375, 75530,20170412,  117,    0
 11375, 75530,20170413,  113,    0
 11375, 75530,20170414,  126,    0
 11375, 75530,20170415,  144,    0
 11375, 75530,20170416,  104,    0
 11375, 75530,20170417,   63,    0
 11375, 75530,20170418,   56,    0
 11375, 75530,20170419,   24,    0
 11375, 75530,20170420,   -3,    0
 11375, 75530,20170421,   10,    0
 11375, 75530,20170422,   16,    0
 11375, 75530,20170423,   22,    0
 11375, 75530,20170424,   75,    0
 11375, 75530,20170425,   82,    0
 11375, 75530,20170426,  104,    0
 11375, 75530,20170427,  155,    0
 11375, 75530,20170428,  169,    0
 11375, 75530,20170429,  137,    0
 11375, 75530,20170430,   74,    0
 11375, 75530,20170501,  142,    0
 11375, 75530,20170502,  151,    0
 11375, 75530,20170503,  143,    0
 11375, 75530,20170504,  147,    0
 11375, 75530,20170505,  109,    0
 11375, 75530,20170506,  139,    0
 11375, 75530,20170507,  128,    0
 11375, 75530,20170508,  125,    0
 11375, 75530,20170509,  106,    0
 11375, 75530,20170510,  107,    0
 11375, 75530,20170511,  113,    0
 11375, 75530,20170512,  179,    0
 11375, 75530,20170513,  175,    0
 11375, 75530,20170514,  148,    0
 11375, 75530,20170515,  143,    0
 11375, 75530,20170516,  150,    0
 11375, 75530,20170517,  133,    0
 11375, 75530,20170518,  146,    0
 11375, 75530,20170519,  153,    0
 11375, 75530,20170520,  170,    0
 11375, 75530,20170521,  141,    0
 11375, 75530,20170522,  154,    0
 11375, 75530,20170523,  161,    0
 11375, 75530,20170524,  167,    0
 11375, 75530,20170525,  115,    0
 11375, 75530,20170526,  114,    0
 11375, 75530,20170527,  145,    0
 11375, 75530,20170528,  156,    0
 11375, 75530,20170529,  151,    0
 11375, 75530,20170530,  175,    0
 11375, 75530,20170531,  191,    0
 11375, 75530,20170601,  197,    0
 11375, 75530,20170602,  198,    0
 11375, 75530,20170603,  177,    0
 11375, 75530,20170604,  201,    0
 11375, 75530,20170605,  203,    0
 11375, 75530,20170606,  208,    0
 11375, 75530,20170607,  199,    0
 11375, 75530,20170608,  169,    0
 11375, 75530,20170609,  151,    0
 11375, 75530,20170610,  165,    0
 11375, 75530,20170611,  173,    0
 11375, 75530,20170612,  181,    0
 11375, 75530,20170613,  204,    0
 11375, 75530,20170614,  218,    0
 11375, 75530,20170615,  210,    0
 11375, 75530,20170616,  181,    0
 11375, 75530,20170617,  167,    0
 11375, 75530,20170618,  127,    0
 11375, 75530,20170619,  180,    0
 11375, 75530,20170620,  184,    0
 11375, 75530,20170621,  196,    0
 11375, 75530,20170622,  209,    0
 11375, 75530,20170623,  222,    0
 11375, 75530,20170624,  236,    0
 11375, 75530,20170625,  234,    0
 11375, 75530,20170626,  225,    0
 11375, 75530,20170627,  239,    0
 11375, 75530,20170628,  226,    0
 11375, 75530,20170629,  247,    0
 11375, 75530,20170630,  221,    0
 11375, 75530,20170701,  247,    0
 11375, 75530,20170702,  193,    0
 11375, 75530,20170703,  166,    0
 11375, 75530,20170704,  175,    0
 11375, 75530,20170705,  178,    0
 11375,913363,20170706,  206,    0
 11375, 75530,20170707,  218,    0
 11375, 75530,20170708,  232,    0
 11375, 75530,20170709,  235,    0
 11375, 75530,20170710,  247,    0
 11375, 75530,20170711,  245,    0
 11375, 75530,20170712,  225,    0
 11375, 75530,20170713,  200,    0
 11375, 75530,20170714,  195,    0
 11375, 75530,20170715,  162,    0
 11375, 75530,20170716,  156,    0
 11375, 75530,20170717,  158,    0
 11375, 75530,20170718,  183,    0
 11375, 75530,20170719,  203,    0
 11375, 75530,20170720,  220,    0
 11375, 75530,20170721,  224,    0
 11375, 75530,20170722,  235,    0
 11375, 75530,20170723,  234,    0
 11375, 75530,20170724,  241,    0
 11375, 75530,20170725,  186,    0
 11375, 75530,20170726,  191,    0
 11375, 75530,20170727,  155,    0
 11375, 75530,20170728,  184,    0
 11375, 75530,20170729,  210,    0
 11375,913363,20170730,  226,    0
 11375, 75530,20170731,  234,    0
 11375, 75530,20170801,  243,    0
 11375, 75530,20170802,  239,    0
 11375, 75530,20170803,  240,    0
 11375, 75530,20170804,  255,    0
 11375, 75530,20170805,  261,    0
 11375, 75530,20170806,  258,    0
 11375, 75530,20170807,  224,    0
 11375, 75530,20170808,  266,    0
 11375, 75530,20170809,  258,    0
 11375, 75530,20170810,  252,    0
 11375,913363,20170811,-9999,    9
 11375, 75530,20170812,  217,    0
 11375, 75530,20170813,  154,    0
 11375, 75530,20170814,  177,    0
 11375, 75530,20170815,  191,    0
 11375, 75530,20170816,  208,    0
 11375, 75530,20170817,  211,    0
 11375, 75530,20170818,  213,    0
 11375, 75530,20170819,  227,    0
 11375, 75530,20170820,  196,    0
 11375,913363,20170821,-9999,    9
 11375, 75530,20170822,  137,    0
 11375, 75530,20170823,  147,    0
 11375, 75530,20170824,  176,    0
 11375, 75530,20170825,  204,    0
 11375, 75530,20170826,  211,    0
 11375, 75530,20170827,  214,    0
 11375, 75530,20170828,  198,    0
 11375, 75530,20170829,  187,    0
 11375, 75530,20170830,  179,    0
 11375, 75530,20170831,  196,    0
 11375, 75530,20170901,  216,    0
 11375, 75530,20170902,  215,    0
 11375, 75530,20170903,  167,    0
 11375, 75530,20170904,  155,    0
 11375, 75530,20170905,  154,    0
 11375, 75530,20170906,  145,    0
 11375, 75530,20170907,  172,    0
 11375, 75530,20170908,  195,    0
 11375, 75530,20170909,  169,    0
 11375, 75530,20170910,  172,    0
 11375, 75530,20170911,  205,    0
 11375, 75530,20170912,  187,    0
 11375, 75530,20170913,  192,    0
 11375, 75530,20170914,  173,    0
 11375, 75530,20170915,  166,    0
 11375, 75530,20170916,  179,    0
 11375, 75530,20170917,  199,    0
 11375, 75530,20170918,  181,    0
 11375, 75530,20170919,  132,    0
 11375, 75530,20170920,  139,    0
 11375, 75530,20170921,   88,    0
 11375, 75530,20170922,   94,    0
 11375, 75530,20170923,  129,    0
 11375, 75530,20170924,  136,    0
 11375, 75530,20170925,  123,    0
 11375, 75530,20170926,  135,    0
 11375, 75530,20170927,  130,    0
 11375, 75530,20170928,  123,    0
 11375,913363,20170929,  107,    0
 11375, 75530,20170930,  113,    0
 11375, 75530,20171001,  120,    0
 11375, 75530,20171002,  139,    0
 11375, 75530,20171003,  139,    0
 11375, 75530,20171004,  136,    0
 11375, 75530,20171005,  148,    0
 11375, 75530,20171006,  106,    0
 11375, 75530,20171007,   34,    0
 11375, 75530,20171008,   82,    0
 11375, 75530,20171009,   95,    0
 11375, 75530,20171010,  107,    0
 11375, 75530,20171011,  123,    0
 11375, 75530,20171012,  125,    0
 11375, 75530,20171013,  117,    0
 11375, 75530,20171014,  104,    0
 11375, 75530,20171015,  131,    0
 11375, 75530,20171016,  145,    0
 11375, 75530,20171017,  160,    0
 11375, 75530,20171018,  153,    0
 11375, 75530,20171019,  134,    0
 11375, 75530,20171020,  128,    0
 11375, 75530,20171021,  122,    0
 11375, 75530,20171022,  106,    0
 11375, 75530,20171023,   86,    0
 11375, 75530,20171024,   46,    0
 11375, 75530,20171025,   76,    0
 11375, 75530,20171026,   89,    0
 11375, 75530,20171027,   75,    0
 11375, 75530,20171028,   68,    0
 11375, 75530,20171029,   71,    0
 11375, 75530,20171030,   59,    0
 11375, 75530,20171031,   22,    0
 11375, 75530,20171101,   42,    0
 11375, 75530,20171102,   65,    0
 11375, 75530,20171103,   33,    0
 11375, 75530,20171104,   92,    0
 11375, 75530,20171105,   58,    0
 11375, 75530,20171106,   72,    0
 11375, 75530,20171107,  102,    0
 11375, 75530,20171108,   99,    0
 11375, 75530,20171109,   84,    0
 11375, 75530,20171110,   70,    0
 11375, 75530,20171111,   92,    0
 11375, 75530,20171112,   87,    0
 11375, 75530,20171113,  110,    0
 11375, 75530,20171114,   20,    0
 11375, 75530,20171115,   18,    0
 11375, 75530,20171116,   33,    0
 11375, 75530,20171117,   43,    0
 11375, 75530,20171118,   50,    0
 11375, 75530,20171119,   47,    0
 11375, 75530,20171120,   14,    0
 11375, 75530,20171121,   21,    0
 11375, 75530,20171122,   34,    0
 11375, 75530,20171123,    4,    0
 11375, 75530,20171124,   43,    0
 11375, 75530,20171125,   12,    0
 11375, 75530,20171126,   66,    0
 11375, 75530,20171127,   -2,    0
 11375, 75530,20171128,  -16,    0
 11375, 75530,20171129,   -4,    0
 11375, 75530,20171130,   79,    0
 11375, 75530,20171201,   60,    0
 11375, 75530,20171202,   17,    0
 11375, 75530,20171203,    6,    0
 11375, 75530,20171204,   -8,    0
 11375, 75530,20171205,  -19,    0
 11375, 75530,20171206,    6,    0
 11375, 75530,20171207,  -35,    0
 11375, 75530,20171208,  -14,    0
 11375, 75530,20171209,   68,    0
 11375, 75530,20171210,  -26,    0
 11375, 75530,20171211,   56,    0
 11375, 75530,20171212,  118,    0
 11375, 75530,20171213,  110,    0
 11375, 75530,20171214,   42,    0
 11375, 75530,20171215,   89,    0
 11375, 75530,20171216,   80,    0
 11375, 75530,20171217,   11,    0
 11375, 75530,20171218,  -12,    0
 11375, 75530,20171219,  -17,    0
 11375, 75530,20171220,  -42,    0
 11375, 75530,20171221,  -32,    0
 11375, 75530,20171222,  -67,    0
 11375, 75530,20171223,    7,    0
 11375, 75530,20171224,   49,    0
 11375, 75530,20171225,   -8,    0
 11375, 75530,20171226,    8,    0
 11375, 75530,20171227,   76,    0
 11375, 75530,20171228,   68,    0
 11375, 75530,20171229,    4,    0
 11375, 75530,20171230,    2,    0
 11375, 75530,20171231,  -11,    0
 11375, 75530,20180101,  -14,    0
 11375, 75530,20180102,   38,    0
 11375, 75530,20180103,   43,    0
 11375, 75530,20180104,   26,    0
 11375, 75530,20180105,   40,    0
 11375, 75530,20180106,    0,    0
 11375, 75530,20180107,   61,    0
 11375, 75530,20180108,   63,    0
 11375, 75530,20180109,   71,    0
 11375, 75530,20180110,   83,    0
 11375, 75530,20180111,   47,    0
 11375, 75530,20180112,   28,    0
 11375, 75530,20180113,   33,    0
 11375, 75530,20180114,   14,    0
 11375, 75530,20180115,    7,    0
 11375, 75530,20180116,   43,    0
 11375, 75530,20180117,   78,    0
 11375, 75530,20180118,   18,    0
 11375, 75530,20180119,   23,    0
 11375, 75530,20180120,   14,    0
 11375, 75530,20180121,   -9,    0
 11375,913363,20180122,-9999,    9
 11375, 75530,20180123,  -47,    0
 11375, 75530,20180124,   26,    0
 11375, 75530,20180125,   -7,    0
 11375, 75530,20180126,    0,    0
 11375, 75530,20180127,   12,    0
 11375, 75530,20180128,   12,    0
 11375, 75530,20180129,   23,    0
 11375, 75530,20180130,   37,    0
 11375, 75530,20180131,   39,    0
 11375, 75530,20180201,   45,    0
 11375, 75530,20180202,   40,    0
 11375, 75530,20180203,   90,    0
 11375, 75530,20180204,   32,    0
 11375, 75530,20180205,   38,    0
 11375, 75530,20180206,    2,    0
 11375, 75530,20180207,   44,    0
 11375, 75530,20180208,   76,    0
 11375, 75530,20180209,   53,    0
 11375, 75530,20180210,    1,    0
 11375, 75530,20180211,   -1,    0
 11375, 75530,20180212,  -12,    0
 11375, 75530,20180213,   11,    0
 11375, 75530,20180214,   14,    0
 11375, 75530,20180215,  -10,    0
 11375, 75530,20180216,   28,    0
 11375, 75530,20180217,   58,    0
 11375, 75530,20180218,   40,    0
 11375, 75530,20180219,    4,    0
 11375, 75530,20180220,   10,    0
 11375, 75530,20180221,   15,    0
 11375, 75530,20180222,   53,    0
 11375, 75530,20180223,   53,    0
 11375, 75530,20180224,   20,    0
 11375, 75530,20180225,  -45,    0
 11375, 75530,20180226,  -64,    0
 11375, 75530,20180227,  -88,    0
 11375, 75530,20180228,  -70,    0
 11375, 75530,20180301,  -92,    0
 11375, 75530,20180302,   47,    0
 11375, 75530,20180303,   59,    0
 11375, 75530,20180304,   52,    0
 11375, 75530,20180305,   90,    0
 11375,913363,20180306,-9999,    9
 11375, 75530,20180307,   78,    0
 11375, 75530,20180308,   77,    0
 11375, 75530,20180309,   56,    0
 11375, 75530,20180310,   69,    0
 11375, 75530,20180311,   91,    0
 11375, 75530,20180312,  122,    0
 11375, 75530,20180313,   93,    0
 11375, 75530,20180314,   73,    0
 11375, 75530,20180315,   93,    0
 11375, 75530,20180316,  105,    0
 11375, 75530,20180317,  130,    0
 11375, 75530,20180318,   97,    0
 11375, 75530,20180319,   78,    0
 11375, 75530,20180320,   72,    0
 11375, 75530,20180321,  -10,    0
 11375, 75530,20180322,  -19,    0
 11375, 75530,20180323,  -28,    0
 11375, 75530,20180324,    0,    0
 11375, 75530,20180325,   12,    0
 11375,913363,20180326,-9999,    9
 11375, 75530,20180327,   46,    0
 11375, 75530,20180328,   50,    0
 11375, 75530,20180329,   61,    0
 11375, 75530,20180330,   89,    0
 11375, 75530,20180331,  126,    0
 11375, 75530,20180401,   80,    0
 11375, 75530,20180402,   82,    0
 11375, 75530,20180403,   94,    0
 11375, 75530,20180404,  113,    0
 11375, 75530,20180405,  115,    0
 11375, 75530,20180406,   77,    0
 11375, 75530,20180407,  129,    0
 11375, 75530,20180408,  137,    0
 11375, 75530,20180409,  125,    0
 11375, 75530,20180410,  147,    0
 11375, 75530,20180411,  116,    0
 11375, 75530,20180412,  141,    0
 11375, 75530,20180413,  162,    0
 11375, 75530,20180414,  149,    0
 11375, 75530,20180415,  153,    0
 11375, 75530,20180416,  155,    0
 11375, 75530,20180417,  109,    0
 11375, 75530,20180418,  124,    0
 11375, 75530,20180419,  154,    0
 11375, 75530,20180420,  119,    0
 11375, 75530,20180421,  128,    0
 11375, 75530,20180422,  148,    0
 11375, 75530,20180423,  158,    0
 11375, 75530,20180424,  163,    0
 11375, 75530,20180425,  170,    0
 11375, 75530,20180426,  167,    0
 11375, 75530,20180427,  168,    0
 11375, 75530,20180428,  167,    0
 11375, 75530,20180429,  187,    0
 11375, 75530,20180430,  177,    0
 11375, 75530,20180501,  174,    0
 11375, 75530,20180502,  171,    0
 11375, 75530,20180503,  156,    0
 11375, 75530,20180504,  174,    0
 11375, 75530,20180505,  166,    0
 11375, 75530,20180506,  156,    0
 11375, 75530,20180507,  174,    0
 11375, 75530,20180508,  280,    0
 11375, 75530,20180509,  163,    0
 11375, 75530,20180510,  157,    0
 11375, 75530,20180511,  160,    0
 11375, 75530,20180512,  160,    0
 11375, 75530,20180513,  173,    0
 11375, 75530,20180514,  151,    0
 11375, 75530,20180515,  156,    0
 11375, 75530,20180516,  125,    0
 11375, 75530,20180517,  116,    0
 11375, 75530,20180518,  129,    0
 11375, 75530,20180519,  151,    0
 11375, 75530,20180520,  141,    0
 11375, 75530,20180521,  165,    0
 11375, 75530,20180522,  175,    0
 11375, 75530,20180523,  182,    0
 11375, 75530,20180524,  177,    0
 11375, 75530,20180525,  185,    0
 11375, 75530,20180526,  182,    0
 11375, 75530,20180527,  195,    0
 11375, 75530,20180528,  194,    0
 11375, 75530,20180529,  190,    0
 11375, 75530,20180530,  189,    0
 11375, 75530,20180531,  200,    0
 11375, 75530,20180601,  197,    0
 11375, 75530,20180602,  205,    0
 11375, 75530,20180603,  203,    0
 11375, 75530,20180604,  194,    0
 11375, 75530,20180605,  202,    0
 11375, 75530,20180606,  194,    0
 11375, 75530,20180607,  212,    0
 11375, 75530,20180608,  225,    0
 11375, 75530,20180609,  193,    0
 11375, 75530,20180610,  188,    0
 11375, 75530,20180611,  214,    0
 11375, 75530,20180612,  227,    0
 11375, 75530,20180613,  201,    0
 11375, 75530,20180614,  176,    0
 11375, 75530,20180615,  150,    0
 11375, 75530,20180616,  174,    0
 11375, 75530,20180617,  190,    0
 11375, 75530,20180618,  196,    0
 11375, 75530,20180619,  190,    0
 11375, 75530,20180620,  217,    0
 11375, 75530,20180621,  218,    0
 11375, 75530,20180622,  191,    0
 11375, 75530,20180623,  130,    0
 11375, 75530,20180624,  110,    0
 11375, 75530,20180625,  118,    0
 11375, 75530,20180626,  147,    0
 11375, 75530,20180627,  128,    0
 11375, 75530,20180628,  152,    0
 11375, 75530,20180629,  146,    0
 11375, 75530,20180630,  193,    0
 11375, 75530,20180701,  178,    0
 11375, 75530,20180702,  214,    0
 11375, 75530,20180703,  216,    0
 11375, 75530,20180704,  225,    0
 11375, 75530,20180705,  222,    0
 11375, 75530,20180706,  204,    0
 11375, 75530,20180707,  183,    0
 11375, 75530,20180708,  197,    0
 11375, 75530,20180709,  160,    0
 11375, 75530,20180710,  179,    0
 11375, 75530,20180711,  203,    0
 11375, 75530,20180712,  220,    0
 11375, 75530,20180713,  202,    0
 11375, 75530,20180714,  209,    0
 11375, 75530,20180715,  182,    0
 11375, 75530,20180716,  211,    0
 11375, 75530,20180717,  194,    0
 11375, 75530,20180718,  198,    0
 11375, 75530,20180719,  195,    0
 11375, 75530,20180720,  214,    0
 11375, 75530,20180721,  209,    0
 11375, 75530,20180722,  217,    0
 11375, 75530,20180723,  179,    0
 11375, 75530,20180724,  192,    0
 11375, 75530,20180725,  209,    0
 11375, 75530,20180726,  196,    0
 11375, 75530,20180727,  218,    0
 11375, 75530,20180728,  203,    0
 11375, 75530,20180729,  206,    0
 11375, 75530,20180730,  216,    0
 11375,913363,20180731,  226,    0
 11375, 75530,20180801,  225,    0
 11375, 75530,20180802,  224,    0
 11375, 75530,20180803,  228,    0
 11375, 75530,20180804,  222,    0
 11375, 75530,20180805,  209,    0
 11375, 75530,20180806,  206,    0
 11375,913363,20180807,  221,    0
 11375, 75530,20180808,  222,    0
 11375, 75530,20180809,  231,    0
 11375,913363,20180810,  243,    0
 11375, 75530,20180811,  226,    0
 11375, 75530,20180812,  228,    0
 11375, 75530,20180813,  218,    0
 11375, 75530,20180814,  226,    0
 11375, 75530,20180815,  192,    0
 11375, 75530,20180816,  203,    0
 11375, 75530,20180817,  217,    0
 11375, 75530,20180818,  212,    0
 11375, 75530,20180819,  208,    0
 11375, 75530,20180820,  199,    0
 11375, 75530,20180821,  201,    0
 11375, 75530,20180822,  213,    0
 11375, 75530,20180823,  214,    0
 11375, 75530,20180824,  201,    0
 11375, 75530,20180825,  202,    0
 11375, 75530,20180826,  207,    0
 11375, 75530,20180827,  150,    0
 11375, 75530,20180828,  164,    0
 11375, 75530,20180829,  194,    0
 11375, 75530,20180830,  221,    0
 11375, 75530,20180831,  216,    0
 11375, 75530,20180901,  205,    0
 11375, 75530,20180902,  197,    0
 11375, 75530,20180903,  191,    0
 11375, 75530,20180904,  171,    0
 11375, 75530,20180905,  175,    0
 11375, 75530,20180906,  188,    0
 11375, 75530,20180907,  185,    0
 11375, 75530,20180908,  178,    0
 11375, 75530,20180909,  286,    0
 11375, 75530,20180910,  173,    0
 11375, 75530,20180911,  148,    0
 11375, 75530,20180912,  172,    0
 11375, 75530,20180913,  179,    0
 11375, 75530,20180914,  176,    0
 11375, 75530,20180915,  180,    0
 11375, 75530,20180916,  142,    0
 11375, 75530,20180917,  155,    0
 11375, 75530,20180918,  172,    0
 11375, 75530,20180919,  184,    0
 11375, 75530,20180920,  197,    0
 11375, 75530,20180921,  196,    0
 11375, 75530,20180922,  195,    0
 11375, 75530,20180923,  213,    0
 11375, 75530,20180924,  177,    0
 11375, 75530,20180925,   82,    0
 11375, 75530,20180926,   67,    0
 11375, 75530,20180927,   75,    0
 11375, 75530,20180928,  112,    0
 11375, 75530,20180929,   87,    0
 11375, 75530,20180930,  133,    0
 11375, 75530,20181001,  127,    0
 11375, 75530,20181002,  116,    0
 11375, 75530,20181003,  127,    0
 11375, 75530,20181004,  110,    0
 11375, 75530,20181005,  135,    0
 11375, 75530,20181006,  176,    0
 11375, 75530,20181007,  162,    0
 11375, 75530,20181008,  152,    0
 11375, 75530,20181009,  162,    0
 11375, 75530,20181010,  136,    0
 11375, 75530,20181011,  128,    0
 11375, 75530,20181012,  126,    0
 11375, 75530,20181013,  125,    0
 11375, 75530,20181014,  137,    0
 11375, 75530,20181015,  134,    0
 11375, 75530,20181016,  138,    0
 11375, 75530,20181017,  132,    0
 11375, 75530,20181018,  126,    0
 11375, 75530,20181019,  133,    0
 11375, 75530,20181020,  128,    0
 11375, 75530,20181021,  103,    0
 11375, 75530,20181022,   71,    0
 11375, 75530,20181023,   93,    0
 11375, 75530,20181024,   96,    0
 11375, 75530,20181025,   65,    0
 11375, 75530,20181026,  106,    0
 11375, 75530,20181027,  145,    0
 11375, 75530,20181028,  166,    0
 11375, 75530,20181029,  162,    0
 11375, 75530,20181030,  152,    0
 11375, 75530,20181031,  118,    0
 11375,913363,20181101,  143,    0
 11375, 75530,20181102,  169,    0
 11375, 75530,20181103,  164,    0
 11375, 75530,20181104,  136,    0
 11375, 75530,20181105,  124,    0
 11375, 75530,20181106,  113,    0
 11375, 75530,20181107,  103,    0
 11375, 75530,20181108,  102,    0
 11375, 75530,20181109,   90,    0
 11375, 75530,20181110,   76,    0
 11375, 75530,20181111,   85,    0
 11375, 75530,20181112,   82,    0
 11375, 75530,20181113,   90,    0
 11375, 75530,20181114,   74,    0
 11375, 75530,20181115,   30,    0
 11375, 75530,20181116,   51,    0
 11375, 75530,20181117,   14,    0
 11375, 75530,20181118,    0,    0
 11375, 75530,20181119,   22,    0
 11375, 75530,20181120,   56,    0
 11375, 75530,20181121,   84,    0
 11375, 75530,20181122,   83,    0
 11375, 75530,20181123,   87,    0
 11375, 75530,20181124,   37,    0
 11375, 75530,20181125,   92,    0
 11375, 75530,20181126,   99,    0
 11375, 75530,20181127,   19,    0
 11375, 75530,20181128,    2,    0
 11375, 75530,20181129,   -9,    0
 11375, 75530,20181130,  -35,    0
 11375, 75530,20181201,  -24,    0
 11375, 75530,20181202,  -13,    0
 11375, 75530,20181203,    7,    0
 11375, 75530,20181204,   38,    0
 11375, 75530,20181205,   31,    0
 11375, 75530,20181206,  -13,    0
 11375, 75530,20181207,   -3,    0
 11375, 75530,20181208,    0,    0
 11375,913363,20181209,-9999,    9
 11375, 75530,20181210,   16,    0
 11375, 75530,20181211,    1,    0
 11375, 75530,20181212,   -1,    0
 11375, 75530,20181213,  -38,    0
 11375,913363,20181214,    4,    0
 11375, 75530,20181215,   -5,    0
 11375, 75530,20181216,  -15,    0
 11375, 75530,20181217,  -75,    0
 11375, 75530,20181218,  -19,    0
 11375, 75530,20181219,   -1,    0
 11375, 75530,20181220,  -21,    0
 11375, 75530,20181221,  -11,    0
 11375, 75530,20181222,   15,    0
 11375, 75530,20181223,   19,    0
 11375, 75530,20181224,   27,    0
 11375, 75530,20181225,   -6,    0
 11375, 75530,20181226,    5,    0
 11375, 75530,20181227,  -48,    0
 11375, 75530,20181228,  -16,    0
 11375, 75530,20181229,    1,    0
 11375, 75530,20181230,   25,    0
 11375, 75530,20181231,   14,    0
 11375, 75530,20190101,   15,    0
 11375, 75530,20190102,  -45,    0
 11375, 75530,20190103,  -40,    0
 11375, 75530,20190104,  -64,    0
 11375, 75530,20190105,  -68,    0
 11375, 75530,20190106,  -30,    0
 11375, 75530,20190107,  -51,    0
 11375, 75530,20190108,  -95,    0
 11375, 75530,20190109,  -47,    0
 11375, 75530,20190110,  -21,    0
 11375, 75530,20190111,  -31,    0
 11375, 75530,20190112,  -33,    0
 11375, 75530,20190113,  -18,    0
 11375, 75530,20190114,  -41,    0
 11375, 75530,20190115,  -26,    0
 11375, 75530,20190116,  -63,    0
 11375, 75530,20190117,  -53,    0
 11375, 75530,20190118,  -16,    0
 11375, 75530,20190119,   37,    0
 11375, 75530,20190120,   35,    0
 11375, 75530,20190121,   14,    0
 11375, 75530,20190122,   29,    0
 11375, 75530,20190123,   46,    0
 11375, 75530,20190124,    1,    0
 11375, 75530,20190125,  -22,    0
 11375, 75530,20190126,  -53,    0
 11375, 75530,20190127,  -38,    0
 11375, 75530,20190128,   68,    0
 11375, 75530,20190129,   39,    0
 11375, 75530,20190130,   42,    0
 11375, 75530,20190131,   34,    0
 11375, 75530,20190201,   45,    0
 11375, 75530,20190202,   84,    0
 11375, 75530,20190203,  123,    0
 11375, 75530,20190204,    7,    0
 11375, 75530,20190205,    7,    0
 11375, 75530,20190206,   11,    0
 11375, 75530,20190207,   22,    0
 11375, 75530,20190208,   15,    0
 11375, 75530,20190209,   20,    0
 11375, 75530,20190210,   28,    0
 11375,913363,20190211,-9999,    9
 11375, 75530,20190212,    0,    0
 11375, 75530,20190213,  -18,    0
 11375, 75530,20190214,  -62,    0
 11375, 75530,20190215,   21,    0
 11375, 75530,20190216,   15,    0
 11375, 75530,20190217,   22,    0
 11375, 75530,20190218,   32,    0
 11375, 75530,20190219,   49,    0
 11375, 75530,20190220,   41,    0
 11375, 75530,20190221,   42,    0
 11375, 75530,20190222,    3,    0
 11375, 75530,20190223,  -65,    0
 11375, 75530,20190224,  -40,    0
 11375, 75530,20190225,  -23,    0
 11375, 75530,20190226,    2,    0
 11375, 75530,20190227,   30,    0
 11375, 75530,20190228,   58,    0
 11375, 75530,20190301,   53,    0
 11375, 75530,20190302,   58,    0
 11375, 75530,20190303,   60,    0
 11375, 75530,20190304,   58,    0
 11375, 75530,20190305,   99,    0
 11375, 75530,20190306,   87,    0
 11375, 75530,20190307,  120,    0
 11375, 75530,20190308,  124,    0
 11375, 75530,20190309,   99,    0
 11375, 75530,20190310,   92,    0
 11375, 75530,20190311,   58,    0
 11375, 75530,20190312,    7,    0
 11375, 75530,20190313,    4,    0
 11375, 75530,20190314,   21,    0
 11375, 75530,20190315,   37,    0
 11375, 75530,20190316,   67,    0
 11375, 75530,20190317,   90,    0
 11375, 75530,20190318,   84,    0
 11375, 75530,20190319,   89,    0
 11375, 75530,20190320,   47,    0
 11375, 75530,20190321,   66,    0
 11375, 75530,20190322,   58,    0
 11375, 75530,20190323,   70,    0
 11375, 75530,20190324,   87,    0
 11375, 75530,20190325,   95,    0
 11375, 75530,20190326,   48,    0
 11375, 75530,20190327,   41,    0
 11375, 75530,20190328,   40,    0
 11375, 75530,20190329,   39,    0
 11375, 75530,20190330,   71,    0
 11375, 75530,20190331,   87,    0
 11375, 75530,20190401,   87,    0
 11375, 75530,20190402,  105,    0
 11375, 75530,20190403,   93,    0
 11375, 75530,20190404,   82,    0
 11375, 75530,20190405,  129,    0
 11375, 75530,20190406,  141,    0
 11375, 75530,20190407,  123,    0
 11375, 75530,20190408,  102,    0
 11375, 75530,20190409,   91,    0
 11375, 75530,20190410,  121,    0
 11375, 75530,20190411,  112,    0
 11375, 75530,20190412,   79,    0
 11375, 75530,20190413,   71,    0
 11375, 75530,20190414,   82,    0
 11375, 75530,20190415,   92,    0
 11375, 75530,20190416,  108,    0
 11375, 75530,20190417,   71,    0
 11375, 75530,20190418,   89,    0
 11375, 75530,20190419,   82,    0
 11375, 75530,20190420,   83,    0
 11375, 75530,20190421,   98,    0
 11375, 75530,20190422,  114,    0
 11375, 75530,20190423,  150,    0
 11375, 75530,20190424,  152,    0
 11375, 75530,20190425,  159,    0
 11375, 75530,20190426,  165,    0
 11375, 75530,20190427,  138,    0
 11375, 75530,20190428,   95,    0
 11375, 75530,20190429,  106,    0
 11375, 75530,20190430,   89,    0
 11375, 75530,20190501,   97,    0
 11375, 75530,20190502,  113,    0
 11375, 75530,20190503,   98,    0
 11375, 75530,20190504,  108,    0
 11375, 75530,20190505,  137,    0
 11375, 75530,20190506,  101,    0
 11375, 75530,20190507,   53,    0
 11375, 75530,20190508,   87,    0
 11375, 75530,20190509,   94,    0
 11375, 75530,20190510,  101,    0
 11375, 75530,20190511,  120,    0
 11375, 75530,20190512,  131,    0
 11375, 75530,20190513,  118,    0
 11375, 75530,20190514,   88,    0
 11375, 75530,20190515,   84,    0
 11375, 75530,20190516,   99,    0
 11375, 75530,20190517,  128,    0
 11375, 75530,20190518,  140,    0
 11375, 75530,20190519,  136,    0
 11375, 75530,20190520,  134,    0
 11375, 75530,20190521,  120,    0
 11375,913363,20190522,-9999,    9
 11375, 75530,20190523,  141,    0
 11375, 75530,20190524,  147,    0
 11375, 75530,20190525,  155,    0
 11375, 75530,20190526,  155,    0
 11375, 75530,20190527,  166,    0
 11375, 75530,20190528,  141,    0
 11375, 75530,20190529,  156,    0
 11375, 75530,20190530,  141,    0
 11375, 75530,20190531,  129,    0
 11375, 75530,20190601,  133,    0
 11375, 75530,20190602,  147,    0
 11375, 75530,20190603,  127,    0
 11375, 75530,20190604,  172,    0
 11375, 75530,20190605,  180,    0
 11375, 75530,20190606,  193,    0
 11375, 75530,20190607,  199,    0
 11375, 75530,20190608,  215,    0
 11375, 75530,20190609,  213,    0
 11375, 75530,20190610,  202,    0
 11375,913363,20190611,-9999,    9
 11375, 75530,20190612,  219,    0
 11375, 75530,20190613,  232,    0
 11375, 75530,20190614,  222,    0
 11375, 75530,20190615,  229,    0
 11375,913363,20190616,-9999,    9
 11375, 75530,20190617,  195,    0
 11375, 75530,20190618,  178,    0
 11375, 75530,20190619,  211,    0
 11375, 75530,20190620,  215,    0
 11375, 75530,20190621,  212,    0
 11375, 75530,20190622,  217,    0
 11375, 75530,20190623,  220,    0
 11375, 75530,20190624,  195,    0
 11375, 75530,20190625,  215,    0
 11375, 75530,20190626,  219,    0
 11375, 75530,20190627,  224,    0
 11375, 75530,20190628,  208,    0
 11375, 75530,20190629,  174,    0
 11375, 75530,20190630,  184,    0
 11375, 75530,20190701,  230,    0
 11375, 75530,20190702,  234,    0
 11375,913363,20190703,-9999,    9
 11375, 75530,20190704,  225,    0
 11375, 75530,20190705,  205,    0
 11375, 75530,20190706,  219,    0
 11375, 75530,20190707,  219,    0
 11375, 75530,20190708,  222,    0
 11375, 75530,20190709,  219,    0
 11375, 75530,20190710,  161,    0
 11375, 75530,20190711,  147,    0
 11375, 75530,20190712,  149,    0
 11375, 75530,20190713,  158,    0
 11375, 75530,20190714,  156,    0
 11375, 75530,20190715,  169,    0
 11375, 75530,20190716,  168,    0
 11375, 75530,20190717,  154,    0
 11375, 75530,20190718,  188,    0
 11375, 75530,20190719,  198,    0
 11375, 75530,20190720,  197,    0
 11375, 75530,20190721,  216,    0
 11375, 75530,20190722,  202,    0
 11375, 75530,20190723,  206,    0
 11375, 75530,20190724,  203,    0
 11375, 75530,20190725,  199,    0
 11375, 75530,20190726,  218,    0
 11375, 75530,20190727,  227,    0
 11375, 75530,20190728,  210,    0
 11375, 75530,20190729,  169,    0
 11375, 75530,20190730,  210,    0
 11375, 75530,20190731,  218,    0
 11375, 75530,20190801,  227,    0
 11375, 75530,20190802,  237,    0
 11375, 75530,20190803,  192,    0
 11375, 75530,20190804,  178,    0
 11375, 75530,20190805,  175,    0
 11375, 75530,20190806,  191,    0
 11375, 75530,20190807,  219,    0
 11375, 75530,20190808,  235,    0
 11375, 75530,20190809,  237,    0
 11375, 75530,20190810,  248,    0
 11375, 75530,20190811,  251,    0
 11375, 75530,20190812,  259,    0
 11375, 75530,20190813,  249,    0
 11375, 75530,20190814,  184,    0
 11375, 75530,20190815,  172,    0
 11375, 75530,20190816,  161,    0
 11375, 75530,20190817,  170,    0
 11375, 75530,20190818,  187,    0
 11375, 75530,20190819,  212,    0
 11375, 75530,20190820,  225,    0
 11375, 75530,20190821,  221,    0
 11375, 75530,20190822,  213,    0
 11375, 75530,20190823,  213,    0
 11375, 75530,20190824,  206,    0
 11375, 75530,20190825,  203,    0
 11375, 75530,20190826,  148,    0
 11375, 75530,20190827,  221,    0
 11375, 75530,20190828,  216,    0
 11375, 75530,20190829,  214,    0
 11375, 75530,20190830,  207,    0
 11375, 75530,20190831,  199,    0
 11375, 75530,20190901,  204,    0
 11375, 75530,20190902,  200,    0
 11375, 75530,20190903,  184,    0
 11375, 75530,20190904,  158,    0
 11375, 75530,20190905,  215,    0
 11375, 75530,20190906,  196,    0
 11375, 75530,20190907,  187,    0
 11375, 75530,20190908,  184,    0
 11375, 75530,20190909,  182,    0
 11375, 75530,20190910,  157,    0
 11375, 75530,20190911,  182,    0
 11375, 75530,20190912,  177,    0
 11375, 75530,20190913,  177,    0
 11375, 75530,20190914,  146,    0
 11375,913363,20190915,  179,    0
 11375, 75530,20190916,  179,    0
 11375, 75530,20190917,  180,    0
 11375, 75530,20190918,  126,    0
 11375, 75530,20190919,   91,    0
 11375, 75530,20190920,  106,    0
 11375,913363,20190921,  103,    0
 11375, 75530,20190922,  129,    0
 11375, 75530,20190923,  141,    0
 11375, 75530,20190924,  157,    0
 11375, 75530,20190925,  168,    0
 11375, 75530,20190926,  177,    0
 11375, 75530,20190927,  149,    0
 11375, 75530,20190928,  158,    0
 11375, 75530,20190929,  171,    0
 11375, 75530,20190930,  171,    0
 11375, 75530,20191001,  185,    0
 11375, 75530,20191002,  150,    0
 11375, 75530,20191003,  129,    0
 11375, 75530,20191004,   73,    0
 11375, 75530,20191005,   87,    0
 11375, 75530,20191006,  106,    0
 11375, 75530,20191007,   86,    0
 11375, 75530,20191008,   98,    0
 11375, 75530,20191009,  117,    0
 11375, 75530,20191010,  145,    0
 11375, 75530,20191011,  159,    0
 11375, 75530,20191012,  157,    0
 11375,913363,20191013,  151,    0
 11375, 75530,20191014,  150,    0
 11375, 75530,20191015,  138,    0
 11375, 75530,20191016,  130,    0
 11375, 75530,20191017,  155,    0
 11375, 75530,20191018,  144,    0
 11375, 75530,20191019,  145,    0
 11375, 75530,20191020,  145,    0
 11375, 75530,20191021,  142,    0
 11375, 75530,20191022,  139,    0
 11375, 75530,20191023,  143,    0
 11375, 75530,20191024,  137,    0
 11375, 75530,20191025,  126,    0
 11375, 75530,20191026,  131,    0
 11375, 75530,20191027,  126,    0
 11375, 75530,20191028,  113,    0
 11375, 75530,20191029,  118,    0
 11375, 75530,20191030,   85,    0
 11375, 75530,20191031,   68,    0
 11375, 75530,20191101,   74,    0
 11375, 75530,20191102,   95,    0
 11375, 75530,20191103,  169,    0
 11375, 75530,20191104,  148,    0
 11375, 75530,20191105,  106,    0
 11375, 75530,20191106,  151,    0
 11375, 75530,20191107,  117,    0
 11375, 75530,20191108,  130,    0
 11375, 75530,20191109,  137,    0
 11375, 75530,20191110,  105,    0
 11375, 75530,20191111,   83,    0
 11375, 75530,20191112,   95,    0
 11375, 75530,20191113,  131,    0
 11375, 75530,20191114,  123,    0
 11375, 75530,20191115,   91,    0
 11375, 75530,20191116,  154,    0
 11375, 75530,20191117,  114,    0
 11375, 75530,20191118,  122,    0
 11375, 75530,20191119,   40,    0
 11375, 75530,20191120,   88,    0
 11375,913363,20191121,-9999,    9
 11375, 75530,20191122,   65,    0
 11375, 75530,20191123,   60,    0
 11375, 75530,20191124,   69,    0
 11375, 75530,20191125,   56,    0
 11375, 75530,20191126,   83,    0
 11375, 75530,20191127,   59,    0
 11375, 75530,20191128,  111,    0
 11375, 75530,20191129,   97,    0
 11375, 75530,20191130,   50,    0
 11375, 75530,20191201,    7,    0
 11375, 75530,20191202,   41,    0
 11375, 75530,20191203,    2,    0
 11375, 75530,20191204,    1,    0
 11375, 75530,20191205,  -29,    0
 11375, 75530,20191206,  -15,    0
 11375, 75530,20191207,   29,    0
 11375, 75530,20191208,   39,    0
 11375, 75530,20191209,   50,    0
 11375, 75530,20191210,   33,    0
 11375, 75530,20191211,    5,    0
 11375, 75530,20191212,    1,    0
 11375, 75530,20191213,   44,    0
 11375, 75530,20191214,   63,    0
 11375, 75530,20191215,    7,    0
 11375, 75530,20191216,   55,    0
 11375, 75530,20191217,   65,    0
 11375, 75530,20191218,    1,    0
 11375, 75530,20191219,   21,    0
 11375, 75530,20191220,   73,    0
 11375, 75530,20191221,  128,    0
 11375, 75530,20191222,  133,    0
 11375, 75530,20191223,   47,    0
 11375, 75530,20191224,   36,    0
 11375, 75530,20191225,   23,    0
 11375, 75530,20191226,   15,    0
 11375, 75530,20191227,    4,    0
 11375,913363,20191228,-9999,    9
 11375, 75530,20191229,  -25,    0
 11375, 75530,20191230,  -31,    0
 11375, 75530,20191231,  -65,    0
 11375, 75530,20200101,  -36,    0
 11375, 75530,20200102,  -12,    0
 11375, 75530,20200103,  -30,    0
 11375, 75530,20200104,  -44,    0
 11375, 75530,20200105,  -10,    0
 11375, 75530,20200106,  -37,    0
 11375, 75530,20200107,  -96,    0
 11375, 75530,20200108,  -90,    0
 11375, 75530,20200109,  -59,    0
 11375, 75530,20200110,  -41,    0
 11375, 75530,20200111,  -36,    0
 11375, 75530,20200112,   15,    0
 11375, 75530,20200113,    1,    0
 11375, 75530,20200114,    0,    0
 11375, 75530,20200115,   -1,    0
 11375, 75530,20200116,  -15,    0
 11375,913363,20200117,  -30,    0
 11375, 75530,20200118,  -36,    0
 11375, 75530,20200119,  -24,    0
 11375, 75530,20200120,  -18,    0
 11375, 75530,20200121,  -12,    0
 11375, 75530,20200122,  -44,    0
 11375,913363,20200123,  -20,    0
 11375, 75530,20200124,  -31,    0
 11375, 75530,20200125,    4,    0
 11375, 75530,20200126,   11,    0
 11375, 75530,20200127,   24,    0
 11375, 75530,20200128,   37,    0
 11375, 75530,20200129,   50,    0
 11375, 75530,20200130,   30,    0
 11375, 75530,20200131,   33,    0
 11375, 75530,20200201,   57,    0
 11375, 75530,20200202,   70,    0
 11375, 75530,20200203,   69,    0
 11375, 75530,20200204,   78,    0
 11375, 75530,20200205,   -2,    0
 11375, 75530,20200206,  -20,    0
 11375, 75530,20200207,  -44,    0
 11375, 75530,20200208,   33,    0
 11375, 75530,20200209,   11,    0
 11375, 75530,20200210,   16,    0
 11375, 75530,20200211,   81,    0
 11375, 75530,20200212,   30,    0
 11375, 75530,20200213,   57,    0
 11375, 75530,20200214,   91,    0
 11375, 75530,20200215,   45,    0
 11375, 75530,20200216,   51,    0
 11375, 75530,20200217,   76,    0
 11375, 75530,20200218,   51,    0
 11375, 75530,20200219,   68,    0
 11375, 75530,20200220,   23,    0
 11375, 75530,20200221,   20,    0
 11375, 75530,20200222,   33,    0
 11375, 75530,20200223,   43,    0
 11375, 75530,20200224,   50,    0
 11375, 75530,20200225,   85,    0
 11375, 75530,20200226,  115,    0
 11375, 75530,20200227,   24,    0
 11375, 75530,20200228,   20,    0
 11375, 75530,20200229,   15,    0
 11375, 75530,20200301,   34,    0
 11375, 75530,20200302,  102,    0
 11375, 75530,20200303,  113,    0
 11375, 75530,20200304,   47,    0
 11375, 75530,20200305,   61,    0
 11375, 75530,20200306,   52,    0
 11375, 75530,20200307,   88,    0
 11375, 75530,20200308,   20,    0
 11375, 75530,20200309,   31,    0
 11375, 75530,20200310,   29,    0
 11375, 75530,20200311,   63,    0
 11375, 75530,20200312,  115,    0
 11375, 75530,20200313,  126,    0
 11375, 75530,20200314,   71,    0
 11375, 75530,20200315,   61,    0
 11375,913363,20200316,   72,    0
 11375, 75530,20200317,   76,    0
 11375, 75530,20200318,   67,    0
 11375, 75530,20200319,   74,    0
 11375,913363,20200320,   96,    0
 11375, 75530,20200321,   90,    0
 11375, 75530,20200322,   42,    0
 11375, 75530,20200323,  -26,    0
 11375, 75530,20200324,  -28,    0
 11375, 75530,20200325,   -9,    0
 11375, 75530,20200326,   41,    0
 11375, 75530,20200327,   70,    0
 11375, 75530,20200328,   61,    0
 11375, 75530,20200329,   67,    0
 11375, 75530,20200330,   65,    0
 11375, 75530,20200331,    8,    0
 11375, 75530,20200401,  -15,    0
 11375, 75530,20200402,   41,    0
 11375, 75530,20200403,   59,    0
 11375, 75530,20200404,   72,    0
 11375, 75530,20200405,   93,    0
 11375, 75530,20200406,   64,    0
 11375, 75530,20200407,   66,    0
 11375, 75530,20200408,   64,    0
 11375, 75530,20200409,   80,    0
 11375,913363,20200410,   91,    0
 11375, 75530,20200411,   89,    0
 11375, 75530,20200412,  106,    0
 11375, 75530,20200413,  106,    0
 11375, 75530,20200414,  120,    0
 11375, 75530,20200415,   40,    0
 11375, 75530,20200416,   99,    0
 11375, 75530,20200417,  130,    0
 11375, 75530,20200418,  136,    0
 11375, 75530,20200419,  159,    0
 11375, 75530,20200420,  126,    0
 11375, 75530,20200421,   82,    0
 11375, 75530,20200422,   88,    0
 11375, 75530,20200423,   81,    0
 11375, 75530,20200424,   93,    0
 11375, 75530,20200425,  119,    0
 11375, 75530,20200426,  134,    0
 11375, 75530,20200427,  144,    0
 11375, 75530,20200428,  134,    0
 11375, 75530,20200429,  139,    0
 11375, 75530,20200430,  127,    0
 11375, 75530,20200501,  124,    0
 11375, 75530,20200502,  120,    0
 11375, 75530,20200503,   61,    0
 11375, 75530,20200504,  102,    0
 11375, 75530,20200505,  112,    0
 11375, 75530,20200506,   92,    0
 11375, 75530,20200507,   88,    0
 11375, 75530,20200508,  111,    0
 11375,913363,20200509,  148,    0
 11375, 75530,20200510,  148,    0
 11375, 75530,20200511,  158,    0
 11375, 75530,20200512,  178,    0
 11375, 75530,20200513,  167,    0
 11375, 75530,20200514,  239,    0
 11375, 75530,20200515,  226,    0
 11375, 75530,20200516,  198,    0
 11375, 75530,20200517,  194,    0
 11375, 75530,20200518,  195,    0
 11375, 75530,20200519,  207,    0
 11375, 75530,20200520,  153,    0
 11375, 75530,20200521,  126,    0
 11375, 75530,20200522,  110,    0
 11375, 75530,20200523,  130,    0
 11375, 75530,20200524,  117,    0
 11375, 75530,20200525,  122,    0
 11375, 75530,20200526,   90,    0
 11375, 75530,20200527,   85,    0
 11375, 75530,20200528,  110,    0
 11375, 75530,20200529,  124,    0
 11375, 75530,20200530,  125,    0
 11375, 75530,20200531,  105,    0
 11375, 75530,20200601,  108,    0
 11375, 75530,20200602,  133,    0
 11375, 75530,20200603,  120,    0
 11375, 75530,20200604,  138,    0
 11375, 75530,20200605,  168,    0
 11375, 75530,20200606,  158,    0
 11375, 75530,20200607,  182,    0
 11375, 75530,20200608,  153,    0
 11375, 75530,20200609,  184,    0
 11375, 75530,20200610,  172,    0
 11375, 75530,20200611,  143,    0
 11375, 75530,20200612,  167,    0
 11375, 75530,20200613,  187,    0
 11375, 75530,20200614,  192,    0
 11375, 75530,20200615,  162,    0
 11375, 75530,20200616,  175,    0
 11375, 75530,20200617,  177,    0
 11375, 75530,20200618,  193,    0
 11375, 75530,20200619,  166,    0
 11375, 75530,20200620,  166,    0
 11375, 75530,20200621,  156,    0
 11375, 75530,20200622,  141,    0
 11375, 75530,20200623,  148,    0
 11375, 75530,20200624,  184,    0
 11375, 75530,20200625,  197,    0
 11375, 75530,20200626,  212,    0
 11375, 75530,20200627,  217,    0
 11375, 75530,20200628,  213,    0
 11375, 75530,20200629,  220,    0
 11375, 75530,20200630,  208,    0
 11375,913363,20200701,  225,    0
 11375,913363,20200702,  234,    0
 11375,913363,20200703,  220,    0
 11375,913363,20200704,  199,    0
 11375,913363,20200705,  206,    0
 11375,913363,20200706,  207,    0
 11375,913363,20200707,  140,    0
 11375,913363,20200708,  166,    0
 11375,913363,20200709,  188,    0
 11375,913363,20200710,  202,    0
 11375,913363,20200711,  223,    0
 11375,913363,20200712,  165,    0
 11375,913363,20200713,  156,    0
 11375,913363,20200714,  143,    0
 11375,913363,20200715,  171,    0
 11375, 75530,20200716,  178,    0
 11375, 75530,20200717,  172,    0
 11375, 75530,20200718,  145,    0
 11375, 75530,20200719,  170,    0
 11375, 75530,20200720,  176,    0
 11375, 75530,20200721,  196,    0
 11375,913363,20200722,  206,    0
 11375, 75530,20200723,  211,    0
 11375, 75530,20200724,  216,    0
 11375, 75530,20200725,  217,    0
 11375, 75530,20200726,  203,    0
 11375, 75530,20200727,  203,    0
 11375, 75530,20200728,  209,    0
 11375, 75530,20200729,  219,    0
 11375, 75530,20200730,  243,    0
 11375, 75530,20200731,  239,    0
 11375, 75530,20200801,  214,    0
 11375, 75530,20200802,  197,    0
 11375, 75530,20200803,  212,    0
 11375, 75530,20200804,  217,    0
 11375, 75530,20200805,  189,    0
 11375, 75530,20200806,  150,    0
 11375, 75530,20200807,  186,    0
 11375, 75530,20200808,  194,    0
 11375, 75530,20200809,  202,    0
 11375, 75530,20200810,  217,    0
 11375, 75530,20200811,  216,    0
 11375, 75530,20200812,  212,    0
 11375, 75530,20200813,  218,    0
 11375, 75530,20200814,  220,    0
 11375, 75530,20200815,  198,    0
 11375, 75530,20200816,  215,    0
 11375, 75530,20200817,  211,    0
 11375, 75530,20200818,  198,    0
 11375, 75530,20200819,  190,    0
 11375, 75530,20200820,  181,    0
 11375, 75530,20200821,  196,    0
 11375, 75530,20200822,  214,    0
 11375, 75530,20200823,  209,    0
 11375, 75530,20200824,  213,    0
 11375, 75530,20200825,  186,    0
 11375, 75530,20200826,  186,    0
 11375, 75530,20200827,  193,    0
 11375, 75530,20200828,  214,    0
 11375, 75530,20200829,  211,    0
 11375, 75530,20200830,  213,    0
 11375, 75530,20200831,  230,    0
 11375, 75530,20200901,  214,    0
 11375, 75530,20200902,  170,    0
 11375, 75530,20200903,  167,    0
 11375, 75530,20200904,  159,    0
 11375, 75530,20200905,  168,    0
 11375, 75530,20200906,  192,    0
 11375, 75530,20200907,  192,    0
 11375, 75530,20200908,  214,    0
 11375, 75530,20200909,  204,    0
 11375, 75530,20200910,  197,    0
 11375, 75530,20200911,  181,    0
 11375, 75530,20200912,  184,    0
 11375, 75530,20200913,  188,    0
 11375, 75530,20200914,  186,    0
 11375, 75530,20200915,  183,    0
 11375, 75530,20200916,  194,    0
 11375, 75530,20200917,  182,    0
 11375,913363,20200918,-9999,    9
 11375, 75530,20200919,  155,    0
 11375, 75530,20200920,  174,    0
 11375, 75530,20200921,  180,    0
 11375, 75530,20200922,  179,    0
 11375, 75530,20200923,  175,    0
 11375, 75530,20200924,  179,    0
 11375, 75530,20200925,  155,    0
 11375, 75530,20200926,  137,    0
 11375, 75530,20200927,  121,    0
 11375, 75530,20200928,  156,    0
 11375, 75530,20200929,  130,    0
 11375, 75530,20200930,  123,    0
 11375, 75530,20201001,  136,    0
 11375, 75530,20201002,  125,    0
 11375, 75530,20201003,  204,    0
 11375, 75530,20201004,  207,    0
 11375, 75530,20201005,  201,    0
 11375, 75530,20201006,  167,    0
 11375, 75530,20201007,  114,    0
 11375, 75530,20201008,  107,    0
 11375, 75530,20201009,  109,    0
 11375, 75530,20201010,  120,    0
 11375, 75530,20201011,  125,    0
 11375, 75530,20201012,  125,    0
 11375, 75530,20201013,   44,    0
 11375, 75530,20201014,   96,    0
 11375, 75530,20201015,  114,    0
 11375, 75530,20201016,  117,    0
 11375, 75530,20201017,  101,    0
 11375, 75530,20201018,   95,    0
 11375, 75530,20201019,   74,    0
 11375, 75530,20201020,   81,    0
 11375, 75530,20201021,   81,    0
 11375, 75530,20201022,  110,    0
 11375, 75530,20201023,  115,    0
 11375, 75530,20201024,   97,    0
 11375, 75530,20201025,  121,    0
 11375, 75530,20201026,  119,    0
 11375, 75530,20201027,  103,    0
 11375, 75530,20201028,   97,    0
 11375, 75530,20201029,  102,    0
 11375, 75530,20201030,  107,    0
 11375, 75530,20201031,  101,    0
 11375, 75530,20201101,  138,    0
 11375, 75530,20201102,  112,    0
 11375, 75530,20201103,  111,    0
 11375, 75530,20201104,  136,    0
 11375, 75530,20201105,  118,    0
 11375, 75530,20201106,   94,    0
 11375, 75530,20201107,   84,    0
 11375, 75530,20201108,   80,    0
 11375, 75530,20201109,   76,    0
 11375, 75530,20201110,   57,    0
 11375, 75530,20201111,   30,    0
 11375, 75530,20201112,   60,    0
 11375, 75530,20201113,   98,    0
 11375, 75530,20201114,   75,    0
 11375, 75530,20201115,   66,    0
 11375, 75530,20201116,  125,    0
 11375, 75530,20201117,   86,    0
 11375, 75530,20201118,   92,    0
 11375, 75530,20201119,   67,    0
 11375, 75530,20201120,    9,    0
 11375, 75530,20201121,    7,    0
 11375, 75530,20201122,    9,    0
 11375, 75530,20201123,   12,    0
 11375, 75530,20201124,   48,    0
 11375, 75530,20201125,    5,    0
 11375, 75530,20201126,   20,    0
 11375, 75530,20201127,   30,    0
 11375, 75530,20201128,   20,    0
 11375, 75530,20201129,   15,    0
 11375, 75530,20201130,   -2,    0
 11375,913363,20201201,  -12,    0
 11375,913363,20201202,  -37,    0
 11375,913363,20201203,   71,    0
 11375,913363,20201204,   93,    0
 11375,913363,20201205,   96,    0
 11375,913363,20201206,   86,    0
 11375,913363,20201207,-9999,    9
 11375,913363,20201208,   47,    0
 11375,913363,20201209,   81,    0
 11375,913363,20201210,   60,    0
 11375,913363,20201211,   22,    0
 11375,913363,20201212,   32,    0
 11375,913363,20201213,   36,    0
 11375,913363,20201214,   36,    0
 11375,913363,20201215,   44,    0
 11375, 75530,20201216,   16,    0
 11375, 75530,20201217,    0,    0
 11375, 75530,20201218,   -8,    0
 11375, 75530,20201219,  -16,    0
 11375, 75530,20201220,   -8,    0
 11375, 75530,20201221,    9,    0
 11375, 75530,20201222,   68,    0
 11375, 75530,20201223,   61,    0
 11375, 75530,20201224,   43,    0
 11375, 75530,20201225,  125,    0
 11375, 75530,20201226,   43,    0
 11375, 75530,20201227,    1,    0
 11375,913363,20201228,   58,    0
 11375, 75530,20201229,   68,    0
 11375, 75530,20201230,   72,    0
 11375, 75530,20201231,   53,    0
 11375, 75530,20210101,   17,    0
 11375, 75530,20210102,   46,    0
 11375, 75530,20210103,   43,    0
 11375, 75530,20210104,   35,    0
 11375, 75530,20210105,   44,    0
 11375, 75530,20210106,   55,    0
 11375, 75530,20210107,   66,    0
 11375, 75530,20210108,    9,    0
 11375, 75530,20210109,    7,    0
 11375, 75530,20210110,   -9,    0
 11375, 75530,20210111,   -5,    0
 11375, 75530,20210112,   -2,    0
 11375, 75530,20210113,   -3,    0
 11375, 75530,20210114,  -83,    0
 11375, 75530,20210115,  -37,    0
 11375, 75530,20210116,  -50,    0
 11375, 75530,20210117,  -99,    0
 11375, 75530,20210118,  -60,    0
 11375, 75530,20210119,  -42,    0
 11375,913363,20210120,  -38,    0
 11375, 75530,20210121,   19,    0
 11375, 75530,20210122,   83,    0
 11375, 75530,20210123,   89,    0
 11375, 75530,20210124,   58,    0
 11375, 75530,20210125,   27,    0
 11375, 75530,20210126,   -6,    0
 11375, 75530,20210127,  -21,    0
 11375, 75530,20210128,  -10,    0
 11375, 75530,20210129,   16,    0
 11375, 75530,20210130,   51,    0
 11375, 75530,20210131,   65,    0
 11375, 75530,20210201,   63,    0
 11375, 75530,20210202,   62,    0
 11375, 75530,20210203,   61,    0
 11375, 75530,20210204,   71,    0
 11375, 75530,20210205,   76,    0
 11375, 75530,20210206,   74,    0
 11375, 75530,20210207,  102,    0
 11375, 75530,20210208,   90,    0
 11375, 75530,20210209,   95,    0
 11375, 75530,20210210,   71,    0
 11375, 75530,20210211,   50,    0
 11375, 75530,20210212,  -47,    0
 11375, 75530,20210213,  -82,    0
 11375, 75530,20210214,  -84,    0
 11375, 75530,20210215,  -25,    0
 11375, 75530,20210216,  -65,    0
 11375, 75530,20210217,    3,    0
 11375, 75530,20210218,   44,    0
 11375, 75530,20210219,   27,    0
 11375,913363,20210220,-9999,    9
 11375, 75530,20210221,   68,    0
 11375, 75530,20210222,   61,    0
 11375, 75530,20210223,   78,    0
 11375, 75530,20210224,   67,    0
 11375, 75530,20210225,   87,    0
 11375, 75530,20210226,   90,    0
 11375, 75530,20210227,   52,    0
 11375, 75530,20210228,   60,    0
 11375, 75530,20210301,   21,    0
 11375, 75530,20210302,   51,    0
 11375, 75530,20210303,   64,    0
 11375, 75530,20210304,   61,    0
 11375, 75530,20210305,   46,    0
 11375, 75530,20210306,   23,    0
 11375, 75530,20210307,   23,    0
 11375, 75530,20210308,   29,    0
 11375, 75530,20210309,    4,    0
 11375, 75530,20210310,   12,    0
 11375, 75530,20210311,   10,    0
 11375, 75530,20210312,   49,    0
 11375, 75530,20210313,   98,    0
 11375, 75530,20210314,   79,    0
 11375, 75530,20210315,   31,    0
 11375, 75530,20210316,   21,    0
 11375, 75530,20210317,   16,    0
 11375, 75530,20210318,    5,    0
 11375, 75530,20210319,    5,    0
 11375, 75530,20210320,    3,    0
 11375, 75530,20210321,    2,    0
 11375, 75530,20210322,    5,    0
 11375, 75530,20210323,    1,    0
 11375, 75530,20210324,   10,    0
 11375, 75530,20210325,   10,    0
 11375, 75530,20210326,   43,    0
 11375, 75530,20210327,   64,    0
 11375, 75530,20210328,   81,    0
 11375, 75530,20210329,   97,    0
 11375, 75530,20210330,   60,    0
 11375,913363,20210331,-9999,    9
 11375, 75530,20210401,   98,    0
 11375, 75530,20210402,  105,    0
 11375, 75530,20210403,   73,    0
 11375, 75530,20210404,   28,    0
 11375, 75530,20210405,   56,    0
 11375, 75530,20210406,   54,    0
 11375, 75530,20210407,   -4,    0
 11375, 75530,20210408,   11,    0
 11375, 75530,20210409,   23,    0
 11375, 75530,20210410,   58,    0
 11375, 75530,20210411,   46,    0
 11375, 75530,20210412,  116,    0
 11375, 75530,20210413,   97,    0
 11375, 75530,20210414,   18,    0
 11375, 75530,20210415,   31,    0
 11375, 75530,20210416,   32,    0
 11375, 75530,20210417,   21,    0
 11375,913363,20210418,-9999,    9
 11375,913363,20210419,-9999,    9
 11375,913363,20210420,-9999,    9
 11375,913363,20210421,-9999,    9
 11375,913363,20210422,-9999,    9
 11375,913363,20210423,-9999,    9
 11375,913363,20210424,-9999,    9
 11375,913363,20210425,-9999,    9
 11375,913363,20210426,-9999,    9
 11375,913363,20210427,-9999,    9
 11375,913363,20210428,-9999,    9
 11375,913363,20210429,-9999,    9
 11375,913363,20210430,-9999,    9
 11375, 75530,20210501,  186,    0
 11375, 75530,20210502,  182,    0
 11375, 75530,20210503,  143,    0
 11375, 75530,20210504,  139,    0
 11375, 75530,20210505,  143,    0
 11375, 75530,20210506,  134,    0
 11375, 75530,20210507,  164,    0
 11375, 75530,20210508,  107,    0
 11375, 75530,20210509,  127,    0
 11375, 75530,20210510,  162,    0
 11375, 75530,20210511,  170,    0
 11375, 75530,20210512,  165,    0
 11375, 75530,20210513,  115,    0
 11375, 75530,20210514,  113,    0
 11375, 75530,20210515,  128,    0
 11375, 75530,20210516,  127,    0
 11375, 75530,20210517,  151,    0
 11375, 75530,20210518,  145,    0
 11375, 75530,20210519,  129,    0
 11375, 75530,20210520,   93,    0
 11375, 75530,20210521,  139,    0
 11375, 75530,20210522,  145,    0
 11375, 75530,20210523,  173,    0
 11375, 75530,20210524,  205,    0
 11375, 75530,20210525,  211,    0
 11375, 75530,20210526,  174,    0
 11375, 75530,20210527,  165,    0
 11375, 75530,20210528,  118,    0
 11375, 75530,20210529,  146,    0
 11375, 75530,20210530,   99,    0
 11375, 75530,20210531,  111,    0
 11375, 75530,20210601,  110,    0
 11375, 75530,20210602,  128,    0
 11375, 75530,20210603,  130,    0
 11375, 75530,20210604,  147,    0
 11375, 75530,20210605,  162,    0
 11375, 75530,20210606,-9999,    9
 11375, 75530,20210607,  155,    0
 11375, 75530,20210608,  182,    0
 11375, 75530,20210609,  163,    0
 11375, 75530,20210610,  161,    0
 11375, 75530,20210611,  169,    0
 11375, 75530,20210612,  153,    0
 11375, 75530,20210613,  138,    0
 11375, 75530,20210614,  119,    0
 11375, 75530,20210615,  140,    0
 11375, 75530,20210616,  175,    0
 11375, 75530,20210617,  180,    0
 11375, 75530,20210618,  198,    0
 11375, 75530,20210619,  197,    0
 11375, 75530,20210620,  206,    0
 11375, 75530,20210621,  227,    0
 11375, 75530,20210622,  245,    0
 11375, 75530,20210623,  239,    0
 11375, 75530,20210624,  251,    0
 11375,913363,20210625,  237,    0
 11375, 75530,20210626,  224,    0
 11375, 75530,20210627,  227,    0
 11375, 75530,20210628,  230,    0
 11375, 75530,20210629,  237,    0
 11375, 75530,20210630,  237,    0
 11375, 75530,20210701,  215,    0
 11375, 75530,20210702,  193,    0
 11375, 75530,20210703,  186,    0
 11375, 75530,20210704,  157,    0
 11375, 75530,20210705,  188,    0
 11375, 75530,20210706,  217,    0
 11375, 75530,20210707,  227,    0
 11375, 75530,20210708,  237,    0
 11375, 75530,20210709,  240,    0
 11375, 75530,20210710,  206,    0
 11375, 75530,20210711,  214,    0
 11375, 75530,20210712,  214,    0
 11375, 75530,20210713,  248,    0
 11375, 75530,20210714,  238,    0
 11375, 75530,20210715,  227,    0
 11375, 75530,20210716,  235,    0
 11375, 75530,20210717,  200,    0
 11375, 75530,20210718,  186,    0
 11375, 75530,20210719,  189,    0
 11375, 75530,20210720,  187,    0
 11375, 75530,20210721,  189,    0
 11375, 75530,20210722,  168,    0
 11375, 75530,20210723,  179,    0
 11375, 75530,20210724,  202,    0
 11375, 75530,20210725,  219,    0
 11375, 75530,20210726,  218,    0
 11375, 75530,20210727,  238,    0
 11375, 75530,20210728,  249,    0
 11375, 75530,20210729,  242,    0
 11375, 75530,20210730,  230,    0
 11375, 75530,20210731,  240,    0
 11375, 75530,20210801,  240,    0
 11375, 75530,20210802,  251,    0
 11375, 75530,20210803,  201,    0
 11375, 75530,20210804,  211,    0
 11375, 75530,20210805,  244,    0
 11375, 75530,20210806,  191,    0
 11375, 75530,20210807,-9999,    9
 11375, 75530,20210808,  233,    0
 11375,913363,20210809,  244,    0
 11375, 75530,20210810,  237,    0
 11375, 75530,20210811,  243,    0
 11375, 75530,20210812,  217,    0
 11375, 75530,20210813,  207,    0
 11375, 75530,20210814,  210,    0
 11375, 75530,20210815,  221,    0
 11375, 75530,20210816,  240,    0
 11375, 75530,20210817,  237,    0
 11375, 75530,20210818,  167,    0
 11375, 75530,20210819,  170,    0
 11375, 75530,20210820,  184,    0
 11375, 75530,20210821,  194,    0
 11375, 75530,20210822,  192,    0
 11375, 75530,20210823,  204,    0
 11375, 75530,20210824,  206,    0
 11375, 75530,20210825,  167,    0
 11375, 75530,20210826,  197,    0
 11375, 75530,20210827,  169,    0
 11375, 75530,20210828,  179,    0
 11375, 75530,20210829,  148,    0
 11375, 75530,20210830,  166,    0
 11375, 75530,20210831,  171,    0
 11375, 75530,20210901,  158,    0
 11375, 75530,20210902,  154,    0
 11375, 75530,20210903,  143,    0
 11375, 75530,20210904,  155,    0
 11375, 75530,20210905,  160,    0
 11375, 75530,20210906,  154,    0
 11375, 75530,20210907,  158,    0
 11375,913363,20210908,  137,    0
 11375, 75530,20210909,  158,    0
 11375, 75530,20210910,  165,    0
 11375, 75530,20210911,  170,    0
 11375, 75530,20210912,  158,    0
 11375, 75530,20210913,  158,    0
 11375, 75530,20210914,  167,    0
 11375, 75530,20210915,  182,    0
 11375, 75530,20210916,  185,    0
 11375, 75530,20210917,  193,    0
 11375, 75530,20210918,  163,    0
 11375, 75530,20210919,  191,    0
 11375, 75530,20210920,  170,    0
 11375, 75530,20210921,  129,    0
 11375, 75530,20210922,  100,    0
 11375, 75530,20210923,  113,    0
 11375, 75530,20210924,  137,    0
 11375, 75530,20210925,  147,    0
 11375, 75530,20210926,  165,    0
 11375, 75530,20210927,  185,    0
 11375, 75530,20210928,  155,    0
 11375, 75530,20210929,  154,    0
 11375, 75530,20210930,  139,    0
 11375,913363,20211001,  138,    0
 11375, 75530,20211002,  131,    0
 11375, 75530,20211003,  143,    0
 11375, 75530,20211004,  150,    0
 11375, 75530,20211005,  146,    0
 11375, 75530,20211006,  163,    0
 11375, 75530,20211007,  129,    0
 11375, 75530,20211008,  107,    0
 11375, 75530,20211009,   46,    0
 11375, 75530,20211010,   65,    0
 11375, 75530,20211011,   79,    0
 11375, 75530,20211012,   59,    0
 11375, 75530,20211013,   67,    0
 11375, 75530,20211014,   44,    0
 11375, 75530,20211015,   31,    0
 11375, 75530,20211016,   55,    0
 11375, 75530,20211017,   99,    0
 11375, 75530,20211018,   97,    0
 11375, 75530,20211019,  105,    0
 11375, 75530,20211020,  114,    0
 11375, 75530,20211021,  106,    0
 11375, 75530,20211022,  113,    0
 11375, 75530,20211023,  115,    0
 11375, 75530,20211024,   83,    0
 11375, 75530,20211025,   71,    0
 11375, 75530,20211026,   80,    0
 11375, 75530,20211027,   45,    0
 11375, 75530,20211028,   54,    0
 11375, 75530,20211029,   74,    0
 11375, 75530,20211030,   94,    0
 11375, 75530,20211031,   88,    0
 11375, 75530,20211101,   74,    0
 11375, 75530,20211102,  133,    0
 11375, 75530,20211103,   92,    0
 11375, 75530,20211104,  160,    0
 11375, 75530,20211105,  176,    0
 11375, 75530,20211106,  105,    0
 11375, 75530,20211107,  124,    0
 11375, 75530,20211108,   92,    0
 11375, 75530,20211109,   73,    0
 11375, 75530,20211110,   67,    0
 11375, 75530,20211111,   94,    0
 11375, 75530,20211112,   43,    0
 11375, 75530,20211113,   76,    0
 11375, 75530,20211114,   77,    0
 11375, 75530,20211115,   74,    0
 11375, 75530,20211116,   76,    0
 11375, 75530,20211117,   38,    0
 11375, 75530,20211118,   46,    0
 11375, 75530,20211119,   53,    0
 11375, 75530,20211120,  106,    0
 11375, 75530,20211121,   53,    0
 11375, 75530,20211122,   26,    0
 11375, 75530,20211123,   50,    0
 11375, 75530,20211124,   44,    0
 11375, 75530,20211125,   44,    0
 11375, 75530,20211126,   83,    0
 11375, 75530,20211127,   97,    0
 11375, 75530,20211128,   85,    0
 11375, 75530,20211129,   43,    0
 11375, 75530,20211130,   -4,    0
 11375, 75530,20211201,  -17,    0
 11375, 75530,20211202,   75,    0
 11375, 75530,20211203,   82,    0
 11375, 75530,20211204,   20,    0
 11375, 75530,20211205,   41,    0
 11375, 75530,20211206,   34,    0
 11375, 75530,20211207,   -8,    0
 11375, 75530,20211208,    5,    0
 11375, 75530,20211209,   62,    0
 11375, 75530,20211210,   46,    0
 11375, 75530,20211211,-9999,    9
 11375, 75530,20211212,   -2,    0
 11375, 75530,20211213,   -2,    0
 11375,913363,20211214,    6,    0
 11375, 75530,20211215,   -9,    0
 11375, 75530,20211216,    6,    0
 11375, 75530,20211217,   20,    0
 11375, 75530,20211218,   -4,    0
 11375, 75530,20211219,   -5,    0
 11375, 75530,20211220,   -5,    0
 11375, 75530,20211221,  -13,    0
 11375, 75530,20211222,  -60,    0
 11375, 75530,20211223,  -51,    0
 11375, 75530,20211224,   12,    0
 11375, 75530,20211225,   68,    0
 11375, 75530,20211226,   98,    0
 11375, 75530,20211227,   87,    0
 11375, 75530,20211228,   24,    0
 11375, 75530,20211229,   22,    0
 11375, 75530,20211230,   55,    0
 11375, 75530,20211231,   73,    0
 11375, 75530,20220101,   32,    0
 11375, 75530,20220102,   60,    0
 11375, 75530,20220103,   19,    0
 11375, 75530,20220104,   49,    0
 11375, 75530,20220105,   89,    0
 11375, 75530,20220106,   91,    0
 11375, 75530,20220107,    0,    0
 11375, 75530,20220108,    9,    0
 11375, 75530,20220109,   17,    0
 11375, 75530,20220110,   -6,    0
 11375, 75530,20220111,  -24,    0
 11375, 75530,20220112,  -37,    0
 11375, 75530,20220113,  -51,    0
 11375, 75530,20220114,  -61,    0
 11375, 75530,20220115,  -31,    0
 11375, 75530,20220116,  -45,    0
 11375, 75530,20220117,  -24,    0
 11375, 75530,20220118,   -1,    0
 11375, 75530,20220119,  -47,    0
 11375, 75530,20220120,  -70,    0
 11375, 75530,20220121,   -5,    0
 11375, 75530,20220122,  -96,    0
 11375,913363,20220123,  -48,    0
 11375, 75530,20220124,  -53,    0
 11375, 75530,20220125, -106,    0
 11375, 75530,20220126,  -82,    0
 11375, 75530,20220127,    6,    0
 11375, 75530,20220128,  -60,    0
 11375,913363,20220129,   -2,    0
 11375, 75530,20220130,   -8,    0
 11375, 75530,20220131,  -30,    0
 11375, 75530,20220201,    9,    0
 11375, 75530,20220202,  -30,    0
 11375, 75530,20220203,   15,    0
 11375, 75530,20220204,  -13,    0
 11375, 75530,20220205,   -8,    0
 11375, 75530,20220206,   38,    0
 11375, 75530,20220207,   46,    0
 11375, 75530,20220208,    0,    0
 11375, 75530,20220209,   32,    0
 11375, 75530,20220210,   30,    0
 11375, 75530,20220211,   29,    0
 11375, 75530,20220212,   35,    0
 11375, 75530,20220213,  -14,    0
 11375, 75530,20220214,   20,    0
 11375, 75530,20220215,   58,    0
 11375, 75530,20220216,   88,    0
 11375, 75530,20220217,   62,    0
 11375, 75530,20220218,   63,    0
 11375, 75530,20220219,   73,    0
 11375, 75530,20220220,   84,    0
 11375, 75530,20220221,   66,    0
 11375, 75530,20220222,   25,    0
 11375, 75530,20220223,   17,    0
 11375, 75530,20220224,   27,    0
 11375, 75530,20220225,   35,    0
 11375, 75530,20220226,   18,    0
 11375, 75530,20220227,   12,    0
 11375, 75530,20220228,    0,    0
 11375, 75530,20220301,  -11,    0
 11375, 75530,20220302,   -9,    0
 11375, 75530,20220303,   -7,    0
 11375, 75530,20220304,   -5,    0
 11375, 75530,20220305,    0,    0
 11375, 75530,20220306,    2,    0
 11375, 75530,20220307,   -4,    0
 11375, 75530,20220308,  -31,    0
 11375, 75530,20220309,  -23,    0
 11375, 75530,20220310,    0,    0
 11375, 75530,20220311,  -49,    0
 11375, 75530,20220312,  -57,    0
 11375, 75530,20220313,  -26,    0
 11375, 75530,20220314,   15,    0
 11375, 75530,20220315,   42,    0
 11375, 75530,20220316,   80,    0
 11375, 75530,20220317,   53,    0
 11375, 75530,20220318,   41,    0
 11375, 75530,20220319,    2,    0
 11375, 75530,20220320,   -2,    0
 11375, 75530,20220321,   -1,    0
 11375, 75530,20220322,   23,    0
 11375, 75530,20220323,   46,    0
 11375, 75530,20220324,   70,    0
 11375, 75530,20220325,   62,    0
 11375, 75530,20220326,   67,    0
 11375, 75530,20220327,   69,    0
 11375, 75530,20220328,   87,    0
 11375, 75530,20220329,   86,    0
 11375, 75530,20220330,   71,    0
 11375, 75530,20220331,  121,    0
 11375, 75530,20220401,  116,    0
 11375, 75530,20220402,   74,    0
 11375, 75530,20220403,   27,    0
 11375, 75530,20220404,   38,    0
 11375, 75530,20220405,   61,    0
 11375, 75530,20220406,   90,    0
 11375, 75530,20220407,  104,    0
 11375, 75530,20220408,  101,    0
 11375, 75530,20220409,  138,    0
 11375, 75530,20220410,   31,    0
 11375, 75530,20220411,   35,    0
 11375, 75530,20220412,   66,    0
 11375, 75530,20220413,   96,    0
 11375, 75530,20220414,  112,    0
 11375, 75530,20220415,  122,    0
 11375, 75530,20220416,   80,    0
 11375, 75530,20220417,   50,    0
 11375, 75530,20220418,   45,    0
 11375, 75530,20220419,   37,    0
 11375, 75530,20220420,   49,    0
 11375, 75530,20220421,   55,    0
 11375, 75530,20220422,  116,    0
 11375, 75530,20220423,  119,    0
 11375, 75530,20220424,  124,    0
 11375,913363,20220425,  146,    0
 11375, 75530,20220426,  117,    0
 11375, 75530,20220427,  123,    0
 11375, 75530,20220428,  102,    0
 11375, 75530,20220429,  112,    0
 11375, 75530,20220430,  116,    0
 11375, 75530,20220501,  126,    0
 11375, 75530,20220502,   96,    0
 11375, 75530,20220503,   98,    0
 11375, 75530,20220504,  120,    0
 11375, 75530,20220505,  128,    0
 11375, 75530,20220506,  121,    0
 11375, 75530,20220507,  140,    0
 11375, 75530,20220508,  147,    0
 11375, 75530,20220509,  150,    0
 11375, 75530,20220510,  144,    0
 11375, 75530,20220511,  141,    0
 11375, 75530,20220512,  163,    0
 11375, 75530,20220513,  180,    0
 11375, 75530,20220514,  162,    0
 11375, 75530,20220515,  180,    0
 11375, 75530,20220516,  166,    0
 11375, 75530,20220517,  182,    0
 11375, 75530,20220518,  145,    0
 11375, 75530,20220519,  110,    0
 11375, 75530,20220520,  145,    0
 11375, 75530,20220521,  163,    0
 11375, 75530,20220522,  195,    0
 11375, 75530,20220523,  168,    0
 11375, 75530,20220524,  214,    0
 11375, 75530,20220525,  212,    0
 11375, 75530,20220526,  212,    0
 11375, 75530,20220527,  212,    0
 11375, 75530,20220528,  196,    0
 11375, 75530,20220529,  154,    0
 11375, 75530,20220530,  182,    0
 11375, 75530,20220531,  178,    0
 11375, 75530,20220601,  196,    0
 11375, 75530,20220602,  207,    0
 11375, 75530,20220603,  211,    0
 11375, 75530,20220604,  237,    0
 11375, 75530,20220605,  231,    0
 11375, 75530,20220606,  219,    0
 11375, 75530,20220607,  214,    0
 11375, 75530,20220608,  200,    0
 11375, 75530,20220609,  158,    0
 11375, 75530,20220610,  162,    0
 11375, 75530,20220611,  178,    0
 11375, 75530,20220612,  176,    0
 11375, 75530,20220613,  211,    0
 11375, 75530,20220614,  188,    0
 11375, 75530,20220615,  164,    0
 11375, 75530,20220616,  180,    0
 11375, 75530,20220617,  177,    0
 11375, 75530,20220618,  163,    0
 11375, 75530,20220619,  176,    0
 11375, 75530,20220620,  200,    0
 11375, 75530,20220621,  217,    0
 11375, 75530,20220622,  228,    0
 11375, 75530,20220623,  232,    0
 11375, 75530,20220624,  236,    0
 11375, 75530,20220625,  223,    0
 11375, 75530,20220626,  213,    0
 11375, 75530,20220627,  221,    0
 11375,913363,20220628,  236,    0
 11375, 75530,20220629,  245,    0
 11375, 75530,20220630,  238,    0
 11375, 75530,20220701,  234,    0
 11375, 75530,20220702,  231,    0
 11375, 75530,20220703,  236,    0
 11375, 75530,20220704,-9999,    9
 11375, 75530,20220705,  170,    0
 11375, 75530,20220706,  202,    0
 11375, 75530,20220707,  178,    0
 11375, 75530,20220708,  152,    0
 11375, 75530,20220709,  167,    0
 11375, 75530,20220710,  182,    0
 11375, 75530,20220711,  166,    0
 11375, 75530,20220712,  140,    0
 11375, 75530,20220713,  158,    0
 11375, 75530,20220714,  184,    0
 11375, 75530,20220715,  210,    0
 11375, 75530,20220716,  223,    0
 11375, 75530,20220717,  211,    0
 11375, 75530,20220718,  187,    0
 11375, 75530,20220719,  181,    0
 11375, 75530,20220720,  204,    0
 11375, 75530,20220721,  214,    0
 11375, 75530,20220722,  231,    0
 11375, 75530,20220723,  252,    0
 11375, 75530,20220724,  235,    0
 11375, 75530,20220725,  231,    0
 11375, 75530,20220726,  232,    0
 11375, 75530,20220727,  229,    0
 11375, 75530,20220728,  214,    0
 11375, 75530,20220729,  222,    0
 11375, 75530,20220730,  231,    0
 11375, 75530,20220731,  218,    0
 11375, 75530,20220801,  181,    0
 11375, 75530,20220802,  201,    0
 11375, 75530,20220803,  205,    0
 11375, 75530,20220804,  209,    0
 11375, 75530,20220805,  221,    0
 11375, 75530,20220806,  216,    0
 11375, 75530,20220807,  209,    0
 11375, 75530,20220808,  227,    0
 11375, 75530,20220809,  208,    0
 11375, 75530,20220810,  197,    0
 11375, 75530,20220811,  200,    0
 11375, 75530,20220812,  183,    0
 11375, 75530,20220813,  196,    0
 11375, 75530,20220814,  168,    0
 11375, 75530,20220815,  210,    0
 11375, 75530,20220816,  201,    0
 11375, 75530,20220817,  209,    0
 11375, 75530,20220818,  229,    0
 11375,913363,20220819,  248,    0
 11375, 75530,20220820,  215,    0
 11375, 75530,20220821,  182,    0
 11375, 75530,20220822,  194,    0
 11375, 75530,20220823,  191,    0
 11375, 75530,20220824,  199,    0
 11375, 75530,20220825,  206,    0
 11375, 75530,20220826,  212,    0
 11375, 75530,20220827,  219,    0
 11375, 75530,20220828,  214,    0
 11375, 75530,20220829,  203,    0
 11375, 75530,20220830,  203,    0
 11375, 75530,20220831,  215,    0
 11375, 75530,20220901,  187,    0
 11375, 75530,20220902,  145,    0
 11375, 75530,20220903,  196,    0
 11375, 75530,20220904,  191,    0
 11375,913363,20220905,  190,    0
 11375, 75530,20220906,  186,    0
 11375, 75530,20220907,  194,    0
 11375, 75530,20220908,  204,    0
 11375, 75530,20220909,  201,    0
 11375, 75530,20220910,  210,    0
 11375, 75530,20220911,  149,    0
 11375, 75530,20220912,  161,    0
 11375, 75530,20220913,  147,    0
 11375, 75530,20220914,  180,    0
 11375, 75530,20220915,  183,    0
 11375, 75530,20220916,  178,    0
 11375, 75530,20220917,  186,    0
 11375, 75530,20220918,  118,    0
 11375, 75530,20220919,  108,    0
 11375, 75530,20220920,  102,    0
 11375, 75530,20220921,   81,    0
 11375, 75530,20220922,  106,    0
 11375, 75530,20220923,  100,    0
 11375, 75530,20220924,  109,    0
 11375, 75530,20220925,  107,    0
 11375, 75530,20220926,  138,    0
 11375, 75530,20220927,  161,    0
 11375, 75530,20220928,  138,    0
 11375, 75530,20220929,  177,    0
 11375, 75530,20220930,  183,    0
 11375, 75530,20221001,  166,    0
 11375, 75530,20221002,-9999,    9
 11375, 75530,20221003,-9999,    9
 11375, 75530,20221004,   95,    0
 11375, 75530,20221005,-9999,    9
 11375, 75530,20221006,-9999,    9
 11375, 75530,20221007,  129,    0
 11375, 75530,20221008,  138,    0
 11375, 75530,20221009,  127,    0
 11375, 75530,20221010,  140,    0
 11375, 75530,20221011,  123,    0
 11375, 75530,20221012,  124,    0
 11375, 75530,20221013,  141,    0
 11375, 75530,20221014,  129,    0
 11375, 75530,20221015,  122,    0
 11375, 75530,20221016,  121,    0
 11375, 75530,20221017,  136,    0
 11375, 75530,20221018,  126,    0
 11375, 75530,20221019,  101,    0
 11375,913363,20221020,  120,    0
 11375, 75530,20221021,   93,    0
 11375, 75530,20221022,  140,    0
 11375, 75530,20221023,  137,    0
 11375, 75530,20221024,  166,    0
 11375, 75530,20221025,  118,    0
 11375,913363,20221026,  126,    0
 11375, 75530,20221027,  126,    0
 11375, 75530,20221028,  111,    0
 11375, 75530,20221029,  114,    0
 11375, 75530,20221030,  118,    0
 11375, 75530,20221031,  124,    0
