EUROPEAN CLIMATE ASSESSMENT & DATASET (ECA&D), file created on: 16-11-2022
THESE DATA CAN BE USED FOR NON-COMMERCIAL RESEARCH AND EDUCATION PROVIDED THAT THE FOLLOWING SOURCE IS ACKNOWLEDGED: 

Klein Tank, A.M.G. and Coauthors, 2002. Daily dataset of 20th-century surface
air temperature and precipitation series for the European Climate Assessment.
Int. J. of Climatol., 22, 1441-1453.
Data and metadata available at http://www.ecad.eu

FILE FORMAT (MISSING VALUE CODE = -9999):

01-06 STAID: Station identifier
08-13 SOUID: Source identifier
15-22 DATE : Date YYYYMMDD
24-28 TG   : Mean temperature in 0.1 &#176;C
30-34 Q_TG : quality code for TG (0='valid'; 1='suspect'; 9='missing')

This is the blended series of station LILLEHAMMER - BJOERNERUD, NORWAY (STAID: 18248)
Blended and updated with sources:99530 
See files sources.txt and stations.txt for more info.

STAID, SOUID,    DATE,   TG, Q_TG
 18248, 99530,20180529,  208,    1
 18248, 99530,20180530,  218,    1
 18248, 99530,20180531,  220,    1
 18248, 99530,20180601,  214,    1
 18248, 99530,20180602,  207,    1
 18248, 99530,20180603,  215,    1
 18248, 99530,20180604,  152,    1
 18248, 99530,20180605,  118,    1
 18248, 99530,20180606,  125,    1
 18248, 99530,20180607,  178,    1
 18248, 99530,20180608,  177,    1
 18248, 99530,20180609,  198,    1
 18248, 99530,20180610,  200,    1
 18248, 99530,20180611,  126,    1
 18248, 99530,20180612,  146,    1
 18248, 99530,20180613,  144,    1
 18248, 99530,20180614,  120,    1
 18248, 99530,20180615,  133,    1
 18248, 99530,20180616,  147,    1
 18248, 99530,20180617,  113,    1
 18248, 99530,20180618,  133,    1
 18248, 99530,20180619,  129,    1
 18248, 99530,20180620,  127,    1
 18248, 99530,20180621,   90,    1
 18248, 99530,20180622,  103,    1
 18248, 99530,20180623,  149,    1
 18248, 99530,20180624,  153,    1
 18248, 99530,20180625,  208,    1
 18248, 99530,20180626,  209,    1
 18248, 99530,20180627,  217,    1
 18248, 99530,20180628,  175,    1
 18248, 99530,20180629,  139,    1
 18248, 99530,20180630,  154,    1
 18248, 99530,20180701,  186,    1
 18248, 99530,20180702,  203,    1
 18248, 99530,20180703,  217,    1
 18248, 99530,20180704,  211,    1
 18248, 99530,20180705,  217,    1
 18248, 99530,20180706,  196,    1
 18248, 99530,20180707,  182,    1
 18248, 99530,20180708,  185,    1
 18248, 99530,20180709,  149,    1
 18248, 99530,20180710,  201,    1
 18248, 99530,20180711,  221,    1
 18248, 99530,20180712,  179,    1
 18248, 99530,20180713,  206,    1
 18248, 99530,20180714,  226,    1
 18248, 99530,20180715,  231,    1
 18248, 99530,20180716,  225,    1
 18248, 99530,20180717,  234,    1
 18248, 99530,20180718,  202,    1
 18248, 99530,20180719,  200,    1
 18248, 99530,20180720,  229,    1
 18248, 99530,20180721,  228,    1
 18248, 99530,20180722,  224,    1
 18248, 99530,20180723,  229,    1
 18248, 99530,20180724,  228,    1
 18248, 99530,20180725,  234,    1
 18248, 99530,20180726,  227,    1
 18248, 99530,20180727,  249,    1
 18248, 99530,20180728,  217,    1
 18248, 99530,20180729,  206,    1
 18248, 99530,20180730,  201,    1
 18248, 99530,20180731,  219,    1
 18248, 99530,20180801,  200,    0
 18248, 99530,20180802,  186,    0
 18248, 99530,20180803,  173,    0
 18248, 99530,20180804,  172,    0
 18248, 99530,20180805,  165,    0
 18248, 99530,20180806,  148,    0
 18248, 99530,20180807,  184,    0
 18248, 99530,20180808,  173,    0
 18248, 99530,20180809,  184,    0
 18248, 99530,20180810,  136,    0
 18248, 99530,20180811,  133,    0
 18248, 99530,20180812,  116,    0
 18248, 99530,20180813,  135,    0
 18248, 99530,20180814,  148,    0
 18248, 99530,20180815,  138,    0
 18248, 99530,20180816,  151,    0
 18248, 99530,20180817,  144,    0
 18248, 99530,20180818,  124,    0
 18248, 99530,20180819,  145,    0
 18248, 99530,20180820,  118,    0
 18248, 99530,20180821,  132,    0
 18248, 99530,20180822,  128,    0
 18248, 99530,20180823,  128,    0
 18248, 99530,20180824,  118,    0
 18248, 99530,20180825,  102,    0
 18248, 99530,20180826,  103,    0
 18248, 99530,20180827,   93,    0
 18248, 99530,20180828,  130,    0
 18248, 99530,20180829,  120,    0
 18248, 99530,20180830,  141,    0
 18248, 99530,20180831,  126,    0
 18248, 99530,20180901,  120,    0
 18248, 99530,20180902,  155,    0
 18248, 99530,20180903,  133,    0
 18248, 99530,20180904,  149,    0
 18248, 99530,20180905,  142,    0
 18248, 99530,20180906,  129,    0
 18248, 99530,20180907,  130,    0
 18248, 99530,20180908,  131,    0
 18248, 99530,20180909,  114,    0
 18248, 99530,20180910,  125,    0
 18248, 99530,20180911,   95,    0
 18248, 99530,20180912,  100,    0
 18248, 99530,20180913,   96,    0
 18248, 99530,20180914,  103,    0
 18248, 99530,20180915,   68,    0
 18248, 99530,20180916,   67,    0
 18248, 99530,20180917,  100,    0
 18248, 99530,20180918,  142,    0
 18248, 99530,20180919,  160,    0
 18248, 99530,20180920,  114,    0
 18248, 99530,20180921,   76,    0
 18248, 99530,20180922,   91,    0
 18248, 99530,20180923,   64,    0
 18248, 99530,20180924,   46,    0
 18248, 99530,20180925,   50,    0
 18248, 99530,20180926,  101,    0
 18248, 99530,20180927,   37,    0
 18248, 99530,20180928,   34,    0
 18248, 99530,20180929,   58,    0
 18248, 99530,20180930,   70,    0
 18248, 99530,20181001,   51,    0
 18248, 99530,20181002,   21,    0
 18248, 99530,20181003,   33,    0
 18248, 99530,20181004,   23,    0
 18248, 99530,20181005,   66,    0
 18248, 99530,20181006,   29,    0
 18248, 99530,20181007,   28,    0
 18248, 99530,20181008,   75,    0
 18248, 99530,20181009,  113,    0
 18248, 99530,20181010,  113,    0
 18248, 99530,20181011,   93,    0
 18248, 99530,20181012,   85,    0
 18248, 99530,20181013,  149,    0
 18248, 99530,20181014,  144,    0
 18248, 99530,20181015,   71,    0
 18248, 99530,20181016,   45,    0
 18248, 99530,20181017,   81,    0
 18248, 99530,20181018,   47,    0
 18248, 99530,20181019,   28,    0
 18248, 99530,20181020,   36,    0
 18248, 99530,20181021,   50,    0
 18248, 99530,20181022,   47,    0
 18248, 99530,20181023,   27,    0
 18248, 99530,20181024,   23,    0
 18248, 99530,20181025,   15,    0
 18248, 99530,20181026,   -1,    0
 18248, 99530,20181027,   -7,    0
 18248, 99530,20181028,  -37,    0
 18248, 99530,20181029,  -32,    0
 18248, 99530,20181030,   -9,    0
 18248, 99530,20181031,   20,    0
 18248, 99530,20181101,   11,    0
 18248, 99530,20181102,   31,    0
 18248, 99530,20181103,   12,    0
 18248, 99530,20181104,   60,    0
 18248, 99530,20181105,   45,    0
 18248, 99530,20181106,   45,    0
 18248, 99530,20181107,   43,    0
 18248, 99530,20181108,   42,    0
 18248, 99530,20181109,   36,    0
 18248, 99530,20181110,   42,    0
 18248, 99530,20181111,   68,    0
 18248, 99530,20181112,   61,    0
 18248, 99530,20181113,   25,    0
 18248, 99530,20181114,   12,    0
 18248, 99530,20181115,   54,    0
 18248, 99530,20181116,   52,    0
 18248, 99530,20181117,   32,    0
 18248, 99530,20181118,    9,    0
 18248, 99530,20181119,  -14,    0
 18248, 99530,20181120,  -31,    0
 18248, 99530,20181121,  -32,    0
 18248, 99530,20181122,  -49,    0
 18248, 99530,20181123,  -56,    0
 18248, 99530,20181124,  -39,    0
 18248, 99530,20181125,  -57,    0
 18248, 99530,20181126,  -71,    0
 18248, 99530,20181127,  -76,    0
 18248, 99530,20181128,  -85,    0
 18248, 99530,20181129,   -7,    0
 18248, 99530,20181130,   36,    0
 18248, 99530,20181201,   33,    0
 18248, 99530,20181202,   11,    0
 18248, 99530,20181203,    5,    0
 18248, 99530,20181204,   -6,    0
 18248, 99530,20181205,  -59,    0
 18248, 99530,20181206,  -72,    0
 18248, 99530,20181207,  -44,    0
 18248, 99530,20181208,  -31,    0
 18248, 99530,20181209,  -14,    0
 18248, 99530,20181210,    8,    0
 18248, 99530,20181211,  -15,    0
 18248, 99530,20181212,  -92,    0
 18248, 99530,20181213, -145,    0
 18248, 99530,20181214, -167,    0
 18248, 99530,20181215, -137,    0
 18248, 99530,20181216,  -55,    0
 18248, 99530,20181217,  -48,    0
 18248, 99530,20181218,  -99,    0
 18248, 99530,20181219,  -48,    0
 18248, 99530,20181220,  -12,    0
 18248, 99530,20181221,  -37,    0
 18248, 99530,20181222,  -58,    0
 18248, 99530,20181223,  -81,    0
 18248, 99530,20181224,  -85,    0
 18248, 99530,20181225,  -35,    0
 18248, 99530,20181226,   -8,    0
 18248, 99530,20181227,   -8,    0
 18248, 99530,20181228,  -35,    0
 18248, 99530,20181229,  -51,    0
 18248, 99530,20181230,  -35,    0
 18248, 99530,20181231,  -16,    0
 18248, 99530,20190101,   10,    0
 18248, 99530,20190102,  -23,    0
 18248, 99530,20190103,   -8,    0
 18248, 99530,20190104,   27,    0
 18248, 99530,20190105,   23,    0
 18248, 99530,20190106,   15,    0
 18248, 99530,20190107,  -21,    0
 18248, 99530,20190108,   -9,    0
 18248, 99530,20190109,  -32,    0
 18248, 99530,20190110,  -46,    0
 18248, 99530,20190111,   -4,    0
 18248, 99530,20190112,  -44,    0
 18248, 99530,20190113,  -64,    0
 18248, 99530,20190114,  -49,    0
 18248, 99530,20190115,  -83,    0
 18248, 99530,20190116,  -95,    0
 18248, 99530,20190117,  -77,    0
 18248, 99530,20190118,  -91,    0
 18248, 99530,20190119,  -82,    0
 18248, 99530,20190120,  -97,    0
 18248, 99530,20190121, -104,    0
 18248, 99530,20190122,  -94,    0
 18248, 99530,20190123,  -75,    0
 18248, 99530,20190124,  -53,    0
 18248, 99530,20190125,  -56,    0
 18248, 99530,20190126,  -67,    0
 18248, 99530,20190127,  -84,    0
 18248, 99530,20190128,  -94,    0
 18248, 99530,20190129, -153,    0
 18248, 99530,20190130, -138,    0
 18248, 99530,20190131,  -98,    0
 18248, 99530,20190201,  -55,    0
 18248, 99530,20190202,  -63,    0
 18248, 99530,20190203,  -99,    0
 18248, 99530,20190204, -122,    0
 18248, 99530,20190205,  -67,    0
 18248, 99530,20190206, -119,    0
 18248, 99530,20190207,  -97,    0
 18248, 99530,20190208,  -53,    0
 18248, 99530,20190209,   -9,    0
 18248, 99530,20190210,  -18,    0
 18248, 99530,20190211,  -34,    0
 18248, 99530,20190212,  -65,    0
 18248, 99530,20190213,    0,    0
 18248, 99530,20190214,   26,    0
 18248, 99530,20190215,   32,    0
 18248, 99530,20190216,   -8,    0
 18248, 99530,20190217,   -2,    0
 18248, 99530,20190218,   27,    0
 18248, 99530,20190219,   28,    0
 18248, 99530,20190220,   -6,    0
 18248, 99530,20190221,  -26,    0
 18248, 99530,20190222,  -15,    0
 18248, 99530,20190223,   -6,    0
 18248, 99530,20190224,    5,    0
 18248, 99530,20190225,   19,    0
 18248, 99530,20190226,   28,    0
 18248, 99530,20190227,   29,    0
 18248, 99530,20190228,   25,    0
 18248, 99530,20190301,    2,    0
 18248, 99530,20190302,  -19,    0
 18248, 99530,20190303,   -3,    0
 18248, 99530,20190304,  -14,    0
 18248, 99530,20190305,  -41,    0
 18248, 99530,20190306,  -48,    0
 18248, 99530,20190307,  -24,    0
 18248, 99530,20190308,  -19,    0
 18248, 99530,20190309,  -69,    0
 18248, 99530,20190310,  -51,    0
 18248, 99530,20190311,  -44,    0
 18248, 99530,20190312,  -82,    0
 18248, 99530,20190313,  -31,    0
 18248, 99530,20190314,  -49,    0
 18248, 99530,20190315,  -35,    0
 18248, 99530,20190316,  -19,    0
 18248, 99530,20190317,  -15,    0
 18248, 99530,20190318,    6,    0
 18248, 99530,20190319,   20,    0
 18248, 99530,20190320,   42,    0
 18248, 99530,20190321,   53,    0
 18248, 99530,20190322,   11,    0
 18248, 99530,20190323,   38,    0
 18248, 99530,20190324,   34,    0
 18248, 99530,20190325,   23,    0
 18248, 99530,20190326,   16,    0
 18248, 99530,20190327,   40,    0
 18248, 99530,20190328,   61,    0
 18248, 99530,20190329,   78,    0
 18248, 99530,20190330,   51,    0
 18248, 99530,20190331,    6,    0
 18248, 99530,20190401,   -3,    0
 18248, 99530,20190402,    7,    0
 18248, 99530,20190403,    8,    0
 18248, 99530,20190404,   57,    0
 18248, 99530,20190405,   20,    0
 18248, 99530,20190406,   12,    0
 18248, 99530,20190407,   18,    0
 18248, 99530,20190408,   10,    0
 18248, 99530,20190409,    2,    0
 18248, 99530,20190410,   -5,    0
 18248, 99530,20190411,   -3,    0
 18248, 99530,20190412,   17,    0
 18248, 99530,20190413,   35,    0
 18248, 99530,20190414,   35,    0
 18248, 99530,20190415,   51,    0
 18248, 99530,20190416,   55,    0
 18248, 99530,20190417,   64,    0
 18248, 99530,20190418,   70,    0
 18248, 99530,20190419,   89,    0
 18248, 99530,20190420,   91,    0
 18248, 99530,20190421,   94,    0
 18248, 99530,20190422,  115,    0
 18248, 99530,20190423,  115,    0
 18248, 99530,20190424,  120,    0
 18248, 99530,20190425,  100,    0
 18248, 99530,20190426,   95,    0
 18248, 99530,20190427,  116,    0
 18248, 99530,20190428,  138,    0
 18248, 99530,20190429,  148,    0
 18248, 99530,20190430,  135,    0
 18248, 99530,20190501,   90,    0
 18248, 99530,20190502,   34,    0
 18248, 99530,20190503,   14,    0
 18248, 99530,20190504,   34,    0
 18248, 99530,20190505,   36,    0
 18248, 99530,20190506,   13,    0
 18248, 99530,20190507,   33,    0
 18248, 99530,20190508,   43,    0
 18248, 99530,20190509,   24,    0
 18248, 99530,20190510,   60,    0
 18248, 99530,20190511,   42,    0
 18248, 99530,20190512,   49,    0
 18248, 99530,20190513,   64,    0
 18248, 99530,20190514,   95,    0
 18248, 99530,20190515,  122,    0
 18248, 99530,20190516,  143,    0
 18248, 99530,20190517,  161,    0
 18248, 99530,20190518,  105,    0
 18248, 99530,20190519,  113,    0
 18248, 99530,20190520,  136,    0
 18248, 99530,20190521,  175,    0
 18248, 99530,20190522,  153,    0
 18248, 99530,20190523,  121,    0
 18248, 99530,20190524,   96,    0
 18248, 99530,20190525,  117,    0
 18248, 99530,20190526,   82,    0
 18248, 99530,20190527,   70,    0
 18248, 99530,20190528,   63,    0
 18248, 99530,20190529,   76,    0
 18248, 99530,20190530,   66,    0
 18248, 99530,20190531,   94,    0
 18248, 99530,20190601,   77,    0
 18248, 99530,20190602,  120,    0
 18248, 99530,20190603,  125,    0
 18248, 99530,20190604,  134,    0
 18248, 99530,20190605,  103,    0
 18248, 99530,20190606,  164,    0
 18248, 99530,20190607,  161,    0
 18248, 99530,20190608,  150,    0
 18248, 99530,20190609,  123,    0
 18248, 99530,20190610,  144,    0
 18248, 99530,20190611,  148,    0
 18248, 99530,20190612,   96,    0
 18248, 99530,20190613,   95,    0
 18248, 99530,20190614,  154,    0
 18248, 99530,20190615,  185,    0
 18248, 99530,20190616,  143,    0
 18248, 99530,20190617,  182,    0
 18248, 99530,20190618,  143,    0
 18248, 99530,20190619,  147,    0
 18248, 99530,20190620,  142,    0
 18248, 99530,20190621,  150,    0
 18248, 99530,20190622,  133,    0
 18248, 99530,20190623,  132,    0
 18248, 99530,20190624,  154,    0
 18248, 99530,20190625,  124,    0
 18248, 99530,20190626,  153,    0
 18248, 99530,20190627,  150,    0
 18248, 99530,20190628,  179,    0
 18248, 99530,20190629,  192,    0
 18248, 99530,20190630,  169,    0
 18248, 99530,20190701,  145,    0
 18248, 99530,20190702,  111,    0
 18248, 99530,20190703,   93,    0
 18248, 99530,20190704,   95,    0
 18248, 99530,20190705,  127,    0
 18248, 99530,20190706,  120,    0
 18248, 99530,20190707,  128,    0
 18248, 99530,20190708,  125,    0
 18248, 99530,20190709,  149,    0
 18248, 99530,20190710,  179,    0
 18248, 99530,20190711,  193,    0
 18248, 99530,20190712,  187,    0
 18248, 99530,20190713,  199,    0
 18248, 99530,20190714,  180,    0
 18248, 99530,20190715,  146,    0
 18248, 99530,20190716,  154,    0
 18248, 99530,20190717,  174,    0
 18248, 99530,20190718,  173,    0
 18248, 99530,20190719,  139,    0
 18248, 99530,20190720,  153,    0
 18248, 99530,20190721,  137,    0
 18248, 99530,20190722,  177,    0
 18248, 99530,20190723,  201,    0
 18248, 99530,20190724,  226,    0
 18248, 99530,20190725,  229,    0
 18248, 99530,20190726,  239,    0
 18248, 99530,20190727,  241,    0
 18248, 99530,20190728,  246,    0
 18248, 99530,20190729,  246,    0
 18248, 99530,20190730,  123,    0
 18248, 99530,20190731,  121,    0
 18248, 99530,20190801,  158,    0
 18248, 99530,20190802,  191,    0
 18248, 99530,20190803,  191,    0
 18248, 99530,20190804,  190,    0
 18248, 99530,20190805,  176,    0
 18248, 99530,20190806,  150,    0
 18248, 99530,20190807,  158,    0
 18248, 99530,20190808,  154,    0
 18248, 99530,20190809,  166,    0
 18248, 99530,20190810,  141,    0
 18248, 99530,20190811,  162,    0
 18248, 99530,20190812,  164,    0
 18248, 99530,20190813,  119,    0
 18248, 99530,20190814,  122,    0
 18248, 99530,20190815,  126,    0
 18248, 99530,20190816,  144,    0
 18248, 99530,20190817,  130,    0
 18248, 99530,20190818,  148,    0
 18248, 99530,20190819,  136,    0
 18248, 99530,20190820,  132,    0
 18248, 99530,20190821,  132,    0
 18248, 99530,20190822,   98,    0
 18248, 99530,20190823,  137,    0
 18248, 99530,20190824,  154,    0
 18248, 99530,20190825,  187,    0
 18248, 99530,20190826,  184,    0
 18248, 99530,20190827,  190,    0
 18248, 99530,20190828,  158,    0
 18248, 99530,20190829,  151,    0
 18248, 99530,20190830,  131,    0
 18248, 99530,20190831,  154,    0
 18248, 99530,20190901,  137,    0
 18248, 99530,20190902,  102,    0
 18248, 99530,20190903,   94,    0
 18248, 99530,20190904,   69,    0
 18248, 99530,20190905,   83,    0
 18248, 99530,20190906,   73,    0
 18248, 99530,20190907,   91,    0
 18248, 99530,20190908,   87,    0
 18248, 99530,20190909,  113,    0
 18248, 99530,20190910,  121,    0
 18248, 99530,20190911,  121,    0
 18248, 99530,20190912,  107,    0
 18248, 99530,20190913,   84,    0
 18248, 99530,20190914,   77,    0
 18248, 99530,20190915,   95,    0
 18248, 99530,20190916,   79,    0
 18248, 99530,20190917,   65,    0
 18248, 99530,20190918,   77,    0
 18248, 99530,20190919,   56,    0
 18248, 99530,20190920,   94,    0
 18248, 99530,20190921,  130,    0
 18248, 99530,20190922,  109,    0
 18248, 99530,20190923,   78,    0
 18248, 99530,20190924,   81,    0
 18248, 99530,20190925,   77,    0
 18248, 99530,20190926,   72,    0
 18248, 99530,20190927,   67,    0
 18248, 99530,20190928,   86,    0
 18248, 99530,20190929,   91,    0
 18248, 99530,20190930,   43,    0
 18248, 99530,20191001,   40,    0
 18248, 99530,20191002,   58,    0
 18248, 99530,20191003,   24,    0
 18248, 99530,20191004,    9,    0
 18248, 99530,20191005,   -4,    0
 18248, 99530,20191006,  -11,    0
 18248, 99530,20191007,    6,    0
 18248, 99530,20191008,   10,    0
 18248, 99530,20191009,   27,    0
 18248, 99530,20191010,   37,    0
 18248, 99530,20191011,   39,    0
 18248, 99530,20191012,   37,    0
 18248, 99530,20191013,   29,    0
 18248, 99530,20191014,   50,    0
 18248, 99530,20191015,   46,    0
 18248, 99530,20191016,   40,    0
 18248, 99530,20191017,   41,    0
 18248, 99530,20191018,   46,    0
 18248, 99530,20191019,   38,    0
 18248, 99530,20191020,   34,    0
 18248, 99530,20191021,   17,    0
 18248, 99530,20191022,   61,    0
 18248, 99530,20191023,   81,    0
 18248, 99530,20191024,   58,    0
 18248, 99530,20191025,   60,    0
 18248, 99530,20191026,   16,    0
 18248, 99530,20191027,   -3,    0
 18248, 99530,20191028,    4,    0
 18248, 99530,20191029,   11,    0
 18248, 99530,20191030,    1,    0
 18248, 99530,20191031,    2,    0
 18248, 99530,20191101,  -19,    0
 18248, 99530,20191102,  -17,    0
 18248, 99530,20191103,  -41,    0
 18248, 99530,20191104,  -75,    0
 18248, 99530,20191105,  -83,    0
 18248, 99530,20191106,  -79,    0
 18248, 99530,20191107,  -55,    0
 18248, 99530,20191108,  -57,    0
 18248, 99530,20191109,  -48,    0
 18248, 99530,20191110,  -46,    0
 18248, 99530,20191111,  -55,    0
 18248, 99530,20191112,  -31,    0
 18248, 99530,20191113,    6,    0
 18248, 99530,20191114,    6,    0
 18248, 99530,20191115,  -30,    0
 18248, 99530,20191116,  -31,    0
 18248, 99530,20191117,  -10,    0
 18248, 99530,20191118,  -23,    0
 18248, 99530,20191119,    4,    0
 18248, 99530,20191120,  -52,    0
 18248, 99530,20191121,  -13,    0
 18248, 99530,20191122,   10,    0
 18248, 99530,20191123,   10,    0
 18248, 99530,20191124,    9,    0
 18248, 99530,20191125,    1,    0
 18248, 99530,20191126,   -1,    0
 18248, 99530,20191127,   -5,    0
 18248, 99530,20191128,  -20,    0
 18248, 99530,20191129,  -54,    0
 18248, 99530,20191130,  -72,    0
 18248, 99530,20191201,  -89,    0
 18248, 99530,20191202,  -81,    0
 18248, 99530,20191203,  -55,    0
 18248, 99530,20191204,   -6,    0
 18248, 99530,20191205,   28,    0
 18248, 99530,20191206,    5,    0
 18248, 99530,20191207,  -28,    0
 18248, 99530,20191208,  -63,    0
 18248, 99530,20191209,  -44,    0
 18248, 99530,20191210,  -71,    0
 18248, 99530,20191211,   18,    0
 18248, 99530,20191212,   14,    0
 18248, 99530,20191213,   -2,    0
 18248, 99530,20191214,   -3,    0
 18248, 99530,20191215,   -4,    0
 18248, 99530,20191216,  -35,    0
 18248, 99530,20191217, -121,    0
 18248, 99530,20191218, -102,    0
 18248, 99530,20191219,  -95,    0
 18248, 99530,20191220,  -19,    0
 18248, 99530,20191221,    6,    0
 18248, 99530,20191222,  -19,    0
 18248, 99530,20191223,  -71,    0
 18248, 99530,20191224,  -36,    0
 18248, 99530,20191225,  -29,    0
 18248, 99530,20191226,  -35,    0
 18248, 99530,20191227,  -61,    0
 18248, 99530,20191228,  -50,    0
 18248, 99530,20191229,   18,    0
 18248, 99530,20191230,   35,    0
 18248, 99530,20191231,    7,    0
 18248, 99530,20200101,   38,    0
 18248, 99530,20200102,   37,    0
 18248, 99530,20200103,    7,    0
 18248, 99530,20200104,  -19,    0
 18248, 99530,20200105,  -32,    0
 18248, 99530,20200106,  -28,    0
 18248, 99530,20200107,   22,    0
 18248, 99530,20200108,   28,    0
 18248, 99530,20200109,  -22,    0
 18248, 99530,20200110,  -79,    0
 18248, 99530,20200111,  -19,    0
 18248, 99530,20200112,    6,    0
 18248, 99530,20200113,  -19,    0
 18248, 99530,20200114,    8,    0
 18248, 99530,20200115,    4,    0
 18248, 99530,20200116,   23,    0
 18248, 99530,20200117,   23,    0
 18248, 99530,20200118,    6,    0
 18248, 99530,20200119,  -20,    0
 18248, 99530,20200120,   23,    0
 18248, 99530,20200121,   39,    0
 18248, 99530,20200122,    3,    0
 18248, 99530,20200123,    0,    0
 18248, 99530,20200124,   21,    0
 18248, 99530,20200125,  -15,    0
 18248, 99530,20200126,   -5,    0
 18248, 99530,20200127,   18,    0
 18248, 99530,20200128,   -3,    0
 18248, 99530,20200129,   -8,    0
 18248, 99530,20200130,  -25,    0
 18248, 99530,20200131,  -18,    0
 18248, 99530,20200201,    8,    0
 18248, 99530,20200202,  -14,    0
 18248, 99530,20200203,  -56,    0
 18248, 99530,20200204,  -42,    0
 18248, 99530,20200205,  -24,    0
 18248, 99530,20200206,   12,    0
 18248, 99530,20200207,  -32,    0
 18248, 99530,20200208,   -6,    0
 18248, 99530,20200209,   18,    0
 18248, 99530,20200210,   14,    0
 18248, 99530,20200211,  -14,    0
 18248, 99530,20200212,  -15,    0
 18248, 99530,20200213,  -39,    0
 18248, 99530,20200214,  -69,    0
 18248, 99530,20200215,   16,    0
 18248, 99530,20200216,   28,    0
 18248, 99530,20200217,   31,    0
 18248, 99530,20200218,   25,    0
 18248, 99530,20200219,    2,    0
 18248, 99530,20200220,   -8,    0
 18248, 99530,20200221,   15,    0
 18248, 99530,20200222,   24,    0
 18248, 99530,20200223,    3,    0
 18248, 99530,20200224,  -23,    0
 18248, 99530,20200225,  -50,    0
 18248, 99530,20200226,  -72,    0
 18248, 99530,20200227, -109,    0
 18248, 99530,20200228,  -86,    0
 18248, 99530,20200229,  -66,    0
 18248, 99530,20200301,  -24,    0
 18248, 99530,20200302,   14,    0
 18248, 99530,20200303,   -1,    0
 18248, 99530,20200304,  -13,    0
 18248, 99530,20200305,  -20,    0
 18248, 99530,20200306,  -70,    0
 18248, 99530,20200307,  -79,    0
 18248, 99530,20200308,   21,    0
 18248, 99530,20200309,   39,    0
 18248, 99530,20200310,   12,    0
 18248, 99530,20200311,   29,    0
 18248, 99530,20200312,   22,    0
 18248, 99530,20200313,  -28,    0
 18248, 99530,20200314,  -41,    0
 18248, 99530,20200315,   19,    0
 18248, 99530,20200316,   19,    0
 18248, 99530,20200317,   45,    0
 18248, 99530,20200318,   33,    0
 18248, 99530,20200319,   19,    0
 18248, 99530,20200320,   -1,    0
 18248, 99530,20200321,   -1,    0
 18248, 99530,20200322,  -10,    0
 18248, 99530,20200323,   15,    0
 18248, 99530,20200324,   27,    0
 18248, 99530,20200325,   63,    0
 18248, 99530,20200326,   57,    0
 18248, 99530,20200327,   37,    0
 18248, 99530,20200328,   -4,    0
 18248, 99530,20200329,  -12,    0
 18248, 99530,20200330,   -4,    0
 18248, 99530,20200331,   25,    0
 18248, 99530,20200401,   46,    0
 18248, 99530,20200402,   12,    0
 18248, 99530,20200403,   -2,    0
 18248, 99530,20200404,   -8,    0
 18248, 99530,20200405,    7,    0
 18248, 99530,20200406,   61,    0
 18248, 99530,20200407,   67,    0
 18248, 99530,20200408,   62,    0
 18248, 99530,20200409,   33,    0
 18248, 99530,20200410,   37,    0
 18248, 99530,20200411,   10,    0
 18248, 99530,20200412,   41,    0
 18248, 99530,20200413,    0,    0
 18248, 99530,20200414,   21,    0
 18248, 99530,20200415,   73,    0
 18248, 99530,20200416,   40,    0
 18248, 99530,20200417,   32,    0
 18248, 99530,20200418,   43,    0
 18248, 99530,20200419,   79,    0
 18248, 99530,20200420,  101,    0
 18248, 99530,20200421,  114,    0
 18248, 99530,20200422,  118,    0
 18248, 99530,20200423,  102,    0
 18248, 99530,20200424,   64,    0
 18248, 99530,20200425,   70,    0
 18248, 99530,20200426,   50,    0
 18248, 99530,20200427,   29,    0
 18248, 99530,20200428,   38,    0
 18248, 99530,20200429,   47,    0
 18248, 99530,20200430,   45,    0
 18248, 99530,20200501,   21,    0
 18248, 99530,20200502,   62,    0
 18248, 99530,20200503,   56,    0
 18248, 99530,20200504,   45,    0
 18248, 99530,20200505,   60,    0
 18248, 99530,20200506,   81,    0
 18248, 99530,20200507,   69,    0
 18248, 99530,20200508,   70,    0
 18248, 99530,20200509,   71,    0
 18248, 99530,20200510,   24,    0
 18248, 99530,20200511,   32,    0
 18248, 99530,20200512,   23,    0
 18248, 99530,20200513,   29,    0
 18248, 99530,20200514,   34,    0
 18248, 99530,20200515,   48,    0
 18248, 99530,20200516,   46,    0
 18248, 99530,20200517,   56,    0
 18248, 99530,20200518,   67,    0
 18248, 99530,20200519,   57,    0
 18248, 99530,20200520,   88,    0
 18248, 99530,20200521,  110,    0
 18248, 99530,20200522,  107,    0
 18248, 99530,20200523,   92,    0
 18248, 99530,20200524,   94,    0
 18248, 99530,20200525,  150,    0
 18248, 99530,20200526,  131,    0
 18248, 99530,20200527,  112,    0
 18248, 99530,20200528,  113,    0
 18248, 99530,20200529,  138,    0
 18248, 99530,20200530,  179,    0
 18248, 99530,20200531,  186,    0
 18248, 99530,20200601,  195,    0
 18248, 99530,20200602,  198,    0
 18248, 99530,20200603,  168,    0
 18248, 99530,20200604,  146,    0
 18248, 99530,20200605,  116,    0
 18248, 99530,20200606,   99,    0
 18248, 99530,20200607,  100,    0
 18248, 99530,20200608,  111,    0
 18248, 99530,20200609,  126,    0
 18248, 99530,20200610,  156,    0
 18248, 99530,20200611,  183,    0
 18248, 99530,20200612,  202,    0
 18248, 99530,20200613,  193,    0
 18248, 99530,20200614,  203,    0
 18248, 99530,20200615,  209,    0
 18248, 99530,20200616,  222,    0
 18248, 99530,20200617,  201,    0
 18248, 99530,20200618,  215,    0
 18248, 99530,20200619,  231,    0
 18248, 99530,20200620,  216,    0
 18248, 99530,20200621,  201,    0
 18248, 99530,20200622,  129,    0
 18248, 99530,20200623,  194,    0
 18248, 99530,20200624,  235,    0
 18248, 99530,20200625,  236,    0
 18248, 99530,20200626,  228,    0
 18248, 99530,20200627,  234,    0
 18248, 99530,20200628,  167,    0
 18248, 99530,20200629,  156,    0
 18248, 99530,20200630,  139,    0
 18248, 99530,20200701,  116,    0
 18248, 99530,20200702,  114,    0
 18248, 99530,20200703,   89,    0
 18248, 99530,20200704,  120,    0
 18248, 99530,20200705,  107,    0
 18248, 99530,20200706,  108,    0
 18248, 99530,20200707,   93,    0
 18248, 99530,20200708,  116,    0
 18248, 99530,20200709,  124,    0
 18248, 99530,20200710,  135,    0
 18248, 99530,20200711,  121,    0
 18248, 99530,20200712,  123,    0
 18248, 99530,20200713,  130,    0
 18248, 99530,20200714,  121,    0
 18248, 99530,20200715,  143,    0
 18248, 99530,20200716,  162,    0
 18248, 99530,20200717,  157,    0
 18248, 99530,20200718,  158,    0
 18248, 99530,20200719,  151,    0
 18248, 99530,20200720,  135,    0
 18248, 99530,20200721,  121,    0
 18248, 99530,20200722,  113,    0
 18248, 99530,20200723,  128,    0
 18248, 99530,20200724,  131,    0
 18248, 99530,20200725,  149,    0
 18248, 99530,20200726,  132,    0
 18248, 99530,20200727,  161,    0
 18248, 99530,20200728,  128,    0
 18248, 99530,20200729,  133,    0
 18248, 99530,20200730,  159,    0
 18248, 99530,20200731,  193,    0
 18248, 99530,20200801,  194,    0
 18248, 99530,20200802,  151,    0
 18248, 99530,20200803,  124,    0
 18248, 99530,20200804,  134,    0
 18248, 99530,20200805,  120,    0
 18248, 99530,20200806,  187,    0
 18248, 99530,20200807,  179,    0
 18248, 99530,20200808,  195,    0
 18248, 99530,20200809,  163,    0
 18248, 99530,20200810,  166,    0
 18248, 99530,20200811,  189,    0
 18248, 99530,20200812,  199,    0
 18248, 99530,20200813,  169,    0
 18248, 99530,20200814,  189,    0
 18248, 99530,20200815,  197,    0
 18248, 99530,20200816,  202,    0
 18248, 99530,20200817,  195,    0
 18248, 99530,20200818,  187,    0
 18248, 99530,20200819,  179,    0
 18248, 99530,20200820,  189,    0
 18248, 99530,20200821,  165,    0
 18248, 99530,20200822,  166,    0
 18248, 99530,20200823,  131,    0
 18248, 99530,20200824,  102,    0
 18248, 99530,20200825,   96,    0
 18248, 99530,20200826,  118,    0
 18248, 99530,20200827,  124,    0
 18248, 99530,20200828,  118,    0
 18248, 99530,20200829,  120,    0
 18248, 99530,20200830,  102,    0
 18248, 99530,20200831,   94,    0
 18248, 99530,20200901,  110,    0
 18248, 99530,20200902,  136,    0
 18248, 99530,20200903,  125,    0
 18248, 99530,20200904,  124,    0
 18248, 99530,20200905,   93,    0
 18248, 99530,20200906,   87,    0
 18248, 99530,20200907,   93,    0
 18248, 99530,20200908,  119,    0
 18248, 99530,20200909,   93,    0
 18248, 99530,20200910,   73,    0
 18248, 99530,20200911,   84,    0
 18248, 99530,20200912,   93,    0
 18248, 99530,20200913,   99,    0
 18248, 99530,20200914,  135,    0
 18248, 99530,20200915,  126,    0
 18248, 99530,20200916,   98,    0
 18248, 99530,20200917,   86,    0
 18248, 99530,20200918,  113,    0
 18248, 99530,20200919,   98,    0
 18248, 99530,20200920,   73,    0
 18248, 99530,20200921,  132,    0
 18248, 99530,20200922,  117,    0
 18248, 99530,20200923,  123,    0
 18248, 99530,20200924,   88,    0
 18248, 99530,20200925,   81,    0
 18248, 99530,20200926,   60,    0
 18248, 99530,20200927,   80,    0
 18248, 99530,20200928,  115,    0
 18248, 99530,20200929,  103,    0
 18248, 99530,20200930,   97,    0
 18248, 99530,20201001,   97,    0
 18248, 99530,20201002,   98,    0
 18248, 99530,20201003,   98,    0
 18248, 99530,20201004,  111,    0
 18248, 99530,20201005,  110,    0
 18248, 99530,20201006,   92,    0
 18248, 99530,20201007,   98,    0
 18248, 99530,20201008,   96,    0
 18248, 99530,20201009,   76,    0
 18248, 99530,20201010,   61,    0
 18248, 99530,20201011,   80,    0
 18248, 99530,20201012,   68,    0
 18248, 99530,20201013,   56,    0
 18248, 99530,20201014,   37,    0
 18248, 99530,20201015,   51,    0
 18248, 99530,20201016,   61,    0
 18248, 99530,20201017,   35,    0
 18248, 99530,20201018,   29,    0
 18248, 99530,20201019,   16,    0
 18248, 99530,20201020,   -5,    0
 18248, 99530,20201021,   12,    0
 18248, 99530,20201022,   27,    0
 18248, 99530,20201023,    9,    0
 18248, 99530,20201024,   20,    0
 18248, 99530,20201025,   72,    0
 18248, 99530,20201026,   52,    0
 18248, 99530,20201027,   56,    0
 18248, 99530,20201028,   59,    0
 18248, 99530,20201029,   47,    0
 18248, 99530,20201030,   14,    0
 18248, 99530,20201031,   41,    0
 18248, 99530,20201101,   75,    0
 18248, 99530,20201102,   85,    0
 18248, 99530,20201103,   56,    0
 18248, 99530,20201104,   38,    0
 18248, 99530,20201105,   73,    0
 18248, 99530,20201106,   73,    0
 18248, 99530,20201107,   21,    0
 18248, 99530,20201108,   -2,    0
 18248, 99530,20201109,  -15,    0
 18248, 99530,20201110,  -14,    0
 18248, 99530,20201111,    2,    0
 18248, 99530,20201112,   30,    0
 18248, 99530,20201113,   28,    0
 18248, 99530,20201114,   44,    0
 18248, 99530,20201115,   62,    0
 18248, 99530,20201116,   73,    0
 18248, 99530,20201117,   43,    0
 18248, 99530,20201118,   60,    0
 18248, 99530,20201119,   -3,    0
 18248, 99530,20201120,   -8,    0
 18248, 99530,20201121,   19,    0
 18248, 99530,20201122,   28,    0
 18248, 99530,20201123,    1,    0
 18248, 99530,20201124,   12,    0
 18248, 99530,20201125,   41,    0
 18248, 99530,20201126,   -4,    0
 18248, 99530,20201127,  -44,    0
 18248, 99530,20201128,  -77,    0
 18248, 99530,20201129,  -83,    0
 18248, 99530,20201130,  -53,    0
 18248, 99530,20201201,  -27,    0
 18248, 99530,20201202,  -20,    0
 18248, 99530,20201203,   -3,    0
 18248, 99530,20201204,  -15,    0
 18248, 99530,20201205,  -12,    0
 18248, 99530,20201206,   -6,    0
 18248, 99530,20201207,    5,    0
 18248, 99530,20201208,    6,    0
 18248, 99530,20201209,    0,    0
 18248, 99530,20201210,   -1,    0
 18248, 99530,20201211,  -13,    0
 18248, 99530,20201212,  -14,    0
 18248, 99530,20201213,   -7,    0
 18248, 99530,20201214,   -5,    0
 18248, 99530,20201215,  -10,    0
 18248, 99530,20201216,  -56,    0
 18248, 99530,20201217,  -34,    0
 18248, 99530,20201218,  -20,    0
 18248, 99530,20201219,   11,    0
 18248, 99530,20201220,   39,    0
 18248, 99530,20201221,   25,    0
 18248, 99530,20201222,   11,    0
 18248, 99530,20201223,  -11,    0
 18248, 99530,20201224,  -31,    0
 18248, 99530,20201225,  -50,    0
 18248, 99530,20201226,  -42,    0
 18248, 99530,20201227,    0,    0
 18248, 99530,20201228,   -8,    0
 18248, 99530,20201229,   -4,    0
 18248, 99530,20201230,   -6,    0
 18248, 99530,20201231,  -30,    0
 18248, 99530,20210101,  -42,    0
 18248, 99530,20210102,  -35,    0
 18248, 99530,20210103,  -59,    0
 18248, 99530,20210104,  -83,    0
 18248, 99530,20210105, -101,    0
 18248, 99530,20210106, -122,    0
 18248, 99530,20210107, -128,    0
 18248, 99530,20210108, -120,    0
 18248, 99530,20210109, -123,    0
 18248, 99530,20210110,  -96,    0
 18248, 99530,20210111, -108,    0
 18248, 99530,20210112,  -93,    0
 18248, 99530,20210113,  -93,    0
 18248, 99530,20210114, -108,    0
 18248, 99530,20210115, -104,    0
 18248, 99530,20210116, -115,    0
 18248, 99530,20210117, -120,    0
 18248, 99530,20210118,  -99,    0
 18248, 99530,20210119,  -69,    0
 18248, 99530,20210120,  -29,    0
 18248, 99530,20210121,   -2,    0
 18248, 99530,20210122,   -3,    0
 18248, 99530,20210123,  -15,    0
 18248, 99530,20210124,  -65,    0
 18248, 99530,20210125,  -92,    0
 18248, 99530,20210126, -102,    0
 18248, 99530,20210127, -102,    0
 18248, 99530,20210128, -109,    0
 18248, 99530,20210129, -142,    0
 18248, 99530,20210130, -101,    0
 18248, 99530,20210131,  -97,    0
 18248, 99530,20210201, -123,    0
 18248, 99530,20210202, -144,    0
 18248, 99530,20210203, -140,    0
 18248, 99530,20210204, -148,    0
 18248, 99530,20210205, -135,    0
 18248, 99530,20210206, -126,    0
 18248, 99530,20210207, -127,    0
 18248, 99530,20210208, -120,    0
 18248, 99530,20210209, -108,    0
 18248, 99530,20210210, -124,    0
 18248, 99530,20210211, -134,    0
 18248, 99530,20210212, -119,    0
 18248, 99530,20210213, -113,    0
 18248, 99530,20210214, -112,    0
 18248, 99530,20210215, -123,    0
 18248, 99530,20210216,  -84,    0
 18248, 99530,20210217,  -56,    0
 18248, 99530,20210218,  -53,    0
 18248, 99530,20210219,  -28,    0
 18248, 99530,20210220,    2,    0
 18248, 99530,20210221,   22,    0
 18248, 99530,20210222,    9,    0
 18248, 99530,20210223,   21,    0
 18248, 99530,20210224,   34,    0
 18248, 99530,20210225,   24,    0
 18248, 99530,20210226,   15,    0
 18248, 99530,20210227,   29,    0
 18248, 99530,20210228,   39,    0
 18248, 99530,20210301,   29,    0
 18248, 99530,20210302,   38,    0
 18248, 99530,20210303,   13,    0
 18248, 99530,20210304,  -33,    0
 18248, 99530,20210305,  -23,    0
 18248, 99530,20210306,    3,    0
 18248, 99530,20210307,  -32,    0
 18248, 99530,20210308,  -32,    0
 18248, 99530,20210309,   -9,    0
 18248, 99530,20210310,  -55,    0
 18248, 99530,20210311,  -29,    0
 18248, 99530,20210312,   -3,    0
 18248, 99530,20210313,  -24,    0
 18248, 99530,20210314,  -29,    0
 18248, 99530,20210315,  -10,    0
 18248, 99530,20210316,  -16,    0
 18248, 99530,20210317,  -29,    0
 18248, 99530,20210318,   -3,    0
 18248, 99530,20210319,  -14,    0
 18248, 99530,20210320,   28,    0
 18248, 99530,20210321,   -5,    0
 18248, 99530,20210322,   29,    0
 18248, 99530,20210323,   43,    0
 18248, 99530,20210324,   30,    0
 18248, 99530,20210325,   13,    0
 18248, 99530,20210326,   11,    0
 18248, 99530,20210327,   21,    0
 18248, 99530,20210328,    8,    0
 18248, 99530,20210329,   28,    0
 18248, 99530,20210330,   53,    0
 18248, 99530,20210331,   34,    0
 18248, 99530,20210401,   16,    0
 18248, 99530,20210402,    9,    0
 18248, 99530,20210403,   30,    0
 18248, 99530,20210404,   33,    0
 18248, 99530,20210405,  -13,    0
 18248, 99530,20210406,   11,    0
 18248, 99530,20210407,    1,    0
 18248, 99530,20210408,  -15,    0
 18248, 99530,20210409,    0,    0
 18248, 99530,20210410,   -6,    0
 18248, 99530,20210411,    6,    0
 18248, 99530,20210412,   -3,    0
 18248, 99530,20210413,    0,    0
 18248, 99530,20210414,    6,    0
 18248, 99530,20210415,   22,    0
 18248, 99530,20210416,   34,    0
 18248, 99530,20210417,   54,    0
 18248, 99530,20210418,   57,    0
 18248, 99530,20210419,   70,    0
 18248, 99530,20210420,   72,    0
 18248, 99530,20210421,   30,    0
 18248, 99530,20210422,   18,    0
 18248, 99530,20210423,    7,    0
 18248, 99530,20210424,    1,    0
 18248, 99530,20210425,    5,    0
 18248, 99530,20210426,   22,    0
 18248, 99530,20210427,   19,    0
 18248, 99530,20210428,   17,    0
 18248, 99530,20210429,   22,    0
 18248, 99530,20210430,   25,    0
 18248, 99530,20210501,   29,    0
 18248, 99530,20210502,   47,    0
 18248, 99530,20210503,   29,    0
 18248, 99530,20210504,   32,    0
 18248, 99530,20210505,   32,    0
 18248, 99530,20210506,   37,    0
 18248, 99530,20210507,   30,    0
 18248, 99530,20210508,   39,    0
 18248, 99530,20210509,   25,    0
 18248, 99530,20210510,   57,    0
 18248, 99530,20210511,   91,    0
 18248, 99530,20210512,   61,    0
 18248, 99530,20210513,  116,    0
 18248, 99530,20210514,  120,    0
 18248, 99530,20210515,   82,    0
 18248, 99530,20210516,   66,    0
 18248, 99530,20210517,   60,    0
 18248, 99530,20210518,   82,    0
 18248, 99530,20210519,   88,    0
 18248, 99530,20210520,   83,    0
 18248, 99530,20210521,   82,    0
 18248, 99530,20210522,   87,    0
 18248, 99530,20210523,   85,    0
 18248, 99530,20210524,   73,    0
 18248, 99530,20210525,   84,    0
 18248, 99530,20210526,   92,    0
 18248, 99530,20210527,  104,    0
 18248, 99530,20210528,  125,    0
 18248, 99530,20210529,  153,    0
 18248, 99530,20210530,  182,    0
 18248, 99530,20210531,  185,    0
 18248, 99530,20210601,  171,    0
 18248, 99530,20210602,  162,    0
 18248, 99530,20210603,  170,    0
 18248, 99530,20210604,  164,    0
 18248, 99530,20210605,  178,    0
 18248, 99530,20210606,  178,    0
 18248, 99530,20210607,  175,    0
 18248, 99530,20210608,  170,    0
 18248, 99530,20210609,  178,    0
 18248, 99530,20210610,  190,    0
 18248, 99530,20210611,  165,    0
 18248, 99530,20210612,  132,    0
 18248, 99530,20210613,  130,    0
 18248, 99530,20210614,  112,    0
 18248, 99530,20210615,  111,    0
 18248, 99530,20210616,  120,    0
 18248, 99530,20210617,  149,    0
 18248, 99530,20210618,  174,    0
 18248, 99530,20210619,  122,    0
 18248, 99530,20210620,  141,    0
 18248, 99530,20210621,  140,    0
 18248, 99530,20210622,  127,    0
 18248, 99530,20210623,  155,    0
 18248, 99530,20210624,  174,    0
 18248, 99530,20210625,  175,    0
 18248, 99530,20210626,  183,    0
 18248, 99530,20210627,  188,    0
 18248, 99530,20210628,  191,    0
 18248, 99530,20210629,  175,    0
 18248, 99530,20210630,  153,    0
 18248, 99530,20210701,  213,    0
 18248, 99530,20210702,  221,    0
 18248, 99530,20210703,  204,    0
 18248, 99530,20210704,  174,    0
 18248, 99530,20210705,  173,    0
 18248, 99530,20210706,  174,    0
 18248, 99530,20210707,  160,    0
 18248, 99530,20210708,  157,    0
 18248, 99530,20210709,  174,    0
 18248, 99530,20210710,  142,    0
 18248, 99530,20210711,  180,    0
 18248, 99530,20210712,  165,    0
 18248, 99530,20210713,  183,    0
 18248, 99530,20210714,  180,    0
 18248, 99530,20210715,  206,    0
 18248, 99530,20210716,  177,    0
 18248, 99530,20210717,  182,    0
 18248, 99530,20210718,  142,    0
 18248, 99530,20210719,  151,    0
 18248, 99530,20210720,  161,    0
 18248, 99530,20210721,  151,    0
 18248, 99530,20210722,  186,    0
 18248, 99530,20210723,  184,    0
 18248, 99530,20210724,  186,    0
 18248, 99530,20210725,  198,    0
 18248, 99530,20210726,  199,    0
 18248, 99530,20210727,  171,    0
 18248, 99530,20210728,  164,    0
 18248, 99530,20210729,  150,    0
 18248, 99530,20210730,  182,    0
 18248, 99530,20210731,  128,    0
 18248, 99530,20210801,  123,    0
 18248, 99530,20210802,  119,    0
 18248, 99530,20210803,  121,    0
 18248, 99530,20210804,  150,    0
 18248, 99530,20210805,  152,    0
 18248, 99530,20210806,  151,    0
 18248, 99530,20210807,  146,    0
 18248, 99530,20210808,  161,    0
 18248, 99530,20210809,  162,    0
 18248, 99530,20210810,  166,    0
 18248, 99530,20210811,  160,    0
 18248, 99530,20210812,  154,    0
 18248, 99530,20210813,  165,    0
 18248, 99530,20210814,  123,    0
 18248, 99530,20210815,  128,    0
 18248, 99530,20210816,  120,    0
 18248, 99530,20210817,  143,    0
 18248, 99530,20210818,  128,    0
 18248, 99530,20210819,  125,    0
 18248, 99530,20210820,  109,    0
 18248, 99530,20210821,  133,    0
 18248, 99530,20210822,  134,    0
 18248, 99530,20210823,  132,    0
 18248, 99530,20210824,  127,    0
 18248, 99530,20210825,  143,    0
 18248, 99530,20210826,  121,    0
 18248, 99530,20210827,  120,    0
 18248, 99530,20210828,  147,    0
 18248, 99530,20210829,  167,    0
 18248, 99530,20210830,  156,    0
 18248, 99530,20210831,  154,    0
 18248, 99530,20210901,  146,    0
 18248, 99530,20210902,  151,    0
 18248, 99530,20210903,  113,    0
 18248, 99530,20210904,   84,    0
 18248, 99530,20210905,  106,    0
 18248, 99530,20210906,  109,    0
 18248, 99530,20210907,  130,    0
 18248, 99530,20210908,  175,    0
 18248, 99530,20210909,  174,    0
 18248, 99530,20210910,  156,    0
 18248, 99530,20210911,  143,    0
 18248, 99530,20210912,  129,    0
 18248, 99530,20210913,  107,    0
 18248, 99530,20210914,   99,    0
 18248, 99530,20210915,  100,    0
 18248, 99530,20210916,   85,    0
 18248, 99530,20210917,   76,    0
 18248, 99530,20210918,   75,    0
 18248, 99530,20210919,   78,    0
 18248, 99530,20210920,   67,    0
 18248, 99530,20210921,   94,    0
 18248, 99530,20210922,  120,    0
 18248, 99530,20210923,  103,    0
 18248, 99530,20210924,   59,    0
 18248, 99530,20210925,   86,    0
 18248, 99530,20210926,   87,    0
 18248, 99530,20210927,   95,    0
 18248, 99530,20210928,  103,    0
 18248, 99530,20210929,   92,    0
 18248, 99530,20210930,   84,    0
 18248, 99530,20211001,   94,    0
 18248, 99530,20211002,  102,    0
 18248, 99530,20211003,  103,    0
 18248, 99530,20211004,  106,    0
 18248, 99530,20211005,  109,    0
 18248, 99530,20211006,   87,    0
 18248, 99530,20211007,   77,    0
 18248, 99530,20211008,  109,    0
 18248, 99530,20211009,  118,    0
 18248, 99530,20211010,   83,    0
 18248, 99530,20211011,   39,    0
 18248, 99530,20211012,   41,    0
 18248, 99530,20211013,   25,    0
 18248, 99530,20211014,   62,    0
 18248, 99530,20211015,   41,    0
 18248, 99530,20211016,   23,    0
 18248, 99530,20211017,   17,    0
 18248, 99530,20211018,   14,    0
 18248, 99530,20211019,    8,    0
 18248, 99530,20211020,   37,    0
 18248, 99530,20211021,   36,    0
 18248, 99530,20211022,   24,    0
 18248, 99530,20211023,   39,    0
 18248, 99530,20211024,   53,    0
 18248, 99530,20211025,   82,    0
 18248, 99530,20211026,   46,    0
 18248, 99530,20211027,   64,    0
 18248, 99530,20211028,  102,    0
 18248, 99530,20211029,   99,    0
 18248, 99530,20211030,   89,    0
 18248, 99530,20211031,   75,    0
 18248, 99530,20211101,   80,    0
 18248, 99530,20211102,   71,    0
 18248, 99530,20211103,   53,    0
 18248, 99530,20211104,   29,    0
 18248, 99530,20211105,    1,    0
 18248, 99530,20211106,   -4,    0
 18248, 99530,20211107,    4,    0
 18248, 99530,20211108,   -1,    0
 18248, 99530,20211109,   31,    0
 18248, 99530,20211110,   12,    0
 18248, 99530,20211111,   27,    0
 18248, 99530,20211112,    5,    0
 18248, 99530,20211113,    1,    0
 18248, 99530,20211114,  -13,    0
 18248, 99530,20211115,   -2,    0
 18248, 99530,20211116,   32,    0
 18248, 99530,20211117,   37,    0
 18248, 99530,20211118,  -12,    0
 18248, 99530,20211119,   34,    0
 18248, 99530,20211120,   13,    0
 18248, 99530,20211121,   -8,    0
 18248, 99530,20211122,  -18,    0
 18248, 99530,20211123,   -8,    0
 18248, 99530,20211124,   24,    0
 18248, 99530,20211125,  -25,    0
 18248, 99530,20211126,  -48,    0
 18248, 99530,20211127,  -53,    0
 18248, 99530,20211128,  -80,    0
 18248, 99530,20211129, -139,    0
 18248, 99530,20211130, -101,    0
 18248, 99530,20211201, -111,    0
 18248, 99530,20211202,  -80,    0
 18248, 99530,20211203, -120,    0
 18248, 99530,20211204,  -92,    0
 18248, 99530,20211205,  -86,    0
 18248, 99530,20211206, -113,    0
 18248, 99530,20211207, -113,    0
 18248, 99530,20211208,  -89,    0
 18248, 99530,20211209,  -47,    0
 18248, 99530,20211210,  -38,    0
 18248, 99530,20211211,  -28,    0
 18248, 99530,20211212,  -10,    0
 18248, 99530,20211213,   -8,    0
 18248, 99530,20211214,  -39,    0
 18248, 99530,20211215,    6,    0
 18248, 99530,20211216,   14,    0
 18248, 99530,20211217,   11,    0
 18248, 99530,20211218,   32,    0
 18248, 99530,20211219,   17,    0
 18248, 99530,20211220,  -10,    0
 18248, 99530,20211221,  -55,    0
 18248, 99530,20211222,  -51,    0
 18248, 99530,20211223,  -64,    0
 18248, 99530,20211224,  -89,    0
 18248, 99530,20211225,  -64,    0
 18248, 99530,20211226,  -63,    0
 18248, 99530,20211227, -111,    0
 18248, 99530,20211228,  -98,    0
 18248, 99530,20211229, -128,    0
 18248, 99530,20211230,  -81,    0
 18248, 99530,20211231,  -58,    0
 18248, 99530,20220101,  -58,    0
 18248, 99530,20220102,  -31,    0
 18248, 99530,20220103,  -29,    0
 18248, 99530,20220104,  -74,    0
 18248, 99530,20220105,  -68,    0
 18248, 99530,20220106,  -91,    0
 18248, 99530,20220107, -100,    0
 18248, 99530,20220108,  -84,    0
 18248, 99530,20220109,  -53,    0
 18248, 99530,20220110,  -45,    0
 18248, 99530,20220111,  -16,    0
 18248, 99530,20220112,   -6,    0
 18248, 99530,20220113,   60,    0
 18248, 99530,20220114,  -10,    0
 18248, 99530,20220115,  -25,    0
 18248, 99530,20220116,  -30,    0
 18248, 99530,20220117,  -30,    0
 18248, 99530,20220118,  -21,    0
 18248, 99530,20220119,  -16,    0
 18248, 99530,20220120,  -41,    0
 18248, 99530,20220121,  -21,    0
 18248, 99530,20220122,  -27,    0
 18248, 99530,20220123,  -33,    0
 18248, 99530,20220124,   -7,    0
 18248, 99530,20220125,  -31,    0
 18248, 99530,20220126,  -20,    0
 18248, 99530,20220127,   10,    0
 18248, 99530,20220128,  -13,    0
 18248, 99530,20220129,    4,    0
 18248, 99530,20220130,   -8,    0
 18248, 99530,20220131,  -87,    0
 18248, 99530,20220201,  -84,    0
 18248, 99530,20220202,  -91,    0
 18248, 99530,20220203,  -98,    0
 18248, 99530,20220204,  -24,    0
 18248, 99530,20220205,  -14,    0
 18248, 99530,20220206,  -26,    0
 18248, 99530,20220207,   -6,    0
 18248, 99530,20220208,    2,    0
 18248, 99530,20220209,    1,    0
 18248, 99530,20220210,  -15,    0
 18248, 99530,20220211,  -49,    0
 18248, 99530,20220212,    2,    0
 18248, 99530,20220213,   36,    0
 18248, 99530,20220214,   -3,    0
 18248, 99530,20220215,  -25,    0
 18248, 99530,20220216,  -22,    0
 18248, 99530,20220217,  -36,    0
 18248, 99530,20220218,  -55,    0
 18248, 99530,20220219,  -58,    0
 18248, 99530,20220220,  -75,    0
 18248, 99530,20220221,  -23,    0
 18248, 99530,20220222,  -51,    0
 18248, 99530,20220223,  -21,    0
 18248, 99530,20220224,    4,    0
 18248, 99530,20220225,  -27,    0
 18248, 99530,20220226,  -48,    0
 18248, 99530,20220227,   20,    0
 18248, 99530,20220228,   -5,    0
 18248, 99530,20220301,    6,    0
 18248, 99530,20220302,   -4,    0
 18248, 99530,20220303,  -27,    0
 18248, 99530,20220304,  -50,    0
 18248, 99530,20220305,  -50,    0
 18248, 99530,20220306,  -42,    0
 18248, 99530,20220307,   -2,    0
 18248, 99530,20220308,   -7,    0
 18248, 99530,20220309,  -27,    0
 18248, 99530,20220310,  -27,    0
 18248, 99530,20220311,  -10,    0
 18248, 99530,20220312,  -22,    0
 18248, 99530,20220313,  -22,    0
 18248, 99530,20220314,  -14,    0
 18248, 99530,20220315,  -10,    0
 18248, 99530,20220316,   -5,    0
 18248, 99530,20220317,    2,    0
 18248, 99530,20220318,   22,    0
 18248, 99530,20220319,   47,    0
 18248, 99530,20220320,   44,    0
 18248, 99530,20220321,   28,    0
 18248, 99530,20220322,   20,    0
 18248, 99530,20220323,   35,    0
 18248, 99530,20220324,   51,    0
 18248, 99530,20220325,   91,    0
 18248, 99530,20220326,   39,    0
 18248, 99530,20220327,   40,    0
 18248, 99530,20220328,   41,    0
 18248, 99530,20220329,  -18,    0
 18248, 99530,20220330,  -33,    0
 18248, 99530,20220331,  -17,    0
 18248, 99530,20220401,  -22,    0
 18248, 99530,20220402,  -10,    0
 18248, 99530,20220403,   15,    0
 18248, 99530,20220404,   -5,    0
 18248, 99530,20220405,  -15,    0
 18248, 99530,20220406,    0,    0
 18248, 99530,20220407,   -5,    0
 18248, 99530,20220408,  -12,    0
 18248, 99530,20220409,   25,    0
 18248, 99530,20220410,   47,    0
 18248, 99530,20220411,   24,    0
 18248, 99530,20220412,   28,    0
 18248, 99530,20220413,   19,    0
 18248, 99530,20220414,   31,    0
 18248, 99530,20220415,   58,    0
 18248, 99530,20220416,   72,    0
 18248, 99530,20220417,   83,    0
 18248, 99530,20220418,   86,    0
 18248, 99530,20220419,   95,    0
 18248, 99530,20220420,  110,    0
 18248, 99530,20220421,  118,    0
 18248, 99530,20220422,  115,    0
 18248, 99530,20220423,   73,    0
 18248, 99530,20220424,   75,    0
 18248, 99530,20220425,   85,    0
 18248, 99530,20220426,   42,    0
 18248, 99530,20220427,   34,    0
 18248, 99530,20220428,   54,    0
 18248, 99530,20220429,   48,    0
 18248, 99530,20220430,   68,    0
 18248, 99530,20220501,   83,    0
 18248, 99530,20220502,   60,    0
 18248, 99530,20220503,   43,    0
 18248, 99530,20220504,   60,    0
 18248, 99530,20220505,  102,    0
 18248, 99530,20220506,   99,    0
 18248, 99530,20220507,   74,    0
 18248, 99530,20220508,   72,    0
 18248, 99530,20220509,  109,    0
 18248, 99530,20220510,   81,    0
 18248, 99530,20220511,   84,    0
 18248, 99530,20220512,   89,    0
 18248, 99530,20220513,   81,    0
 18248, 99530,20220514,   86,    0
 18248, 99530,20220515,   88,    0
 18248, 99530,20220516,   90,    0
 18248, 99530,20220517,  105,    0
 18248, 99530,20220518,  114,    0
 18248, 99530,20220519,  115,    0
 18248, 99530,20220520,  137,    0
 18248, 99530,20220521,   90,    0
 18248, 99530,20220522,  116,    0
 18248, 99530,20220523,  110,    0
 18248, 99530,20220524,  116,    0
 18248, 99530,20220525,  125,    0
 18248, 99530,20220526,   85,    0
 18248, 99530,20220527,   72,    0
 18248, 99530,20220528,  103,    0
 18248, 99530,20220529,   61,    0
 18248, 99530,20220530,  103,    0
 18248, 99530,20220531,   98,    0
 18248, 99530,20220601,  120,    0
 18248, 99530,20220602,  101,    0
 18248, 99530,20220603,  113,    0
 18248, 99530,20220604,  139,    0
 18248, 99530,20220605,  145,    0
 18248, 99530,20220606,  180,    0
 18248, 99530,20220607,  156,    0
 18248, 99530,20220608,  127,    0
 18248, 99530,20220609,  150,    0
 18248, 99530,20220610,  161,    0
 18248, 99530,20220611,  149,    0
 18248, 99530,20220612,  141,    0
 18248, 99530,20220613,  138,    0
 18248, 99530,20220614,  145,    0
 18248, 99530,20220615,  162,    0
 18248, 99530,20220616,  150,    0
 18248, 99530,20220617,  146,    0
 18248, 99530,20220618,  140,    0
 18248, 99530,20220619,  135,    0
 18248, 99530,20220620,  170,    0
 18248, 99530,20220621,  144,    0
 18248, 99530,20220622,  157,    0
 18248, 99530,20220623,  196,    0
 18248, 99530,20220624,  207,    0
 18248, 99530,20220625,  215,    0
 18248, 99530,20220626,  186,    0
 18248, 99530,20220627,  181,    0
 18248, 99530,20220628,  169,    0
 18248, 99530,20220629,  189,    0
 18248, 99530,20220630,  218,    0
 18248, 99530,20220701,  195,    0
 18248, 99530,20220702,  175,    0
 18248, 99530,20220703,  149,    0
 18248, 99530,20220704,  125,    0
 18248, 99530,20220705,  134,    0
 18248, 99530,20220706,  101,    0
 18248, 99530,20220707,  146,    0
 18248, 99530,20220708,  150,    0
 18248, 99530,20220709,  123,    0
 18248, 99530,20220710,  147,    0
 18248, 99530,20220711,  171,    0
 18248, 99530,20220712,  168,    0
 18248, 99530,20220713,  157,    0
 18248, 99530,20220714,  121,    0
 18248, 99530,20220715,  129,    0
 18248, 99530,20220716,  139,    0
 18248, 99530,20220717,  132,    0
 18248, 99530,20220718,  158,    0
 18248, 99530,20220719,  188,    0
 18248, 99530,20220720,  188,    0
 18248, 99530,20220721,  205,    0
 18248, 99530,20220722,  159,    0
 18248, 99530,20220723,  161,    0
 18248, 99530,20220724,  155,    0
 18248, 99530,20220725,  150,    0
 18248, 99530,20220726,  156,    0
 18248, 99530,20220727,  152,    0
 18248, 99530,20220728,  154,    0
 18248, 99530,20220729,  173,    0
 18248, 99530,20220730,  179,    0
 18248, 99530,20220731,  150,    0
 18248, 99530,20220801,  129,    0
 18248, 99530,20220802,  100,    0
 18248, 99530,20220803,  158,    0
 18248, 99530,20220804,  151,    0
 18248, 99530,20220805,  146,    0
 18248, 99530,20220806,  119,    0
 18248, 99530,20220807,  120,    0
 18248, 99530,20220808,  157,    0
 18248, 99530,20220809,  150,    0
 18248, 99530,20220810,  192,    0
 18248, 99530,20220811,  199,    0
 18248, 99530,20220812,  186,    0
 18248, 99530,20220813,  203,    0
 18248, 99530,20220814,  190,    0
 18248, 99530,20220815,  203,    0
 18248, 99530,20220816,  171,    0
 18248, 99530,20220817,  153,    0
 18248, 99530,20220818,  118,    0
 18248, 99530,20220819,  172,    0
 18248, 99530,20220820,  172,    0
 18248, 99530,20220821,  127,    0
 18248, 99530,20220822,  128,    0
 18248, 99530,20220823,  139,    0
 18248, 99530,20220824,  137,    0
 18248, 99530,20220825,  178,    0
 18248, 99530,20220826,  163,    0
 18248, 99530,20220827,  164,    0
 18248, 99530,20220828,  143,    0
 18248, 99530,20220829,  117,    0
 18248, 99530,20220830,  110,    0
 18248, 99530,20220831,  115,    0
 18248, 99530,20220901,  114,    0
 18248, 99530,20220902,   94,    0
 18248, 99530,20220903,  108,    0
 18248, 99530,20220904,  101,    0
 18248, 99530,20220905,  129,    0
 18248, 99530,20220906,  118,    0
 18248, 99530,20220907,  111,    0
 18248, 99530,20220908,  113,    0
 18248, 99530,20220909,   98,    0
 18248, 99530,20220910,   91,    0
 18248, 99530,20220911,  121,    0
 18248, 99530,20220912,  107,    0
 18248, 99530,20220913,  114,    0
 18248, 99530,20220914,  104,    0
 18248, 99530,20220915,  103,    0
 18248, 99530,20220916,  104,    0
 18248, 99530,20220917,  100,    0
 18248, 99530,20220918,   92,    0
 18248, 99530,20220919,   81,    0
 18248, 99530,20220920,   64,    0
 18248, 99530,20220921,   60,    0
 18248, 99530,20220922,   76,    0
 18248, 99530,20220923,  102,    0
 18248, 99530,20220924,   87,    0
 18248, 99530,20220925,   82,    0
 18248, 99530,20220926,   72,    0
 18248, 99530,20220927,   84,    0
 18248, 99530,20220928,   90,    0
 18248, 99530,20220929,   71,    0
 18248, 99530,20220930,   70,    0
 18248, 99530,20221001,   80,    0
 18248, 99530,20221002,   78,    0
 18248, 99530,20221003,   63,    0
 18248, 99530,20221004,   53,    0
 18248, 99530,20221005,   91,    0
 18248, 99530,20221006,   77,    0
 18248, 99530,20221007,   84,    0
 18248, 99530,20221008,   64,    0
 18248, 99530,20221009,   60,    0
 18248, 99530,20221010,   74,    0
 18248, 99530,20221011,   45,    0
 18248, 99530,20221012,   31,    0
 18248, 99530,20221013,   81,    0
 18248, 99530,20221014,   61,    0
 18248, 99530,20221015,   74,    0
 18248, 99530,20221016,   38,    0
 18248, 99530,20221017,   22,    0
 18248, 99530,20221018,   45,    0
 18248, 99530,20221019,   17,    0
 18248, 99530,20221020,   -5,    0
 18248, 99530,20221021,  -18,    0
 18248, 99530,20221022,    0,    0
 18248, 99530,20221023,   -2,    0
 18248, 99530,20221024,   28,    0
 18248, 99530,20221025,   51,    0
 18248, 99530,20221026,   41,    0
 18248, 99530,20221027,   65,    0
 18248, 99530,20221028,   62,    0
 18248, 99530,20221029,   84,    0
 18248, 99530,20221030,   31,    0
 18248, 99530,20221031,   53,    0
