EUROPEAN CLIMATE ASSESSMENT & DATASET (ECA&D), file created on: 16-11-2022
THESE DATA CAN BE USED FOR NON-COMMERCIAL RESEARCH AND EDUCATION PROVIDED THAT THE FOLLOWING SOURCE IS ACKNOWLEDGED: 

Klein Tank, A.M.G. and Coauthors, 2002. Daily dataset of 20th-century surface
air temperature and precipitation series for the European Climate Assessment.
Int. J. of Climatol., 22, 1441-1453.
Data and metadata available at http://www.ecad.eu

FILE FORMAT (MISSING VALUE CODE = -9999):

01-06 STAID: Station identifier
08-13 SOUID: Source identifier
15-22 DATE : Date YYYYMMDD
24-28 TG   : Mean temperature in 0.1 &#176;C
30-34 Q_TG : quality code for TG (0='valid'; 1='suspect'; 9='missing')

This is the blended series of station HEMSEDAL SKISENTER, NORWAY (STAID: 18065)
Blended and updated with sources:99609 
See files sources.txt and stations.txt for more info.

STAID, SOUID,    DATE,   TG, Q_TG
 18065, 99609,20161014,    5,    0
 18065, 99609,20161015,  -63,    0
 18065, 99609,20161016,  -42,    0
 18065, 99609,20161017,  -19,    0
 18065, 99609,20161018,   -7,    0
 18065, 99609,20161019,  -10,    0
 18065, 99609,20161020,  -16,    0
 18065, 99609,20161021,  -47,    0
 18065, 99609,20161022,  -52,    0
 18065, 99609,20161023,  -52,    0
 18065, 99609,20161024,  -33,    0
 18065, 99609,20161025,  -32,    0
 18065, 99609,20161026,  -18,    0
 18065, 99609,20161027,    9,    0
 18065, 99609,20161028,  -30,    0
 18065, 99609,20161029,  -37,    0
 18065, 99609,20161030,   -4,    0
 18065, 99609,20161031,   22,    0
 18065, 99609,20161101,  -30,    0
 18065, 99609,20161102,  -63,    0
 18065, 99609,20161103,  -74,    0
 18065, 99609,20161104,  -90,    0
 18065, 99609,20161105,  -94,    0
 18065, 99609,20161106, -137,    0
 18065, 99609,20161107, -152,    0
 18065, 99609,20161108, -149,    0
 18065, 99609,20161109, -142,    0
 18065, 99609,20161110, -128,    0
 18065, 99609,20161111,  -86,    0
 18065, 99609,20161112,  -56,    0
 18065, 99609,20161113,  -22,    0
 18065, 99609,20161114,    0,    0
 18065, 99609,20161115,   10,    0
 18065, 99609,20161116,  -27,    0
 18065, 99609,20161117,  -60,    0
 18065, 99609,20161118,  -58,    0
 18065, 99609,20161119,  -55,    0
 18065, 99609,20161120,  -70,    0
 18065, 99609,20161121,  -58,    0
 18065, 99609,20161122,  -30,    1
 18065, 99609,20161123,  -29,    0
 18065, 99609,20161124,  -40,    0
 18065, 99609,20161125,   11,    0
 18065, 99609,20161126,  -27,    0
 18065, 99609,20161127,  -69,    0
 18065, 99609,20161128,  -74,    0
 18065, 99609,20161129,  -54,    0
 18065, 99609,20161130,  -61,    0
 18065, 99609,20161201,  -52,    0
 18065, 99609,20161202,  -73,    0
 18065, 99609,20161203,  -42,    0
 18065, 99609,20161204,   -9,    0
 18065, 99609,20161205,  -28,    0
 18065, 99609,20161206,  -44,    0
 18065, 99609,20161207,    9,    0
 18065, 99609,20161208,   18,    0
 18065, 99609,20161209,   -4,    0
 18065, 99609,20161210,  -10,    0
 18065, 99609,20161211,  -34,    0
 18065, 99609,20161212,  -48,    0
 18065, 99609,20161213,  -36,    0
 18065, 99609,20161214,  -20,    0
 18065, 99609,20161215,   15,    0
 18065, 99609,20161216,   -5,    0
 18065, 99609,20161217,  -15,    0
 18065, 99609,20161218,   -5,    0
 18065, 99609,20161219,   47,    0
 18065, 99609,20161220,   -1,    0
 18065, 99609,20161221,  -45,    0
 18065, 99609,20161222,  -53,    0
 18065, 99609,20161223,  -59,    0
 18065, 99609,20161224,  -60,    0
 18065, 99609,20161225,  -28,    0
 18065, 99609,20161226,  -60,    0
 18065, 99609,20161227,  -62,    0
 18065, 99609,20161228,  -14,    0
 18065, 99609,20161229,   -6,    0
 18065, 99609,20161230,    8,    0
 18065, 99609,20161231,  -25,    0
 18065, 99609,20170101,  -74,    0
 18065, 99609,20170102, -103,    0
 18065, 99609,20170103,  -70,    0
 18065, 99609,20170104, -109,    0
 18065, 99609,20170105, -131,    0
 18065, 99609,20170106,  -60,    0
 18065, 99609,20170107,  -61,    0
 18065, 99609,20170108,  -24,    0
 18065, 99609,20170109,   -9,    0
 18065, 99609,20170110,  -43,    0
 18065, 99609,20170111,  -49,    0
 18065, 99609,20170112,  -72,    0
 18065, 99609,20170113,  -85,    0
 18065, 99609,20170114, -107,    0
 18065, 99609,20170115, -127,    0
 18065, 99609,20170116,  -87,    0
 18065, 99609,20170117,  -15,    0
 18065, 99609,20170118,    8,    0
 18065, 99609,20170119,    7,    0
 18065, 99609,20170120,    6,    0
 18065, 99609,20170121,   -2,    0
 18065, 99609,20170122,  -18,    0
 18065, 99609,20170123,  -38,    0
 18065, 99609,20170124,  -35,    0
 18065, 99609,20170125,   12,    0
 18065, 99609,20170126,   16,    0
 18065, 99609,20170127,    7,    0
 18065, 99609,20170128,  -48,    0
 18065, 99609,20170129,  -70,    0
 18065, 99609,20170130,  -56,    0
 18065, 99609,20170131,  -39,    0
 18065, 99609,20170201,  -61,    0
 18065, 99609,20170202,  -72,    0
 18065, 99609,20170203,  -31,    0
 18065, 99609,20170204,  -56,    0
 18065, 99609,20170205,  -80,    0
 18065, 99609,20170206,  -87,    0
 18065, 99609,20170207, -159,    0
 18065, 99609,20170208, -177,    0
 18065, 99609,20170209, -152,    0
 18065, 99609,20170210, -137,    0
 18065, 99609,20170211,  -84,    0
 18065, 99609,20170212,  -36,    0
 18065, 99609,20170213,   16,    0
 18065, 99609,20170214,   31,    0
 18065, 99609,20170215,   14,    0
 18065, 99609,20170216,   -4,    0
 18065, 99609,20170217,  -30,    0
 18065, 99609,20170218,  -20,    0
 18065, 99609,20170219,  -12,    0
 18065, 99609,20170220,  -14,    0
 18065, 99609,20170221,  -52,    0
 18065, 99609,20170222,  -58,    0
 18065, 99609,20170223, -111,    0
 18065, 99609,20170224, -118,    0
 18065, 99609,20170225,  -95,    0
 18065, 99609,20170226,  -51,    0
 18065, 99609,20170227,  -46,    0
 18065, 99609,20170228,  -52,    0
 18065, 99609,20170301,  -73,    0
 18065, 99609,20170302,  -85,    0
 18065, 99609,20170303,  -72,    0
 18065, 99609,20170304,  -85,    0
 18065, 99609,20170305, -111,    0
 18065, 99609,20170306, -135,    0
 18065, 99609,20170307, -146,    0
 18065, 99609,20170308, -118,    0
 18065, 99609,20170309,  -59,    0
 18065, 99609,20170310,  -49,    0
 18065, 99609,20170311,  -52,    0
 18065, 99609,20170312,  -11,    0
 18065, 99609,20170313,  -30,    0
 18065, 99609,20170314,  -28,    0
 18065, 99609,20170315,  -53,    0
 18065, 99609,20170316,  -28,    0
 18065, 99609,20170317,  -66,    0
 18065, 99609,20170318,  -91,    0
 18065, 99609,20170319,  -92,    0
 18065, 99609,20170320,  -46,    0
 18065, 99609,20170321,  -53,    0
 18065, 99609,20170322,  -81,    0
 18065, 99609,20170323,  -83,    0
 18065, 99609,20170324,  -48,    0
 18065, 99609,20170325,  -19,    0
 18065, 99609,20170326,   20,    0
 18065, 99609,20170327,   16,    0
 18065, 99609,20170328,   -3,    0
 18065, 99609,20170329,  -40,    0
 18065, 99609,20170330,  -30,    0
 18065, 99609,20170331,   -1,    0
 18065, 99609,20170401,   10,    0
 18065, 99609,20170402,   -2,    0
 18065, 99609,20170403,    9,    0
 18065, 99609,20170404,  -14,    0
 18065, 99609,20170405,  -47,    0
 18065, 99609,20170406,  -13,    0
 18065, 99609,20170407,   -1,    0
 18065, 99609,20170408,   -1,    0
 18065, 99609,20170409,    7,    0
 18065, 99609,20170410,  -35,    0
 18065, 99609,20170411,  -59,    0
 18065, 99609,20170412,  -33,    0
 18065, 99609,20170413,  -45,    0
 18065, 99609,20170414,  -65,    0
 18065, 99609,20170415,  -70,    0
 18065, 99609,20170416,  -67,    0
 18065, 99609,20170417,  -70,    0
 18065, 99609,20170418,  -76,    0
 18065, 99609,20170419,  -56,    0
 18065, 99609,20170420,  -15,    0
 18065, 99609,20170421,  -55,    0
 18065, 99609,20170422,  -56,    0
 18065, 99609,20170423,  -73,    0
 18065, 99609,20170424,  -78,    0
 18065, 99609,20170425,  -67,    0
 18065, 99609,20170426,  -67,    0
 18065, 99609,20170427,  -59,    0
 18065, 99609,20170428,  -63,    0
 18065, 99609,20170429,  -56,    0
 18065, 99609,20170430,  -45,    0
 18065, 99609,20170501,   -8,    0
 18065, 99609,20170502,   29,    0
 18065, 99609,20170503,   24,    0
 18065, 99609,20170504,   27,    0
 18065, 99609,20170505,   63,    0
 18065, 99609,20170506,   74,    0
 18065, 99609,20170507,   13,    0
 18065, 99609,20170508,  -37,    0
 18065, 99609,20170509,  -42,    0
 18065, 99609,20170510,  -57,    0
 18065, 99609,20170511,  -43,    0
 18065, 99609,20170512,  -20,    0
 18065, 99609,20170513,   -6,    0
 18065, 99609,20170514,   27,    0
 18065, 99609,20170515,   45,    0
 18065, 99609,20170516,   15,    0
 18065, 99609,20170517,   59,    0
 18065, 99609,20170518,   57,    0
 18065, 99609,20170519,   65,    0
 18065, 99609,20170520,   50,    0
 18065, 99609,20170521,   38,    0
 18065, 99609,20170522,   22,    0
 18065, 99609,20170523,   61,    0
 18065, 99609,20170524,   41,    0
 18065, 99609,20170525,   40,    0
 18065, 99609,20170526,   75,    0
 18065, 99609,20170527,  114,    0
 18065, 99609,20170528,  105,    0
 18065, 99609,20170529,   92,    0
 18065, 99609,20170530,   62,    0
 18065, 99609,20170531,   29,    0
 18065, 99609,20170601,    8,    0
 18065, 99609,20170602,   24,    0
 18065, 99609,20170603,   59,    0
 18065, 99609,20170604,   51,    0
 18065, 99609,20170605,   36,    0
 18065, 99609,20170606,   42,    0
 18065, 99609,20170607,   45,    0
 18065, 99609,20170608,   39,    0
 18065, 99609,20170609,   47,    0
 18065, 99609,20170610,   61,    0
 18065, 99609,20170611,   68,    0
 18065, 99609,20170612,   57,    0
 18065, 99609,20170613,   56,    0
 18065, 99609,20170614,   65,    0
 18065, 99609,20170615,   80,    0
 18065, 99609,20170616,   64,    0
 18065, 99609,20170617,   73,    0
 18065, 99609,20170618,   66,    0
 18065, 99609,20170619,   40,    0
 18065, 99609,20170620,   22,    0
 18065, 99609,20170621,   32,    0
 18065, 99609,20170622,   53,    0
 18065, 99609,20170623,   68,    0
 18065, 99609,20170624,   38,    0
 18065, 99609,20170625,   32,    0
 18065, 99609,20170626,   28,    0
 18065, 99609,20170627,   47,    0
 18065, 99609,20170628,   75,    0
 18065, 99609,20170629,   79,    0
 18065, 99609,20170630,  101,    0
 18065, 99609,20170701,  110,    0
 18065, 99609,20170702,   66,    0
 18065, 99609,20170703,   47,    0
 18065, 99609,20170704,   53,    0
 18065, 99609,20170705,   58,    0
 18065, 99609,20170706,   81,    0
 18065, 99609,20170707,   84,    0
 18065, 99609,20170708,   72,    0
 18065, 99609,20170709,   53,    0
 18065, 99609,20170710,   69,    0
 18065, 99609,20170711,   66,    0
 18065, 99609,20170712,   38,    0
 18065, 99609,20170713,   34,    0
 18065, 99609,20170714,   58,    0
 18065, 99609,20170715,   87,    0
 18065, 99609,20170716,   63,    0
 18065, 99609,20170717,   33,    0
 18065, 99609,20170718,   50,    0
 18065, 99609,20170719,   93,    0
 18065, 99609,20170720,  119,    0
 18065, 99609,20170721,   90,    0
 18065, 99609,20170722,   91,    0
 18065, 99609,20170723,  115,    0
 18065, 99609,20170724,   86,    0
 18065, 99609,20170725,  103,    0
 18065, 99609,20170726,   96,    0
 18065, 99609,20170727,   77,    0
 18065, 99609,20170728,   68,    0
 18065, 99609,20170729,   65,    0
 18065, 99609,20170730,   73,    0
 18065, 99609,20170731,   70,    0
 18065, 99609,20170801,   73,    0
 18065, 99609,20170802,   63,    0
 18065, 99609,20170803,   58,    0
 18065, 99609,20170804,   67,    0
 18065, 99609,20170805,   74,    0
 18065, 99609,20170806,   65,    0
 18065, 99609,20170807,   58,    0
 18065, 99609,20170808,   71,    0
 18065, 99609,20170809,   64,    0
 18065, 99609,20170810,   72,    0
 18065, 99609,20170811,   80,    0
 18065, 99609,20170812,   72,    0
 18065, 99609,20170813,   32,    0
 18065, 99609,20170814,   53,    0
 18065, 99609,20170815,   53,    0
 18065, 99609,20170816,   69,    0
 18065, 99609,20170817,   58,    0
 18065, 99609,20170818,   76,    0
 18065, 99609,20170819,   63,    0
 18065, 99609,20170820,   60,    0
 18065, 99609,20170821,   69,    0
 18065, 99609,20170822,   68,    0
 18065, 99609,20170823,   73,    0
 18065, 99609,20170824,   56,    0
 18065, 99609,20170825,   69,    0
 18065, 99609,20170826,   72,    0
 18065, 99609,20170827,   86,    0
 18065, 99609,20170828,   84,    0
 18065, 99609,20170829,   67,    0
 18065, 99609,20170830,   41,    0
 18065, 99609,20170831,   49,    0
 18065, 99609,20170901,   45,    0
 18065, 99609,20170902,   51,    0
 18065, 99609,20170903,   50,    0
 18065, 99609,20170904,   29,    0
 18065, 99609,20170905,   46,    0
 18065, 99609,20170906,   54,    0
 18065, 99609,20170907,   32,    0
 18065, 99609,20170908,   16,    0
 18065, 99609,20170909,   31,    0
 18065, 99609,20170910,   42,    0
 18065, 99609,20170911,   39,    0
 18065, 99609,20170912,   37,    0
 18065, 99609,20170913,   38,    0
 18065, 99609,20170914,   40,    0
 18065, 99609,20170915,   41,    0
 18065, 99609,20170916,   52,    0
 18065, 99609,20170917,   40,    0
 18065, 99609,20170918,   49,    0
 18065, 99609,20170919,   34,    0
 18065, 99609,20170920,    4,    0
 18065, 99609,20170921,    3,    0
 18065, 99609,20170922,   17,    0
 18065, 99609,20170923,   35,    0
 18065, 99609,20170924,   54,    0
 18065, 99609,20170925,   49,    0
 18065, 99609,20170926,   34,    0
 18065, 99609,20170927,   43,    0
 18065, 99609,20170928,   31,    0
 18065, 99609,20170929,   21,    0
 18065, 99609,20170930,   18,    0
 18065, 99609,20171001,   22,    0
 18065, 99609,20171002,   35,    0
 18065, 99609,20171003,   16,    0
 18065, 99609,20171004,   -7,    0
 18065, 99609,20171005,   -7,    0
 18065, 99609,20171006,    5,    0
 18065, 99609,20171007,  -17,    0
 18065, 99609,20171008,  -12,    0
 18065, 99609,20171009,  -24,    0
 18065, 99609,20171010,  -31,    0
 18065, 99609,20171011,   -9,    0
 18065, 99609,20171012,   -6,    0
 18065, 99609,20171013,   12,    0
 18065, 99609,20171014,   12,    0
 18065, 99609,20171015,   30,    0
 18065, 99609,20171016,   13,    0
 18065, 99609,20171017,   13,    0
 18065, 99609,20171018,  -13,    0
 18065, 99609,20171019,  -27,    0
 18065, 99609,20171020,  -17,    0
 18065, 99609,20171021,  -24,    0
 18065, 99609,20171022,  -29,    0
 18065, 99609,20171023,  -43,    0
 18065, 99609,20171024,  -39,    0
 18065, 99609,20171025,  -12,    0
 18065, 99609,20171026,  -12,    0
 18065, 99609,20171027,  -14,    0
 18065, 99609,20171028,  -18,    0
 18065, 99609,20171029,  -57,    0
 18065, 99609,20171030,  -63,    0
 18065, 99609,20171031,  -14,    0
 18065, 99609,20171101,   17,    0
 18065, 99609,20171102,    4,    0
 18065, 99609,20171103,    3,    0
 18065, 99609,20171104,   -4,    0
 18065, 99609,20171105,  -23,    0
 18065, 99609,20171106,  -40,    0
 18065, 99609,20171107,   -7,    0
 18065, 99609,20171108,  -10,    0
 18065, 99609,20171109,  -24,    0
 18065, 99609,20171110,  -54,    0
 18065, 99609,20171111,  -54,    0
 18065, 99609,20171112,  -47,    0
 18065, 99609,20171113,  -66,    0
 18065, 99609,20171114,  -39,    0
 18065, 99609,20171115,  -37,    0
 18065, 99609,20171116,  -33,    0
 18065, 99609,20171117,  -41,    0
 18065, 99609,20171118,  -52,    0
 18065, 99609,20171119,  -68,    0
 18065, 99609,20171120,  -72,    0
 18065, 99609,20171121,  -92,    0
 18065, 99609,20171122, -110,    0
 18065, 99609,20171123,  -11,    0
 18065, 99609,20171124,  -56,    0
 18065, 99609,20171125,  -62,    0
 18065, 99609,20171126,  -62,    0
 18065, 99609,20171127,  -72,    0
 18065, 99609,20171128,  -82,    0
 18065, 99609,20171129,  -87,    0
 18065, 99609,20171130, -100,    0
 18065, 99609,20171201,  -78,    0
 18065, 99609,20171202,  -15,    0
 18065, 99609,20171203,  -58,    0
 18065, 99609,20171204,  -69,    0
 18065, 99609,20171205,  -15,    0
 18065, 99609,20171206,  -22,    0
 18065, 99609,20171207,   -9,    0
 18065, 99609,20171208,  -53,    0
 18065, 99609,20171209,  -79,    0
 18065, 99609,20171210, -115,    0
 18065, 99609,20171211, -118,    0
 18065, 99609,20171212, -106,    0
 18065, 99609,20171213,  -81,    0
 18065, 99609,20171214,  -72,    0
 18065, 99609,20171215, -103,    0
 18065, 99609,20171216, -107,    0
 18065, 99609,20171217,  -85,    0
 18065, 99609,20171218,  -50,    0
 18065, 99609,20171219,    7,    0
 18065, 99609,20171220,    8,    0
 18065, 99609,20171221,  -44,    0
 18065, 99609,20171222,  -34,    0
 18065, 99609,20171223,  -11,    0
 18065, 99609,20171224,  -46,    0
 18065, 99609,20171225,  -44,    0
 18065, 99609,20171226,  -77,    0
 18065, 99609,20171227,  -69,    0
 18065, 99609,20171228,  -78,    0
 18065, 99609,20171229,  -87,    0
 18065, 99609,20171230,  -98,    0
 18065, 99609,20171231, -101,    0
 18065, 99609,20180101,  -60,    0
 18065, 99609,20180102,  -71,    0
 18065, 99609,20180103,  -84,    0
 18065, 99609,20180104,  -77,    0
 18065, 99609,20180105,  -97,    0
 18065, 99609,20180106, -123,    0
 18065, 99609,20180107,  -93,    0
 18065, 99609,20180108,  -41,    0
 18065, 99609,20180109,  -40,    0
 18065, 99609,20180110,  -73,    0
 18065, 99609,20180111,  -57,    0
 18065, 99609,20180112,  -53,    0
 18065, 99609,20180113, -118,    0
 18065, 99609,20180114, -108,    0
 18065, 99609,20180115,  -95,    0
 18065, 99609,20180116,  -89,    0
 18065, 99609,20180117, -116,    0
 18065, 99609,20180118, -112,    0
 18065, 99609,20180119, -109,    0
 18065, 99609,20180120, -106,    0
 18065, 99609,20180121, -121,    0
 18065, 99609,20180122, -107,    0
 18065, 99609,20180123,  -72,    0
 18065, 99609,20180124,  -40,    0
 18065, 99609,20180125,  -47,    0
 18065, 99609,20180126,  -74,    0
 18065, 99609,20180127, -101,    0
 18065, 99609,20180128,  -66,    0
 18065, 99609,20180129,  -59,    0
 18065, 99609,20180130,  -70,    0
 18065, 99609,20180131,  -60,    0
 18065, 99609,20180201,  -77,    1
 18065, 99609,20180202, -118,    0
 18065, 99609,20180203, -154,    0
 18065, 99609,20180204, -114,    0
 18065, 99609,20180205,  -78,    0
 18065, 99609,20180206, -107,    0
 18065, 99609,20180207, -103,    0
 18065, 99609,20180208,  -75,    0
 18065, 99609,20180209,  -69,    0
 18065, 99609,20180210,  -90,    0
 18065, 99609,20180211, -104,    0
 18065, 99609,20180212, -112,    0
 18065, 99609,20180213, -100,    0
 18065, 99609,20180214,  -80,    0
 18065, 99609,20180215,  -93,    0
 18065, 99609,20180216,  -92,    0
 18065, 99609,20180217,  -75,    0
 18065, 99609,20180218,  -69,    0
 18065, 99609,20180219,  -83,    0
 18065, 99609,20180220, -107,    0
 18065, 99609,20180221,  -80,    0
 18065, 99609,20180222,  -81,    0
 18065, 99609,20180223,  -72,    0
 18065, 99609,20180224, -102,    0
 18065, 99609,20180225, -118,    0
 18065, 99609,20180226, -129,    0
 18065, 99609,20180227, -193,    0
 18065, 99609,20180228, -226,    0
 18065, 99609,20180301, -190,    0
 18065, 99609,20180302, -150,    0
 18065, 99609,20180303, -134,    0
 18065, 99609,20180304, -131,    0
 18065, 99609,20180305, -143,    0
 18065, 99609,20180306, -125,    0
 18065, 99609,20180307,  -95,    0
 18065, 99609,20180308,  -92,    0
 18065, 99609,20180309, -102,    0
 18065, 99609,20180310,  -82,    0
 18065, 99609,20180311,  -91,    0
 18065, 99609,20180312,  -95,    0
 18065, 99609,20180313,  -89,    0
 18065, 99609,20180314, -102,    0
 18065, 99609,20180315, -114,    0
 18065, 99609,20180316, -163,    0
 18065, 99609,20180317, -139,    0
 18065, 99609,20180318,  -94,    0
 18065, 99609,20180319,  -68,    0
 18065, 99609,20180320,  -83,    0
 18065, 99609,20180321,  -56,    0
 18065, 99609,20180322,  -47,    0
 18065, 99609,20180323,  -33,    0
 18065, 99609,20180324,  -42,    0
 18065, 99609,20180325,  -45,    0
 18065, 99609,20180326,  -95,    0
 18065, 99609,20180327, -121,    0
 18065, 99609,20180328, -115,    0
 18065, 99609,20180329, -107,    0
 18065, 99609,20180330, -105,    0
 18065, 99609,20180331, -109,    0
 18065, 99609,20180401, -114,    0
 18065, 99609,20180402, -102,    0
 18065, 99609,20180403, -106,    0
 18065, 99609,20180404,  -49,    0
 18065, 99609,20180405,  -49,    0
 18065, 99609,20180406,  -74,    0
 18065, 99609,20180407,  -46,    0
 18065, 99609,20180408,  -11,    0
 18065, 99609,20180409,  -32,    0
 18065, 99609,20180410,  -55,    0
 18065, 99609,20180411,  -34,    0
 18065, 99609,20180412,  -23,    0
 18065, 99609,20180413,  -22,    0
 18065, 99609,20180414,   32,    0
 18065, 99609,20180415,   55,    0
 18065, 99609,20180416,   25,    0
 18065, 99609,20180417,   16,    0
 18065, 99609,20180418,   21,    0
 18065, 99609,20180419,   53,    0
 18065, 99609,20180420,   34,    0
 18065, 99609,20180421,   -7,    0
 18065, 99609,20180422,   -2,    0
 18065, 99609,20180423,  -14,    0
 18065, 99609,20180424,  -17,    0
 18065, 99609,20180425,  -23,    0
 18065, 99609,20180426,  -25,    0
 18065, 99609,20180427,  -15,    0
 18065, 99609,20180428,  -21,    0
 18065, 99609,20180429,  -29,    0
 18065, 99609,20180430,  -21,    0
 18065, 99609,20180501,  -33,    0
 18065, 99609,20180502,  -16,    0
 18065, 99609,20180503,  -21,    0
 18065, 99609,20180504,    0,    0
 18065, 99609,20180505,   48,    0
 18065, 99609,20180506,   41,    0
 18065, 99609,20180507,   47,    0
 18065, 99609,20180508,   74,    0
 18065, 99609,20180509,   73,    0
 18065, 99609,20180510,   65,    0
 18065, 99609,20180511,   39,    0
 18065, 99609,20180512,   62,    0
 18065, 99609,20180513,   67,    0
 18065, 99609,20180514,  105,    0
 18065, 99609,20180515,  117,    0
 18065, 99609,20180516,   63,    0
 18065, 99609,20180517,   39,    0
 18065, 99609,20180518,   57,    0
 18065, 99609,20180519,   68,    0
 18065, 99609,20180520,   76,    0
 18065, 99609,20180521,   93,    0
 18065, 99609,20180522,  101,    0
 18065, 99609,20180523,  110,    0
 18065, 99609,20180524,  130,    0
 18065, 99609,20180525,  110,    0
 18065, 99609,20180526,  129,    0
 18065, 99609,20180527,  144,    0
 18065, 99609,20180528,  126,    0
 18065, 99609,20180529,  134,    0
 18065, 99609,20180530,  150,    0
 18065, 99609,20180531,  155,    0
 18065, 99609,20180601,  144,    0
 18065, 99609,20180602,  146,    0
 18065, 99609,20180603,  136,    0
 18065, 99609,20180604,   95,    0
 18065, 99609,20180605,   79,    0
 18065, 99609,20180606,   87,    0
 18065, 99609,20180607,  108,    0
 18065, 99609,20180608,  136,    0
 18065, 99609,20180609,  139,    0
 18065, 99609,20180610,  123,    0
 18065, 99609,20180611,   85,    0
 18065, 99609,20180612,   95,    0
 18065, 99609,20180613,   77,    0
 18065, 99609,20180614,   59,    0
 18065, 99609,20180615,   31,    0
 18065, 99609,20180616,   56,    0
 18065, 99609,20180617,   48,    0
 18065, 99609,20180618,   53,    0
 18065, 99609,20180619,   23,    0
 18065, 99609,20180620,   23,    0
 18065, 99609,20180621,   20,    0
 18065, 99609,20180622,   26,    0
 18065, 99609,20180623,   41,    0
 18065, 99609,20180624,   67,    0
 18065, 99609,20180625,  101,    0
 18065, 99609,20180626,  140,    0
 18065, 99609,20180627,  150,    0
 18065, 99609,20180628,  102,    0
 18065, 99609,20180629,   91,    0
 18065, 99609,20180630,  107,    0
 18065, 99609,20180701,  147,    0
 18065, 99609,20180702,  142,    0
 18065, 99609,20180703,  141,    0
 18065, 99609,20180704,  169,    0
 18065, 99609,20180705,  149,    0
 18065, 99609,20180706,   97,    0
 18065, 99609,20180707,  103,    0
 18065, 99609,20180708,  122,    0
 18065, 99609,20180709,   63,    0
 18065, 99609,20180710,  130,    0
 18065, 99609,20180711,  146,    0
 18065, 99609,20180712,  135,    0
 18065, 99609,20180713,  139,    0
 18065, 99609,20180714,  142,    0
 18065, 99609,20180715,  151,    0
 18065, 99609,20180716,  164,    0
 18065, 99609,20180717,  128,    0
 18065, 99609,20180718,  114,    0
 18065, 99609,20180719,  133,    0
 18065, 99609,20180720,  148,    0
 18065, 99609,20180721,  124,    0
 18065, 99609,20180722,  128,    0
 18065, 99609,20180723,  125,    0
 18065, 99609,20180724,  142,    0
 18065, 99609,20180725,  131,    0
 18065, 99609,20180726,  142,    0
 18065, 99609,20180727,  181,    0
 18065, 99609,20180728,  138,    0
 18065, 99609,20180729,  131,    0
 18065, 99609,20180730,  102,    0
 18065, 99609,20180731,  123,    0
 18065, 99609,20180801,  123,    0
 18065, 99609,20180802,  108,    0
 18065, 99609,20180803,  104,    0
 18065, 99609,20180804,   99,    0
 18065, 99609,20180805,   61,    0
 18065, 99609,20180806,   63,    0
 18065, 99609,20180807,  108,    0
 18065, 99609,20180808,  105,    0
 18065, 99609,20180809,   83,    0
 18065, 99609,20180810,   60,    0
 18065, 99609,20180811,   52,    0
 18065, 99609,20180812,   48,    0
 18065, 99609,20180813,   81,    0
 18065, 99609,20180814,   92,    0
 18065, 99609,20180815,   89,    0
 18065, 99609,20180816,   88,    0
 18065, 99609,20180817,   60,    0
 18065, 99609,20180818,   59,    0
 18065, 99609,20180819,   56,    0
 18065, 99609,20180820,   35,    0
 18065, 99609,20180821,   56,    0
 18065, 99609,20180822,   77,    0
 18065, 99609,20180823,   56,    0
 18065, 99609,20180824,   46,    0
 18065, 99609,20180825,   31,    0
 18065, 99609,20180826,   31,    0
 18065, 99609,20180827,   28,    0
 18065, 99609,20180828,   71,    0
 18065, 99609,20180829,   63,    0
 18065, 99609,20180830,   49,    0
 18065, 99609,20180831,   56,    0
 18065, 99609,20180901,   67,    0
 18065, 99609,20180902,   97,    0
 18065, 99609,20180903,   95,    0
 18065, 99609,20180904,   92,    0
 18065, 99609,20180905,   88,    0
 18065, 99609,20180906,   75,    0
 18065, 99609,20180907,   63,    0
 18065, 99609,20180908,   57,    0
 18065, 99609,20180909,   46,    0
 18065, 99609,20180910,   50,    0
 18065, 99609,20180911,   34,    0
 18065, 99609,20180912,   21,    0
 18065, 99609,20180913,   20,    0
 18065, 99609,20180914,   21,    0
 18065, 99609,20180915,    8,    0
 18065, 99609,20180916,   10,    0
 18065, 99609,20180917,   31,    0
 18065, 99609,20180918,   91,    0
 18065, 99609,20180919,   81,    0
 18065, 99609,20180920,   20,    0
 18065, 99609,20180921,    9,    0
 18065, 99609,20180922,    7,    0
 18065, 99609,20180923,  -15,    0
 18065, 99609,20180924,  -33,    0
 18065, 99609,20180925,    5,    0
 18065, 99609,20180926,   20,    0
 18065, 99609,20180927,   -9,    0
 18065, 99609,20180928,  -33,    0
 18065, 99609,20180929,    5,    0
 18065, 99609,20180930,   -3,    0
 18065, 99609,20181001,  -17,    0
 18065, 99609,20181002,  -35,    0
 18065, 99609,20181003,  -27,    0
 18065, 99609,20181004,    2,    0
 18065, 99609,20181005,   -8,    0
 18065, 99609,20181006,  -22,    0
 18065, 99609,20181007,  -25,    0
 18065, 99609,20181008,    6,    0
 18065, 99609,20181009,   51,    0
 18065, 99609,20181010,   75,    0
 18065, 99609,20181011,   54,    0
 18065, 99609,20181012,   47,    0
 18065, 99609,20181013,   95,    0
 18065, 99609,20181014,   93,    0
 18065, 99609,20181015,    8,    0
 18065, 99609,20181016,   16,    0
 18065, 99609,20181017,   29,    0
 18065, 99609,20181018,   -7,    0
 18065, 99609,20181019,   -2,    0
 18065, 99609,20181020,    5,    0
 18065, 99609,20181021,   37,    0
 18065, 99609,20181022,  -26,    0
 18065, 99609,20181023,  -29,    0
 18065, 99609,20181024,  -39,    0
 18065, 99609,20181025,  -26,    0
 18065, 99609,20181026,  -53,    0
 18065, 99609,20181027,  -78,    0
 18065, 99609,20181028, -107,    0
 18065, 99609,20181029, -107,    0
 18065, 99609,20181030,  -70,    0
 18065, 99609,20181031,  -19,    0
 18065, 99609,20181101,  -23,    0
 18065, 99609,20181102,  -22,    0
 18065, 99609,20181103,  -21,    0
 18065, 99609,20181104,    0,    0
 18065, 99609,20181105,  -10,    0
 18065, 99609,20181106,   -2,    0
 18065, 99609,20181107,   39,    0
 18065, 99609,20181108,   -6,    0
 18065, 99609,20181109,   -6,    0
 18065, 99609,20181110,  -12,    0
 18065, 99609,20181111,    2,    0
 18065, 99609,20181112,   -2,    0
 18065, 99609,20181113,  -13,    0
 18065, 99609,20181114,   -6,    0
 18065, 99609,20181115,   37,    0
 18065, 99609,20181116,   23,    0
 18065, 99609,20181117,   33,    0
 18065, 99609,20181118,   -8,    0
 18065, 99609,20181119,  -11,    0
 18065, 99609,20181120,   -8,    0
 18065, 99609,20181121,  -48,    0
 18065, 99609,20181122,    4,    0
 18065, 99609,20181123,  -16,    0
 18065, 99609,20181124,  -74,    0
 18065, 99609,20181125,  -55,    0
 18065, 99609,20181126,  -65,    0
 18065, 99609,20181127,  -86,    0
 18065, 99609,20181128,  -99,    0
 18065, 99609,20181129,  -46,    0
 18065, 99609,20181130,  -16,    0
 18065, 99609,20181201,  -37,    0
 18065, 99609,20181202,  -41,    0
 18065, 99609,20181203,  -36,    0
 18065, 99609,20181204,  -76,    0
 18065, 99609,20181205,  -77,    0
 18065, 99609,20181206,  -73,    0
 18065, 99609,20181207,  -48,    0
 18065, 99609,20181208,  -61,    0
 18065, 99609,20181209,  -59,    0
 18065, 99609,20181210,  -57,    0
 18065, 99609,20181211,  -71,    0
 18065, 99609,20181212,  -74,    0
 18065, 99609,20181213,  -73,    0
 18065, 99609,20181214,  -81,    0
 18065, 99609,20181215, -103,    0
 18065, 99609,20181216,  -95,    0
 18065, 99609,20181217,  -93,    0
 18065, 99609,20181218,  -76,    0
 18065, 99609,20181219,  -87,    0
 18065, 99609,20181220,  -70,    0
 18065, 99609,20181221,  -96,    0
 18065, 99609,20181222, -103,    0
 18065, 99609,20181223,  -80,    0
 18065, 99609,20181224,  -59,    0
 18065, 99609,20181225,  -26,    0
 18065, 99609,20181226,   -7,    0
 18065, 99609,20181227,  -16,    0
 18065, 99609,20181228,  -27,    0
 18065, 99609,20181229,  -41,    0
 18065, 99609,20181230,  -60,    0
 18065, 99609,20181231,  -13,    0
 18065, 99609,20190101,  -57,    0
 18065, 99609,20190102,  -83,    0
 18065, 99609,20190103,  -43,    0
 18065, 99609,20190104,    0,    0
 18065, 99609,20190105,   -3,    0
 18065, 99609,20190106,  -18,    0
 18065, 99609,20190107,  -66,    0
 18065, 99609,20190108,  -62,    0
 18065, 99609,20190109,  -85,    0
 18065, 99609,20190110,  -21,    0
 18065, 99609,20190111,  -60,    0
 18065, 99609,20190112,  -65,    0
 18065, 99609,20190113,  -68,    0
 18065, 99609,20190114, -111,    0
 18065, 99609,20190115,  -91,    0
 18065, 99609,20190116,  -88,    0
 18065, 99609,20190117, -114,    0
 18065, 99609,20190118, -104,    0
 18065, 99609,20190119,  -79,    0
 18065, 99609,20190120,  -98,    0
 18065, 99609,20190121,  -86,    0
 18065, 99609,20190122, -103,    0
 18065, 99609,20190123,  -95,    0
 18065, 99609,20190124,  -98,    0
 18065, 99609,20190125, -117,    0
 18065, 99609,20190126, -137,    0
 18065, 99609,20190127, -152,    0
 18065, 99609,20190128, -140,    0
 18065, 99609,20190129, -110,    0
 18065, 99609,20190130,  -98,    0
 18065, 99609,20190131, -126,    0
 18065, 99609,20190201, -121,    0
 18065, 99609,20190202, -130,    0
 18065, 99609,20190203, -114,    0
 18065, 99609,20190204,  -88,    0
 18065, 99609,20190205,  -83,    0
 18065, 99609,20190206,  -72,    0
 18065, 99609,20190207,  -63,    0
 18065, 99609,20190208,  -69,    0
 18065, 99609,20190209,  -48,    0
 18065, 99609,20190210,  -64,    0
 18065, 99609,20190211,  -95,    0
 18065, 99609,20190212,  -58,    0
 18065, 99609,20190213,  -26,    0
 18065, 99609,20190214,    7,    0
 18065, 99609,20190215,   38,    0
 18065, 99609,20190216,   -2,    0
 18065, 99609,20190217,  -21,    0
 18065, 99609,20190218,  -15,    0
 18065, 99609,20190219,  -35,    0
 18065, 99609,20190220,  -57,    0
 18065, 99609,20190221,  -30,    0
 18065, 99609,20190222,    2,    0
 18065, 99609,20190223,   40,    0
 18065, 99609,20190224,  -12,    0
 18065, 99609,20190225,  -11,    0
 18065, 99609,20190226,   18,    0
 18065, 99609,20190227,  -22,    0
 18065, 99609,20190228,  -56,    0
 18065, 99609,20190301,  -78,    0
 18065, 99609,20190302,  -64,    0
 18065, 99609,20190303,  -45,    0
 18065, 99609,20190304,  -51,    0
 18065, 99609,20190305,  -87,    0
 18065, 99609,20190306,  -81,    0
 18065, 99609,20190307,  -67,    0
 18065, 99609,20190308,  -87,    0
 18065, 99609,20190309, -111,    0
 18065, 99609,20190310, -131,    0
 18065, 99609,20190311, -118,    0
 18065, 99609,20190312, -104,    0
 18065, 99609,20190313,  -91,    0
 18065, 99609,20190314,  -61,    0
 18065, 99609,20190315,  -72,    0
 18065, 99609,20190316,  -59,    0
 18065, 99609,20190317,  -81,    0
 18065, 99609,20190318,  -79,    0
 18065, 99609,20190319,  -60,    0
 18065, 99609,20190320,  -30,    0
 18065, 99609,20190321,  -14,    0
 18065, 99609,20190322,  -24,    0
 18065, 99609,20190323,  -62,    0
 18065, 99609,20190324,  -53,    0
 18065, 99609,20190325,  -54,    0
 18065, 99609,20190326,  -49,    0
 18065, 99609,20190327,  -19,    0
 18065, 99609,20190328,    6,    0
 18065, 99609,20190329,   -1,    0
 18065, 99609,20190330,  -44,    0
 18065, 99609,20190331,  -95,    0
 18065, 99609,20190401,  -64,    0
 18065, 99609,20190402,  -64,    0
 18065, 99609,20190403,  -48,    0
 18065, 99609,20190404,   -4,    0
 18065, 99609,20190405,  -30,    0
 18065, 99609,20190406,   -1,    0
 18065, 99609,20190407,  -41,    0
 18065, 99609,20190408,  -65,    0
 18065, 99609,20190409,  -81,    0
 18065, 99609,20190410,  -89,    0
 18065, 99609,20190411,  -77,    0
 18065, 99609,20190412,  -45,    0
 18065, 99609,20190413,  -30,    0
 18065, 99609,20190414,  -20,    0
 18065, 99609,20190415,  -11,    0
 18065, 99609,20190416,  -17,    0
 18065, 99609,20190417,  -14,    0
 18065, 99609,20190418,   18,    0
 18065, 99609,20190419,   36,    0
 18065, 99609,20190420,   32,    0
 18065, 99609,20190421,   43,    0
 18065, 99609,20190422,   62,    0
 18065, 99609,20190423,   40,    0
 18065, 99609,20190424,   33,    0
 18065, 99609,20190425,   17,    0
 18065, 99609,20190426,   25,    0
 18065, 99609,20190427,   32,    0
 18065, 99609,20190428,   42,    0
 18065, 99609,20190429,   79,    0
 18065, 99609,20190430,   72,    0
 18065, 99609,20190501,   17,    0
 18065, 99609,20190502,  -48,    0
 18065, 99609,20190503,  -65,    0
 18065, 99609,20190504,  -52,    0
 18065, 99609,20190505,  -48,    0
 18065, 99609,20190506,  -56,    0
 18065, 99609,20190507,  -64,    0
 18065, 99609,20190508,  -43,    0
 18065, 99609,20190509,  -36,    0
 18065, 99609,20190510,   -7,    0
 18065, 99609,20190511,  -32,    0
 18065, 99609,20190512,  -47,    0
 18065, 99609,20190513,  -33,    0
 18065, 99609,20190514,    7,    0
 18065, 99609,20190515,   40,    0
 18065, 99609,20190516,   72,    0
 18065, 99609,20190517,   77,    0
 18065, 99609,20190518,   32,    0
 18065, 99609,20190519,   63,    0
 18065, 99609,20190520,   73,    0
 18065, 99609,20190521,   83,    0
 18065, 99609,20190522,   82,    0
 18065, 99609,20190523,   33,    0
 18065, 99609,20190524,   29,    0
 18065, 99609,20190525,   30,    0
 18065, 99609,20190526,   11,    0
 18065, 99609,20190527,   16,    0
 18065, 99609,20190528,  -17,    0
 18065, 99609,20190529,  -21,    0
 18065, 99609,20190530,  -14,    0
 18065, 99609,20190531,    9,    0
 18065, 99609,20190601,   12,    0
 18065, 99609,20190602,   49,    0
 18065, 99609,20190603,   60,    0
 18065, 99609,20190604,   50,    0
 18065, 99609,20190605,   45,    0
 18065, 99609,20190606,   96,    0
 18065, 99609,20190607,   93,    0
 18065, 99609,20190608,   64,    0
 18065, 99609,20190609,   50,    0
 18065, 99609,20190610,   48,    0
 18065, 99609,20190611,   74,    0
 18065, 99609,20190612,   25,    0
 18065, 99609,20190613,   36,    0
 18065, 99609,20190614,   67,    0
 18065, 99609,20190615,  108,    0
 18065, 99609,20190616,   85,    0
 18065, 99609,20190617,   74,    0
 18065, 99609,20190618,   64,    0
 18065, 99609,20190619,   64,    0
 18065, 99609,20190620,   69,    0
 18065, 99609,20190621,   42,    0
 18065, 99609,20190622,   33,    0
 18065, 99609,20190623,   44,    0
 18065, 99609,20190624,   73,    0
 18065, 99609,20190625,   63,    0
 18065, 99609,20190626,   83,    0
 18065, 99609,20190627,   66,    0
 18065, 99609,20190628,   92,    0
 18065, 99609,20190629,  113,    0
 18065, 99609,20190630,   96,    0
 18065, 99609,20190701,   60,    0
 18065, 99609,20190702,    6,    0
 18065, 99609,20190703,   -3,    0
 18065, 99609,20190704,   17,    0
 18065, 99609,20190705,   50,    0
 18065, 99609,20190706,   41,    0
 18065, 99609,20190707,   56,    0
 18065, 99609,20190708,   67,    0
 18065, 99609,20190709,   78,    0
 18065, 99609,20190710,  116,    0
 18065, 99609,20190711,  131,    0
 18065, 99609,20190712,  124,    0
 18065, 99609,20190713,  131,    0
 18065, 99609,20190714,  125,    0
 18065, 99609,20190715,   86,    0
 18065, 99609,20190716,   97,    0
 18065, 99609,20190717,  114,    0
 18065, 99609,20190718,  112,    0
 18065, 99609,20190719,   81,    0
 18065, 99609,20190720,   76,    0
 18065, 99609,20190721,   79,    0
 18065, 99609,20190722,   82,    0
 18065, 99609,20190723,  125,    0
 18065, 99609,20190724,  158,    0
 18065, 99609,20190725,  166,    0
 18065, 99609,20190726,  173,    0
 18065, 99609,20190727,  170,    0
 18065, 99609,20190728,  167,    0
 18065, 99609,20190729,  158,    0
 18065, 99609,20190730,   76,    0
 18065, 99609,20190731,   44,    0
 18065, 99609,20190801,  104,    0
 18065, 99609,20190802,  137,    0
 18065, 99609,20190803,  144,    0
 18065, 99609,20190804,  129,    0
 18065, 99609,20190805,  115,    0
 18065, 99609,20190806,   90,    0
 18065, 99609,20190807,   87,    0
 18065, 99609,20190808,   87,    0
 18065, 99609,20190809,   99,    0
 18065, 99609,20190810,   77,    0
 18065, 99609,20190811,   95,    0
 18065, 99609,20190812,   91,    0
 18065, 99609,20190813,   54,    0
 18065, 99609,20190814,   44,    0
 18065, 99609,20190815,   58,    0
 18065, 99609,20190816,   93,    0
 18065, 99609,20190817,   74,    0
 18065, 99609,20190818,   60,    0
 18065, 99609,20190819,   57,    0
 18065, 99609,20190820,   63,    0
 18065, 99609,20190821,   51,    0
 18065, 99609,20190822,   47,    0
 18065, 99609,20190823,   62,    0
 18065, 99609,20190824,  103,    0
 18065, 99609,20190825,  115,    0
 18065, 99609,20190826,  134,    0
 18065, 99609,20190827,  141,    0
 18065, 99609,20190828,  116,    0
 18065, 99609,20190829,   95,    0
 18065, 99609,20190830,   77,    0
 18065, 99609,20190831,   92,    0
 18065, 99609,20190901,   60,    0
 18065, 99609,20190902,   25,    0
 18065, 99609,20190903,   25,    0
 18065, 99609,20190904,   19,    0
 18065, 99609,20190905,   18,    0
 18065, 99609,20190906,   16,    0
 18065, 99609,20190907,   31,    0
 18065, 99609,20190908,   28,    0
 18065, 99609,20190909,   41,    0
 18065, 99609,20190910,   62,    0
 18065, 99609,20190911,   55,    0
 18065, 99609,20190912,   40,    0
 18065, 99609,20190913,   16,    0
 18065, 99609,20190914,   19,    0
 18065, 99609,20190915,   10,    0
 18065, 99609,20190916,   -6,    0
 18065, 99609,20190917,  -15,    0
 18065, 99609,20190918,   -4,    0
 18065, 99609,20190919,   -8,    0
 18065, 99609,20190920,   44,    0
 18065, 99609,20190921,   85,    0
 18065, 99609,20190922,  108,    0
 18065, 99609,20190923,   43,    0
 18065, 99609,20190924,   18,    0
 18065, 99609,20190925,    9,    0
 18065, 99609,20190926,    4,    0
 18065, 99609,20190927,   12,    0
 18065, 99609,20190928,   28,    0
 18065, 99609,20190929,   34,    0
 18065, 99609,20190930,  -14,    0
 18065, 99609,20191001,  -15,    0
 18065, 99609,20191002,    7,    0
 18065, 99609,20191003,  -19,    0
 18065, 99609,20191004,  -59,    0
 18065, 99609,20191005,  -54,    0
 18065, 99609,20191006,  -28,    0
 18065, 99609,20191007,    6,    0
 18065, 99609,20191008,  -30,    0
 18065, 99609,20191009,  -27,    0
 18065, 99609,20191010,   -4,    0
 18065, 99609,20191011,  -10,    0
 18065, 99609,20191012,    3,    0
 18065, 99609,20191013,   -5,    0
 18065, 99609,20191014,   -2,    0
 18065, 99609,20191015,  -12,    0
 18065, 99609,20191016,  -13,    0
 18065, 99609,20191017,  -10,    0
 18065, 99609,20191018,  -12,    0
 18065, 99609,20191019,  -15,    0
 18065, 99609,20191020,  -19,    0
 18065, 99609,20191021,  -19,    0
 18065, 99609,20191022,   13,    0
 18065, 99609,20191023,   22,    0
 18065, 99609,20191024,   12,    0
 18065, 99609,20191025,  -18,    0
 18065, 99609,20191026,  -42,    0
 18065, 99609,20191027,  -45,    0
 18065, 99609,20191028,  -51,    0
 18065, 99609,20191029,  -52,    0
 18065, 99609,20191030,  -38,    0
 18065, 99609,20191031,  -23,    0
 18065, 99609,20191101,  -52,    0
 18065, 99609,20191102,  -55,    0
 18065, 99609,20191103,  -83,    0
 18065, 99609,20191104,  -96,    0
 18065, 99609,20191105,  -53,    0
 18065, 99609,20191106,  -77,    0
 18065, 99609,20191107,  -84,    0
 18065, 99609,20191108, -109,    0
 18065, 99609,20191109,  -95,    0
 18065, 99609,20191110, -109,    0
 18065, 99609,20191111, -122,    0
 18065, 99609,20191112,  -68,    0
 18065, 99609,20191113,  -51,    0
 18065, 99609,20191114,  -53,    0
 18065, 99609,20191115,  -54,    0
 18065, 99609,20191116,  -57,    0
 18065, 99609,20191117,  -45,    0
 18065, 99609,20191118,  -54,    0
 18065, 99609,20191119,  -50,    0
 18065, 99609,20191120,  -53,    0
 18065, 99609,20191121,  -35,    0
 18065, 99609,20191122,  -29,    0
 18065, 99609,20191123,  -32,    0
 18065, 99609,20191124,  -31,    0
 18065, 99609,20191125,  -31,    0
 18065, 99609,20191126,  -29,    0
 18065, 99609,20191127,  -58,    0
 18065, 99609,20191128,  -77,    0
 18065, 99609,20191129,  -88,    0
 18065, 99609,20191130,  -89,    0
 18065, 99609,20191201,  -72,    0
 18065, 99609,20191202,  -85,    0
 18065, 99609,20191203,  -12,    0
 18065, 99609,20191204,    6,    0
 18065, 99609,20191205,  -29,    0
 18065, 99609,20191206,  -31,    0
 18065, 99609,20191207,  -69,    0
 18065, 99609,20191208,  -75,    0
 18065, 99609,20191209,  -65,    0
 18065, 99609,20191210,  -87,    0
 18065, 99609,20191211,  -42,    0
 18065, 99609,20191212,  -53,    0
 18065, 99609,20191213,  -69,    0
 18065, 99609,20191214,  -64,    0
 18065, 99609,20191215,  -65,    0
 18065, 99609,20191216,  -70,    0
 18065, 99609,20191217,  -61,    0
 18065, 99609,20191218,  -63,    0
 18065, 99609,20191219,  -57,    0
 18065, 99609,20191220,  -30,    0
 18065, 99609,20191221,  -43,    0
 18065, 99609,20191222,  -53,    0
 18065, 99609,20191223,  -41,    0
 18065, 99609,20191224,  -53,    0
 18065, 99609,20191225,  -63,    0
 18065, 99609,20191226,  -69,    0
 18065, 99609,20191227,  -82,    0
 18065, 99609,20191228,  -29,    0
 18065, 99609,20191229,   17,    0
 18065, 99609,20191230,  -19,    0
 18065, 99609,20191231,  -44,    0
 18065, 99609,20200101,  -10,    0
 18065, 99609,20200102,   -4,    0
 18065, 99609,20200103,  -71,    0
 18065, 99609,20200104,  -86,    0
 18065, 99609,20200105,  -37,    0
 18065, 99609,20200106,    8,    0
 18065, 99609,20200107,  -19,    0
 18065, 99609,20200108,  -40,    0
 18065, 99609,20200109,  -66,    0
 18065, 99609,20200110,  -58,    0
 18065, 99609,20200111,  -23,    0
 18065, 99609,20200112,  -58,    0
 18065, 99609,20200113,  -57,    0
 18065, 99609,20200114,  -49,    0
 18065, 99609,20200115,  -45,    0
 18065, 99609,20200116,  -32,    0
 18065, 99609,20200117,  -25,    0
 18065, 99609,20200118,  -37,    0
 18065, 99609,20200119,  -54,    0
 18065, 99609,20200120,    2,    0
 18065, 99609,20200121,  -33,    0
 18065, 99609,20200122,  -63,    0
 18065, 99609,20200123,   -7,    0
 18065, 99609,20200124,  -44,    0
 18065, 99609,20200125,  -27,    0
 18065, 99609,20200126,  -23,    0
 18065, 99609,20200127,  -36,    0
 18065, 99609,20200128,  -76,    0
 18065, 99609,20200129,  -62,    0
 18065, 99609,20200130,  -80,    0
 18065, 99609,20200131,  -58,    0
 18065, 99609,20200201,  -27,    0
 18065, 99609,20200202,  -74,    0
 18065, 99609,20200203,  -95,    0
 18065, 99609,20200204,  -94,    0
 18065, 99609,20200205,  -36,    0
 18065, 99609,20200206,   -7,    0
 18065, 99609,20200207,   21,    0
 18065, 99609,20200208,  -41,    0
 18065, 99609,20200209,  -40,    0
 18065, 99609,20200210,  -53,    0
 18065, 99609,20200211,  -59,    0
 18065, 99609,20200212,  -75,    0
 18065, 99609,20200213,  -89,    0
 18065, 99609,20200214,  -79,    0
 18065, 99609,20200215,  -42,    0
 18065, 99609,20200216,  -38,    0
 18065, 99609,20200217,  -35,    0
 18065, 99609,20200218,  -50,    0
 18065, 99609,20200219,  -61,    0
 18065, 99609,20200220,  -58,    0
 18065, 99609,20200221,  -46,    0
 18065, 99609,20200222,  -52,    0
 18065, 99609,20200223,  -75,    0
 18065, 99609,20200224,  -90,    0
 18065, 99609,20200225, -107,    0
 18065, 99609,20200226, -129,    0
 18065, 99609,20200227, -125,    0
 18065, 99609,20200228,  -93,    0
 18065, 99609,20200229, -104,    0
 18065, 99609,20200301,  -86,    0
 18065, 99609,20200302,  -52,    0
 18065, 99609,20200303,  -65,    0
 18065, 99609,20200304,  -77,    0
 18065, 99609,20200305,  -82,    0
 18065, 99609,20200306,  -78,    0
 18065, 99609,20200307,  -73,    0
 18065, 99609,20200308,  -27,    0
 18065, 99609,20200309,  -34,    0
 18065, 99609,20200310,  -52,    0
 18065, 99609,20200311,  -48,    0
 18065, 99609,20200312,  -65,    0
 18065, 99609,20200313, -105,    0
 18065, 99609,20200314, -105,    0
 18065, 99609,20200315,  -39,    0
 18065, 99609,20200316,  -57,    0
 18065, 99609,20200317,  -38,    0
 18065, 99609,20200318,  -58,    0
 18065, 99609,20200319,  -55,    0
 18065, 99609,20200320,  -82,    0
 18065, 99609,20200321,  -84,    0
 18065, 99609,20200322,  -81,    0
 18065, 99609,20200323,  -36,    0
 18065, 99609,20200324,   -9,    0
 18065, 99609,20200325,    7,    0
 18065, 99609,20200326,   -9,    0
 18065, 99609,20200327,  -29,    0
 18065, 99609,20200328,  -83,    0
 18065, 99609,20200329,  -88,    0
 18065, 99609,20200330,  -74,    0
 18065, 99609,20200331,  -37,    0
 18065, 99609,20200401,  -36,    0
 18065, 99609,20200402,  -75,    0
 18065, 99609,20200403,  -97,    0
 18065, 99609,20200404,  -89,    0
 18065, 99609,20200405,  -29,    0
 18065, 99609,20200406,    4,    0
 18065, 99609,20200407,  -19,    0
 18065, 99609,20200408,  -22,    0
 18065, 99609,20200409,  -65,    0
 18065, 99609,20200410,  -59,    0
 18065, 99609,20200411,  -32,    0
 18065, 99609,20200412,  -39,    0
 18065, 99609,20200413,  -88,    0
 18065, 99609,20200414,  -41,    0
 18065, 99609,20200415,  -10,    0
 18065, 99609,20200416,  -54,    0
 18065, 99609,20200417,  -57,    0
 18065, 99609,20200418,  -21,    0
 18065, 99609,20200419,   20,    0
 18065, 99609,20200420,   52,    0
 18065, 99609,20200421,   49,    0
 18065, 99609,20200422,   42,    0
 18065, 99609,20200423,   21,    0
 18065, 99609,20200424,  -13,    0
 18065, 99609,20200425,   -6,    0
 18065, 99609,20200426,   -4,    0
 18065, 99609,20200427,  -40,    0
 18065, 99609,20200428,  -50,    0
 18065, 99609,20200429,  -51,    0
 18065, 99609,20200430,  -55,    0
 18065, 99609,20200501,  -36,    0
 18065, 99609,20200502,  -19,    0
 18065, 99609,20200503,  -30,    0
 18065, 99609,20200504,  -52,    0
 18065, 99609,20200505,  -42,    0
 18065, 99609,20200506,  -15,    0
 18065, 99609,20200507,  -24,    0
 18065, 99609,20200508,  -21,    0
 18065, 99609,20200509,  -28,    0
 18065, 99609,20200510,  -66,    0
 18065, 99609,20200511,  -69,    0
 18065, 99609,20200512,  -73,    0
 18065, 99609,20200513,  -75,    0
 18065, 99609,20200514,  -62,    0
 18065, 99609,20200515,  -54,    0
 18065, 99609,20200516,  -57,    0
 18065, 99609,20200517,  -36,    0
 18065, 99609,20200518,  -23,    0
 18065, 99609,20200519,  -26,    0
 18065, 99609,20200520,   -3,    0
 18065, 99609,20200521,   40,    0
 18065, 99609,20200522,   24,    0
 18065, 99609,20200523,   14,    0
 18065, 99609,20200524,   10,    0
 18065, 99609,20200525,   41,    0
 18065, 99609,20200526,   36,    0
 18065, 99609,20200527,    5,    0
 18065, 99609,20200528,   10,    0
 18065, 99609,20200529,   62,    0
 18065, 99609,20200530,  100,    0
 18065, 99609,20200531,  103,    0
 18065, 99609,20200601,  110,    0
 18065, 99609,20200602,   87,    0
 18065, 99609,20200603,   80,    0
 18065, 99609,20200604,   38,    0
 18065, 99609,20200605,   31,    0
 18065, 99609,20200606,   23,    0
 18065, 99609,20200607,   38,    0
 18065, 99609,20200608,   38,    0
 18065, 99609,20200609,   52,    0
 18065, 99609,20200610,   68,    0
 18065, 99609,20200611,  112,    0
 18065, 99609,20200612,  115,    0
 18065, 99609,20200613,  108,    0
 18065, 99609,20200614,  126,    0
 18065, 99609,20200615,  151,    0
 18065, 99609,20200616,  141,    0
 18065, 99609,20200617,  136,    0
 18065, 99609,20200618,  155,    0
 18065, 99609,20200619,  152,    0
 18065, 99609,20200620,  134,    0
 18065, 99609,20200621,   94,    0
 18065, 99609,20200622,   94,    0
 18065, 99609,20200623,  119,    0
 18065, 99609,20200624,  154,    0
 18065, 99609,20200625,  177,    0
 18065, 99609,20200626,  165,    0
 18065, 99609,20200627,  142,    0
 18065, 99609,20200628,   98,    0
 18065, 99609,20200629,   63,    0
 18065, 99609,20200630,   60,    0
 18065, 99609,20200701,   33,    0
 18065, 99609,20200702,   22,    0
 18065, 99609,20200703,    3,    0
 18065, 99609,20200704,   48,    0
 18065, 99609,20200705,   40,    0
 18065, 99609,20200706,   29,    0
 18065, 99609,20200707,   14,    0
 18065, 99609,20200708,   27,    0
 18065, 99609,20200709,   38,    0
 18065, 99609,20200710,   48,    0
 18065, 99609,20200711,   32,    0
 18065, 99609,20200712,   36,    0
 18065, 99609,20200713,   54,    0
 18065, 99609,20200714,   59,    0
 18065, 99609,20200715,   82,    0
 18065, 99609,20200716,  105,    0
 18065, 99609,20200717,   90,    0
 18065, 99609,20200718,   84,    0
 18065, 99609,20200719,   73,    0
 18065, 99609,20200720,   48,    0
 18065, 99609,20200721,   35,    0
 18065, 99609,20200722,   31,    0
 18065, 99609,20200723,   56,    0
 18065, 99609,20200724,   77,    0
 18065, 99609,20200725,   88,    0
 18065, 99609,20200726,   79,    0
 18065, 99609,20200727,   73,    0
 18065, 99609,20200728,   65,    0
 18065, 99609,20200729,   60,    0
 18065, 99609,20200730,   84,    0
 18065, 99609,20200731,  124,    0
 18065, 99609,20200801,  127,    0
 18065, 99609,20200802,   84,    0
 18065, 99609,20200803,   39,    0
 18065, 99609,20200804,   58,    0
 18065, 99609,20200805,   71,    0
 18065, 99609,20200806,  118,    0
 18065, 99609,20200807,  114,    0
 18065, 99609,20200808,  120,    0
 18065, 99609,20200809,   97,    0
 18065, 99609,20200810,  103,    0
 18065, 99609,20200811,  138,    0
 18065, 99609,20200812,  150,    0
 18065, 99609,20200813,  138,    0
 18065, 99609,20200814,  126,    0
 18065, 99609,20200815,  139,    0
 18065, 99609,20200816,  153,    0
 18065, 99609,20200817,  154,    0
 18065, 99609,20200818,  144,    0
 18065, 99609,20200819,  117,    0
 18065, 99609,20200820,  107,    0
 18065, 99609,20200821,  102,    0
 18065, 99609,20200822,   87,    0
 18065, 99609,20200823,   54,    0
 18065, 99609,20200824,   17,    0
 18065, 99609,20200825,   27,    0
 18065, 99609,20200826,   60,    0
 18065, 99609,20200827,   60,    0
 18065, 99609,20200828,   45,    0
 18065, 99609,20200829,   52,    0
 18065, 99609,20200830,   43,    0
 18065, 99609,20200831,   61,    0
 18065, 99609,20200901,   81,    0
 18065, 99609,20200902,   71,    0
 18065, 99609,20200903,   43,    0
 18065, 99609,20200904,   48,    0
 18065, 99609,20200905,   31,    0
 18065, 99609,20200906,   24,    0
 18065, 99609,20200907,   33,    0
 18065, 99609,20200908,   48,    0
 18065, 99609,20200909,   27,    0
 18065, 99609,20200910,   -3,    0
 18065, 99609,20200911,   20,    0
 18065, 99609,20200912,   17,    0
 18065, 99609,20200913,   31,    0
 18065, 99609,20200914,   79,    0
 18065, 99609,20200915,   83,    0
 18065, 99609,20200916,   39,    0
 18065, 99609,20200917,   42,    0
 18065, 99609,20200918,   62,    0
 18065, 99609,20200919,   53,    0
 18065, 99609,20200920,   58,    0
 18065, 99609,20200921,   63,    0
 18065, 99609,20200922,   60,    0
 18065, 99609,20200923,   65,    0
 18065, 99609,20200924,   35,    0
 18065, 99609,20200925,    9,    0
 18065, 99609,20200926,    7,    0
 18065, 99609,20200927,   48,    0
 18065, 99609,20200928,   77,    0
 18065, 99609,20200929,   57,    0
 18065, 99609,20200930,   44,    0
 18065, 99609,20201001,   37,    0
 18065, 99609,20201002,   33,    0
 18065, 99609,20201003,   36,    0
 18065, 99609,20201004,   50,    0
 18065, 99609,20201005,   44,    0
 18065, 99609,20201006,   33,    0
 18065, 99609,20201007,   39,    0
 18065, 99609,20201008,   30,    0
 18065, 99609,20201009,   -5,    0
 18065, 99609,20201010,   -5,    0
 18065, 99609,20201011,    8,    0
 18065, 99609,20201012,    3,    0
 18065, 99609,20201013,   -2,    0
 18065, 99609,20201014,    5,    0
 18065, 99609,20201015,   54,    0
 18065, 99609,20201016,   42,    0
 18065, 99609,20201017,   -7,    0
 18065, 99609,20201018,  -47,    0
 18065, 99609,20201019,  -50,    0
 18065, 99609,20201020,  -51,    0
 18065, 99609,20201021,   10,    0
 18065, 99609,20201022,   13,    0
 18065, 99609,20201023,  -28,    0
 18065, 99609,20201024,  -19,    0
 18065, 99609,20201025,   10,    0
 18065, 99609,20201026,  -11,    0
 18065, 99609,20201027,  -11,    0
 18065, 99609,20201028,  -12,    0
 18065, 99609,20201029,  -10,    0
 18065, 99609,20201030,  -16,    0
 18065, 99609,20201031,  -13,    0
 18065, 99609,20201101,    5,    0
 18065, 99609,20201102,    5,    0
 18065, 99609,20201103,  -16,    0
 18065, 99609,20201104,  -21,    0
 18065, 99609,20201105,   26,    0
 18065, 99609,20201106,   27,    0
 18065, 99609,20201107,   22,    0
 18065, 99609,20201108,    0,    0
 18065, 99609,20201109,   47,    0
 18065, 99609,20201110,   39,    0
 18065, 99609,20201111,   14,    0
 18065, 99609,20201112,  -18,    0
 18065, 99609,20201113,  -28,    0
 18065, 99609,20201114,  -21,    0
 18065, 99609,20201115,    9,    0
 18065, 99609,20201116,    1,    0
 18065, 99609,20201117,   -5,    0
 18065, 99609,20201118,   31,    0
 18065, 99609,20201119,  -68,    0
 18065, 99609,20201120,  -85,    0
 18065, 99609,20201121,  -32,    0
 18065, 99609,20201122,  -39,    0
 18065, 99609,20201123,  -41,    0
 18065, 99609,20201124,   -8,    0
 18065, 99609,20201125,   -4,    0
 18065, 99609,20201126,  -47,    0
 18065, 99609,20201127,  -49,    0
 18065, 99609,20201128,  -43,    0
 18065, 99609,20201129,  -27,    0
 18065, 99609,20201130,  -23,    0
 18065, 99609,20201201,  -47,    0
 18065, 99609,20201202,  -41,    0
 18065, 99609,20201203,  -61,    0
 18065, 99609,20201204,  -74,    0
 18065, 99609,20201205,  -65,    0
 18065, 99609,20201206,  -55,    0
 18065, 99609,20201207,  -36,    0
 18065, 99609,20201208,  -44,    0
 18065, 99609,20201209,  -54,    0
 18065, 99609,20201210,  -56,    0
 18065, 99609,20201211,  -69,    0
 18065, 99609,20201212,  -72,    0
 18065, 99609,20201213,  -58,    0
 18065, 99609,20201214,  -55,    0
 18065, 99609,20201215,  -39,    0
 18065, 99609,20201216,  -32,    0
 18065, 99609,20201217,  -34,    0
 18065, 99609,20201218,  -20,    0
 18065, 99609,20201219,   -1,    0
 18065, 99609,20201220,  -20,    0
 18065, 99609,20201221,  -36,    0
 18065, 99609,20201222,  -39,    0
 18065, 99609,20201223,  -48,    0
 18065, 99609,20201224,  -89,    0
 18065, 99609,20201225,  -99,    0
 18065, 99609,20201226,  -56,    0
 18065, 99609,20201227,  -46,    0
 18065, 99609,20201228,  -65,    0
 18065, 99609,20201229,  -53,    0
 18065, 99609,20201230,  -55,    0
 18065, 99609,20201231,  -60,    0
 18065, 99609,20210101,  -85,    0
 18065, 99609,20210102,  -86,    0
 18065, 99609,20210103,  -92,    0
 18065, 99609,20210104, -106,    0
 18065, 99609,20210105, -100,    0
 18065, 99609,20210106, -103,    0
 18065, 99609,20210107, -130,    0
 18065, 99609,20210108, -112,    0
 18065, 99609,20210109,  -85,    0
 18065, 99609,20210110,  -95,    0
 18065, 99609,20210111, -114,    0
 18065, 99609,20210112, -103,    0
 18065, 99609,20210113, -130,    0
 18065, 99609,20210114, -110,    0
 18065, 99609,20210115,  -78,    0
 18065, 99609,20210116, -103,    0
 18065, 99609,20210117,  -82,    0
 18065, 99609,20210118,  -70,    0
 18065, 99609,20210119,  -87,    0
 18065, 99609,20210120,  -85,    0
 18065, 99609,20210121,  -63,    0
 18065, 99609,20210122,  -51,    0
 18065, 99609,20210123,  -68,    0
 18065, 99609,20210124, -107,    0
 18065, 99609,20210125,  -92,    0
 18065, 99609,20210126, -106,    0
 18065, 99609,20210127, -115,    0
 18065, 99609,20210128, -118,    0
 18065, 99609,20210129, -133,    0
 18065, 99609,20210130, -108,    0
 18065, 99609,20210131, -117,    0
 18065, 99609,20210201, -126,    0
 18065, 99609,20210202, -146,    0
 18065, 99609,20210203, -159,    0
 18065, 99609,20210204, -179,    0
 18065, 99609,20210205, -157,    0
 18065, 99609,20210206, -154,    0
 18065, 99609,20210207, -161,    0
 18065, 99609,20210208, -154,    0
 18065, 99609,20210209, -151,    0
 18065, 99609,20210210, -140,    0
 18065, 99609,20210211, -164,    0
 18065, 99609,20210212, -123,    0
 18065, 99609,20210213, -124,    0
 18065, 99609,20210214, -107,    0
 18065, 99609,20210215, -107,    0
 18065, 99609,20210216,  -78,    0
 18065, 99609,20210217, -111,    0
 18065, 99609,20210218, -101,    0
 18065, 99609,20210219,  -67,    0
 18065, 99609,20210220,  -18,    0
 18065, 99609,20210221,    3,    0
 18065, 99609,20210222,   -3,    0
 18065, 99609,20210223,  -22,    0
 18065, 99609,20210224,    6,    0
 18065, 99609,20210225,  -11,    0
 18065, 99609,20210226,  -27,    0
 18065, 99609,20210227,  -10,    0
 18065, 99609,20210228,  -15,    0
 18065, 99609,20210301,  -22,    0
 18065, 99609,20210302,  -21,    0
 18065, 99609,20210303,  -42,    0
 18065, 99609,20210304,  -98,    0
 18065, 99609,20210305,  -82,    0
 18065, 99609,20210306,  -51,    0
 18065, 99609,20210307,  -99,    0
 18065, 99609,20210308,  -93,    0
 18065, 99609,20210309,  -69,    0
 18065, 99609,20210310,  -99,    0
 18065, 99609,20210311,  -75,    0
 18065, 99609,20210312,  -52,    0
 18065, 99609,20210313,  -64,    0
 18065, 99609,20210314,  -60,    0
 18065, 99609,20210315,  -59,    0
 18065, 99609,20210316,  -78,    0
 18065, 99609,20210317,  -87,    0
 18065, 99609,20210318,  -48,    0
 18065, 99609,20210319,  -37,    0
 18065, 99609,20210320,  -25,    0
 18065, 99609,20210321,  -70,    0
 18065, 99609,20210322,  -23,    0
 18065, 99609,20210323,   -1,    0
 18065, 99609,20210324,  -33,    0
 18065, 99609,20210325,  -36,    0
 18065, 99609,20210326,  -27,    0
 18065, 99609,20210327,  -42,    0
 18065, 99609,20210328,  -47,    0
 18065, 99609,20210329,   -1,    0
 18065, 99609,20210330,   13,    0
 18065, 99609,20210331,  -19,    0
 18065, 99609,20210401,  -52,    0
 18065, 99609,20210402,  -48,    0
 18065, 99609,20210403,  -52,    0
 18065, 99609,20210404,  -44,    0
 18065, 99609,20210405, -101,    0
 18065, 99609,20210406,  -78,    0
 18065, 99609,20210407,  -71,    0
 18065, 99609,20210408,  -88,    0
 18065, 99609,20210409,  -74,    0
 18065, 99609,20210410,  -82,    0
 18065, 99609,20210411,  -73,    0
 18065, 99609,20210412,  -76,    0
 18065, 99609,20210413,  -75,    0
 18065, 99609,20210414,  -67,    0
 18065, 99609,20210415,  -46,    0
 18065, 99609,20210416,  -28,    0
 18065, 99609,20210417,   -2,    0
 18065, 99609,20210418,   27,    0
 18065, 99609,20210419,   36,    0
 18065, 99609,20210420,   17,    0
 18065, 99609,20210421,  -48,    0
 18065, 99609,20210422,  -61,    0
 18065, 99609,20210423,  -69,    0
 18065, 99609,20210424,  -76,    0
 18065, 99609,20210425,  -74,    0
 18065, 99609,20210426,  -61,    0
 18065, 99609,20210427,  -49,    0
 18065, 99609,20210428,  -47,    0
 18065, 99609,20210429,  -48,    0
 18065, 99609,20210430,  -47,    0
 18065, 99609,20210501,  -30,    0
 18065, 99609,20210502,  -31,    0
 18065, 99609,20210503,  -36,    0
 18065, 99609,20210504,  -44,    0
 18065, 99609,20210505,  -54,    0
 18065, 99609,20210506,  -56,    0
 18065, 99609,20210507,  -43,    0
 18065, 99609,20210508,  -42,    0
 18065, 99609,20210509,  -30,    0
 18065, 99609,20210510,   14,    0
 18065, 99609,20210511,   30,    0
 18065, 99609,20210512,   25,    0
 18065, 99609,20210513,   48,    0
 18065, 99609,20210514,   56,    0
 18065, 99609,20210515,   26,    0
 18065, 99609,20210516,   11,    0
 18065, 99609,20210517,   16,    0
 18065, 99609,20210518,   10,    0
 18065, 99609,20210519,   15,    0
 18065, 99609,20210520,   18,    0
 18065, 99609,20210521,   12,    0
 18065, 99609,20210522,   16,    0
 18065, 99609,20210523,   14,    0
 18065, 99609,20210524,   11,    0
 18065, 99609,20210525,   10,    0
 18065, 99609,20210526,   27,    0
 18065, 99609,20210527,   42,    0
 18065, 99609,20210528,   66,    0
 18065, 99609,20210529,  113,    0
 18065, 99609,20210530,  128,    0
 18065, 99609,20210531,  125,    0
 18065, 99609,20210601,  126,    0
 18065, 99609,20210602,   95,    0
 18065, 99609,20210603,   90,    0
 18065, 99609,20210604,   87,    0
 18065, 99609,20210605,  109,    0
 18065, 99609,20210606,  103,    0
 18065, 99609,20210607,  106,    0
 18065, 99609,20210608,  107,    0
 18065, 99609,20210609,  103,    0
 18065, 99609,20210610,   98,    0
 18065, 99609,20210611,   86,    0
 18065, 99609,20210612,   31,    0
 18065, 99609,20210613,   38,    0
 18065, 99609,20210614,   47,    0
 18065, 99609,20210615,   28,    0
 18065, 99609,20210616,   55,    0
 18065, 99609,20210617,   99,    0
 18065, 99609,20210618,   77,    0
 18065, 99609,20210619,   62,    0
 18065, 99609,20210620,   66,    0
 18065, 99609,20210621,   67,    0
 18065, 99609,20210622,   78,    0
 18065, 99609,20210623,  108,    0
 18065, 99609,20210624,  118,    0
 18065, 99609,20210625,  122,    0
 18065, 99609,20210626,  126,    0
 18065, 99609,20210627,  114,    0
 18065, 99609,20210628,  127,    0
 18065, 99609,20210629,  119,    0
 18065, 99609,20210630,   91,    0
 18065, 99609,20210701,  115,    0
 18065, 99609,20210702,  138,    0
 18065, 99609,20210703,  160,    0
 18065, 99609,20210704,  127,    0
 18065, 99609,20210705,  107,    0
 18065, 99609,20210706,  113,    0
 18065, 99609,20210707,   92,    0
 18065, 99609,20210708,   87,    0
 18065, 99609,20210709,  105,    0
 18065, 99609,20210710,   93,    0
 18065, 99609,20210711,  106,    0
 18065, 99609,20210712,  118,    0
 18065, 99609,20210713,  139,    0
 18065, 99609,20210714,  142,    0
 18065, 99609,20210715,  128,    0
 18065, 99609,20210716,  129,    0
 18065, 99609,20210717,  101,    0
 18065, 99609,20210718,   63,    0
 18065, 99609,20210719,   93,    0
 18065, 99609,20210720,   90,    0
 18065, 99609,20210721,  115,    0
 18065, 99609,20210722,  138,    0
 18065, 99609,20210723,  154,    0
 18065, 99609,20210724,  150,    0
 18065, 99609,20210725,  150,    0
 18065, 99609,20210726,  144,    0
 18065, 99609,20210727,  111,    0
 18065, 99609,20210728,  110,    0
 18065, 99609,20210729,   89,    0
 18065, 99609,20210730,  119,    0
 18065, 99609,20210731,   92,    0
 18065, 99609,20210801,   71,    0
 18065, 99609,20210802,   67,    0
 18065, 99609,20210803,   74,    0
 18065, 99609,20210804,   90,    0
 18065, 99609,20210805,   96,    0
 18065, 99609,20210806,   80,    0
 18065, 99609,20210807,   76,    0
 18065, 99609,20210808,   91,    0
 18065, 99609,20210809,   92,    0
 18065, 99609,20210810,   98,    0
 18065, 99609,20210811,  101,    0
 18065, 99609,20210812,  103,    0
 18065, 99609,20210813,   92,    0
 18065, 99609,20210814,   51,    0
 18065, 99609,20210815,   62,    0
 18065, 99609,20210816,   53,    0
 18065, 99609,20210817,   85,    0
 18065, 99609,20210818,   60,    0
 18065, 99609,20210819,   50,    0
 18065, 99609,20210820,   54,    0
 18065, 99609,20210821,   70,    0
 18065, 99609,20210822,   85,    0
 18065, 99609,20210823,  104,    0
 18065, 99609,20210824,   92,    0
 18065, 99609,20210825,   77,    0
 18065, 99609,20210826,   68,    0
 18065, 99609,20210827,   68,    0
 18065, 99609,20210828,   79,    0
 18065, 99609,20210829,  109,    0
 18065, 99609,20210830,  125,    0
 18065, 99609,20210831,  115,    0
 18065, 99609,20210901,   91,    0
 18065, 99609,20210902,   79,    0
 18065, 99609,20210903,   56,    0
 18065, 99609,20210904,   53,    0
 18065, 99609,20210905,   76,    0
 18065, 99609,20210906,   75,    0
 18065, 99609,20210907,   89,    0
 18065, 99609,20210908,  114,    0
 18065, 99609,20210909,  123,    0
 18065, 99609,20210910,  110,    0
 18065, 99609,20210911,   99,    0
 18065, 99609,20210912,   84,    0
 18065, 99609,20210913,   69,    0
 18065, 99609,20210914,   66,    0
 18065, 99609,20210915,   55,    0
 18065, 99609,20210916,   40,    0
 18065, 99609,20210917,   18,    0
 18065, 99609,20210918,   12,    0
 18065, 99609,20210919,   19,    0
 18065, 99609,20210920,   21,    0
 18065, 99609,20210921,   34,    0
 18065, 99609,20210922,   64,    0
 18065, 99609,20210923,   20,    0
 18065, 99609,20210924,   21,    0
 18065, 99609,20210925,   30,    0
 18065, 99609,20210926,   64,    0
 18065, 99609,20210927,   51,    0
 18065, 99609,20210928,   49,    0
 18065, 99609,20210929,   32,    0
 18065, 99609,20210930,   30,    0
 18065, 99609,20211001,   32,    0
 18065, 99609,20211002,   31,    0
 18065, 99609,20211003,   32,    0
 18065, 99609,20211004,   29,    0
 18065, 99609,20211005,   34,    0
 18065, 99609,20211006,   34,    0
 18065, 99609,20211007,   35,    0
 18065, 99609,20211008,   73,    0
 18065, 99609,20211009,   89,    0
 18065, 99609,20211010,   37,    0
 18065, 99609,20211011,  -12,    0
 18065, 99609,20211012,  -16,    0
 18065, 99609,20211013,  -16,    0
 18065, 99609,20211014,   23,    0
 18065, 99609,20211015,  -19,    0
 18065, 99609,20211016,  -24,    0
 18065, 99609,20211017,  -40,    0
 18065, 99609,20211018,  -41,    0
 18065, 99609,20211019,  -14,    0
 18065, 99609,20211020,   24,    0
 18065, 99609,20211021,  -30,    0
 18065, 99609,20211022,  -36,    0
 18065, 99609,20211023,  -23,    0
 18065, 99609,20211024,    5,    0
 18065, 99609,20211025,   11,    0
 18065, 99609,20211026,   -5,    0
 18065, 99609,20211027,   22,    0
 18065, 99609,20211028,   45,    0
 18065, 99609,20211029,   36,    0
 18065, 99609,20211030,   23,    0
 18065, 99609,20211031,   10,    0
 18065, 99609,20211101,    3,    0
 18065, 99609,20211102,    2,    0
 18065, 99609,20211103,  -19,    0
 18065, 99609,20211104,  -24,    0
 18065, 99609,20211105,  -19,    0
 18065, 99609,20211106,  -35,    0
 18065, 99609,20211107,  -51,    0
 18065, 99609,20211108,  -48,    0
 18065, 99609,20211109,  -10,    0
 18065, 99609,20211110,  -20,    0
 18065, 99609,20211111,   -8,    0
 18065, 99609,20211112,  -41,    0
 18065, 99609,20211113,  -48,    0
 18065, 99609,20211114,  -42,    0
 18065, 99609,20211115,  -32,    0
 18065, 99609,20211116,    5,    0
 18065, 99609,20211117,  -23,    0
 18065, 99609,20211118,  -11,    0
 18065, 99609,20211119,    1,    0
 18065, 99609,20211120,  -30,    0
 18065, 99609,20211121,  -69,    0
 18065, 99609,20211122,  -32,    0
 18065, 99609,20211123,  -15,    0
 18065, 99609,20211124,  -15,    0
 18065, 99609,20211125,  -70,    0
 18065, 99609,20211126, -102,    0
 18065, 99609,20211127,  -98,    0
 18065, 99609,20211128, -127,    0
 18065, 99609,20211129, -140,    0
 18065, 99609,20211130, -127,    0
 18065, 99609,20211201, -141,    0
 18065, 99609,20211202, -152,    0
 18065, 99609,20211203, -161,    0
 18065, 99609,20211204, -137,    0
 18065, 99609,20211205, -150,    0
 18065, 99609,20211206, -153,    0
 18065, 99609,20211207, -153,    0
 18065, 99609,20211208, -137,    0
 18065, 99609,20211209, -106,    0
 18065, 99609,20211210, -112,    0
 18065, 99609,20211211,  -91,    0
 18065, 99609,20211212,  -65,    0
 18065, 99609,20211213,-9999,    9
 18065, 99609,20211214,-9999,    9
 18065, 99609,20211215,    0,    0
 18065, 99609,20211216,  -25,    0
 18065, 99609,20211217,   10,    0
 18065, 99609,20211218,    1,    0
 18065, 99609,20211219,  -60,    0
 18065, 99609,20211220,  -84,    0
 18065, 99609,20211221,  -92,    0
 18065, 99609,20211222,  -88,    0
 18065, 99609,20211223, -104,    0
 18065, 99609,20211224, -156,    0
 18065, 99609,20211225, -107,    0
 18065, 99609,20211226,  -95,    0
 18065, 99609,20211227, -140,    0
 18065, 99609,20211228, -128,    0
 18065, 99609,20211229, -103,    0
 18065, 99609,20211230,  -17,    0
 18065, 99609,20211231,   -8,    0
 18065, 99609,20220101,  -71,    0
 18065, 99609,20220102,  -30,    0
 18065, 99609,20220103,  -44,    0
 18065, 99609,20220104,  -81,    0
 18065, 99609,20220105, -107,    0
 18065, 99609,20220106, -138,    0
 18065, 99609,20220107, -110,    0
 18065, 99609,20220108, -145,    0
 18065, 99609,20220109,  -88,    0
 18065, 99609,20220110, -100,    0
 18065, 99609,20220111,  -52,    0
 18065, 99609,20220112,   -4,    0
 18065, 99609,20220113,    2,    0
 18065, 99609,20220114,  -70,    0
 18065, 99609,20220115,  -55,    0
 18065, 99609,20220116,  -49,    0
 18065, 99609,20220117,  -80,    0
 18065, 99609,20220118,  -24,    0
 18065, 99609,20220119,  -54,    0
 18065, 99609,20220120, -104,    0
 18065, 99609,20220121,  -43,    0
 18065, 99609,20220122,  -13,    0
 18065, 99609,20220123,  -11,    0
 18065, 99609,20220124,  -25,    0
 18065, 99609,20220125,  -44,    0
 18065, 99609,20220126,  -36,    0
 18065, 99609,20220127,  -42,    0
 18065, 99609,20220128,  -74,    0
 18065, 99609,20220129,  -27,    0
 18065, 99609,20220130,  -90,    0
 18065, 99609,20220131, -112,    0
 18065, 99609,20220201, -111,    0
 18065, 99609,20220202,  -93,    0
 18065, 99609,20220203,  -79,    0
 18065, 99609,20220204,  -71,    0
 18065, 99609,20220205,  -78,    0
 18065, 99609,20220206,  -86,    0
 18065, 99609,20220207,  -62,    0
 18065, 99609,20220208,  -57,    0
 18065, 99609,20220209,  -68,    0
 18065, 99609,20220210,  -87,    0
 18065, 99609,20220211, -100,    0
 18065, 99609,20220212,  -46,    0
 18065, 99609,20220213,  -26,    0
 18065, 99609,20220214,  -54,    0
 18065, 99609,20220215,  -83,    0
 18065, 99609,20220216,  -70,    0
 18065, 99609,20220217,  -82,    0
 18065, 99609,20220218,  -84,    0
 18065, 99609,20220219, -101,    0
 18065, 99609,20220220, -100,    0
 18065, 99609,20220221,  -83,    0
 18065, 99609,20220222,  -96,    0
 18065, 99609,20220223,  -54,    0
 18065, 99609,20220224,  -76,    0
 18065, 99609,20220225,  -73,    0
 18065, 99609,20220226,  -44,    0
 18065, 99609,20220227,  -28,    0
 18065, 99609,20220228,  -51,    0
 18065, 99609,20220301,  -47,    0
 18065, 99609,20220302,  -47,    0
 18065, 99609,20220303,  -29,    0
 18065, 99609,20220304,  -33,    0
 18065, 99609,20220305,  -72,    0
 18065, 99609,20220306,  -62,    0
 18065, 99609,20220307,  -40,    0
 18065, 99609,20220308,   -3,    0
 18065, 99609,20220309,  -17,    0
 18065, 99609,20220310,  -33,    0
 18065, 99609,20220311,  -64,    0
 18065, 99609,20220312,  -69,    0
 18065, 99609,20220313,  -47,    0
 18065, 99609,20220314,  -35,    0
 18065, 99609,20220315,  -34,    0
 18065, 99609,20220316,  -31,    0
 18065, 99609,20220317,  -48,    0
 18065, 99609,20220318,  -49,    0
 18065, 99609,20220319,    3,    0
 18065, 99609,20220320,   21,    0
 18065, 99609,20220321,  -36,    0
 18065, 99609,20220322,  -54,    0
 18065, 99609,20220323,   -9,    0
 18065, 99609,20220324,   10,    0
 18065, 99609,20220325,    4,    0
 18065, 99609,20220326,  -35,    0
 18065, 99609,20220327,  -10,    0
 18065, 99609,20220328,  -45,    0
 18065, 99609,20220329,  -89,    0
 18065, 99609,20220330, -106,    0
 18065, 99609,20220331,  -92,    0
 18065, 99609,20220401,  -96,    0
 18065, 99609,20220402,  -87,    0
 18065, 99609,20220403,  -59,    0
 18065, 99609,20220404,  -72,    0
 18065, 99609,20220405,  -98,    0
 18065, 99609,20220406,  -84,    0
 18065, 99609,20220407,  -89,    0
 18065, 99609,20220408,  -96,    0
 18065, 99609,20220409,  -71,    0
 18065, 99609,20220410,  -57,    0
 18065, 99609,20220411,  -70,    0
 18065, 99609,20220412,  -50,    0
 18065, 99609,20220413,  -44,    0
 18065, 99609,20220414,  -31,    0
 18065, 99609,20220415,  -32,    0
 18065, 99609,20220416,    7,    0
 18065, 99609,20220417,   39,    0
 18065, 99609,20220418,   46,    0
 18065, 99609,20220419,   40,    0
 18065, 99609,20220420,   54,    0
 18065, 99609,20220421,   54,    0
 18065, 99609,20220422,   46,    0
 18065, 99609,20220423,   16,    0
 18065, 99609,20220424,   -4,    0
 18065, 99609,20220425,   17,    0
 18065, 99609,20220426,  -28,    0
 18065, 99609,20220427,  -35,    0
 18065, 99609,20220428,  -29,    0
 18065, 99609,20220429,  -29,    0
 18065, 99609,20220430,  -18,    0
 18065, 99609,20220501,   -4,    0
 18065, 99609,20220502,  -22,    0
 18065, 99609,20220503,  -38,    0
 18065, 99609,20220504,  -15,    0
 18065, 99609,20220505,    5,    0
 18065, 99609,20220506,   26,    0
 18065, 99609,20220507,  -28,    0
 18065, 99609,20220508,  -15,    0
 18065, 99609,20220509,   32,    0
 18065, 99609,20220510,   10,    0
 18065, 99609,20220511,    5,    0
 18065, 99609,20220512,   -4,    0
 18065, 99609,20220513,    4,    0
 18065, 99609,20220514,   -9,    0
 18065, 99609,20220515,   14,    0
 18065, 99609,20220516,   44,    0
 18065, 99609,20220517,   62,    0
 18065, 99609,20220518,   53,    0
 18065, 99609,20220519,   49,    0
 18065, 99609,20220520,   58,    0
 18065, 99609,20220521,   22,    0
 18065, 99609,20220522,   45,    0
 18065, 99609,20220523,   31,    0
 18065, 99609,20220524,   31,    0
 18065, 99609,20220525,   31,    0
 18065, 99609,20220526,   14,    0
 18065, 99609,20220527,    3,    0
 18065, 99609,20220528,   18,    0
 18065, 99609,20220529,  -14,    0
 18065, 99609,20220530,   12,    0
 18065, 99609,20220531,   38,    0
 18065, 99609,20220601,   52,    0
 18065, 99609,20220602,   37,    0
 18065, 99609,20220603,   46,    0
 18065, 99609,20220604,   51,    0
 18065, 99609,20220605,   51,    0
 18065, 99609,20220606,  107,    0
 18065, 99609,20220607,  101,    0
 18065, 99609,20220608,   66,    0
 18065, 99609,20220609,   82,    0
 18065, 99609,20220610,   87,    0
 18065, 99609,20220611,   60,    0
 18065, 99609,20220612,   45,    0
 18065, 99609,20220613,   37,    0
 18065, 99609,20220614,   43,    0
 18065, 99609,20220615,   65,    0
 18065, 99609,20220616,   67,    0
 18065, 99609,20220617,   73,    0
 18065, 99609,20220618,   31,    0
 18065, 99609,20220619,   49,    0
 18065, 99609,20220620,   85,    0
 18065, 99609,20220621,   60,    0
 18065, 99609,20220622,   63,    0
 18065, 99609,20220623,  102,    0
 18065, 99609,20220624,  141,    0
 18065, 99609,20220625,  124,    0
 18065, 99609,20220626,  121,    0
 18065, 99609,20220627,   94,    0
 18065, 99609,20220628,   82,    0
 18065, 99609,20220629,  117,    0
 18065, 99609,20220630,  134,    0
 18065, 99609,20220701,  128,    0
 18065, 99609,20220702,   84,    0
 18065, 99609,20220703,   66,    0
 18065, 99609,20220704,   55,    0
 18065, 99609,20220705,   42,    0
 18065, 99609,20220706,   35,    0
 18065, 99609,20220707,   47,    0
 18065, 99609,20220708,   53,    0
 18065, 99609,20220709,   35,    0
 18065, 99609,20220710,   62,    0
 18065, 99609,20220711,  103,    0
 18065, 99609,20220712,  108,    0
 18065, 99609,20220713,   58,    0
 18065, 99609,20220714,   39,    0
 18065, 99609,20220715,   36,    0
 18065, 99609,20220716,   44,    0
 18065, 99609,20220717,   58,    0
 18065, 99609,20220718,   73,    0
 18065, 99609,20220719,  125,    0
 18065, 99609,20220720,  156,    0
 18065, 99609,20220721,  124,    0
 18065, 99609,20220722,  105,    0
 18065, 99609,20220723,   93,    0
 18065, 99609,20220724,   84,    0
 18065, 99609,20220725,   95,    0
 18065, 99609,20220726,   56,    0
 18065, 99609,20220727,   62,    0
 18065, 99609,20220728,   87,    0
 18065, 99609,20220729,  110,    0
 18065, 99609,20220730,   97,    0
 18065, 99609,20220731,   85,    0
 18065, 99609,20220801,   55,    0
 18065, 99609,20220802,   46,    0
 18065, 99609,20220803,   98,    0
 18065, 99609,20220804,   79,    0
 18065, 99609,20220805,   44,    0
 18065, 99609,20220806,   33,    0
 18065, 99609,20220807,   49,    0
 18065, 99609,20220808,   88,    0
 18065, 99609,20220809,   96,    0
 18065, 99609,20220810,  109,    0
 18065, 99609,20220811,  109,    0
 18065, 99609,20220812,  111,    0
 18065, 99609,20220813,  130,    0
 18065, 99609,20220814,  147,    0
 18065, 99609,20220815,  133,    0
 18065, 99609,20220816,  115,    0
 18065, 99609,20220817,  106,    0
 18065, 99609,20220818,   81,    0
 18065, 99609,20220819,   89,    0
 18065, 99609,20220820,   97,    0
 18065, 99609,20220821,   60,    0
 18065, 99609,20220822,   54,    0
 18065, 99609,20220823,   83,    0
 18065, 99609,20220824,   85,    0
 18065, 99609,20220825,  109,    0
 18065, 99609,20220826,   97,    0
 18065, 99609,20220827,   67,    0
 18065, 99609,20220828,   80,    0
 18065, 99609,20220829,   84,    0
 18065, 99609,20220830,   71,    0
 18065, 99609,20220831,   88,    0
 18065, 99609,20220901,   98,    0
 18065, 99609,20220902,   75,    0
 18065, 99609,20220903,   71,    0
 18065, 99609,20220904,   60,    0
 18065, 99609,20220905,   71,    0
 18065, 99609,20220906,   83,    0
 18065, 99609,20220907,   73,    0
 18065, 99609,20220908,   46,    0
 18065, 99609,20220909,   25,    0
 18065, 99609,20220910,   49,    0
 18065, 99609,20220911,   64,    0
 18065, 99609,20220912,   57,    0
 18065, 99609,20220913,   40,    0
 18065, 99609,20220914,   34,    0
 18065, 99609,20220915,   20,    0
 18065, 99609,20220916,   30,    0
 18065, 99609,20220917,   17,    0
 18065, 99609,20220918,   20,    0
 18065, 99609,20220919,   14,    0
 18065, 99609,20220920,   23,    0
 18065, 99609,20220921,   49,    0
 18065, 99609,20220922,   49,    0
 18065, 99609,20220923,   39,    0
 18065, 99609,20220924,   27,    0
 18065, 99609,20220925,   13,    0
 18065, 99609,20220926,    6,    0
 18065, 99609,20220927,   25,    0
 18065, 99609,20220928,   25,    0
 18065, 99609,20220929,   14,    0
 18065, 99609,20220930,   14,    0
 18065, 99609,20221001,   16,    0
 18065, 99609,20221002,   23,    0
 18065, 99609,20221003,   21,    0
 18065, 99609,20221004,   40,    0
 18065, 99609,20221005,   27,    0
 18065, 99609,20221006,    5,    0
 18065, 99609,20221007,   15,    0
 18065, 99609,20221008,   -8,    0
 18065, 99609,20221009,   14,    0
 18065, 99609,20221010,   10,    0
 18065, 99609,20221011,  -18,    0
 18065, 99609,20221012,    9,    0
 18065, 99609,20221013,   11,    0
 18065, 99609,20221014,    3,    0
 18065, 99609,20221015,   -7,    0
 18065, 99609,20221016,   -9,    0
 18065, 99609,20221017,   -8,    0
 18065, 99609,20221018,   -9,    0
 18065, 99609,20221019,    1,    0
 18065, 99609,20221020,   19,    0
 18065, 99609,20221021,   -7,    0
 18065, 99609,20221022,   17,    0
 18065, 99609,20221023,   27,    0
 18065, 99609,20221024,   -7,    0
 18065, 99609,20221025,   10,    0
 18065, 99609,20221026,   24,    0
 18065, 99609,20221027,   29,    0
 18065, 99609,20221028,   50,    0
 18065, 99609,20221029,   29,    0
 18065, 99609,20221030,   26,    0
 18065, 99609,20221031,   22,    0
