EUROPEAN CLIMATE ASSESSMENT & DATASET (ECA&D), file created on: 16-11-2022
THESE DATA CAN BE USED FOR NON-COMMERCIAL RESEARCH AND EDUCATION PROVIDED THAT THE FOLLOWING SOURCE IS ACKNOWLEDGED: 

Klein Tank, A.M.G. and Coauthors, 2002. Daily dataset of 20th-century surface
air temperature and precipitation series for the European Climate Assessment.
Int. J. of Climatol., 22, 1441-1453.
Data and metadata available at http://www.ecad.eu

FILE FORMAT (MISSING VALUE CODE = -9999):

01-06 STAID: Station identifier
08-13 SOUID: Source identifier
15-22 DATE : Date YYYYMMDD
24-28 TG   : Mean temperature in 0.1 &#176;C
30-34 Q_TG : quality code for TG (0='valid'; 1='suspect'; 9='missing')

This is the blended series of station ASERAL, NORWAY (STAID: 2658)
Blended and updated with sources:10475 
See files sources.txt and stations.txt for more info.

STAID, SOUID,    DATE,   TG, Q_TG
  2658, 10475,20160601,-9999,    9
  2658, 10475,20160602,-9999,    9
  2658, 10475,20160603,-9999,    9
  2658, 10475,20160604,-9999,    9
  2658, 10475,20160605,-9999,    9
  2658, 10475,20160606,-9999,    9
  2658, 10475,20160607,-9999,    9
  2658, 10475,20160608,-9999,    9
  2658, 10475,20160609,-9999,    9
  2658, 10475,20160610,-9999,    9
  2658, 10475,20160611,-9999,    9
  2658, 10475,20160612,-9999,    9
  2658, 10475,20160613,-9999,    9
  2658, 10475,20160614,-9999,    9
  2658, 10475,20160615,-9999,    9
  2658, 10475,20160616,-9999,    9
  2658, 10475,20160617,-9999,    9
  2658, 10475,20160618,-9999,    9
  2658, 10475,20160619,-9999,    9
  2658, 10475,20160620,-9999,    9
  2658, 10475,20160621,-9999,    9
  2658, 10475,20160622,-9999,    9
  2658, 10475,20160623,-9999,    9
  2658, 10475,20160624,-9999,    9
  2658, 10475,20160625,-9999,    9
  2658, 10475,20160626,-9999,    9
  2658, 10475,20160627,-9999,    9
  2658, 10475,20160628,-9999,    9
  2658, 10475,20160629,-9999,    9
  2658, 10475,20160630,-9999,    9
  2658, 10475,20160701,-9999,    9
  2658, 10475,20160702,-9999,    9
  2658, 10475,20160703,-9999,    9
  2658, 10475,20160704,-9999,    9
  2658, 10475,20160705,-9999,    9
  2658, 10475,20160706,-9999,    9
  2658, 10475,20160707,-9999,    9
  2658, 10475,20160708,-9999,    9
  2658, 10475,20160709,-9999,    9
  2658, 10475,20160710,-9999,    9
  2658, 10475,20160711,-9999,    9
  2658, 10475,20160712,-9999,    9
  2658, 10475,20160713,-9999,    9
  2658, 10475,20160714,-9999,    9
  2658, 10475,20160715,-9999,    9
  2658, 10475,20160716,-9999,    9
  2658, 10475,20160717,-9999,    9
  2658, 10475,20160718,-9999,    9
  2658, 10475,20160719,-9999,    9
  2658, 10475,20160720,-9999,    9
  2658, 10475,20160721,-9999,    9
  2658, 10475,20160722,-9999,    9
  2658, 10475,20160723,-9999,    9
  2658, 10475,20160724,-9999,    9
  2658, 10475,20160725,-9999,    9
  2658, 10475,20160726,-9999,    9
  2658, 10475,20160727,-9999,    9
  2658, 10475,20160728,-9999,    9
  2658, 10475,20160729,-9999,    9
  2658, 10475,20160730,-9999,    9
  2658, 10475,20160731,-9999,    9
  2658, 10475,20160801,-9999,    9
  2658, 10475,20160802,-9999,    9
  2658, 10475,20160803,-9999,    9
  2658, 10475,20160804,-9999,    9
  2658, 10475,20160805,-9999,    9
  2658, 10475,20160806,-9999,    9
  2658, 10475,20160807,-9999,    9
  2658, 10475,20160808,-9999,    9
  2658, 10475,20160809,-9999,    9
  2658, 10475,20160810,-9999,    9
  2658, 10475,20160811,-9999,    9
  2658, 10475,20160812,-9999,    9
  2658, 10475,20160813,-9999,    9
  2658, 10475,20160814,-9999,    9
  2658, 10475,20160815,-9999,    9
  2658, 10475,20160816,-9999,    9
  2658, 10475,20160817,-9999,    9
  2658, 10475,20160818,-9999,    9
  2658, 10475,20160819,-9999,    9
  2658, 10475,20160820,-9999,    9
  2658, 10475,20160821,-9999,    9
  2658, 10475,20160822,-9999,    9
  2658, 10475,20160823,-9999,    9
  2658, 10475,20160824,-9999,    9
  2658, 10475,20160825,-9999,    9
  2658, 10475,20160826,-9999,    9
  2658, 10475,20160827,-9999,    9
  2658, 10475,20160828,-9999,    9
  2658, 10475,20160829,-9999,    9
  2658, 10475,20160830,-9999,    9
  2658, 10475,20160831,-9999,    9
  2658, 10475,20160901,  136,    0
  2658, 10475,20160902,  126,    0
  2658, 10475,20160903,  123,    0
  2658, 10475,20160904,  110,    0
  2658, 10475,20160905,  118,    0
  2658, 10475,20160906,  131,    0
  2658, 10475,20160907,  164,    0
  2658, 10475,20160908,  171,    0
  2658, 10475,20160909,  158,    0
  2658, 10475,20160910,  153,    0
  2658, 10475,20160911,  129,    0
  2658, 10475,20160912,  118,    0
  2658, 10475,20160913,  163,    0
  2658, 10475,20160914,  175,    0
  2658, 10475,20160915,  167,    0
  2658, 10475,20160916,  148,    0
  2658, 10475,20160917,  136,    0
  2658, 10475,20160918,  118,    0
  2658, 10475,20160919,  105,    0
  2658, 10475,20160920,  103,    0
  2658, 10475,20160921,  127,    0
  2658, 10475,20160922,  122,    0
  2658, 10475,20160923,  113,    0
  2658, 10475,20160924,  111,    0
  2658, 10475,20160925,  149,    0
  2658, 10475,20160926,  110,    0
  2658, 10475,20160927,  105,    0
  2658, 10475,20160928,  119,    0
  2658, 10475,20160929,  108,    0
  2658, 10475,20160930,   85,    0
  2658, 10475,20161001,   80,    0
  2658, 10475,20161002,   67,    0
  2658, 10475,20161003,   49,    0
  2658, 10475,20161004,   45,    0
  2658, 10475,20161005,   40,    0
  2658, 10475,20161006,   75,    0
  2658, 10475,20161007,   85,    0
  2658, 10475,20161008,   61,    0
  2658, 10475,20161009,   54,    0
  2658, 10475,20161010,   64,    0
  2658, 10475,20161011,   47,    0
  2658, 10475,20161012,   30,    0
  2658, 10475,20161013,   38,    0
  2658, 10475,20161014,   27,    0
  2658, 10475,20161015,   44,    0
  2658, 10475,20161016,   45,    0
  2658, 10475,20161017,   68,    0
  2658, 10475,20161018,   79,    0
  2658, 10475,20161019,   73,    0
  2658, 10475,20161020,   71,    0
  2658, 10475,20161021,   56,    0
  2658, 10475,20161022,   42,    0
  2658, 10475,20161023,   36,    0
  2658, 10475,20161024,   50,    0
  2658, 10475,20161025,   46,    0
  2658, 10475,20161026,   44,    0
  2658, 10475,20161027,   81,    0
  2658, 10475,20161028,   68,    0
  2658, 10475,20161029,   68,    0
  2658, 10475,20161030,   54,    0
  2658, 10475,20161031,   75,    0
  2658, 10475,20161101,   63,    0
  2658, 10475,20161102,   12,    0
  2658, 10475,20161103,    1,    0
  2658, 10475,20161104,    2,    0
  2658, 10475,20161105,   11,    0
  2658, 10475,20161106,  -24,    0
  2658, 10475,20161107,  -57,    0
  2658, 10475,20161108,  -63,    0
  2658, 10475,20161109,  -44,    0
  2658, 10475,20161110,  -25,    0
  2658, 10475,20161111,  -62,    0
  2658, 10475,20161112,  -20,    0
  2658, 10475,20161113,    7,    0
  2658, 10475,20161114,   11,    0
  2658, 10475,20161115,   36,    0
  2658, 10475,20161116,   25,    0
  2658, 10475,20161117,   10,    0
  2658, 10475,20161118,   15,    0
  2658, 10475,20161119,    3,    0
  2658, 10475,20161120,    8,    0
  2658, 10475,20161121,   14,    0
  2658, 10475,20161122,   24,    0
  2658, 10475,20161123,   38,    0
  2658, 10475,20161124,   23,    0
  2658, 10475,20161125,   66,    0
  2658, 10475,20161126,   68,    0
  2658, 10475,20161127,    3,    0
  2658, 10475,20161128,  -26,    0
  2658, 10475,20161129,   13,    0
  2658, 10475,20161130,   19,    0
  2658, 10475,20161201,   45,    0
  2658, 10475,20161202,   -5,    0
  2658, 10475,20161203,  -28,    0
  2658, 10475,20161204,   44,    0
  2658, 10475,20161205,   60,    0
  2658, 10475,20161206,  -19,    0
  2658, 10475,20161207,   18,    0
  2658, 10475,20161208,   99,    0
  2658, 10475,20161209,   77,    0
  2658, 10475,20161210,   40,    0
  2658, 10475,20161211,    9,    0
  2658, 10475,20161212,   -8,    0
  2658, 10475,20161213,   -6,    0
  2658, 10475,20161214,  -44,    0
  2658, 10475,20161215,  -20,    0
  2658, 10475,20161216,    2,    0
  2658, 10475,20161217,    8,    0
  2658, 10475,20161218,   -8,    0
  2658, 10475,20161219,   -7,    0
  2658, 10475,20161220,   29,    0
  2658, 10475,20161221,   28,    0
  2658, 10475,20161222,   33,    0
  2658, 10475,20161223,   33,    0
  2658, 10475,20161224,   23,    0
  2658, 10475,20161225,   57,    0
  2658, 10475,20161226,   31,    0
  2658, 10475,20161227,   33,    0
  2658, 10475,20161228,   31,    0
  2658, 10475,20161229,   54,    0
  2658, 10475,20161230,   71,    0
  2658, 10475,20161231,   81,    0
  2658, 10475,20170101,   20,    0
  2658, 10475,20170102,  -12,    0
  2658, 10475,20170103,   10,    0
  2658, 10475,20170104,   -8,    0
  2658, 10475,20170105,  -99,    0
  2658, 10475,20170106,  -43,    0
  2658, 10475,20170107,   -3,    0
  2658, 10475,20170108,  -17,    0
  2658, 10475,20170109,   21,    0
  2658, 10475,20170110,   17,    0
  2658, 10475,20170111,   26,    0
  2658, 10475,20170112,    8,    0
  2658, 10475,20170113,  -23,    0
  2658, 10475,20170114,  -24,    0
  2658, 10475,20170115,  -95,    0
  2658, 10475,20170116,  -94,    0
  2658, 10475,20170117,  -13,    0
  2658, 10475,20170118,   40,    0
  2658, 10475,20170119,   67,    0
  2658, 10475,20170120,   72,    0
  2658, 10475,20170121,    8,    0
  2658, 10475,20170122,  -14,    0
  2658, 10475,20170123,   -5,    0
  2658, 10475,20170124,   -7,    0
  2658, 10475,20170125,   44,    0
  2658, 10475,20170126,   11,    0
  2658, 10475,20170127,  -16,    0
  2658, 10475,20170128,    5,    0
  2658, 10475,20170129,    6,    0
  2658, 10475,20170130,    6,    0
  2658, 10475,20170131,   -7,    0
  2658, 10475,20170201,   -4,    0
  2658, 10475,20170202,    2,    0
  2658, 10475,20170203,    8,    0
  2658, 10475,20170204,   -1,    0
  2658, 10475,20170205,   -2,    0
  2658, 10475,20170206,  -10,    0
  2658, 10475,20170207,  -54,    0
  2658, 10475,20170208,  -71,    0
  2658, 10475,20170209,  -66,    0
  2658, 10475,20170210,  -40,    0
  2658, 10475,20170211,  -35,    0
  2658, 10475,20170212,  -70,    0
  2658, 10475,20170213,  -99,    0
  2658, 10475,20170214,  -48,    0
  2658, 10475,20170215,  -34,    0
  2658, 10475,20170216,    8,    0
  2658, 10475,20170217,   27,    0
  2658, 10475,20170218,   -9,    0
  2658, 10475,20170219,   43,    0
  2658, 10475,20170220,   68,    0
  2658, 10475,20170221,   34,    0
  2658, 10475,20170222,   27,    0
  2658, 10475,20170223,    3,    0
  2658, 10475,20170224,  -31,    0
  2658, 10475,20170225,  -45,    0
  2658, 10475,20170226,   -8,    0
  2658, 10475,20170227,   21,    0
  2658, 10475,20170228,    9,    0
  2658, 10475,20170301,  -12,    0
  2658, 10475,20170302,   -2,    0
  2658, 10475,20170303,   23,    0
  2658, 10475,20170304,    8,    0
  2658, 10475,20170305,  -15,    0
  2658, 10475,20170306,  -33,    0
  2658, 10475,20170307,  -54,    0
  2658, 10475,20170308,  -78,    0
  2658, 10475,20170309,   24,    0
  2658, 10475,20170310,   30,    0
  2658, 10475,20170311,   13,    0
  2658, 10475,20170312,    8,    0
  2658, 10475,20170313,    8,    0
  2658, 10475,20170314,   41,    0
  2658, 10475,20170315,   52,    0
  2658, 10475,20170316,   40,    0
  2658, 10475,20170317,   19,    0
  2658, 10475,20170318,   -3,    0
  2658, 10475,20170319,  -20,    0
  2658, 10475,20170320,    6,    0
  2658, 10475,20170321,   28,    0
  2658, 10475,20170322,   21,    0
  2658, 10475,20170323,    2,    0
  2658, 10475,20170324,   34,    0
  2658, 10475,20170325,   55,    0
  2658, 10475,20170326,   85,    0
  2658, 10475,20170327,   68,    0
  2658, 10475,20170328,   64,    0
  2658, 10475,20170329,   44,    0
  2658, 10475,20170330,   37,    0
  2658, 10475,20170331,   61,    0
  2658, 10475,20170401,   65,    0
  2658, 10475,20170402,   67,    0
  2658, 10475,20170403,   64,    0
  2658, 10475,20170404,   51,    0
  2658, 10475,20170405,   54,    0
  2658, 10475,20170406,   65,    0
  2658, 10475,20170407,   81,    0
  2658, 10475,20170408,   77,    0
  2658, 10475,20170409,   67,    0
  2658, 10475,20170410,   54,    0
  2658, 10475,20170411,   30,    0
  2658, 10475,20170412,   58,    0
  2658, 10475,20170413,   48,    0
  2658, 10475,20170414,   38,    0
  2658, 10475,20170415,    4,    0
  2658, 10475,20170416,    6,    0
  2658, 10475,20170417,    8,    0
  2658, 10475,20170418,   13,    0
  2658, 10475,20170419,   27,    0
  2658, 10475,20170420,   71,    0
  2658, 10475,20170421,   49,    0
  2658, 10475,20170422,   50,    0
  2658, 10475,20170423,   31,    0
  2658, 10475,20170424,   18,    0
  2658, 10475,20170425,   30,    0
  2658, 10475,20170426,   23,    0
  2658, 10475,20170427,   24,    0
  2658, 10475,20170428,   22,    0
  2658, 10475,20170429,   34,    0
  2658, 10475,20170430,   47,    0
  2658, 10475,20170501,   56,    0
  2658, 10475,20170502,   88,    0
  2658, 10475,20170503,  104,    0
  2658, 10475,20170504,   90,    0
  2658, 10475,20170505,  103,    0
  2658, 10475,20170506,  130,    0
  2658, 10475,20170507,   94,    0
  2658, 10475,20170508,   72,    0
  2658, 10475,20170509,   55,    0
  2658, 10475,20170510,   42,    0
  2658, 10475,20170511,   56,    0
  2658, 10475,20170512,   63,    0
  2658, 10475,20170513,   68,    0
  2658, 10475,20170514,   91,    0
  2658, 10475,20170515,  123,    0
  2658, 10475,20170516,   96,    0
  2658, 10475,20170517,  128,    0
  2658, 10475,20170518,  122,    0
  2658, 10475,20170519,  130,    0
  2658, 10475,20170520,  119,    0
  2658, 10475,20170521,   86,    0
  2658, 10475,20170522,  107,    0
  2658, 10475,20170523,  113,    0
  2658, 10475,20170524,  127,    0
  2658, 10475,20170525,  140,    0
  2658, 10475,20170526,  176,    0
  2658, 10475,20170527,  175,    0
  2658, 10475,20170528,  138,    0
  2658, 10475,20170529,  165,    0
  2658, 10475,20170530,  155,    0
  2658, 10475,20170531,  112,    0
  2658, 10475,20170601,  125,    0
  2658, 10475,20170602,   88,    0
  2658, 10475,20170603,  113,    0
  2658, 10475,20170604,  128,    0
  2658, 10475,20170605,  121,    0
  2658, 10475,20170606,  138,    0
  2658, 10475,20170607,  110,    0
  2658, 10475,20170608,  111,    0
  2658, 10475,20170609,  111,    0
  2658, 10475,20170610,  142,    0
  2658, 10475,20170611,  128,    0
  2658, 10475,20170612,  125,    0
  2658, 10475,20170613,  137,    0
  2658, 10475,20170614,  148,    0
  2658, 10475,20170615,  150,    0
  2658, 10475,20170616,  149,    0
  2658, 10475,20170617,  170,    0
  2658, 10475,20170618,  177,    0
  2658, 10475,20170619,  158,    0
  2658, 10475,20170620,  122,    0
  2658, 10475,20170621,  150,    0
  2658, 10475,20170622,  131,    0
  2658, 10475,20170623,  130,    0
  2658, 10475,20170624,  118,    0
  2658, 10475,20170625,   99,    0
  2658, 10475,20170626,  118,    0
  2658, 10475,20170627,  124,    0
  2658, 10475,20170628,  137,    0
  2658, 10475,20170629,  141,    0
  2658, 10475,20170630,  173,    0
  2658, 10475,20170701,  178,    0
  2658, 10475,20170702,  124,    0
  2658, 10475,20170703,  118,    0
  2658, 10475,20170704,  144,    0
  2658, 10475,20170705,  150,    0
  2658, 10475,20170706,  142,    0
  2658, 10475,20170707,  129,    0
  2658, 10475,20170708,  145,    0
  2658, 10475,20170709,  128,    0
  2658, 10475,20170710,  133,    0
  2658, 10475,20170711,  130,    0
  2658, 10475,20170712,  131,    0
  2658, 10475,20170713,  128,    0
  2658, 10475,20170714,  119,    0
  2658, 10475,20170715,  132,    0
  2658, 10475,20170716,  139,    0
  2658, 10475,20170717,  128,    0
  2658, 10475,20170718,  150,    0
  2658, 10475,20170719,  154,    0
  2658, 10475,20170720,  163,    0
  2658, 10475,20170721,  142,    0
  2658, 10475,20170722,  156,    0
  2658, 10475,20170723,  160,    0
  2658, 10475,20170724,  156,    0
  2658, 10475,20170725,  153,    0
  2658, 10475,20170726,  152,    0
  2658, 10475,20170727,  132,    0
  2658, 10475,20170728,  123,    0
  2658, 10475,20170729,  126,    0
  2658, 10475,20170730,  119,    0
  2658, 10475,20170731,  134,    0
  2658, 10475,20170801,  138,    0
  2658, 10475,20170802,  125,    0
  2658, 10475,20170803,  120,    0
  2658, 10475,20170804,  132,    0
  2658, 10475,20170805,  138,    0
  2658, 10475,20170806,  130,    0
  2658, 10475,20170807,  104,    0
  2658, 10475,20170808,  137,    0
  2658, 10475,20170809,  130,    0
  2658, 10475,20170810,  147,    0
  2658, 10475,20170811,  126,    0
  2658, 10475,20170812,  146,    0
  2658, 10475,20170813,  122,    0
  2658, 10475,20170814,  113,    0
  2658, 10475,20170815,  134,    0
  2658, 10475,20170816,  132,    0
  2658, 10475,20170817,  113,    0
  2658, 10475,20170818,  136,    0
  2658, 10475,20170819,  114,    0
  2658, 10475,20170820,  130,    0
  2658, 10475,20170821,  154,    0
  2658, 10475,20170822,  132,    0
  2658, 10475,20170823,  124,    0
  2658, 10475,20170824,  111,    0
  2658, 10475,20170825,  135,    0
  2658, 10475,20170826,  114,    0
  2658, 10475,20170827,  125,    0
  2658, 10475,20170828,  122,    0
  2658, 10475,20170829,  143,    0
  2658, 10475,20170830,  111,    0
  2658, 10475,20170831,  120,    0
  2658, 10475,20170901,  103,    0
  2658, 10475,20170902,  100,    0
  2658, 10475,20170903,  102,    0
  2658, 10475,20170904,  111,    0
  2658, 10475,20170905,  116,    0
  2658, 10475,20170906,  148,    0
  2658, 10475,20170907,  109,    0
  2658, 10475,20170908,  105,    0
  2658, 10475,20170909,  107,    0
  2658, 10475,20170910,  102,    0
  2658, 10475,20170911,  119,    0
  2658, 10475,20170912,  112,    0
  2658, 10475,20170913,   97,    0
  2658, 10475,20170914,   98,    0
  2658, 10475,20170915,  105,    0
  2658, 10475,20170916,  101,    0
  2658, 10475,20170917,   98,    0
  2658, 10475,20170918,  105,    0
  2658, 10475,20170919,  108,    0
  2658, 10475,20170920,   96,    0
  2658, 10475,20170921,   92,    0
  2658, 10475,20170922,   91,    0
  2658, 10475,20170923,  107,    0
  2658, 10475,20170924,  118,    0
  2658, 10475,20170925,  130,    0
  2658, 10475,20170926,  119,    0
  2658, 10475,20170927,  124,    0
  2658, 10475,20170928,  124,    0
  2658, 10475,20170929,  118,    0
  2658, 10475,20170930,  110,    0
  2658, 10475,20171001,  114,    0
  2658, 10475,20171002,  106,    0
  2658, 10475,20171003,  104,    0
  2658, 10475,20171004,   73,    0
  2658, 10475,20171005,   87,    0
  2658, 10475,20171006,   94,    0
  2658, 10475,20171007,   67,    0
  2658, 10475,20171008,   36,    0
  2658, 10475,20171009,   28,    0
  2658, 10475,20171010,   30,    0
  2658, 10475,20171011,   58,    0
  2658, 10475,20171012,   82,    0
  2658, 10475,20171013,   67,    0
  2658, 10475,20171014,  114,    0
  2658, 10475,20171015,   92,    0
  2658, 10475,20171016,  100,    0
  2658, 10475,20171017,   97,    0
  2658, 10475,20171018,   58,    0
  2658, 10475,20171019,   48,    0
  2658, 10475,20171020,   77,    0
  2658, 10475,20171021,   81,    0
  2658, 10475,20171022,   68,    0
  2658, 10475,20171023,   49,    0
  2658, 10475,20171024,   77,    0
  2658, 10475,20171025,   83,    0
  2658, 10475,20171026,   86,    0
  2658, 10475,20171027,   59,    0
  2658, 10475,20171028,   87,    0
  2658, 10475,20171029,   56,    0
  2658, 10475,20171030,   32,    0
  2658, 10475,20171031,   46,    0
  2658, 10475,20171101,   78,    0
  2658, 10475,20171102,   81,    0
  2658, 10475,20171103,   40,    0
  2658, 10475,20171104,   53,    0
  2658, 10475,20171105,   54,    0
  2658, 10475,20171106,   19,    0
  2658, 10475,20171107,   12,    0
  2658, 10475,20171108,   43,    0
  2658, 10475,20171109,   54,    0
  2658, 10475,20171110,   33,    0
  2658, 10475,20171111,   27,    0
  2658, 10475,20171112,   34,    0
  2658, 10475,20171113,   -3,    0
  2658, 10475,20171114,    8,    0
  2658, 10475,20171115,   32,    0
  2658, 10475,20171116,    9,    0
  2658, 10475,20171117,   38,    0
  2658, 10475,20171118,   26,    0
  2658, 10475,20171119,   16,    0
  2658, 10475,20171120,  -30,    0
  2658, 10475,20171121,  -26,    0
  2658, 10475,20171122,   -9,    0
  2658, 10475,20171123,   49,    0
  2658, 10475,20171124,   13,    0
  2658, 10475,20171125,    2,    0
  2658, 10475,20171126,   10,    0
  2658, 10475,20171127,   -8,    0
  2658, 10475,20171128,  -14,    0
  2658, 10475,20171129,  -67,    0
  2658, 10475,20171130,  -56,    0
  2658, 10475,20171201,  -73,    0
  2658, 10475,20171202,  -18,    0
  2658, 10475,20171203,   29,    0
  2658, 10475,20171204,   12,    0
  2658, 10475,20171205,   64,    0
  2658, 10475,20171206,   50,    0
  2658, 10475,20171207,   55,    0
  2658, 10475,20171208,   21,    0
  2658, 10475,20171209,    4,    0
  2658, 10475,20171210,  -50,    0
  2658, 10475,20171211,  -22,    0
  2658, 10475,20171212,  -64,    0
  2658, 10475,20171213,  -25,    0
  2658, 10475,20171214,    2,    0
  2658, 10475,20171215,  -46,    0
  2658, 10475,20171216, -107,    0
  2658, 10475,20171217,  -93,    0
  2658, 10475,20171218,  -31,    0
  2658, 10475,20171219,   -9,    0
  2658, 10475,20171220,    0,    0
  2658, 10475,20171221,   20,    0
  2658, 10475,20171222,   41,    0
  2658, 10475,20171223,   92,    0
  2658, 10475,20171224,   31,    0
  2658, 10475,20171225,   19,    0
  2658, 10475,20171226,   34,    0
  2658, 10475,20171227,    4,    0
  2658, 10475,20171228,  -21,    0
  2658, 10475,20171229,  -56,    0
  2658, 10475,20171230,  -19,    0
  2658, 10475,20171231,  -10,    0
  2658, 10475,20180101,   15,    0
  2658, 10475,20180102,   -2,    0
  2658, 10475,20180103,   11,    0
  2658, 10475,20180104,    6,    0
  2658, 10475,20180105,   -3,    0
  2658, 10475,20180106,  -67,    0
  2658, 10475,20180107,  -50,    0
  2658, 10475,20180108,  -33,    0
  2658, 10475,20180109,  -37,    0
  2658, 10475,20180110,    2,    0
  2658, 10475,20180111,    3,    0
  2658, 10475,20180112,  -11,    0
  2658, 10475,20180113,  -12,    0
  2658, 10475,20180114,  -19,    0
  2658, 10475,20180115,   -8,    0
  2658, 10475,20180116,  -15,    0
  2658, 10475,20180117,  -51,    0
  2658, 10475,20180118,  -41,    0
  2658, 10475,20180119,  -26,    0
  2658, 10475,20180120,  -13,    0
  2658, 10475,20180121,  -23,    0
  2658, 10475,20180122,  -10,    0
  2658, 10475,20180123,   -3,    0
  2658, 10475,20180124,   32,    0
  2658, 10475,20180125,   25,    0
  2658, 10475,20180126,  -15,    0
  2658, 10475,20180127,  -57,    0
  2658, 10475,20180128,   36,    0
  2658, 10475,20180129,   19,    0
  2658, 10475,20180130,   25,    0
  2658, 10475,20180131,    5,    0
  2658, 10475,20180201,   -5,    0
  2658, 10475,20180202,  -63,    0
  2658, 10475,20180203,  -95,    0
  2658, 10475,20180204,  -85,    0
  2658, 10475,20180205, -113,    0
  2658, 10475,20180206, -112,    0
  2658, 10475,20180207,  -62,    0
  2658, 10475,20180208,  -38,    0
  2658, 10475,20180209,    1,    0
  2658, 10475,20180210,   -9,    0
  2658, 10475,20180211,   -9,    0
  2658, 10475,20180212,   -7,    0
  2658, 10475,20180213,  -47,    0
  2658, 10475,20180214,    4,    0
  2658, 10475,20180215,  -11,    0
  2658, 10475,20180216,  -22,    0
  2658, 10475,20180217,  -31,    0
  2658, 10475,20180218,    3,    0
  2658, 10475,20180219,  -29,    0
  2658, 10475,20180220,  -25,    0
  2658, 10475,20180221,  -24,    0
  2658, 10475,20180222,  -47,    0
  2658, 10475,20180223,  -78,    0
  2658, 10475,20180224,  -36,    0
  2658, 10475,20180225,  -62,    0
  2658, 10475,20180226, -119,    0
  2658, 10475,20180227,  -97,    0
  2658, 10475,20180228, -126,    0
  2658, 10475,20180301, -111,    0
  2658, 10475,20180302,  -65,    0
  2658, 10475,20180303,  -53,    0
  2658, 10475,20180304,  -45,    0
  2658, 10475,20180305,  -45,    0
  2658, 10475,20180306,  -32,    0
  2658, 10475,20180307,  -12,    0
  2658, 10475,20180308,  -19,    0
  2658, 10475,20180309,  -23,    0
  2658, 10475,20180310,  -15,    0
  2658, 10475,20180311,  -22,    0
  2658, 10475,20180312,   -5,    0
  2658, 10475,20180313,  -12,    0
  2658, 10475,20180314,    1,    0
  2658, 10475,20180315,  -33,    0
  2658, 10475,20180316,  -59,    0
  2658, 10475,20180317,  -72,    0
  2658, 10475,20180318,  -76,    0
  2658, 10475,20180319,  -20,    0
  2658, 10475,20180320,  -12,    0
  2658, 10475,20180321,   10,    0
  2658, 10475,20180322,    3,    0
  2658, 10475,20180323,  -13,    0
  2658, 10475,20180324,   28,    0
  2658, 10475,20180325,   -5,    0
  2658, 10475,20180326,   -7,    0
  2658, 10475,20180327,  -22,    0
  2658, 10475,20180328,  -33,    0
  2658, 10475,20180329,  -26,    0
  2658, 10475,20180330,  -42,    0
  2658, 10475,20180331,  -31,    0
  2658, 10475,20180401,  -16,    0
  2658, 10475,20180402,  -25,    0
  2658, 10475,20180403,  -22,    0
  2658, 10475,20180404,   18,    0
  2658, 10475,20180405,   20,    0
  2658, 10475,20180406,   24,    0
  2658, 10475,20180407,   25,    0
  2658, 10475,20180408,   23,    0
  2658, 10475,20180409,   38,    0
  2658, 10475,20180410,   44,    0
  2658, 10475,20180411,   53,    0
  2658, 10475,20180412,   63,    0
  2658, 10475,20180413,   73,    0
  2658, 10475,20180414,   85,    0
  2658, 10475,20180415,   69,    0
  2658, 10475,20180416,   35,    0
  2658, 10475,20180417,   43,    0
  2658, 10475,20180418,   64,    0
  2658, 10475,20180419,   75,    0
  2658, 10475,20180420,   76,    0
  2658, 10475,20180421,   72,    0
  2658, 10475,20180422,   49,    0
  2658, 10475,20180423,   52,    0
  2658, 10475,20180424,   57,    0
  2658, 10475,20180425,   60,    0
  2658, 10475,20180426,   36,    0
  2658, 10475,20180427,   46,    0
  2658, 10475,20180428,   46,    0
  2658, 10475,20180429,   65,    0
  2658, 10475,20180430,   54,    0
  2658, 10475,20180501,   45,    0
  2658, 10475,20180502,   56,    0
  2658, 10475,20180503,   61,    0
  2658, 10475,20180504,   55,    0
  2658, 10475,20180505,  102,    0
  2658, 10475,20180506,  123,    0
  2658, 10475,20180507,  123,    0
  2658, 10475,20180508,  137,    0
  2658, 10475,20180509,  144,    0
  2658, 10475,20180510,  123,    0
  2658, 10475,20180511,  132,    0
  2658, 10475,20180512,  103,    0
  2658, 10475,20180513,  145,    0
  2658, 10475,20180514,  164,    0
  2658, 10475,20180515,  172,    0
  2658, 10475,20180516,  149,    0
  2658, 10475,20180517,  146,    0
  2658, 10475,20180518,  141,    0
  2658, 10475,20180519,  130,    0
  2658, 10475,20180520,  120,    0
  2658, 10475,20180521,  138,    0
  2658, 10475,20180522,  154,    0
  2658, 10475,20180523,  160,    0
  2658, 10475,20180524,  163,    0
  2658, 10475,20180525,  188,    0
  2658, 10475,20180526,  193,    0
  2658, 10475,20180527,  194,    0
  2658, 10475,20180528,  134,    0
  2658, 10475,20180529,  164,    0
  2658, 10475,20180530,  204,    0
  2658, 10475,20180531,  196,    0
  2658, 10475,20180601,  187,    0
  2658, 10475,20180602,  213,    0
  2658, 10475,20180603,  218,    0
  2658, 10475,20180604,  202,    0
  2658, 10475,20180605,  161,    0
  2658, 10475,20180606,  160,    0
  2658, 10475,20180607,  175,    0
  2658, 10475,20180608,  180,    0
  2658, 10475,20180609,  171,    0
  2658, 10475,20180610,  147,    0
  2658, 10475,20180611,  152,    0
  2658, 10475,20180612,  169,    0
  2658, 10475,20180613,  176,    0
  2658, 10475,20180614,  111,    0
  2658, 10475,20180615,  116,    0
  2658, 10475,20180616,  115,    0
  2658, 10475,20180617,  125,    0
  2658, 10475,20180618,  121,    0
  2658, 10475,20180619,  112,    0
  2658, 10475,20180620,   84,    0
  2658, 10475,20180621,  110,    0
  2658, 10475,20180622,  122,    0
  2658, 10475,20180623,  141,    0
  2658, 10475,20180624,  171,    0
  2658, 10475,20180625,  219,    0
  2658, 10475,20180626,  205,    0
  2658, 10475,20180627,  192,    0
  2658, 10475,20180628,  192,    0
  2658, 10475,20180629,  167,    0
  2658, 10475,20180630,  164,    0
  2658, 10475,20180701,  160,    0
  2658, 10475,20180702,  184,    0
  2658, 10475,20180703,  214,    0
  2658, 10475,20180704,  204,    0
  2658, 10475,20180705,  206,    0
  2658, 10475,20180706,  193,    0
  2658, 10475,20180707,  202,    0
  2658, 10475,20180708,  189,    0
  2658, 10475,20180709,  178,    0
  2658, 10475,20180710,  202,    0
  2658, 10475,20180711,  204,    0
  2658, 10475,20180712,  198,    0
  2658, 10475,20180713,  199,    0
  2658, 10475,20180714,  201,    0
  2658, 10475,20180715,  194,    0
  2658, 10475,20180716,  193,    0
  2658, 10475,20180717,  199,    0
  2658, 10475,20180718,  192,    0
  2658, 10475,20180719,  204,    0
  2658, 10475,20180720,  183,    0
  2658, 10475,20180721,  175,    0
  2658, 10475,20180722,  199,    0
  2658, 10475,20180723,  211,    0
  2658, 10475,20180724,  185,    0
  2658, 10475,20180725,  193,    0
  2658, 10475,20180726,  195,    0
  2658, 10475,20180727,  226,    0
  2658, 10475,20180728,  215,    0
  2658, 10475,20180729,  175,    0
  2658, 10475,20180730,  174,    0
  2658, 10475,20180731,  174,    0
  2658, 10475,20180801,  178,    0
  2658, 10475,20180802,  160,    0
  2658, 10475,20180803,  168,    0
  2658, 10475,20180804,  175,    0
  2658, 10475,20180805,  151,    0
  2658, 10475,20180806,  127,    0
  2658, 10475,20180807,  161,    0
  2658, 10475,20180808,  161,    0
  2658, 10475,20180809,  127,    0
  2658, 10475,20180810,  126,    0
  2658, 10475,20180811,  126,    0
  2658, 10475,20180812,  128,    0
  2658, 10475,20180813,  126,    0
  2658, 10475,20180814,  156,    0
  2658, 10475,20180815,  143,    0
  2658, 10475,20180816,  152,    0
  2658, 10475,20180817,  128,    0
  2658, 10475,20180818,  134,    0
  2658, 10475,20180819,  132,    0
  2658, 10475,20180820,  117,    0
  2658, 10475,20180821,  120,    0
  2658, 10475,20180822,  130,    0
  2658, 10475,20180823,  128,    0
  2658, 10475,20180824,  108,    0
  2658, 10475,20180825,   88,    0
  2658, 10475,20180826,  105,    0
  2658, 10475,20180827,  106,    0
  2658, 10475,20180828,  129,    0
  2658, 10475,20180829,  117,    0
  2658, 10475,20180830,  129,    0
  2658, 10475,20180831,  117,    0
  2658, 10475,20180901,  112,    0
  2658, 10475,20180902,  107,    0
  2658, 10475,20180903,  124,    0
  2658, 10475,20180904,  142,    0
  2658, 10475,20180905,  135,    0
  2658, 10475,20180906,  146,    0
  2658, 10475,20180907,  138,    0
  2658, 10475,20180908,  117,    0
  2658, 10475,20180909,  115,    0
  2658, 10475,20180910,  118,    0
  2658, 10475,20180911,  115,    0
  2658, 10475,20180912,  107,    0
  2658, 10475,20180913,   99,    0
  2658, 10475,20180914,   95,    0
  2658, 10475,20180915,   83,    0
  2658, 10475,20180916,   71,    0
  2658, 10475,20180917,  105,    0
  2658, 10475,20180918,  145,    0
  2658, 10475,20180919,  142,    0
  2658, 10475,20180920,  101,    0
  2658, 10475,20180921,   91,    0
  2658, 10475,20180922,   82,    0
  2658, 10475,20180923,   78,    0
  2658, 10475,20180924,   67,    0
  2658, 10475,20180925,   66,    0
  2658, 10475,20180926,  118,    0
  2658, 10475,20180927,   92,    0
  2658, 10475,20180928,   65,    0
  2658, 10475,20180929,   81,    0
  2658, 10475,20180930,   76,    0
  2658, 10475,20181001,   52,    0
  2658, 10475,20181002,   58,    0
  2658, 10475,20181003,   70,    0
  2658, 10475,20181004,   63,    0
  2658, 10475,20181005,   67,    0
  2658, 10475,20181006,   47,    0
  2658, 10475,20181007,   42,    0
  2658, 10475,20181008,   96,    0
  2658, 10475,20181009,  111,    0
  2658, 10475,20181010,  108,    0
  2658, 10475,20181011,  112,    0
  2658, 10475,20181012,  121,    0
  2658, 10475,20181013,  138,    0
  2658, 10475,20181014,  125,    0
  2658, 10475,20181015,   88,    0
  2658, 10475,20181016,   61,    0
  2658, 10475,20181017,   86,    0
  2658, 10475,20181018,   63,    0
  2658, 10475,20181019,   50,    0
  2658, 10475,20181020,   67,    0
  2658, 10475,20181021,   99,    0
  2658, 10475,20181022,   64,    0
  2658, 10475,20181023,   82,    0
  2658, 10475,20181024,   66,    0
  2658, 10475,20181025,   70,    0
  2658, 10475,20181026,   27,    0
  2658, 10475,20181027,    5,    0
  2658, 10475,20181028,  -28,    0
  2658, 10475,20181029,   -4,    0
  2658, 10475,20181030,   21,    0
  2658, 10475,20181031,   38,    0
  2658, 10475,20181101,   53,    0
  2658, 10475,20181102,   54,    0
  2658, 10475,20181103,   36,    0
  2658, 10475,20181104,   68,    0
  2658, 10475,20181105,   64,    0
  2658, 10475,20181106,   73,    0
  2658, 10475,20181107,   79,    0
  2658, 10475,20181108,   74,    0
  2658, 10475,20181109,   63,    0
  2658, 10475,20181110,   74,    0
  2658, 10475,20181111,   86,    0
  2658, 10475,20181112,   73,    0
  2658, 10475,20181113,   58,    0
  2658, 10475,20181114,   43,    0
  2658, 10475,20181115,   76,    0
  2658, 10475,20181116,   48,    0
  2658, 10475,20181117,    9,    0
  2658, 10475,20181118,   23,    0
  2658, 10475,20181119,   -7,    0
  2658, 10475,20181120,  -15,    0
  2658, 10475,20181121,    9,    0
  2658, 10475,20181122,  -33,    0
  2658, 10475,20181123,  -50,    0
  2658, 10475,20181124,  -21,    0
  2658, 10475,20181125,  -26,    0
  2658, 10475,20181126,  -86,    0
  2658, 10475,20181127,  -46,    0
  2658, 10475,20181128,   -1,    0
  2658, 10475,20181129,    9,    0
  2658, 10475,20181130,   40,    0
  2658, 10475,20181201,   23,    0
  2658, 10475,20181202,   27,    0
  2658, 10475,20181203,   34,    0
  2658, 10475,20181204,   17,    0
  2658, 10475,20181205,  -36,    0
  2658, 10475,20181206,   -5,    0
  2658, 10475,20181207,    4,    0
  2658, 10475,20181208,    2,    0
  2658, 10475,20181209,   -2,    0
  2658, 10475,20181210,   26,    0
  2658, 10475,20181211,  -32,    0
  2658, 10475,20181212,  -38,    0
  2658, 10475,20181213,  -28,    0
  2658, 10475,20181214,  -29,    0
  2658, 10475,20181215,   -7,    0
  2658, 10475,20181216,   -3,    0
  2658, 10475,20181217,  -19,    0
  2658, 10475,20181218,  -16,    0
  2658, 10475,20181219,   17,    0
  2658, 10475,20181220,   14,    0
  2658, 10475,20181221,   -1,    0
  2658, 10475,20181222,  -35,    0
  2658, 10475,20181223,  -72,    0
  2658, 10475,20181224,  -15,    0
  2658, 10475,20181225,   53,    0
  2658, 10475,20181226,   51,    0
  2658, 10475,20181227,   47,    0
  2658, 10475,20181228,   13,    0
  2658, 10475,20181229,   27,    0
  2658, 10475,20181230,   21,    0
  2658, 10475,20181231,   31,    0
  2658, 10475,20190101,   34,    0
  2658, 10475,20190102,   -6,    0
  2658, 10475,20190103,  -11,    0
  2658, 10475,20190104,   72,    0
  2658, 10475,20190105,   43,    0
  2658, 10475,20190106,   25,    0
  2658, 10475,20190107,   -7,    0
  2658, 10475,20190108,   18,    0
  2658, 10475,20190109,  -14,    0
  2658, 10475,20190110,   22,    0
  2658, 10475,20190111,   45,    0
  2658, 10475,20190112,  -21,    0
  2658, 10475,20190113,   25,    0
  2658, 10475,20190114,  -16,    0
  2658, 10475,20190115,    6,    0
  2658, 10475,20190116,   18,    0
  2658, 10475,20190117,  -20,    0
  2658, 10475,20190118,  -24,    0
  2658, 10475,20190119,  -37,    0
  2658, 10475,20190120,  -49,    0
  2658, 10475,20190121,  -21,    0
  2658, 10475,20190122,  -32,    0
  2658, 10475,20190123,  -16,    0
  2658, 10475,20190124,  -18,    0
  2658, 10475,20190125,  -28,    0
  2658, 10475,20190126,  -35,    0
  2658, 10475,20190127,  -43,    0
  2658, 10475,20190128,  -78,    0
  2658, 10475,20190129, -102,    0
  2658, 10475,20190130,  -20,    0
  2658, 10475,20190131,  -29,    0
  2658, 10475,20190201,  -19,    0
  2658, 10475,20190202,  -30,    0
  2658, 10475,20190203,  -97,    0
  2658, 10475,20190204,  -35,    0
  2658, 10475,20190205,   -7,    0
  2658, 10475,20190206,  -41,    0
  2658, 10475,20190207,   -7,    0
  2658, 10475,20190208,   -7,    0
  2658, 10475,20190209,   11,    0
  2658, 10475,20190210,   30,    0
  2658, 10475,20190211,    1,    0
  2658, 10475,20190212,   12,    0
  2658, 10475,20190213,   51,    0
  2658, 10475,20190214,   41,    0
  2658, 10475,20190215,   19,    0
  2658, 10475,20190216,   18,    0
  2658, 10475,20190217,   16,    0
  2658, 10475,20190218,   21,    0
  2658, 10475,20190219,   39,    0
  2658, 10475,20190220,   27,    0
  2658, 10475,20190221,   27,    0
  2658, 10475,20190222,   12,    0
  2658, 10475,20190223,   24,    0
  2658, 10475,20190224,   37,    0
  2658, 10475,20190225,   45,    0
  2658, 10475,20190226,   49,    0
  2658, 10475,20190227,   46,    0
  2658, 10475,20190228,   42,    0
  2658, 10475,20190301,    0,    0
  2658, 10475,20190302,   -9,    0
  2658, 10475,20190303,   28,    0
  2658, 10475,20190304,   15,    0
  2658, 10475,20190305,    1,    0
  2658, 10475,20190306,   -1,    0
  2658, 10475,20190307,   10,    0
  2658, 10475,20190308,   14,    0
  2658, 10475,20190309,    5,    0
  2658, 10475,20190310,  -24,    0
  2658, 10475,20190311,  -34,    0
  2658, 10475,20190312,  -11,    0
  2658, 10475,20190313,    2,    0
  2658, 10475,20190314,   -4,    0
  2658, 10475,20190315,   -1,    0
  2658, 10475,20190316,    5,    0
  2658, 10475,20190317,   21,    0
  2658, 10475,20190318,   22,    0
  2658, 10475,20190319,    5,    0
  2658, 10475,20190320,   48,    0
  2658, 10475,20190321,   56,    0
  2658, 10475,20190322,   23,    0
  2658, 10475,20190323,   40,    0
  2658, 10475,20190324,   32,    0
  2658, 10475,20190325,   42,    0
  2658, 10475,20190326,   46,    0
  2658, 10475,20190327,   66,    0
  2658, 10475,20190328,   71,    0
  2658, 10475,20190329,   72,    0
  2658, 10475,20190330,   50,    0
  2658, 10475,20190331,   11,    0
  2658, 10475,20190401,    3,    0
  2658, 10475,20190402,   34,    0
  2658, 10475,20190403,   36,    0
  2658, 10475,20190404,   76,    0
  2658, 10475,20190405,   81,    0
  2658, 10475,20190406,   95,    0
  2658, 10475,20190407,   59,    0
  2658, 10475,20190408,   38,    0
  2658, 10475,20190409,    9,    0
  2658, 10475,20190410,    2,    0
  2658, 10475,20190411,    5,    0
  2658, 10475,20190412,   14,    0
  2658, 10475,20190413,   25,    0
  2658, 10475,20190414,   19,    0
  2658, 10475,20190415,   28,    0
  2658, 10475,20190416,   33,    0
  2658, 10475,20190417,   56,    0
  2658, 10475,20190418,   84,    0
  2658, 10475,20190419,  101,    0
  2658, 10475,20190420,  101,    0
  2658, 10475,20190421,   96,    0
  2658, 10475,20190422,   96,    0
  2658, 10475,20190423,  107,    0
  2658, 10475,20190424,  101,    0
  2658, 10475,20190425,  103,    0
  2658, 10475,20190426,  127,    0
  2658, 10475,20190427,   90,    0
  2658, 10475,20190428,   86,    0
  2658, 10475,20190429,  130,    0
  2658, 10475,20190430,  143,    0
  2658, 10475,20190501,  119,    0
  2658, 10475,20190502,   66,    0
  2658, 10475,20190503,   35,    0
  2658, 10475,20190504,   48,    0
  2658, 10475,20190505,   46,    0
  2658, 10475,20190506,   40,    0
  2658, 10475,20190507,   38,    0
  2658, 10475,20190508,   35,    0
  2658, 10475,20190509,   50,    0
  2658, 10475,20190510,   70,    0
  2658, 10475,20190511,   74,    0
  2658, 10475,20190512,   72,    0
  2658, 10475,20190513,   83,    0
  2658, 10475,20190514,  112,    0
  2658, 10475,20190515,  108,    0
  2658, 10475,20190516,  120,    0
  2658, 10475,20190517,  129,    0
  2658, 10475,20190518,  106,    0
  2658, 10475,20190519,  138,    0
  2658, 10475,20190520,  148,    0
  2658, 10475,20190521,  159,    0
  2658, 10475,20190522,  123,    0
  2658, 10475,20190523,   79,    0
  2658, 10475,20190524,  112,    0
  2658, 10475,20190525,  108,    0
  2658, 10475,20190526,  109,    0
  2658, 10475,20190527,   98,    0
  2658, 10475,20190528,   72,    0
  2658, 10475,20190529,   71,    0
  2658, 10475,20190530,   84,    0
  2658, 10475,20190531,  100,    0
  2658, 10475,20190601,  101,    0
  2658, 10475,20190602,  118,    0
  2658, 10475,20190603,  127,    0
  2658, 10475,20190604,  114,    0
  2658, 10475,20190605,  109,    0
  2658, 10475,20190606,  157,    0
  2658, 10475,20190607,  158,    0
  2658, 10475,20190608,  107,    0
  2658, 10475,20190609,  107,    0
  2658, 10475,20190610,  119,    0
  2658, 10475,20190611,  132,    0
  2658, 10475,20190612,  109,    0
  2658, 10475,20190613,  115,    0
  2658, 10475,20190614,  131,    0
  2658, 10475,20190615,  150,    0
  2658, 10475,20190616,  142,    0
  2658, 10475,20190617,  108,    0
  2658, 10475,20190618,  131,    0
  2658, 10475,20190619,  117,    0
  2658, 10475,20190620,  128,    0
  2658, 10475,20190621,  105,    0
  2658, 10475,20190622,  125,    0
  2658, 10475,20190623,  126,    0
  2658, 10475,20190624,  151,    0
  2658, 10475,20190625,  133,    0
  2658, 10475,20190626,  162,    0
  2658, 10475,20190627,  166,    0
  2658, 10475,20190628,  197,    0
  2658, 10475,20190629,  190,    0
  2658, 10475,20190630,  157,    0
  2658, 10475,20190701,  136,    0
  2658, 10475,20190702,  108,    0
  2658, 10475,20190703,  102,    0
  2658, 10475,20190704,  117,    0
  2658, 10475,20190705,  128,    0
  2658, 10475,20190706,  114,    0
  2658, 10475,20190707,  119,    0
  2658, 10475,20190708,  131,    0
  2658, 10475,20190709,  137,    0
  2658, 10475,20190710,  149,    0
  2658, 10475,20190711,  160,    0
  2658, 10475,20190712,  163,    0
  2658, 10475,20190713,  166,    0
  2658, 10475,20190714,  179,    0
  2658, 10475,20190715,  181,    0
  2658, 10475,20190716,  171,    0
  2658, 10475,20190717,  164,    0
  2658, 10475,20190718,  137,    0
  2658, 10475,20190719,  159,    0
  2658, 10475,20190720,  128,    0
  2658, 10475,20190721,  152,    0
  2658, 10475,20190722,  130,    0
  2658, 10475,20190723,  190,    0
  2658, 10475,20190724,  194,    0
  2658, 10475,20190725,  212,    0
  2658, 10475,20190726,  223,    0
  2658, 10475,20190727,  211,    0
  2658, 10475,20190728,  203,    0
  2658, 10475,20190729,  207,    0
  2658, 10475,20190730,  156,    0
  2658, 10475,20190731,  121,    0
  2658, 10475,20190801,  155,    0
  2658, 10475,20190802,  186,    0
  2658, 10475,20190803,  179,    0
  2658, 10475,20190804,  176,    0
  2658, 10475,20190805,  160,    0
  2658, 10475,20190806,  151,    0
  2658, 10475,20190807,  140,    0
  2658, 10475,20190808,  149,    0
  2658, 10475,20190809,  159,    0
  2658, 10475,20190810,  152,    0
  2658, 10475,20190811,  154,    0
  2658, 10475,20190812,  147,    0
  2658, 10475,20190813,  126,    0
  2658, 10475,20190814,  110,    0
  2658, 10475,20190815,   98,    0
  2658, 10475,20190816,  147,    0
  2658, 10475,20190817,  142,    0
  2658, 10475,20190818,  119,    0
  2658, 10475,20190819,  128,    0
  2658, 10475,20190820,  126,    0
  2658, 10475,20190821,  114,    0
  2658, 10475,20190822,  118,    0
  2658, 10475,20190823,  155,    0
  2658, 10475,20190824,  158,    0
  2658, 10475,20190825,  169,    0
  2658, 10475,20190826,  174,    0
  2658, 10475,20190827,  184,    0
  2658, 10475,20190828,  176,    0
  2658, 10475,20190829,  158,    0
  2658, 10475,20190830,  145,    0
  2658, 10475,20190831,  156,    0
  2658, 10475,20190901,  126,    0
  2658, 10475,20190902,  103,    0
  2658, 10475,20190903,  120,    0
  2658, 10475,20190904,   93,    0
  2658, 10475,20190905,   98,    0
  2658, 10475,20190906,   89,    0
  2658, 10475,20190907,  105,    0
  2658, 10475,20190908,  102,    0
  2658, 10475,20190909,  110,    0
  2658, 10475,20190910,  125,    0
  2658, 10475,20190911,  113,    0
  2658, 10475,20190912,  123,    0
  2658, 10475,20190913,  111,    0
  2658, 10475,20190914,  104,    0
  2658, 10475,20190915,  101,    0
  2658, 10475,20190916,   92,    0
  2658, 10475,20190917,   76,    0
  2658, 10475,20190918,   93,    0
  2658, 10475,20190919,   71,    0
  2658, 10475,20190920,  127,    0
  2658, 10475,20190921,  124,    0
  2658, 10475,20190922,  137,    0
  2658, 10475,20190923,  106,    0
  2658, 10475,20190924,   95,    0
  2658, 10475,20190925,   97,    0
  2658, 10475,20190926,  100,    0
  2658, 10475,20190927,  120,    0
  2658, 10475,20190928,  109,    0
  2658, 10475,20190929,   99,    0
  2658, 10475,20190930,   76,    0
  2658, 10475,20191001,   73,    0
  2658, 10475,20191002,   82,    0
  2658, 10475,20191003,   62,    0
  2658, 10475,20191004,   33,    0
  2658, 10475,20191005,   15,    0
  2658, 10475,20191006,   16,    0
  2658, 10475,20191007,   11,    0
  2658, 10475,20191008,   36,    0
  2658, 10475,20191009,   62,    0
  2658, 10475,20191010,   76,    0
  2658, 10475,20191011,   73,    0
  2658, 10475,20191012,   84,    0
  2658, 10475,20191013,   82,    0
  2658, 10475,20191014,   74,    0
  2658, 10475,20191015,   64,    0
  2658, 10475,20191016,   69,    0
  2658, 10475,20191017,   74,    0
  2658, 10475,20191018,   69,    0
  2658, 10475,20191019,   70,    0
  2658, 10475,20191020,   57,    0
  2658, 10475,20191021,   33,    0
  2658, 10475,20191022,   82,    0
  2658, 10475,20191023,   88,    0
  2658, 10475,20191024,   79,    0
  2658, 10475,20191025,   66,    0
  2658, 10475,20191026,   30,    0
  2658, 10475,20191027,   16,    0
  2658, 10475,20191028,    1,    0
  2658, 10475,20191029,  -10,    0
  2658, 10475,20191030,    2,    0
  2658, 10475,20191031,   18,    0
  2658, 10475,20191101,    8,    0
  2658, 10475,20191102,   28,    0
  2658, 10475,20191103,   15,    0
  2658, 10475,20191104,   14,    0
  2658, 10475,20191105,   -3,    0
  2658, 10475,20191106,  -52,    0
  2658, 10475,20191107,  -30,    0
  2658, 10475,20191108,  -21,    0
  2658, 10475,20191109,    2,    0
  2658, 10475,20191110,  -11,    0
  2658, 10475,20191111,  -10,    0
  2658, 10475,20191112,    7,    0
  2658, 10475,20191113,   10,    0
  2658, 10475,20191114,   17,    0
  2658, 10475,20191115,   26,    0
  2658, 10475,20191116,   30,    0
  2658, 10475,20191117,   12,    0
  2658, 10475,20191118,    4,    0
  2658, 10475,20191119,   10,    0
  2658, 10475,20191120,    8,    0
  2658, 10475,20191121,   32,    0
  2658, 10475,20191122,   44,    0
  2658, 10475,20191123,   43,    0
  2658, 10475,20191124,   36,    0
  2658, 10475,20191125,   21,    0
  2658, 10475,20191126,   17,    0
  2658, 10475,20191127,   23,    0
  2658, 10475,20191128,   17,    0
  2658, 10475,20191129,  -10,    0
  2658, 10475,20191130,  -34,    0
  2658, 10475,20191201,  -21,    0
  2658, 10475,20191202,  -15,    0
  2658, 10475,20191203,   25,    0
  2658, 10475,20191204,   28,    0
  2658, 10475,20191205,   48,    0
  2658, 10475,20191206,   45,    0
  2658, 10475,20191207,   18,    0
  2658, 10475,20191208,   22,    0
  2658, 10475,20191209,   28,    0
  2658, 10475,20191210,   -1,    0
  2658, 10475,20191211,   34,    0
  2658, 10475,20191212,    6,    0
  2658, 10475,20191213,   12,    0
  2658, 10475,20191214,    9,    0
  2658, 10475,20191215,   -3,    0
  2658, 10475,20191216,   -2,    0
  2658, 10475,20191217,    3,    0
  2658, 10475,20191218,   -5,    0
  2658, 10475,20191219,    1,    0
  2658, 10475,20191220,   31,    0
  2658, 10475,20191221,   16,    0
  2658, 10475,20191222,   25,    0
  2658, 10475,20191223,   17,    0
  2658, 10475,20191224,    5,    0
  2658, 10475,20191225,  -19,    0
  2658, 10475,20191226,  -42,    0
  2658, 10475,20191227,  -57,    0
  2658, 10475,20191228,  -19,    0
  2658, 10475,20191229,   45,    0
  2658, 10475,20191230,   68,    0
  2658, 10475,20191231,   32,    0
  2658, 10475,20200101,   49,    0
  2658, 10475,20200102,   50,    0
  2658, 10475,20200103,   39,    0
  2658, 10475,20200104,    9,    0
  2658, 10475,20200105,    7,    0
  2658, 10475,20200106,   28,    0
  2658, 10475,20200107,   34,    0
  2658, 10475,20200108,   50,    0
  2658, 10475,20200109,   15,    0
  2658, 10475,20200110,  -33,    0
  2658, 10475,20200111,   31,    0
  2658, 10475,20200112,   23,    0
  2658, 10475,20200113,    7,    0
  2658, 10475,20200114,   28,    0
  2658, 10475,20200115,   37,    0
  2658, 10475,20200116,   51,    0
  2658, 10475,20200117,   44,    0
  2658, 10475,20200118,   37,    0
  2658, 10475,20200119,   36,    0
  2658, 10475,20200120,   63,    0
  2658, 10475,20200121,   65,    0
  2658, 10475,20200122,   27,    0
  2658, 10475,20200123,   54,    0
  2658, 10475,20200124,   53,    0
  2658, 10475,20200125,   42,    0
  2658, 10475,20200126,   42,    0
  2658, 10475,20200127,   30,    0
  2658, 10475,20200128,   15,    0
  2658, 10475,20200129,   -2,    0
  2658, 10475,20200130,  -12,    0
  2658, 10475,20200131,    8,    0
  2658, 10475,20200201,   44,    0
  2658, 10475,20200202,   13,    0
  2658, 10475,20200203,  -24,    0
  2658, 10475,20200204,  -36,    0
  2658, 10475,20200205,    9,    0
  2658, 10475,20200206,   51,    0
  2658, 10475,20200207,    9,    0
  2658, 10475,20200208,   16,    0
  2658, 10475,20200209,   42,    0
  2658, 10475,20200210,   26,    0
  2658, 10475,20200211,   15,    0
  2658, 10475,20200212,   14,    0
  2658, 10475,20200213,  -18,    0
  2658, 10475,20200214,  -25,    0
  2658, 10475,20200215,   17,    0
  2658, 10475,20200216,   45,    0
  2658, 10475,20200217,   42,    0
  2658, 10475,20200218,   27,    0
  2658, 10475,20200219,    0,    0
  2658, 10475,20200220,   18,    0
  2658, 10475,20200221,   36,    0
  2658, 10475,20200222,   40,    0
  2658, 10475,20200223,   26,    0
  2658, 10475,20200224,   11,    0
  2658, 10475,20200225,   -4,    0
  2658, 10475,20200226,  -25,    0
  2658, 10475,20200227,  -30,    0
  2658, 10475,20200228,   -9,    0
  2658, 10475,20200229,    2,    0
  2658, 10475,20200301,    5,    0
  2658, 10475,20200302,   16,    0
  2658, 10475,20200303,    9,    0
  2658, 10475,20200304,    2,    0
  2658, 10475,20200305,  -31,    0
  2658, 10475,20200306,  -27,    0
  2658, 10475,20200307,  -33,    0
  2658, 10475,20200308,   19,    0
  2658, 10475,20200309,   25,    0
  2658, 10475,20200310,   15,    0
  2658, 10475,20200311,   35,    0
  2658, 10475,20200312,   19,    0
  2658, 10475,20200313,   -8,    0
  2658, 10475,20200314,  -30,    0
  2658, 10475,20200315,   29,    0
  2658, 10475,20200316,   25,    0
  2658, 10475,20200317,   51,    0
  2658, 10475,20200318,   27,    0
  2658, 10475,20200319,   32,    0
  2658, 10475,20200320,   13,    0
  2658, 10475,20200321,    0,    0
  2658, 10475,20200322,    2,    0
  2658, 10475,20200323,   20,    0
  2658, 10475,20200324,   33,    0
  2658, 10475,20200325,   36,    0
  2658, 10475,20200326,   43,    0
  2658, 10475,20200327,   31,    0
  2658, 10475,20200328,   29,    0
  2658, 10475,20200329,   -5,    0
  2658, 10475,20200330,   24,    0
  2658, 10475,20200331,   21,    0
  2658, 10475,20200401,   40,    0
  2658, 10475,20200402,   23,    0
  2658, 10475,20200403,    6,    0
  2658, 10475,20200404,    5,    0
  2658, 10475,20200405,   41,    0
  2658, 10475,20200406,   56,    0
  2658, 10475,20200407,   58,    0
  2658, 10475,20200408,   49,    0
  2658, 10475,20200409,   38,    0
  2658, 10475,20200410,   34,    0
  2658, 10475,20200411,   35,    0
  2658, 10475,20200412,   56,    0
  2658, 10475,20200413,   19,    0
  2658, 10475,20200414,   32,    0
  2658, 10475,20200415,   74,    0
  2658, 10475,20200416,   57,    0
  2658, 10475,20200417,   35,    0
  2658, 10475,20200418,   43,    0
  2658, 10475,20200419,   59,    0
  2658, 10475,20200420,   90,    0
  2658, 10475,20200421,  106,    0
  2658, 10475,20200422,  107,    0
  2658, 10475,20200423,   92,    0
  2658, 10475,20200424,   77,    0
  2658, 10475,20200425,   57,    0
  2658, 10475,20200426,   70,    0
  2658, 10475,20200427,   54,    0
  2658, 10475,20200428,   51,    0
  2658, 10475,20200429,   35,    0
  2658, 10475,20200430,   28,    0
  2658, 10475,20200501,   56,    0
  2658, 10475,20200502,   71,    0
  2658, 10475,20200503,   70,    0
  2658, 10475,20200504,   51,    0
  2658, 10475,20200505,   55,    0
  2658, 10475,20200506,   72,    0
  2658, 10475,20200507,   88,    0
  2658, 10475,20200508,   77,    0
  2658, 10475,20200509,   82,    0
  2658, 10475,20200510,   48,    0
  2658, 10475,20200511,   35,    0
  2658, 10475,20200512,   34,    0
  2658, 10475,20200513,   34,    0
  2658, 10475,20200514,   49,    0
  2658, 10475,20200515,   59,    0
  2658, 10475,20200516,   45,    0
  2658, 10475,20200517,   61,    0
  2658, 10475,20200518,   76,    0
  2658, 10475,20200519,   76,    0
  2658, 10475,20200520,   99,    0
  2658, 10475,20200521,  129,    0
  2658, 10475,20200522,  109,    0
  2658, 10475,20200523,   90,    0
  2658, 10475,20200524,   94,    0
  2658, 10475,20200525,  135,    0
  2658, 10475,20200526,  118,    0
  2658, 10475,20200527,  100,    0
  2658, 10475,20200528,  108,    0
  2658, 10475,20200529,  127,    0
  2658, 10475,20200530,  150,    0
  2658, 10475,20200531,  146,    0
  2658, 10475,20200601,  162,    0
  2658, 10475,20200602,  157,    0
  2658, 10475,20200603,  155,    0
  2658, 10475,20200604,  110,    0
  2658, 10475,20200605,   92,    0
  2658, 10475,20200606,  107,    0
  2658, 10475,20200607,  103,    0
  2658, 10475,20200608,  115,    0
  2658, 10475,20200609,  109,    0
  2658, 10475,20200610,  112,    0
  2658, 10475,20200611,  170,    0
  2658, 10475,20200612,  178,    0
  2658, 10475,20200613,  182,    0
  2658, 10475,20200614,  174,    0
  2658, 10475,20200615,  177,    0
  2658, 10475,20200616,  199,    0
  2658, 10475,20200617,  178,    0
  2658, 10475,20200618,  187,    0
  2658, 10475,20200619,  192,    0
  2658, 10475,20200620,  178,    0
  2658, 10475,20200621,  169,    0
  2658, 10475,20200622,  161,    0
  2658, 10475,20200623,  168,    0
  2658, 10475,20200624,  190,    0
  2658, 10475,20200625,  193,    0
  2658, 10475,20200626,  203,    0
  2658, 10475,20200627,  201,    0
  2658, 10475,20200628,  154,    0
  2658, 10475,20200629,  118,    0
  2658, 10475,20200630,  129,    0
  2658, 10475,20200701,  128,    0
  2658, 10475,20200702,  114,    0
  2658, 10475,20200703,  101,    0
  2658, 10475,20200704,  113,    0
  2658, 10475,20200705,  118,    0
  2658, 10475,20200706,  114,    0
  2658, 10475,20200707,  100,    0
  2658, 10475,20200708,  122,    0
  2658, 10475,20200709,  135,    0
  2658, 10475,20200710,  108,    0
  2658, 10475,20200711,  123,    0
  2658, 10475,20200712,  132,    0
  2658, 10475,20200713,  133,    0
  2658, 10475,20200714,  125,    0
  2658, 10475,20200715,  127,    0
  2658, 10475,20200716,  151,    0
  2658, 10475,20200717,  130,    0
  2658, 10475,20200718,  145,    0
  2658, 10475,20200719,  128,    0
  2658, 10475,20200720,  123,    0
  2658, 10475,20200721,  129,    0
  2658, 10475,20200722,  130,    0
  2658, 10475,20200723,  129,    0
  2658, 10475,20200724,  144,    0
  2658, 10475,20200725,  125,    0
  2658, 10475,20200726,  143,    0
  2658, 10475,20200727,  137,    0
  2658, 10475,20200728,  124,    0
  2658, 10475,20200729,  138,    0
  2658, 10475,20200730,  148,    0
  2658, 10475,20200731,  170,    0
  2658, 10475,20200801,  168,    0
  2658, 10475,20200802,  157,    0
  2658, 10475,20200803,  133,    0
  2658, 10475,20200804,  122,    0
  2658, 10475,20200805,  139,    0
  2658, 10475,20200806,  178,    0
  2658, 10475,20200807,  178,    0
  2658, 10475,20200808,  180,    0
  2658, 10475,20200809,  174,    0
  2658, 10475,20200810,  178,    0
  2658, 10475,20200811,  188,    0
  2658, 10475,20200812,  184,    0
  2658, 10475,20200813,  180,    0
  2658, 10475,20200814,  187,    0
  2658, 10475,20200815,  188,    0
  2658, 10475,20200816,  179,    0
  2658, 10475,20200817,  190,    0
  2658, 10475,20200818,  181,    0
  2658, 10475,20200819,  176,    0
  2658, 10475,20200820,  162,    0
  2658, 10475,20200821,  159,    0
  2658, 10475,20200822,  148,    0
  2658, 10475,20200823,  138,    0
  2658, 10475,20200824,  101,    0
  2658, 10475,20200825,  101,    0
  2658, 10475,20200826,  116,    0
  2658, 10475,20200827,  119,    0
  2658, 10475,20200828,  120,    0
  2658, 10475,20200829,  122,    0
  2658, 10475,20200830,  114,    0
  2658, 10475,20200831,  109,    0
  2658, 10475,20200901,  118,    0
  2658, 10475,20200902,  108,    0
  2658, 10475,20200903,  104,    0
  2658, 10475,20200904,  120,    0
  2658, 10475,20200905,  106,    0
  2658, 10475,20200906,  115,    0
  2658, 10475,20200907,  102,    0
  2658, 10475,20200908,  133,    0
  2658, 10475,20200909,  120,    0
  2658, 10475,20200910,   90,    0
  2658, 10475,20200911,   94,    0
  2658, 10475,20200912,  110,    0
  2658, 10475,20200913,  121,    0
  2658, 10475,20200914,  147,    0
  2658, 10475,20200915,  131,    0
  2658, 10475,20200916,  123,    0
  2658, 10475,20200917,   76,    0
  2658, 10475,20200918,  101,    0
  2658, 10475,20200919,  115,    0
  2658, 10475,20200920,  113,    0
  2658, 10475,20200921,  102,    0
  2658, 10475,20200922,  117,    0
  2658, 10475,20200923,  130,    0
  2658, 10475,20200924,  105,    0
  2658, 10475,20200925,   78,    0
  2658, 10475,20200926,  105,    0
  2658, 10475,20200927,  145,    0
  2658, 10475,20200928,  127,    0
  2658, 10475,20200929,  116,    0
  2658, 10475,20200930,  120,    0
  2658, 10475,20201001,  115,    0
  2658, 10475,20201002,  122,    0
  2658, 10475,20201003,  123,    0
  2658, 10475,20201004,  118,    0
  2658, 10475,20201005,  109,    0
  2658, 10475,20201006,  107,    0
  2658, 10475,20201007,  100,    0
  2658, 10475,20201008,   82,    0
  2658, 10475,20201009,   74,    0
  2658, 10475,20201010,   60,    0
  2658, 10475,20201011,   53,    0
  2658, 10475,20201012,   51,    0
  2658, 10475,20201013,   56,    0
  2658, 10475,20201014,   30,    0
  2658, 10475,20201015,   31,    0
  2658, 10475,20201016,   39,    0
  2658, 10475,20201017,   52,    0
  2658, 10475,20201018,   43,    0
  2658, 10475,20201019,   12,    0
  2658, 10475,20201020,   17,    0
  2658, 10475,20201021,   60,    0
  2658, 10475,20201022,   88,    0
  2658, 10475,20201023,   53,    0
  2658, 10475,20201024,   67,    0
  2658, 10475,20201025,   89,    0
  2658, 10475,20201026,   66,    0
  2658, 10475,20201027,   62,    0
  2658, 10475,20201028,   68,    0
  2658, 10475,20201029,   53,    0
  2658, 10475,20201030,   65,    0
  2658, 10475,20201031,   53,    0
  2658, 10475,20201101,   77,    0
  2658, 10475,20201102,   84,    0
  2658, 10475,20201103,   54,    0
  2658, 10475,20201104,   43,    0
  2658, 10475,20201105,  105,    0
  2658, 10475,20201106,   81,    0
  2658, 10475,20201107,   49,    0
  2658, 10475,20201108,   10,    0
  2658, 10475,20201109,   15,    0
  2658, 10475,20201110,   57,    0
  2658, 10475,20201111,   57,    0
  2658, 10475,20201112,   59,    0
  2658, 10475,20201113,   61,    0
  2658, 10475,20201114,   41,    0
  2658, 10475,20201115,   92,    0
  2658, 10475,20201116,   69,    0
  2658, 10475,20201117,   83,    0
  2658, 10475,20201118,   99,    0
  2658, 10475,20201119,   27,    0
  2658, 10475,20201120,   -7,    0
  2658, 10475,20201121,   38,    0
  2658, 10475,20201122,   51,    0
  2658, 10475,20201123,   44,    0
  2658, 10475,20201124,   75,    0
  2658, 10475,20201125,   73,    0
  2658, 10475,20201126,    3,    0
  2658, 10475,20201127,  -19,    0
  2658, 10475,20201128,    6,    0
  2658, 10475,20201129,    6,    0
  2658, 10475,20201130,   16,    0
  2658, 10475,20201201,   -8,    0
  2658, 10475,20201202,   -5,    0
  2658, 10475,20201203,    4,    0
  2658, 10475,20201204,    9,    0
  2658, 10475,20201205,   13,    0
  2658, 10475,20201206,   18,    0
  2658, 10475,20201207,   37,    0
  2658, 10475,20201208,   23,    0
  2658, 10475,20201209,   21,    0
  2658, 10475,20201210,   15,    0
  2658, 10475,20201211,   10,    0
  2658, 10475,20201212,   19,    0
  2658, 10475,20201213,   17,    0
  2658, 10475,20201214,   14,    0
  2658, 10475,20201215,   16,    0
  2658, 10475,20201216,   26,    0
  2658, 10475,20201217,   38,    0
  2658, 10475,20201218,   33,    0
  2658, 10475,20201219,   54,    0
  2658, 10475,20201220,   52,    0
  2658, 10475,20201221,   33,    0
  2658, 10475,20201222,   40,    0
  2658, 10475,20201223,   30,    0
  2658, 10475,20201224,  -21,    0
  2658, 10475,20201225,  -47,    0
  2658, 10475,20201226,  -21,    0
  2658, 10475,20201227,   16,    0
  2658, 10475,20201228,    3,    0
  2658, 10475,20201229,   10,    0
  2658, 10475,20201230,   10,    0
  2658, 10475,20201231,  -12,    0
  2658, 10475,20210101,  -24,    0
  2658, 10475,20210102,  -17,    0
  2658, 10475,20210103,  -18,    0
  2658, 10475,20210104,  -45,    0
  2658, 10475,20210105,  -45,    0
  2658, 10475,20210106,  -83,    0
  2658, 10475,20210107,  -71,    0
  2658, 10475,20210108,  -79,    0
  2658, 10475,20210109,  -93,    0
  2658, 10475,20210110,  -50,    0
  2658, 10475,20210111,  -41,    0
  2658, 10475,20210112,  -30,    0
  2658, 10475,20210113,  -27,    0
  2658, 10475,20210114, -101,    0
  2658, 10475,20210115, -136,    0
  2658, 10475,20210116, -112,    0
  2658, 10475,20210117,  -50,    0
  2658, 10475,20210118,  -36,    0
  2658, 10475,20210119,  -20,    0
  2658, 10475,20210120,   -1,    0
  2658, 10475,20210121,   12,    0
  2658, 10475,20210122,   15,    0
  2658, 10475,20210123,   -2,    0
  2658, 10475,20210124,  -59,    0
  2658, 10475,20210125,  -81,    0
  2658, 10475,20210126,  -99,    0
  2658, 10475,20210127, -101,    0
  2658, 10475,20210128, -131,    0
  2658, 10475,20210129, -122,    0
  2658, 10475,20210130, -124,    0
  2658, 10475,20210131,  -58,    0
  2658, 10475,20210201,  -70,    0
  2658, 10475,20210202, -116,    0
  2658, 10475,20210203,  -71,    0
  2658, 10475,20210204, -114,    0
  2658, 10475,20210205, -131,    0
  2658, 10475,20210206,  -86,    0
  2658, 10475,20210207,  -81,    0
  2658, 10475,20210208,  -68,    0
  2658, 10475,20210209,  -77,    0
  2658, 10475,20210210, -101,    0
  2658, 10475,20210211, -134,    0
  2658, 10475,20210212, -119,    0
  2658, 10475,20210213, -106,    0
  2658, 10475,20210214,  -86,    0
  2658, 10475,20210215,  -23,    0
  2658, 10475,20210216,  -21,    0
  2658, 10475,20210217,  -21,    0
  2658, 10475,20210218,   -3,    0
  2658, 10475,20210219,   10,    0
  2658, 10475,20210220,   10,    0
  2658, 10475,20210221,   14,    0
  2658, 10475,20210222,   17,    0
  2658, 10475,20210223,   26,    0
  2658, 10475,20210224,   38,    0
  2658, 10475,20210225,   39,    0
  2658, 10475,20210226,   60,    0
  2658, 10475,20210227,   45,    0
  2658, 10475,20210228,   35,    0
  2658, 10475,20210301,   31,    0
  2658, 10475,20210302,   23,    0
  2658, 10475,20210303,    8,    0
  2658, 10475,20210304,    2,    0
  2658, 10475,20210305,  -14,    0
  2658, 10475,20210306,   34,    0
  2658, 10475,20210307,    0,    0
  2658, 10475,20210308,  -32,    0
  2658, 10475,20210309,  -32,    0
  2658, 10475,20210310,  -18,    0
  2658, 10475,20210311,   19,    0
  2658, 10475,20210312,   21,    0
  2658, 10475,20210313,   10,    0
  2658, 10475,20210314,    0,    0
  2658, 10475,20210315,   21,    0
  2658, 10475,20210316,    5,    0
  2658, 10475,20210317,   -4,    0
  2658, 10475,20210318,    8,    0
  2658, 10475,20210319,    5,    0
  2658, 10475,20210320,   45,    0
  2658, 10475,20210321,   31,    0
  2658, 10475,20210322,   51,    0
  2658, 10475,20210323,   46,    0
  2658, 10475,20210324,   44,    0
  2658, 10475,20210325,   43,    0
  2658, 10475,20210326,   32,    0
  2658, 10475,20210327,   29,    0
  2658, 10475,20210328,   19,    0
  2658, 10475,20210329,   63,    0
  2658, 10475,20210330,   91,    0
  2658, 10475,20210331,   70,    0
  2658, 10475,20210401,   39,    0
  2658, 10475,20210402,   46,    0
  2658, 10475,20210403,   30,    0
  2658, 10475,20210404,   44,    0
  2658, 10475,20210405,   -3,    0
  2658, 10475,20210406,   12,    0
  2658, 10475,20210407,   20,    0
  2658, 10475,20210408,    7,    0
  2658, 10475,20210409,   14,    0
  2658, 10475,20210410,   14,    0
  2658, 10475,20210411,    6,    0
  2658, 10475,20210412,   26,    0
  2658, 10475,20210413,   14,    0
  2658, 10475,20210414,   30,    0
  2658, 10475,20210415,   33,    0
  2658, 10475,20210416,   46,    0
  2658, 10475,20210417,   55,    0
  2658, 10475,20210418,   79,    0
  2658, 10475,20210419,   85,    0
  2658, 10475,20210420,   87,    0
  2658, 10475,20210421,   48,    0
  2658, 10475,20210422,   52,    0
  2658, 10475,20210423,   47,    0
  2658, 10475,20210424,   19,    0
  2658, 10475,20210425,   25,    0
  2658, 10475,20210426,   29,    0
  2658, 10475,20210427,   36,    0
  2658, 10475,20210428,   38,    0
  2658, 10475,20210429,   48,    0
  2658, 10475,20210430,   44,    0
  2658, 10475,20210501,   47,    0
  2658, 10475,20210502,   51,    0
  2658, 10475,20210503,   49,    0
  2658, 10475,20210504,   32,    0
  2658, 10475,20210505,   45,    0
  2658, 10475,20210506,   39,    0
  2658, 10475,20210507,   45,    0
  2658, 10475,20210508,   55,    0
  2658, 10475,20210509,   57,    0
  2658, 10475,20210510,   81,    0
  2658, 10475,20210511,  101,    0
  2658, 10475,20210512,   81,    0
  2658, 10475,20210513,  117,    0
  2658, 10475,20210514,  115,    0
  2658, 10475,20210515,  104,    0
  2658, 10475,20210516,   84,    0
  2658, 10475,20210517,   90,    0
  2658, 10475,20210518,   91,    0
  2658, 10475,20210519,  102,    0
  2658, 10475,20210520,   92,    0
  2658, 10475,20210521,   58,    0
  2658, 10475,20210522,   90,    0
  2658, 10475,20210523,   90,    0
  2658, 10475,20210524,   66,    0
  2658, 10475,20210525,  109,    0
  2658, 10475,20210526,   96,    0
  2658, 10475,20210527,  117,    0
  2658, 10475,20210528,  132,    0
  2658, 10475,20210529,  173,    0
  2658, 10475,20210530,  170,    0
  2658, 10475,20210531,  189,    0
  2658, 10475,20210601,  178,    0
  2658, 10475,20210602,  141,    0
  2658, 10475,20210603,  130,    0
  2658, 10475,20210604,  154,    0
  2658, 10475,20210605,  159,    0
  2658, 10475,20210606,  166,    0
  2658, 10475,20210607,  160,    0
  2658, 10475,20210608,  161,    0
  2658, 10475,20210609,  153,    0
  2658, 10475,20210610,  161,    0
  2658, 10475,20210611,  146,    0
  2658, 10475,20210612,  118,    0
  2658, 10475,20210613,  137,    0
  2658, 10475,20210614,  132,    0
  2658, 10475,20210615,  116,    0
  2658, 10475,20210616,  120,    0
  2658, 10475,20210617,  155,    0
  2658, 10475,20210618,  167,    0
  2658, 10475,20210619,  138,    0
  2658, 10475,20210620,  127,    0
  2658, 10475,20210621,  163,    0
  2658, 10475,20210622,  163,    0
  2658, 10475,20210623,  174,    0
  2658, 10475,20210624,  172,    0
  2658, 10475,20210625,  180,    0
  2658, 10475,20210626,  178,    0
  2658, 10475,20210627,  193,    0
  2658, 10475,20210628,  182,    0
  2658, 10475,20210629,  182,    0
  2658, 10475,20210630,  176,    0
  2658, 10475,20210701,  156,    0
  2658, 10475,20210702,  177,    0
  2658, 10475,20210703,  170,    0
  2658, 10475,20210704,  179,    0
  2658, 10475,20210705,  176,    0
  2658, 10475,20210706,  146,    0
  2658, 10475,20210707,  139,    0
  2658, 10475,20210708,  147,    0
  2658, 10475,20210709,  165,    0
  2658, 10475,20210710,  157,    0
  2658, 10475,20210711,  150,    0
  2658, 10475,20210712,  167,    0
  2658, 10475,20210713,  191,    0
  2658, 10475,20210714,  211,    0
  2658, 10475,20210715,  214,    0
  2658, 10475,20210716,  208,    0
  2658, 10475,20210717,  190,    0
  2658, 10475,20210718,  150,    0
  2658, 10475,20210719,  162,    0
  2658, 10475,20210720,  166,    0
  2658, 10475,20210721,  177,    0
  2658, 10475,20210722,  196,    0
  2658, 10475,20210723,  196,    0
  2658, 10475,20210724,  186,    0
  2658, 10475,20210725,  188,    0
  2658, 10475,20210726,  187,    0
  2658, 10475,20210727,  176,    0
  2658, 10475,20210728,  158,    0
  2658, 10475,20210729,  152,    0
  2658, 10475,20210730,  180,    0
  2658, 10475,20210731,  162,    0
  2658, 10475,20210801,  136,    0
  2658, 10475,20210802,  137,    0
  2658, 10475,20210803,  138,    0
  2658, 10475,20210804,  145,    0
  2658, 10475,20210805,  132,    0
  2658, 10475,20210806,  160,    0
  2658, 10475,20210807,  142,    0
  2658, 10475,20210808,  146,    0
  2658, 10475,20210809,  146,    0
  2658, 10475,20210810,  141,    0
  2658, 10475,20210811,  154,    0
  2658, 10475,20210812,  147,    0
  2658, 10475,20210813,  138,    0
  2658, 10475,20210814,  122,    0
  2658, 10475,20210815,  116,    0
  2658, 10475,20210816,  123,    0
  2658, 10475,20210817,  149,    0
  2658, 10475,20210818,  139,    0
  2658, 10475,20210819,  140,    0
  2658, 10475,20210820,  125,    0
  2658, 10475,20210821,  130,    0
  2658, 10475,20210822,  140,    0
  2658, 10475,20210823,  144,    0
  2658, 10475,20210824,  166,    0
  2658, 10475,20210825,  179,    0
  2658, 10475,20210826,  147,    0
  2658, 10475,20210827,  139,    0
  2658, 10475,20210828,  139,    0
  2658, 10475,20210829,  170,    0
  2658, 10475,20210830,  178,    0
  2658, 10475,20210831,  162,    0
  2658, 10475,20210901,  163,    0
  2658, 10475,20210902,  156,    0
  2658, 10475,20210903,  140,    0
  2658, 10475,20210904,  111,    0
  2658, 10475,20210905,  121,    0
  2658, 10475,20210906,  113,    0
  2658, 10475,20210907,  141,    0
  2658, 10475,20210908,  170,    0
  2658, 10475,20210909,  154,    0
  2658, 10475,20210910,  157,    0
  2658, 10475,20210911,  154,    0
  2658, 10475,20210912,  162,    0
  2658, 10475,20210913,  125,    0
  2658, 10475,20210914,  107,    0
  2658, 10475,20210915,  113,    0
  2658, 10475,20210916,  108,    0
  2658, 10475,20210917,  104,    0
  2658, 10475,20210918,   92,    0
  2658, 10475,20210919,   89,    0
  2658, 10475,20210920,   86,    0
  2658, 10475,20210921,  103,    0
  2658, 10475,20210922,  127,    0
  2658, 10475,20210923,  101,    0
  2658, 10475,20210924,  107,    0
  2658, 10475,20210925,  108,    0
  2658, 10475,20210926,  106,    0
  2658, 10475,20210927,  129,    0
  2658, 10475,20210928,   96,    0
  2658, 10475,20210929,  111,    0
  2658, 10475,20210930,  107,    0
  2658, 10475,20211001,  105,    0
  2658, 10475,20211002,   92,    0
  2658, 10475,20211003,  112,    0
  2658, 10475,20211004,  105,    0
  2658, 10475,20211005,  107,    0
  2658, 10475,20211006,   94,    0
  2658, 10475,20211007,   71,    0
  2658, 10475,20211008,  118,    0
  2658, 10475,20211009,  112,    0
  2658, 10475,20211010,   97,    0
  2658, 10475,20211011,   76,    0
  2658, 10475,20211012,   59,    0
  2658, 10475,20211013,   41,    0
  2658, 10475,20211014,  100,    0
  2658, 10475,20211015,   72,    0
  2658, 10475,20211016,   67,    0
  2658, 10475,20211017,   20,    0
  2658, 10475,20211018,   33,    0
  2658, 10475,20211019,   46,    0
  2658, 10475,20211020,   96,    0
  2658, 10475,20211021,   51,    0
  2658, 10475,20211022,   45,    0
  2658, 10475,20211023,   47,    0
  2658, 10475,20211024,   70,    0
  2658, 10475,20211025,   87,    0
  2658, 10475,20211026,   66,    0
  2658, 10475,20211027,  107,    0
  2658, 10475,20211028,  108,    0
  2658, 10475,20211029,  103,    0
  2658, 10475,20211030,   92,    0
  2658, 10475,20211031,   86,    0
  2658, 10475,20211101,   86,    0
  2658, 10475,20211102,   70,    0
  2658, 10475,20211103,   24,    0
  2658, 10475,20211104,   -3,    0
  2658, 10475,20211105,   33,    0
  2658, 10475,20211106,   79,    0
  2658, 10475,20211107,   58,    0
  2658, 10475,20211108,   31,    0
  2658, 10475,20211109,   73,    0
  2658, 10475,20211110,   55,    0
  2658, 10475,20211111,   42,    0
  2658, 10475,20211112,   21,    0
  2658, 10475,20211113,   54,    0
  2658, 10475,20211114,   35,    0
  2658, 10475,20211115,   39,    0
  2658, 10475,20211116,   60,    0
  2658, 10475,20211117,   52,    0
  2658, 10475,20211118,   69,    0
  2658, 10475,20211119,  103,    0
  2658, 10475,20211120,   39,    0
  2658, 10475,20211121,   -1,    0
  2658, 10475,20211122,   13,    0
  2658, 10475,20211123,   70,    0
  2658, 10475,20211124,   64,    0
  2658, 10475,20211125,   13,    0
  2658, 10475,20211126,  -11,    0
  2658, 10475,20211127,   -6,    0
  2658, 10475,20211128,  -21,    0
  2658, 10475,20211129,  -58,    0
  2658, 10475,20211130,  -50,    0
  2658, 10475,20211201,  -51,    0
  2658, 10475,20211202,  -62,    0
  2658, 10475,20211203,  -62,    0
  2658, 10475,20211204,  -38,    0
  2658, 10475,20211205,  -52,    0
  2658, 10475,20211206,  -60,    0
  2658, 10475,20211207,  -31,    0
  2658, 10475,20211208,  -15,    0
  2658, 10475,20211209,   -1,    0
  2658, 10475,20211210,   -8,    0
  2658, 10475,20211211,  -33,    0
  2658, 10475,20211212,  -11,    0
  2658, 10475,20211213,    2,    0
  2658, 10475,20211214,    5,    0
  2658, 10475,20211215,   66,    0
  2658, 10475,20211216,   49,    0
  2658, 10475,20211217,   62,    0
  2658, 10475,20211218,   76,    0
  2658, 10475,20211219,   23,    0
  2658, 10475,20211220,  -55,    0
  2658, 10475,20211221,  -50,    0
  2658, 10475,20211222,  -29,    0
  2658, 10475,20211223,  -44,    0
  2658, 10475,20211224,  -94,    0
  2658, 10475,20211225,  -80,    0
  2658, 10475,20211226, -100,    0
  2658, 10475,20211227,  -54,    0
  2658, 10475,20211228,  -31,    0
  2658, 10475,20211229,  -35,    0
  2658, 10475,20211230,   43,    0
  2658, 10475,20211231,   49,    0
  2658, 10475,20220101,   -1,    0
  2658, 10475,20220102,   13,    0
  2658, 10475,20220103,   29,    0
  2658, 10475,20220104,   -4,    0
  2658, 10475,20220105,  -38,    0
  2658, 10475,20220106,  -88,    0
  2658, 10475,20220107,  -26,    0
  2658, 10475,20220108,  -16,    0
  2658, 10475,20220109,   -5,    0
  2658, 10475,20220110,    2,    0
  2658, 10475,20220111,   -4,    0
  2658, 10475,20220112,   40,    0
  2658, 10475,20220113,   79,    0
  2658, 10475,20220114,   28,    0
  2658, 10475,20220115,   10,    0
  2658, 10475,20220116,   41,    0
  2658, 10475,20220117,   14,    0
  2658, 10475,20220118,   37,    0
  2658, 10475,20220119,   29,    0
  2658, 10475,20220120,  -17,    0
  2658, 10475,20220121,   30,    0
  2658, 10475,20220122,   32,    0
  2658, 10475,20220123,   42,    0
  2658, 10475,20220124,   55,    0
  2658, 10475,20220125,   35,    0
  2658, 10475,20220126,   46,    0
  2658, 10475,20220127,   47,    0
  2658, 10475,20220128,   11,    0
  2658, 10475,20220129,   51,    0
  2658, 10475,20220130,   13,    0
  2658, 10475,20220131,  -11,    0
  2658, 10475,20220201,   -7,    0
  2658, 10475,20220202,   -1,    0
  2658, 10475,20220203,   -6,    0
  2658, 10475,20220204,   12,    0
  2658, 10475,20220205,   13,    0
  2658, 10475,20220206,    1,    0
  2658, 10475,20220207,   23,    0
  2658, 10475,20220208,   38,    0
  2658, 10475,20220209,   29,    0
  2658, 10475,20220210,    2,    0
  2658, 10475,20220211,  -15,    0
  2658, 10475,20220212,   16,    0
  2658, 10475,20220213,   34,    0
  2658, 10475,20220214,    8,    0
  2658, 10475,20220215,   13,    0
  2658, 10475,20220216,   10,    0
  2658, 10475,20220217,    4,    0
  2658, 10475,20220218,   13,    0
  2658, 10475,20220219,  -11,    0
  2658, 10475,20220220,  -32,    0
  2658, 10475,20220221,   21,    0
  2658, 10475,20220222,  -30,    0
  2658, 10475,20220223,   29,    0
  2658, 10475,20220224,    6,    0
  2658, 10475,20220225,   12,    0
  2658, 10475,20220226,  -21,    0
  2658, 10475,20220227,   20,    0
  2658, 10475,20220228,   15,    0
  2658, 10475,20220301,    9,    0
  2658, 10475,20220302,   -5,    0
  2658, 10475,20220303,   -5,    0
  2658, 10475,20220304,  -22,    0
  2658, 10475,20220305,   -3,    0
  2658, 10475,20220306,  -11,    0
  2658, 10475,20220307,    2,    0
  2658, 10475,20220308,   -9,    0
  2658, 10475,20220309,  -15,    0
  2658, 10475,20220310,   11,    0
  2658, 10475,20220311,   20,    0
  2658, 10475,20220312,   13,    0
  2658, 10475,20220313,   29,    0
  2658, 10475,20220314,   24,    0
  2658, 10475,20220315,   20,    0
  2658, 10475,20220316,   21,    0
  2658, 10475,20220317,   20,    0
  2658, 10475,20220318,   32,    0
  2658, 10475,20220319,   23,    0
  2658, 10475,20220320,   21,    0
  2658, 10475,20220321,   22,    0
  2658, 10475,20220322,   20,    0
  2658, 10475,20220323,   27,    0
  2658, 10475,20220324,   38,    0
  2658, 10475,20220325,   64,    0
  2658, 10475,20220326,   73,    0
  2658, 10475,20220327,   65,    0
  2658, 10475,20220328,   58,    0
  2658, 10475,20220329,   10,    0
  2658, 10475,20220330,   -9,    0
  2658, 10475,20220331,  -10,    0
  2658, 10475,20220401,   -9,    0
  2658, 10475,20220402,    1,    0
  2658, 10475,20220403,   27,    0
  2658, 10475,20220404,   28,    0
  2658, 10475,20220405,   13,    0
  2658, 10475,20220406,  -11,    0
  2658, 10475,20220407,    8,    0
  2658, 10475,20220408,    6,    0
  2658, 10475,20220409,   25,    0
  2658, 10475,20220410,   29,    0
  2658, 10475,20220411,   26,    0
  2658, 10475,20220412,   33,    0
  2658, 10475,20220413,   30,    0
  2658, 10475,20220414,   55,    0
  2658, 10475,20220415,   56,    0
  2658, 10475,20220416,   38,    0
  2658, 10475,20220417,   55,    0
  2658, 10475,20220418,   56,    0
  2658, 10475,20220419,   74,    0
  2658, 10475,20220420,   97,    0
  2658, 10475,20220421,  100,    0
  2658, 10475,20220422,  104,    0
  2658, 10475,20220423,   95,    0
  2658, 10475,20220424,   70,    0
  2658, 10475,20220425,   71,    0
  2658, 10475,20220426,   70,    0
  2658, 10475,20220427,   73,    0
  2658, 10475,20220428,   71,    0
  2658, 10475,20220429,   69,    0
  2658, 10475,20220430,   69,    0
  2658, 10475,20220501,   88,    0
  2658, 10475,20220502,   53,    0
  2658, 10475,20220503,   64,    0
  2658, 10475,20220504,   55,    0
  2658, 10475,20220505,   84,    0
  2658, 10475,20220506,   96,    0
  2658, 10475,20220507,   83,    0
  2658, 10475,20220508,   80,    0
  2658, 10475,20220509,   80,    0
  2658, 10475,20220510,   83,    0
  2658, 10475,20220511,   84,    0
  2658, 10475,20220512,   80,    0
  2658, 10475,20220513,   79,    0
  2658, 10475,20220514,   90,    0
  2658, 10475,20220515,  118,    0
  2658, 10475,20220516,  110,    0
  2658, 10475,20220517,  107,    0
  2658, 10475,20220518,   87,    0
  2658, 10475,20220519,   96,    0
  2658, 10475,20220520,  125,    0
  2658, 10475,20220521,  119,    0
  2658, 10475,20220522,  125,    0
  2658, 10475,20220523,  115,    0
  2658, 10475,20220524,  107,    0
  2658, 10475,20220525,   93,    0
  2658, 10475,20220526,   94,    0
  2658, 10475,20220527,   86,    0
  2658, 10475,20220528,  123,    0
  2658, 10475,20220529,  101,    0
  2658, 10475,20220530,  100,    0
  2658, 10475,20220531,  103,    0
  2658, 10475,20220601,  110,    0
  2658, 10475,20220602,  120,    0
  2658, 10475,20220603,  139,    0
  2658, 10475,20220604,  149,    0
  2658, 10475,20220605,  140,    0
  2658, 10475,20220606,  149,    0
  2658, 10475,20220607,  127,    0
  2658, 10475,20220608,  128,    0
  2658, 10475,20220609,  116,    0
  2658, 10475,20220610,  128,    0
  2658, 10475,20220611,  125,    0
  2658, 10475,20220612,  117,    0
  2658, 10475,20220613,  117,    0
  2658, 10475,20220614,  135,    0
  2658, 10475,20220615,  151,    0
  2658, 10475,20220616,  164,    0
  2658, 10475,20220617,  126,    0
  2658, 10475,20220618,  119,    0
  2658, 10475,20220619,   93,    0
  2658, 10475,20220620,  142,    0
  2658, 10475,20220621,  131,    0
  2658, 10475,20220622,  155,    0
  2658, 10475,20220623,  153,    0
  2658, 10475,20220624,  184,    0
  2658, 10475,20220625,  187,    0
  2658, 10475,20220626,  174,    0
  2658, 10475,20220627,  132,    0
  2658, 10475,20220628,  142,    0
  2658, 10475,20220629,  146,    0
  2658, 10475,20220630,  170,    0
  2658, 10475,20220701,  168,    0
  2658, 10475,20220702,  144,    0
  2658, 10475,20220703,  137,    0
  2658, 10475,20220704,  113,    0
  2658, 10475,20220705,  127,    0
  2658, 10475,20220706,  123,    0
  2658, 10475,20220707,  162,    0
  2658, 10475,20220708,  148,    0
  2658, 10475,20220709,  130,    0
  2658, 10475,20220710,  159,    0
  2658, 10475,20220711,  191,    0
  2658, 10475,20220712,  169,    0
  2658, 10475,20220713,  149,    0
  2658, 10475,20220714,  125,    0
  2658, 10475,20220715,  126,    0
  2658, 10475,20220716,  146,    0
  2658, 10475,20220717,  151,    0
  2658, 10475,20220718,  183,    0
  2658, 10475,20220719,  187,    0
  2658, 10475,20220720,  217,    0
  2658, 10475,20220721,  219,    0
  2658, 10475,20220722,  200,    0
  2658, 10475,20220723,  151,    0
  2658, 10475,20220724,  125,    0
  2658, 10475,20220725,  154,    0
  2658, 10475,20220726,  133,    0
  2658, 10475,20220727,  150,    0
  2658, 10475,20220728,  147,    0
  2658, 10475,20220729,  133,    0
  2658, 10475,20220730,  146,    0
  2658, 10475,20220731,  136,    0
  2658, 10475,20220801,  132,    0
  2658, 10475,20220802,  115,    0
  2658, 10475,20220803,  165,    0
  2658, 10475,20220804,  152,    0
  2658, 10475,20220805,  121,    0
  2658, 10475,20220806,  121,    0
  2658, 10475,20220807,  119,    0
  2658, 10475,20220808,  154,    0
  2658, 10475,20220809,  164,    0
  2658, 10475,20220810,  177,    0
  2658, 10475,20220811,  166,    0
  2658, 10475,20220812,  164,    0
  2658, 10475,20220813,  180,    0
  2658, 10475,20220814,  189,    0
  2658, 10475,20220815,  197,    0
  2658, 10475,20220816,  175,    0
  2658, 10475,20220817,  166,    0
  2658, 10475,20220818,  134,    0
  2658, 10475,20220819,  128,    0
  2658, 10475,20220820,  142,    0
  2658, 10475,20220821,  130,    0
  2658, 10475,20220822,  122,    0
  2658, 10475,20220823,  131,    0
  2658, 10475,20220824,  156,    0
  2658, 10475,20220825,  169,    0
  2658, 10475,20220826,  157,    0
  2658, 10475,20220827,  164,    0
  2658, 10475,20220828,  161,    0
  2658, 10475,20220829,  152,    0
  2658, 10475,20220830,  152,    0
  2658, 10475,20220831,  138,    0
  2658, 10475,20220901,  135,    0
  2658, 10475,20220902,  132,    0
  2658, 10475,20220903,  138,    0
  2658, 10475,20220904,  132,    0
  2658, 10475,20220905,  137,    0
  2658, 10475,20220906,  122,    0
  2658, 10475,20220907,  113,    0
  2658, 10475,20220908,  129,    0
  2658, 10475,20220909,  123,    0
  2658, 10475,20220910,  131,    0
  2658, 10475,20220911,  129,    0
  2658, 10475,20220912,  121,    0
  2658, 10475,20220913,  129,    0
  2658, 10475,20220914,  121,    0
  2658, 10475,20220915,  111,    0
  2658, 10475,20220916,  108,    0
  2658, 10475,20220917,  116,    0
  2658, 10475,20220918,  101,    0
  2658, 10475,20220919,   89,    0
  2658, 10475,20220920,   68,    0
  2658, 10475,20220921,   76,    0
  2658, 10475,20220922,   97,    0
  2658, 10475,20220923,  106,    0
  2658, 10475,20220924,   81,    0
  2658, 10475,20220925,   69,    0
  2658, 10475,20220926,   96,    0
  2658, 10475,20220927,   88,    0
  2658, 10475,20220928,  110,    0
  2658, 10475,20220929,   84,    0
  2658, 10475,20220930,   59,    0
  2658, 10475,20221001,   97,    0
  2658, 10475,20221002,   82,    0
  2658, 10475,20221003,   90,    0
  2658, 10475,20221004,   86,    0
  2658, 10475,20221005,  115,    0
  2658, 10475,20221006,   98,    0
  2658, 10475,20221007,  100,    0
  2658, 10475,20221008,   60,    0
  2658, 10475,20221009,   79,    0
  2658, 10475,20221010,   88,    0
  2658, 10475,20221011,   66,    0
  2658, 10475,20221012,   70,    0
  2658, 10475,20221013,   75,    0
  2658, 10475,20221014,   46,    0
  2658, 10475,20221015,   66,    0
  2658, 10475,20221016,   74,    0
  2658, 10475,20221017,   58,    0
  2658, 10475,20221018,   76,    0
  2658, 10475,20221019,   32,    0
  2658, 10475,20221020,   33,    0
  2658, 10475,20221021,   58,    0
  2658, 10475,20221022,   64,    0
  2658, 10475,20221023,   82,    0
  2658, 10475,20221024,   83,    0
  2658, 10475,20221025,   93,    0
  2658, 10475,20221026,   83,    0
  2658, 10475,20221027,  104,    0
  2658, 10475,20221028,  109,    0
  2658, 10475,20221029,   95,    0
  2658, 10475,20221030,   67,    0
  2658, 10475,20221031,   97,    0
