EUROPEAN CLIMATE ASSESSMENT & DATASET (ECA&D), file created on: 16-11-2022
THESE DATA CAN BE USED FOR NON-COMMERCIAL RESEARCH AND EDUCATION PROVIDED THAT THE FOLLOWING SOURCE IS ACKNOWLEDGED: 

Klein Tank, A.M.G. and Coauthors, 2002. Daily dataset of 20th-century surface
air temperature and precipitation series for the European Climate Assessment.
Int. J. of Climatol., 22, 1441-1453.
Data and metadata available at http://www.ecad.eu

FILE FORMAT (MISSING VALUE CODE = -9999):

01-06 STAID: Station identifier
08-13 SOUID: Source identifier
15-22 DATE : Date YYYYMMDD
24-28 TG   : Mean temperature in 0.1 &#176;C
30-34 Q_TG : quality code for TG (0='valid'; 1='suspect'; 9='missing')

This is the blended series of station HANSBU, NORWAY (STAID: 18270)
Blended and updated with sources:99573 
See files sources.txt and stations.txt for more info.

STAID, SOUID,    DATE,   TG, Q_TG
 18270, 99573,20151001,-9999,    9
 18270, 99573,20151002,-9999,    9
 18270, 99573,20151003,-9999,    9
 18270, 99573,20151004,-9999,    9
 18270, 99573,20151005,-9999,    9
 18270, 99573,20151006,-9999,    9
 18270, 99573,20151007,-9999,    9
 18270, 99573,20151008,-9999,    9
 18270, 99573,20151009,-9999,    9
 18270, 99573,20151010,-9999,    9
 18270, 99573,20151011,-9999,    9
 18270, 99573,20151012,-9999,    9
 18270, 99573,20151013,-9999,    9
 18270, 99573,20151014,-9999,    9
 18270, 99573,20151015,-9999,    9
 18270, 99573,20151016,-9999,    9
 18270, 99573,20151017,-9999,    9
 18270, 99573,20151018,-9999,    9
 18270, 99573,20151019,-9999,    9
 18270, 99573,20151020,-9999,    9
 18270, 99573,20151021,-9999,    9
 18270, 99573,20151022,-9999,    9
 18270, 99573,20151023,-9999,    9
 18270, 99573,20151024,-9999,    9
 18270, 99573,20151025,-9999,    9
 18270, 99573,20151026,-9999,    9
 18270, 99573,20151027,-9999,    9
 18270, 99573,20151028,-9999,    9
 18270, 99573,20151029,-9999,    9
 18270, 99573,20151030,-9999,    9
 18270, 99573,20151031,   34,    1
 18270, 99573,20151101,   37,    0
 18270, 99573,20151102,   52,    0
 18270, 99573,20151103,   48,    0
 18270, 99573,20151104,   27,    0
 18270, 99573,20151105,   25,    0
 18270, 99573,20151106,   35,    0
 18270, 99573,20151107,   23,    0
 18270, 99573,20151108,    3,    0
 18270, 99573,20151109,    1,    0
 18270, 99573,20151110,    9,    0
 18270, 99573,20151111,    9,    0
 18270, 99573,20151112,    2,    0
 18270, 99573,20151113,  -12,    0
 18270, 99573,20151114,  -16,    0
 18270, 99573,20151115,  -26,    0
 18270, 99573,20151116,  -22,    0
 18270, 99573,20151117,  -17,    0
 18270, 99573,20151118,  -18,    0
 18270, 99573,20151119,  -66,    0
 18270, 99573,20151120, -158,    0
 18270, 99573,20151121, -164,    0
 18270, 99573,20151122, -192,    0
 18270, 99573,20151123,  -58,    0
 18270, 99573,20151124,  -18,    0
 18270, 99573,20151125,  -38,    0
 18270, 99573,20151126,  -28,    0
 18270, 99573,20151127,   27,    0
 18270, 99573,20151128,  -38,    0
 18270, 99573,20151129,  -45,    0
 18270, 99573,20151130,  -48,    0
 18270, 99573,20151201,  -61,    0
 18270, 99573,20151202,  -12,    0
 18270, 99573,20151203,  -34,    0
 18270, 99573,20151204,  -23,    0
 18270, 99573,20151205,   12,    0
 18270, 99573,20151206,   -9,    0
 18270, 99573,20151207,  -48,    0
 18270, 99573,20151208,    5,    0
 18270, 99573,20151209,   -8,    0
 18270, 99573,20151210,  -16,    0
 18270, 99573,20151211,  -49,    0
 18270, 99573,20151212,  -49,    0
 18270, 99573,20151213, -118,    0
 18270, 99573,20151214, -141,    0
 18270, 99573,20151215, -157,    0
 18270, 99573,20151216,  -90,    0
 18270, 99573,20151217,   15,    0
 18270, 99573,20151218,   26,    0
 18270, 99573,20151219,   35,    0
 18270, 99573,20151220,   23,    0
 18270, 99573,20151221,   -1,    0
 18270, 99573,20151222,  -14,    0
 18270, 99573,20151223,  -18,    0
 18270, 99573,20151224,   -2,    1
 18270, 99573,20151225,  -45,    0
 18270, 99573,20151226, -131,    0
 18270, 99573,20151227, -113,    0
 18270, 99573,20151228, -118,    0
 18270, 99573,20151229,  -56,    0
 18270, 99573,20151230,  -16,    0
 18270, 99573,20151231,  -26,    0
 18270, 99573,20160101,  -37,    0
 18270, 99573,20160102,  -73,    0
 18270, 99573,20160103, -142,    0
 18270, 99573,20160104, -176,    0
 18270, 99573,20160105, -133,    0
 18270, 99573,20160106, -195,    0
 18270, 99573,20160107, -227,    0
 18270, 99573,20160108, -179,    0
 18270, 99573,20160109, -145,    0
 18270, 99573,20160110, -115,    0
 18270, 99573,20160111,  -88,    0
 18270, 99573,20160112, -104,    0
 18270, 99573,20160113, -103,    0
 18270, 99573,20160114, -130,    0
 18270, 99573,20160115, -113,    0
 18270, 99573,20160116, -156,    0
 18270, 99573,20160117, -140,    0
 18270, 99573,20160118,  -97,    0
 18270, 99573,20160119, -183,    0
 18270, 99573,20160120, -201,    0
 18270, 99573,20160121, -213,    0
 18270, 99573,20160122, -101,    0
 18270, 99573,20160123,  -47,    0
 18270, 99573,20160124,  -24,    0
 18270, 99573,20160125,   31,    0
 18270, 99573,20160126,  -14,    0
 18270, 99573,20160127,   -7,    0
 18270, 99573,20160128,  -37,    0
 18270, 99573,20160129,  -17,    0
 18270, 99573,20160130,  -55,    0
 18270, 99573,20160131,  -67,    0
 18270, 99573,20160201,  -56,    0
 18270, 99573,20160202,  -26,    0
 18270, 99573,20160203,  -60,    0
 18270, 99573,20160204,  -74,    0
 18270, 99573,20160205,  -57,    0
 18270, 99573,20160206,  -27,    0
 18270, 99573,20160207,  -13,    0
 18270, 99573,20160208,  -26,    0
 18270, 99573,20160209,  -38,    0
 18270, 99573,20160210, -116,    0
 18270, 99573,20160211, -102,    0
 18270, 99573,20160212, -178,    0
 18270, 99573,20160213, -174,    0
 18270, 99573,20160214, -222,    0
 18270, 99573,20160215, -185,    0
 18270, 99573,20160216, -143,    0
 18270, 99573,20160217,  -59,    0
 18270, 99573,20160218,  -86,    0
 18270, 99573,20160219,  -71,    0
 18270, 99573,20160220,  -47,    0
 18270, 99573,20160221,  -56,    0
 18270, 99573,20160222,  -53,    0
 18270, 99573,20160223,  -50,    0
 18270, 99573,20160224,  -70,    0
 18270, 99573,20160225,  -88,    0
 18270, 99573,20160226,  -71,    0
 18270, 99573,20160227,  -58,    0
 18270, 99573,20160228,  -88,    0
 18270, 99573,20160229, -155,    0
 18270, 99573,20160301,  -82,    0
 18270, 99573,20160302,  -75,    0
 18270, 99573,20160303,  -65,    0
 18270, 99573,20160304,  -53,    0
 18270, 99573,20160305,  -80,    0
 18270, 99573,20160306,  -66,    0
 18270, 99573,20160307,  -91,    0
 18270, 99573,20160308, -151,    0
 18270, 99573,20160309,  -69,    0
 18270, 99573,20160310,  -86,    0
 18270, 99573,20160311, -135,    0
 18270, 99573,20160312,  -88,    0
 18270, 99573,20160313,   10,    0
 18270, 99573,20160314,   34,    0
 18270, 99573,20160315,   10,    0
 18270, 99573,20160316,   25,    0
 18270, 99573,20160317,   15,    0
 18270, 99573,20160318,  -22,    0
 18270, 99573,20160319,  -20,    0
 18270, 99573,20160320,  -34,    0
 18270, 99573,20160321,  -21,    0
 18270, 99573,20160322,  -24,    0
 18270, 99573,20160323,  -71,    0
 18270, 99573,20160324,  -60,    0
 18270, 99573,20160325,  -24,    0
 18270, 99573,20160326,  -18,    0
 18270, 99573,20160327,   -7,    0
 18270, 99573,20160328,  -10,    0
 18270, 99573,20160329,  -24,    0
 18270, 99573,20160330,  -71,    0
 18270, 99573,20160331,  -62,    0
 18270, 99573,20160401,-9999,    9
 18270, 99573,20160402,-9999,    9
 18270, 99573,20160403,-9999,    9
 18270, 99573,20160404,-9999,    9
 18270, 99573,20160405,-9999,    9
 18270, 99573,20160406,-9999,    9
 18270, 99573,20160407,-9999,    9
 18270, 99573,20160408,-9999,    9
 18270, 99573,20160409,-9999,    9
 18270, 99573,20160410,-9999,    9
 18270, 99573,20160411,-9999,    9
 18270, 99573,20160412,-9999,    9
 18270, 99573,20160413,-9999,    9
 18270, 99573,20160414,-9999,    9
 18270, 99573,20160415,-9999,    9
 18270, 99573,20160416,-9999,    9
 18270, 99573,20160417,-9999,    9
 18270, 99573,20160418,-9999,    9
 18270, 99573,20160419,-9999,    9
 18270, 99573,20160420,-9999,    9
 18270, 99573,20160421,-9999,    9
 18270, 99573,20160422,-9999,    9
 18270, 99573,20160423,-9999,    9
 18270, 99573,20160424,-9999,    9
 18270, 99573,20160425,-9999,    9
 18270, 99573,20160426,-9999,    9
 18270, 99573,20160427,-9999,    9
 18270, 99573,20160428,-9999,    9
 18270, 99573,20160429,-9999,    9
 18270, 99573,20160430,-9999,    9
 18270, 99573,20160501,-9999,    9
 18270, 99573,20160502,-9999,    9
 18270, 99573,20160503,-9999,    9
 18270, 99573,20160504,-9999,    9
 18270, 99573,20160505,-9999,    9
 18270, 99573,20160506,-9999,    9
 18270, 99573,20160507,-9999,    9
 18270, 99573,20160508,-9999,    9
 18270, 99573,20160509,-9999,    9
 18270, 99573,20160510,-9999,    9
 18270, 99573,20160511,-9999,    9
 18270, 99573,20160512,-9999,    9
 18270, 99573,20160513,-9999,    9
 18270, 99573,20160514,-9999,    9
 18270, 99573,20160515,-9999,    9
 18270, 99573,20160516,-9999,    9
 18270, 99573,20160517,-9999,    9
 18270, 99573,20160518,-9999,    9
 18270, 99573,20160519,-9999,    9
 18270, 99573,20160520,-9999,    9
 18270, 99573,20160521,-9999,    9
 18270, 99573,20160522,-9999,    9
 18270, 99573,20160523,-9999,    9
 18270, 99573,20160524,-9999,    9
 18270, 99573,20160525,-9999,    9
 18270, 99573,20160526,-9999,    9
 18270, 99573,20160527,-9999,    9
 18270, 99573,20160528,-9999,    9
 18270, 99573,20160529,-9999,    9
 18270, 99573,20160530,-9999,    9
 18270, 99573,20160531,-9999,    9
 18270, 99573,20160601,-9999,    9
 18270, 99573,20160602,-9999,    9
 18270, 99573,20160603,-9999,    9
 18270, 99573,20160604,-9999,    9
 18270, 99573,20160605,-9999,    9
 18270, 99573,20160606,-9999,    9
 18270, 99573,20160607,-9999,    9
 18270, 99573,20160608,-9999,    9
 18270, 99573,20160609,-9999,    9
 18270, 99573,20160610,-9999,    9
 18270, 99573,20160611,-9999,    9
 18270, 99573,20160612,-9999,    9
 18270, 99573,20160613,-9999,    9
 18270, 99573,20160614,-9999,    9
 18270, 99573,20160615,-9999,    9
 18270, 99573,20160616,-9999,    9
 18270, 99573,20160617,-9999,    9
 18270, 99573,20160618,-9999,    9
 18270, 99573,20160619,-9999,    9
 18270, 99573,20160620,-9999,    9
 18270, 99573,20160621,-9999,    9
 18270, 99573,20160622,-9999,    9
 18270, 99573,20160623,-9999,    9
 18270, 99573,20160624,-9999,    9
 18270, 99573,20160625,-9999,    9
 18270, 99573,20160626,-9999,    9
 18270, 99573,20160627,-9999,    9
 18270, 99573,20160628,-9999,    9
 18270, 99573,20160629,-9999,    9
 18270, 99573,20160630,-9999,    9
 18270, 99573,20160701,-9999,    9
 18270, 99573,20160702,-9999,    9
 18270, 99573,20160703,-9999,    9
 18270, 99573,20160704,-9999,    9
 18270, 99573,20160705,-9999,    9
 18270, 99573,20160706,-9999,    9
 18270, 99573,20160707,-9999,    9
 18270, 99573,20160708,-9999,    9
 18270, 99573,20160709,-9999,    9
 18270, 99573,20160710,-9999,    9
 18270, 99573,20160711,-9999,    9
 18270, 99573,20160712,-9999,    9
 18270, 99573,20160713,-9999,    9
 18270, 99573,20160714,-9999,    9
 18270, 99573,20160715,-9999,    9
 18270, 99573,20160716,-9999,    9
 18270, 99573,20160717,-9999,    9
 18270, 99573,20160718,-9999,    9
 18270, 99573,20160719,-9999,    9
 18270, 99573,20160720,-9999,    9
 18270, 99573,20160721,-9999,    9
 18270, 99573,20160722,-9999,    9
 18270, 99573,20160723,-9999,    9
 18270, 99573,20160724,-9999,    9
 18270, 99573,20160725,-9999,    9
 18270, 99573,20160726,-9999,    9
 18270, 99573,20160727,-9999,    9
 18270, 99573,20160728,-9999,    9
 18270, 99573,20160729,-9999,    9
 18270, 99573,20160730,-9999,    9
 18270, 99573,20160731,-9999,    9
 18270, 99573,20160801,-9999,    9
 18270, 99573,20160802,-9999,    9
 18270, 99573,20160803,-9999,    9
 18270, 99573,20160804,-9999,    9
 18270, 99573,20160805,-9999,    9
 18270, 99573,20160806,-9999,    9
 18270, 99573,20160807,-9999,    9
 18270, 99573,20160808,-9999,    9
 18270, 99573,20160809,-9999,    9
 18270, 99573,20160810,-9999,    9
 18270, 99573,20160811,-9999,    9
 18270, 99573,20160812,-9999,    9
 18270, 99573,20160813,-9999,    9
 18270, 99573,20160814,-9999,    9
 18270, 99573,20160815,-9999,    9
 18270, 99573,20160816,-9999,    9
 18270, 99573,20160817,-9999,    9
 18270, 99573,20160818,-9999,    9
 18270, 99573,20160819,-9999,    9
 18270, 99573,20160820,-9999,    9
 18270, 99573,20160821,-9999,    9
 18270, 99573,20160822,-9999,    9
 18270, 99573,20160823,-9999,    9
 18270, 99573,20160824,-9999,    9
 18270, 99573,20160825,-9999,    9
 18270, 99573,20160826,-9999,    9
 18270, 99573,20160827,-9999,    9
 18270, 99573,20160828,-9999,    9
 18270, 99573,20160829,-9999,    9
 18270, 99573,20160830,-9999,    9
 18270, 99573,20160831,-9999,    9
 18270, 99573,20160901,   72,    0
 18270, 99573,20160902,   79,    0
 18270, 99573,20160903,   65,    0
 18270, 99573,20160904,   74,    0
 18270, 99573,20160905,   86,    0
 18270, 99573,20160906,  105,    0
 18270, 99573,20160907,   95,    0
 18270, 99573,20160908,  112,    0
 18270, 99573,20160909,  111,    0
 18270, 99573,20160910,  106,    0
 18270, 99573,20160911,   76,    0
 18270, 99573,20160912,   68,    0
 18270, 99573,20160913,  125,    0
 18270, 99573,20160914,  129,    0
 18270, 99573,20160915,  131,    0
 18270, 99573,20160916,  110,    0
 18270, 99573,20160917,  101,    0
 18270, 99573,20160918,   94,    0
 18270, 99573,20160919,   96,    0
 18270, 99573,20160920,   83,    0
 18270, 99573,20160921,   97,    0
 18270, 99573,20160922,   84,    0
 18270, 99573,20160923,   63,    0
 18270, 99573,20160924,   59,    0
 18270, 99573,20160925,  100,    0
 18270, 99573,20160926,   76,    0
 18270, 99573,20160927,   55,    0
 18270, 99573,20160928,   56,    0
 18270, 99573,20160929,   69,    0
 18270, 99573,20160930,    9,    0
 18270, 99573,20161001,   17,    0
 18270, 99573,20161002,    9,    0
 18270, 99573,20161003,    7,    0
 18270, 99573,20161004,   16,    0
 18270, 99573,20161005,    7,    0
 18270, 99573,20161006,   21,    0
 18270, 99573,20161007,   38,    0
 18270, 99573,20161008,   19,    0
 18270, 99573,20161009,  -13,    0
 18270, 99573,20161010,    0,    0
 18270, 99573,20161011,   -3,    0
 18270, 99573,20161012,  -13,    0
 18270, 99573,20161013,    4,    0
 18270, 99573,20161014,    8,    0
 18270, 99573,20161015,  -21,    0
 18270, 99573,20161016,  -11,    0
 18270, 99573,20161017,   10,    0
 18270, 99573,20161018,   22,    0
 18270, 99573,20161019,   16,    0
 18270, 99573,20161020,   12,    0
 18270, 99573,20161021,  -15,    0
 18270, 99573,20161022,  -40,    0
 18270, 99573,20161023,  -40,    0
 18270, 99573,20161024,  -11,    0
 18270, 99573,20161025,   -3,    0
 18270, 99573,20161026,    6,    0
 18270, 99573,20161027,   27,    0
 18270, 99573,20161028,   -3,    1
 18270, 99573,20161029,  -18,    0
 18270, 99573,20161030,    8,    0
 18270, 99573,20161031,   34,    0
 18270, 99573,20161101,   -3,    0
 18270, 99573,20161102,  -52,    0
 18270, 99573,20161103,  -80,    0
 18270, 99573,20161104,  -57,    0
 18270, 99573,20161105,  -61,    0
 18270, 99573,20161106, -111,    0
 18270, 99573,20161107, -158,    0
 18270, 99573,20161108, -150,    0
 18270, 99573,20161109, -140,    0
 18270, 99573,20161110, -118,    0
 18270, 99573,20161111, -127,    0
 18270, 99573,20161112,  -59,    0
 18270, 99573,20161113,  -13,    0
 18270, 99573,20161114,   14,    0
 18270, 99573,20161115,   23,    0
 18270, 99573,20161116,   -7,    0
 18270, 99573,20161117,  -40,    0
 18270, 99573,20161118,  -35,    0
 18270, 99573,20161119,  -40,    0
 18270, 99573,20161120,  -43,    0
 18270, 99573,20161121,  -43,    0
 18270, 99573,20161122,   -5,    0
 18270, 99573,20161123,  -10,    0
 18270, 99573,20161124,  -20,    0
 18270, 99573,20161125,   17,    0
 18270, 99573,20161126,   -6,    0
 18270, 99573,20161127,  -63,    0
 18270, 99573,20161128,  -98,    0
 18270, 99573,20161129,  -45,    0
 18270, 99573,20161130,  -39,    0
 18270, 99573,20161201,  -24,    0
 18270, 99573,20161202,  -61,    0
 18270, 99573,20161203,  -26,    0
 18270, 99573,20161204,    5,    0
 18270, 99573,20161205,   -9,    0
 18270, 99573,20161206,  -88,    0
 18270, 99573,20161207,   -4,    0
 18270, 99573,20161208,   33,    0
 18270, 99573,20161209,    6,    0
 18270, 99573,20161210,    8,    0
 18270, 99573,20161211,  -15,    0
 18270, 99573,20161212,  -62,    0
 18270, 99573,20161213,  -30,    0
 18270, 99573,20161214, -119,    0
 18270, 99573,20161215,  -31,    0
 18270, 99573,20161216,  -20,    0
 18270, 99573,20161217,  -14,    0
 18270, 99573,20161218,  -28,    0
 18270, 99573,20161219,   34,    0
 18270, 99573,20161220,   -4,    0
 18270, 99573,20161221,  -28,    0
 18270, 99573,20161222,  -34,    0
 18270, 99573,20161223,  -36,    0
 18270, 99573,20161224,  -42,    0
 18270, 99573,20161225,  -10,    0
 18270, 99573,20161226,  -39,    0
 18270, 99573,20161227,  -40,    0
 18270, 99573,20161228,  -18,    0
 18270, 99573,20161229,   -2,    0
 18270, 99573,20161230,   20,    0
 18270, 99573,20161231,   12,    0
 18270, 99573,20170101,  -51,    0
 18270, 99573,20170102,  -85,    0
 18270, 99573,20170103,  -46,    0
 18270, 99573,20170104,  -84,    0
 18270, 99573,20170105, -188,    0
 18270, 99573,20170106,  -70,    0
 18270, 99573,20170107,  -46,    0
 18270, 99573,20170108,  -28,    0
 18270, 99573,20170109,    5,    0
 18270, 99573,20170110,  -22,    0
 18270, 99573,20170111,  -26,    0
 18270, 99573,20170112,  -52,    0
 18270, 99573,20170113,  -75,    0
 18270, 99573,20170114,  -89,    0
 18270, 99573,20170115, -170,    0
 18270, 99573,20170116, -213,    0
 18270, 99573,20170117,  -18,    0
 18270, 99573,20170118,   23,    0
 18270, 99573,20170119,   20,    0
 18270, 99573,20170120,   12,    0
 18270, 99573,20170121,  -38,    0
 18270, 99573,20170122,  -64,    0
 18270, 99573,20170123,  -35,    0
 18270, 99573,20170124,  -43,    0
 18270, 99573,20170125,   17,    0
 18270, 99573,20170126,  -11,    0
 18270, 99573,20170127,  -25,    0
 18270, 99573,20170128,  -68,    0
 18270, 99573,20170129,  -46,    0
 18270, 99573,20170130,  -77,    0
 18270, 99573,20170131, -178,    0
 18270, 99573,20170201,  -89,    0
 18270, 99573,20170202,  -52,    0
 18270, 99573,20170203,  -38,    0
 18270, 99573,20170204,  -37,    0
 18270, 99573,20170205,  -54,    0
 18270, 99573,20170206,  -70,    0
 18270, 99573,20170207, -138,    0
 18270, 99573,20170208, -171,    0
 18270, 99573,20170209, -146,    0
 18270, 99573,20170210, -112,    0
 18270, 99573,20170211, -118,    0
 18270, 99573,20170212, -144,    0
 18270, 99573,20170213,  -90,    0
 18270, 99573,20170214, -104,    0
 18270, 99573,20170215,  -94,    0
 18270, 99573,20170216,   10,    0
 18270, 99573,20170217,  -15,    0
 18270, 99573,20170218,  -35,    0
 18270, 99573,20170219,    2,    0
 18270, 99573,20170220,    2,    0
 18270, 99573,20170221,  -34,    0
 18270, 99573,20170222,  -35,    0
 18270, 99573,20170223, -113,    0
 18270, 99573,20170224, -130,    0
 18270, 99573,20170225, -108,    0
 18270, 99573,20170226,  -27,    0
 18270, 99573,20170227,  -24,    0
 18270, 99573,20170228,  -30,    0
 18270, 99573,20170301,  -53,    0
 18270, 99573,20170302,  -67,    0
 18270, 99573,20170303,  -48,    0
 18270, 99573,20170304,  -57,    0
 18270, 99573,20170305,  -81,    0
 18270, 99573,20170306, -114,    0
 18270, 99573,20170307, -160,    0
 18270, 99573,20170308, -180,    0
 18270, 99573,20170309,  -39,    0
 18270, 99573,20170310,  -37,    0
 18270, 99573,20170311,  -63,    0
 18270, 99573,20170312,  -19,    0
 18270, 99573,20170313,  -21,    0
 18270, 99573,20170314,  -13,    0
 18270, 99573,20170315,  -38,    0
 18270, 99573,20170316,  -13,    0
 18270, 99573,20170317,  -59,    0
 18270, 99573,20170318, -101,    0
 18270, 99573,20170319, -112,    0
 18270, 99573,20170320,  -42,    0
 18270, 99573,20170321,  -39,    1
 18270, 99573,20170322,  -69,    0
 18270, 99573,20170323,  -85,    0
 18270, 99573,20170324,  -46,    0
 18270, 99573,20170325,  -16,    0
 18270, 99573,20170326,   22,    0
 18270, 99573,20170327,   27,    0
 18270, 99573,20170328,   29,    0
 18270, 99573,20170329,    5,    0
 18270, 99573,20170330,   -8,    0
 18270, 99573,20170331,   20,    0
 18270, 99573,20170401,-9999,    9
 18270, 99573,20170402,-9999,    9
 18270, 99573,20170403,-9999,    9
 18270, 99573,20170404,-9999,    9
 18270, 99573,20170405,-9999,    9
 18270, 99573,20170406,-9999,    9
 18270, 99573,20170407,-9999,    9
 18270, 99573,20170408,-9999,    9
 18270, 99573,20170409,-9999,    9
 18270, 99573,20170410,-9999,    9
 18270, 99573,20170411,-9999,    9
 18270, 99573,20170412,-9999,    9
 18270, 99573,20170413,-9999,    9
 18270, 99573,20170414,-9999,    9
 18270, 99573,20170415,-9999,    9
 18270, 99573,20170416,-9999,    9
 18270, 99573,20170417,-9999,    9
 18270, 99573,20170418,-9999,    9
 18270, 99573,20170419,-9999,    9
 18270, 99573,20170420,-9999,    9
 18270, 99573,20170421,-9999,    9
 18270, 99573,20170422,-9999,    9
 18270, 99573,20170423,-9999,    9
 18270, 99573,20170424,-9999,    9
 18270, 99573,20170425,-9999,    9
 18270, 99573,20170426,-9999,    9
 18270, 99573,20170427,-9999,    9
 18270, 99573,20170428,-9999,    9
 18270, 99573,20170429,-9999,    9
 18270, 99573,20170430,-9999,    9
 18270, 99573,20170501,-9999,    9
 18270, 99573,20170502,-9999,    9
 18270, 99573,20170503,-9999,    9
 18270, 99573,20170504,-9999,    9
 18270, 99573,20170505,-9999,    9
 18270, 99573,20170506,-9999,    9
 18270, 99573,20170507,-9999,    9
 18270, 99573,20170508,-9999,    9
 18270, 99573,20170509,-9999,    9
 18270, 99573,20170510,-9999,    9
 18270, 99573,20170511,-9999,    9
 18270, 99573,20170512,-9999,    9
 18270, 99573,20170513,-9999,    9
 18270, 99573,20170514,-9999,    9
 18270, 99573,20170515,-9999,    9
 18270, 99573,20170516,-9999,    9
 18270, 99573,20170517,-9999,    9
 18270, 99573,20170518,-9999,    9
 18270, 99573,20170519,-9999,    9
 18270, 99573,20170520,-9999,    9
 18270, 99573,20170521,-9999,    9
 18270, 99573,20170522,-9999,    9
 18270, 99573,20170523,-9999,    9
 18270, 99573,20170524,-9999,    9
 18270, 99573,20170525,-9999,    9
 18270, 99573,20170526,-9999,    9
 18270, 99573,20170527,-9999,    9
 18270, 99573,20170528,-9999,    9
 18270, 99573,20170529,-9999,    9
 18270, 99573,20170530,-9999,    9
 18270, 99573,20170531,-9999,    9
 18270, 99573,20170601,-9999,    9
 18270, 99573,20170602,-9999,    9
 18270, 99573,20170603,-9999,    9
 18270, 99573,20170604,-9999,    9
 18270, 99573,20170605,-9999,    9
 18270, 99573,20170606,-9999,    9
 18270, 99573,20170607,-9999,    9
 18270, 99573,20170608,-9999,    9
 18270, 99573,20170609,-9999,    9
 18270, 99573,20170610,-9999,    9
 18270, 99573,20170611,-9999,    9
 18270, 99573,20170612,-9999,    9
 18270, 99573,20170613,-9999,    9
 18270, 99573,20170614,-9999,    9
 18270, 99573,20170615,-9999,    9
 18270, 99573,20170616,-9999,    9
 18270, 99573,20170617,-9999,    9
 18270, 99573,20170618,-9999,    9
 18270, 99573,20170619,-9999,    9
 18270, 99573,20170620,-9999,    9
 18270, 99573,20170621,-9999,    9
 18270, 99573,20170622,-9999,    9
 18270, 99573,20170623,-9999,    9
 18270, 99573,20170624,-9999,    9
 18270, 99573,20170625,-9999,    9
 18270, 99573,20170626,-9999,    9
 18270, 99573,20170627,-9999,    9
 18270, 99573,20170628,-9999,    9
 18270, 99573,20170629,-9999,    9
 18270, 99573,20170630,-9999,    9
 18270, 99573,20170701,-9999,    9
 18270, 99573,20170702,-9999,    9
 18270, 99573,20170703,-9999,    9
 18270, 99573,20170704,-9999,    9
 18270, 99573,20170705,-9999,    9
 18270, 99573,20170706,-9999,    9
 18270, 99573,20170707,-9999,    9
 18270, 99573,20170708,-9999,    9
 18270, 99573,20170709,-9999,    9
 18270, 99573,20170710,-9999,    9
 18270, 99573,20170711,-9999,    9
 18270, 99573,20170712,-9999,    9
 18270, 99573,20170713,-9999,    9
 18270, 99573,20170714,-9999,    9
 18270, 99573,20170715,-9999,    9
 18270, 99573,20170716,-9999,    9
 18270, 99573,20170717,-9999,    9
 18270, 99573,20170718,-9999,    9
 18270, 99573,20170719,-9999,    9
 18270, 99573,20170720,-9999,    9
 18270, 99573,20170721,-9999,    9
 18270, 99573,20170722,-9999,    9
 18270, 99573,20170723,-9999,    9
 18270, 99573,20170724,-9999,    9
 18270, 99573,20170725,-9999,    9
 18270, 99573,20170726,-9999,    9
 18270, 99573,20170727,-9999,    9
 18270, 99573,20170728,-9999,    9
 18270, 99573,20170729,-9999,    9
 18270, 99573,20170730,-9999,    9
 18270, 99573,20170731,-9999,    9
 18270, 99573,20170801,-9999,    9
 18270, 99573,20170802,-9999,    9
 18270, 99573,20170803,-9999,    9
 18270, 99573,20170804,-9999,    9
 18270, 99573,20170805,-9999,    9
 18270, 99573,20170806,-9999,    9
 18270, 99573,20170807,-9999,    9
 18270, 99573,20170808,-9999,    9
 18270, 99573,20170809,-9999,    9
 18270, 99573,20170810,-9999,    9
 18270, 99573,20170811,-9999,    9
 18270, 99573,20170812,-9999,    9
 18270, 99573,20170813,-9999,    9
 18270, 99573,20170814,-9999,    9
 18270, 99573,20170815,-9999,    9
 18270, 99573,20170816,-9999,    9
 18270, 99573,20170817,-9999,    9
 18270, 99573,20170818,-9999,    9
 18270, 99573,20170819,-9999,    9
 18270, 99573,20170820,-9999,    9
 18270, 99573,20170821,-9999,    9
 18270, 99573,20170822,-9999,    9
 18270, 99573,20170823,-9999,    9
 18270, 99573,20170824,-9999,    9
 18270, 99573,20170825,-9999,    9
 18270, 99573,20170826,-9999,    9
 18270, 99573,20170827,-9999,    9
 18270, 99573,20170828,-9999,    9
 18270, 99573,20170829,-9999,    9
 18270, 99573,20170830,-9999,    9
 18270, 99573,20170831,-9999,    9
 18270, 99573,20170901,-9999,    9
 18270, 99573,20170902,-9999,    9
 18270, 99573,20170903,-9999,    9
 18270, 99573,20170904,-9999,    9
 18270, 99573,20170905,-9999,    9
 18270, 99573,20170906,-9999,    9
 18270, 99573,20170907,-9999,    9
 18270, 99573,20170908,-9999,    9
 18270, 99573,20170909,-9999,    9
 18270, 99573,20170910,-9999,    9
 18270, 99573,20170911,-9999,    9
 18270, 99573,20170912,-9999,    9
 18270, 99573,20170913,-9999,    9
 18270, 99573,20170914,-9999,    9
 18270, 99573,20170915,-9999,    9
 18270, 99573,20170916,-9999,    9
 18270, 99573,20170917,-9999,    9
 18270, 99573,20170918,-9999,    9
 18270, 99573,20170919,-9999,    9
 18270, 99573,20170920,-9999,    9
 18270, 99573,20170921,-9999,    9
 18270, 99573,20170922,-9999,    9
 18270, 99573,20170923,-9999,    9
 18270, 99573,20170924,-9999,    9
 18270, 99573,20170925,-9999,    9
 18270, 99573,20170926,-9999,    9
 18270, 99573,20170927,-9999,    9
 18270, 99573,20170928,-9999,    9
 18270, 99573,20170929,-9999,    9
 18270, 99573,20170930,-9999,    9
 18270, 99573,20171001,-9999,    9
 18270, 99573,20171002,-9999,    9
 18270, 99573,20171003,-9999,    9
 18270, 99573,20171004,-9999,    9
 18270, 99573,20171005,-9999,    9
 18270, 99573,20171006,-9999,    9
 18270, 99573,20171007,-9999,    9
 18270, 99573,20171008,-9999,    9
 18270, 99573,20171009,-9999,    9
 18270, 99573,20171010,-9999,    9
 18270, 99573,20171011,-9999,    9
 18270, 99573,20171012,-9999,    9
 18270, 99573,20171013,-9999,    9
 18270, 99573,20171014,-9999,    9
 18270, 99573,20171015,-9999,    9
 18270, 99573,20171016,-9999,    9
 18270, 99573,20171017,-9999,    9
 18270, 99573,20171018,-9999,    9
 18270, 99573,20171019,-9999,    9
 18270, 99573,20171020,-9999,    9
 18270, 99573,20171021,-9999,    9
 18270, 99573,20171022,-9999,    9
 18270, 99573,20171023,-9999,    9
 18270, 99573,20171024,-9999,    9
 18270, 99573,20171025,-9999,    9
 18270, 99573,20171026,-9999,    9
 18270, 99573,20171027,-9999,    9
 18270, 99573,20171028,-9999,    9
 18270, 99573,20171029,-9999,    9
 18270, 99573,20171030,-9999,    9
 18270, 99573,20171031,-9999,    9
 18270, 99573,20171101,-9999,    9
 18270, 99573,20171102,-9999,    9
 18270, 99573,20171103,-9999,    9
 18270, 99573,20171104,-9999,    9
 18270, 99573,20171105,-9999,    9
 18270, 99573,20171106,-9999,    9
 18270, 99573,20171107,-9999,    9
 18270, 99573,20171108,-9999,    9
 18270, 99573,20171109,-9999,    9
 18270, 99573,20171110,-9999,    9
 18270, 99573,20171111,-9999,    9
 18270, 99573,20171112,-9999,    9
 18270, 99573,20171113,-9999,    9
 18270, 99573,20171114,-9999,    9
 18270, 99573,20171115,-9999,    9
 18270, 99573,20171116,-9999,    9
 18270, 99573,20171117,-9999,    9
 18270, 99573,20171118,-9999,    9
 18270, 99573,20171119,-9999,    9
 18270, 99573,20171120,-9999,    9
 18270, 99573,20171121,-9999,    9
 18270, 99573,20171122,-9999,    9
 18270, 99573,20171123,-9999,    9
 18270, 99573,20171124,-9999,    9
 18270, 99573,20171125,-9999,    9
 18270, 99573,20171126,-9999,    9
 18270, 99573,20171127,-9999,    9
 18270, 99573,20171128,-9999,    9
 18270, 99573,20171129,-9999,    9
 18270, 99573,20171130,-9999,    9
 18270, 99573,20171201,-9999,    9
 18270, 99573,20171202,-9999,    9
 18270, 99573,20171203,  -37,    0
 18270, 99573,20171204,-9999,    9
 18270, 99573,20171205,-9999,    9
 18270, 99573,20171206,-9999,    9
 18270, 99573,20171207,-9999,    9
 18270, 99573,20171208,-9999,    9
 18270, 99573,20171209,-9999,    9
 18270, 99573,20171210,-9999,    9
 18270, 99573,20171211,-9999,    9
 18270, 99573,20171212,-9999,    9
 18270, 99573,20171213,-9999,    9
 18270, 99573,20171214,-9999,    9
 18270, 99573,20171215,-9999,    9
 18270, 99573,20171216,-9999,    9
 18270, 99573,20171217,-9999,    9
 18270, 99573,20171218,-9999,    9
 18270, 99573,20171219,-9999,    9
 18270, 99573,20171220,-9999,    9
 18270, 99573,20171221,-9999,    9
 18270, 99573,20171222,-9999,    9
 18270, 99573,20171223,-9999,    9
 18270, 99573,20171224,-9999,    9
 18270, 99573,20171225,-9999,    9
 18270, 99573,20171226,-9999,    9
 18270, 99573,20171227,-9999,    9
 18270, 99573,20171228,-9999,    9
 18270, 99573,20171229,-9999,    9
 18270, 99573,20171230,-9999,    9
 18270, 99573,20171231,-9999,    9
 18270, 99573,20180101,-9999,    9
 18270, 99573,20180102,-9999,    9
 18270, 99573,20180103,-9999,    9
 18270, 99573,20180104,-9999,    9
 18270, 99573,20180105,-9999,    9
 18270, 99573,20180106,-9999,    9
 18270, 99573,20180107,-9999,    9
 18270, 99573,20180108,-9999,    9
 18270, 99573,20180109,-9999,    9
 18270, 99573,20180110,-9999,    9
 18270, 99573,20180111,-9999,    9
 18270, 99573,20180112,-9999,    9
 18270, 99573,20180113,-9999,    9
 18270, 99573,20180114,-9999,    9
 18270, 99573,20180115,-9999,    9
 18270, 99573,20180116,  -68,    0
 18270, 99573,20180117, -128,    0
 18270, 99573,20180118, -138,    0
 18270, 99573,20180119, -100,    0
 18270, 99573,20180120,  -82,    0
 18270, 99573,20180121, -115,    0
 18270, 99573,20180122,-9999,    9
 18270, 99573,20180123,-9999,    9
 18270, 99573,20180124,-9999,    9
 18270, 99573,20180125,-9999,    9
 18270, 99573,20180126,-9999,    9
 18270, 99573,20180127,-9999,    9
 18270, 99573,20180128,-9999,    9
 18270, 99573,20180129,-9999,    9
 18270, 99573,20180130,  -45,    0
 18270, 99573,20180131,-9999,    9
 18270, 99573,20180201,-9999,    9
 18270, 99573,20180202,-9999,    9
 18270, 99573,20180203,-9999,    9
 18270, 99573,20180204,-9999,    9
 18270, 99573,20180205,-9999,    9
 18270, 99573,20180206,-9999,    9
 18270, 99573,20180207,-9999,    9
 18270, 99573,20180208,-9999,    9
 18270, 99573,20180209,-9999,    9
 18270, 99573,20180210,-9999,    9
 18270, 99573,20180211,  -72,    0
 18270, 99573,20180212,  -95,    0
 18270, 99573,20180213,-9999,    9
 18270, 99573,20180214,-9999,    9
 18270, 99573,20180215,-9999,    9
 18270, 99573,20180216,-9999,    9
 18270, 99573,20180217,-9999,    9
 18270, 99573,20180218,-9999,    9
 18270, 99573,20180219,-9999,    9
 18270, 99573,20180220,-9999,    9
 18270, 99573,20180221,-9999,    9
 18270, 99573,20180222,-9999,    9
 18270, 99573,20180223,-9999,    9
 18270, 99573,20180224,-9999,    9
 18270, 99573,20180225,-9999,    9
 18270, 99573,20180226, -105,    0
 18270, 99573,20180227, -177,    0
 18270, 99573,20180228, -216,    0
 18270, 99573,20180301, -206,    0
 18270, 99573,20180302,-9999,    9
 18270, 99573,20180303,-9999,    9
 18270, 99573,20180304,-9999,    9
 18270, 99573,20180305,-9999,    9
 18270, 99573,20180306,-9999,    9
 18270, 99573,20180307,-9999,    9
 18270, 99573,20180308,-9999,    9
 18270, 99573,20180309,-9999,    9
 18270, 99573,20180310,-9999,    9
 18270, 99573,20180311,-9999,    9
 18270, 99573,20180312,-9999,    9
 18270, 99573,20180313,-9999,    9
 18270, 99573,20180314,-9999,    9
 18270, 99573,20180315,-9999,    9
 18270, 99573,20180316,-9999,    9
 18270, 99573,20180317,-9999,    9
 18270, 99573,20180318,-9999,    9
 18270, 99573,20180319,-9999,    9
 18270, 99573,20180320,-9999,    9
 18270, 99573,20180321,-9999,    9
 18270, 99573,20180322,-9999,    9
 18270, 99573,20180323,-9999,    9
 18270, 99573,20180324,-9999,    9
 18270, 99573,20180325,-9999,    9
 18270, 99573,20180326,-9999,    9
 18270, 99573,20180327,-9999,    9
 18270, 99573,20180328,-9999,    9
 18270, 99573,20180329,-9999,    9
 18270, 99573,20180330,-9999,    9
 18270, 99573,20180331,-9999,    9
 18270, 99573,20180401,-9999,    9
 18270, 99573,20180402,-9999,    9
 18270, 99573,20180403,-9999,    9
 18270, 99573,20180404,-9999,    9
 18270, 99573,20180405,-9999,    9
 18270, 99573,20180406,-9999,    9
 18270, 99573,20180407,-9999,    9
 18270, 99573,20180408,-9999,    9
 18270, 99573,20180409,-9999,    9
 18270, 99573,20180410,-9999,    9
 18270, 99573,20180411,-9999,    9
 18270, 99573,20180412,-9999,    9
 18270, 99573,20180413,-9999,    9
 18270, 99573,20180414,-9999,    9
 18270, 99573,20180415,-9999,    9
 18270, 99573,20180416,-9999,    9
 18270, 99573,20180417,-9999,    9
 18270, 99573,20180418,-9999,    9
 18270, 99573,20180419,-9999,    9
 18270, 99573,20180420,-9999,    9
 18270, 99573,20180421,-9999,    9
 18270, 99573,20180422,-9999,    9
 18270, 99573,20180423,-9999,    9
 18270, 99573,20180424,-9999,    9
 18270, 99573,20180425,-9999,    9
 18270, 99573,20180426,-9999,    9
 18270, 99573,20180427,-9999,    9
 18270, 99573,20180428,-9999,    9
 18270, 99573,20180429,-9999,    9
 18270, 99573,20180430,-9999,    9
 18270, 99573,20180501,-9999,    9
 18270, 99573,20180502,-9999,    9
 18270, 99573,20180503,-9999,    9
 18270, 99573,20180504,-9999,    9
 18270, 99573,20180505,-9999,    9
 18270, 99573,20180506,-9999,    9
 18270, 99573,20180507,-9999,    9
 18270, 99573,20180508,-9999,    9
 18270, 99573,20180509,-9999,    9
 18270, 99573,20180510,-9999,    9
 18270, 99573,20180511,-9999,    9
 18270, 99573,20180512,-9999,    9
 18270, 99573,20180513,-9999,    9
 18270, 99573,20180514,-9999,    9
 18270, 99573,20180515,-9999,    9
 18270, 99573,20180516,-9999,    9
 18270, 99573,20180517,-9999,    9
 18270, 99573,20180518,-9999,    9
 18270, 99573,20180519,-9999,    9
 18270, 99573,20180520,-9999,    9
 18270, 99573,20180521,-9999,    9
 18270, 99573,20180522,-9999,    9
 18270, 99573,20180523,-9999,    9
 18270, 99573,20180524,-9999,    9
 18270, 99573,20180525,-9999,    9
 18270, 99573,20180526,-9999,    9
 18270, 99573,20180527,-9999,    9
 18270, 99573,20180528,-9999,    9
 18270, 99573,20180529,-9999,    9
 18270, 99573,20180530,-9999,    9
 18270, 99573,20180531,-9999,    9
 18270, 99573,20180601,-9999,    9
 18270, 99573,20180602,-9999,    9
 18270, 99573,20180603,-9999,    9
 18270, 99573,20180604,-9999,    9
 18270, 99573,20180605,-9999,    9
 18270, 99573,20180606,-9999,    9
 18270, 99573,20180607,-9999,    9
 18270, 99573,20180608,-9999,    9
 18270, 99573,20180609,-9999,    9
 18270, 99573,20180610,-9999,    9
 18270, 99573,20180611,-9999,    9
 18270, 99573,20180612,-9999,    9
 18270, 99573,20180613,-9999,    9
 18270, 99573,20180614,-9999,    9
 18270, 99573,20180615,-9999,    9
 18270, 99573,20180616,-9999,    9
 18270, 99573,20180617,-9999,    9
 18270, 99573,20180618,-9999,    9
 18270, 99573,20180619,-9999,    9
 18270, 99573,20180620,-9999,    9
 18270, 99573,20180621,-9999,    9
 18270, 99573,20180622,-9999,    9
 18270, 99573,20180623,-9999,    9
 18270, 99573,20180624,-9999,    9
 18270, 99573,20180625,  126,    0
 18270, 99573,20180626,-9999,    9
 18270, 99573,20180627,-9999,    9
 18270, 99573,20180628,-9999,    9
 18270, 99573,20180629,-9999,    9
 18270, 99573,20180630,-9999,    9
 18270, 99573,20180701,-9999,    9
 18270, 99573,20180702,-9999,    9
 18270, 99573,20180703,  145,    0
 18270, 99573,20180704,-9999,    9
 18270, 99573,20180705,-9999,    9
 18270, 99573,20180706,-9999,    9
 18270, 99573,20180707,-9999,    9
 18270, 99573,20180708,-9999,    9
 18270, 99573,20180709,-9999,    9
 18270, 99573,20180710,-9999,    9
 18270, 99573,20180711,-9999,    9
 18270, 99573,20180712,-9999,    9
 18270, 99573,20180713,-9999,    9
 18270, 99573,20180714,-9999,    9
 18270, 99573,20180715,-9999,    9
 18270, 99573,20180716,-9999,    9
 18270, 99573,20180717,-9999,    9
 18270, 99573,20180718,-9999,    9
 18270, 99573,20180719,-9999,    9
 18270, 99573,20180720,-9999,    9
 18270, 99573,20180721,-9999,    9
 18270, 99573,20180722,-9999,    9
 18270, 99573,20180723,-9999,    9
 18270, 99573,20180724,-9999,    9
 18270, 99573,20180725,-9999,    9
 18270, 99573,20180726,-9999,    9
 18270, 99573,20180727,-9999,    9
 18270, 99573,20180728,-9999,    9
 18270, 99573,20180729,-9999,    9
 18270, 99573,20180730,-9999,    9
 18270, 99573,20180731,-9999,    9
 18270, 99573,20180801,-9999,    9
 18270, 99573,20180802,-9999,    9
 18270, 99573,20180803,-9999,    9
 18270, 99573,20180804,-9999,    9
 18270, 99573,20180805,-9999,    9
 18270, 99573,20180806,-9999,    9
 18270, 99573,20180807,-9999,    9
 18270, 99573,20180808,-9999,    9
 18270, 99573,20180809,-9999,    9
 18270, 99573,20180810,-9999,    9
 18270, 99573,20180811,-9999,    9
 18270, 99573,20180812,-9999,    9
 18270, 99573,20180813,-9999,    9
 18270, 99573,20180814,-9999,    9
 18270, 99573,20180815,-9999,    9
 18270, 99573,20180816,-9999,    9
 18270, 99573,20180817,-9999,    9
 18270, 99573,20180818,-9999,    9
 18270, 99573,20180819,-9999,    9
 18270, 99573,20180820,-9999,    9
 18270, 99573,20180821,-9999,    9
 18270, 99573,20180822,-9999,    9
 18270, 99573,20180823,-9999,    9
 18270, 99573,20180824,-9999,    9
 18270, 99573,20180825,-9999,    9
 18270, 99573,20180826,-9999,    9
 18270, 99573,20180827,-9999,    9
 18270, 99573,20180828,-9999,    9
 18270, 99573,20180829,-9999,    9
 18270, 99573,20180830,-9999,    9
 18270, 99573,20180831,-9999,    9
 18270, 99573,20180901,-9999,    9
 18270, 99573,20180902,-9999,    9
 18270, 99573,20180903,-9999,    9
 18270, 99573,20180904,-9999,    9
 18270, 99573,20180905,-9999,    9
 18270, 99573,20180906,  103,    0
 18270, 99573,20180907,-9999,    9
 18270, 99573,20180908,-9999,    9
 18270, 99573,20180909,-9999,    9
 18270, 99573,20180910,-9999,    9
 18270, 99573,20180911,-9999,    9
 18270, 99573,20180912,-9999,    9
 18270, 99573,20180913,-9999,    9
 18270, 99573,20180914,-9999,    9
 18270, 99573,20180915,-9999,    9
 18270, 99573,20180916,-9999,    9
 18270, 99573,20180917,-9999,    9
 18270, 99573,20180918,-9999,    9
 18270, 99573,20180919,-9999,    9
 18270, 99573,20180920,-9999,    9
 18270, 99573,20180921,-9999,    9
 18270, 99573,20180922,-9999,    9
 18270, 99573,20180923,-9999,    9
 18270, 99573,20180924,-9999,    9
 18270, 99573,20180925,-9999,    9
 18270, 99573,20180926,-9999,    9
 18270, 99573,20180927,-9999,    9
 18270, 99573,20180928,-9999,    9
 18270, 99573,20180929,-9999,    9
 18270, 99573,20180930,-9999,    9
 18270, 99573,20181001,-9999,    9
 18270, 99573,20181002,-9999,    9
 18270, 99573,20181003,-9999,    9
 18270, 99573,20181004,-9999,    9
 18270, 99573,20181005,-9999,    9
 18270, 99573,20181006,-9999,    9
 18270, 99573,20181007,-9999,    9
 18270, 99573,20181008,-9999,    9
 18270, 99573,20181009,-9999,    9
 18270, 99573,20181010,-9999,    9
 18270, 99573,20181011,-9999,    9
 18270, 99573,20181012,   73,    0
 18270, 99573,20181013,   96,    0
 18270, 99573,20181014,   93,    0
 18270, 99573,20181015,-9999,    9
 18270, 99573,20181016,-9999,    9
 18270, 99573,20181017,-9999,    9
 18270, 99573,20181018,-9999,    9
 18270, 99573,20181019,-9999,    9
 18270, 99573,20181020,-9999,    9
 18270, 99573,20181021,-9999,    9
 18270, 99573,20181022,-9999,    9
 18270, 99573,20181023,-9999,    9
 18270, 99573,20181024,-9999,    9
 18270, 99573,20181025,-9999,    9
 18270, 99573,20181026,-9999,    9
 18270, 99573,20181027,-9999,    9
 18270, 99573,20181028,-9999,    9
 18270, 99573,20181029,-9999,    9
 18270, 99573,20181030,-9999,    9
 18270, 99573,20181031,-9999,    9
 18270, 99573,20181101,-9999,    9
 18270, 99573,20181102,-9999,    9
 18270, 99573,20181103,-9999,    9
 18270, 99573,20181104,-9999,    9
 18270, 99573,20181105,-9999,    9
 18270, 99573,20181106,-9999,    9
 18270, 99573,20181107,-9999,    9
 18270, 99573,20181108,-9999,    9
 18270, 99573,20181109,-9999,    9
 18270, 99573,20181110,-9999,    9
 18270, 99573,20181111,-9999,    9
 18270, 99573,20181112,-9999,    9
 18270, 99573,20181113,-9999,    9
 18270, 99573,20181114,-9999,    9
 18270, 99573,20181115,-9999,    9
 18270, 99573,20181116,-9999,    9
 18270, 99573,20181117,-9999,    9
 18270, 99573,20181118,-9999,    9
 18270, 99573,20181119,-9999,    9
 18270, 99573,20181120,-9999,    9
 18270, 99573,20181121,-9999,    9
 18270, 99573,20181122,-9999,    9
 18270, 99573,20181123,-9999,    9
 18270, 99573,20181124,-9999,    9
 18270, 99573,20181125,-9999,    9
 18270, 99573,20181126,-9999,    9
 18270, 99573,20181127,-9999,    9
 18270, 99573,20181128,-9999,    9
 18270, 99573,20181129,-9999,    9
 18270, 99573,20181130,-9999,    9
 18270, 99573,20181201,-9999,    9
 18270, 99573,20181202,-9999,    9
 18270, 99573,20181203,-9999,    9
 18270, 99573,20181204,-9999,    9
 18270, 99573,20181205,-9999,    9
 18270, 99573,20181206,-9999,    9
 18270, 99573,20181207,-9999,    9
 18270, 99573,20181208,-9999,    9
 18270, 99573,20181209,-9999,    9
 18270, 99573,20181210,-9999,    9
 18270, 99573,20181211,-9999,    9
 18270, 99573,20181212,-9999,    9
 18270, 99573,20181213,-9999,    9
 18270, 99573,20181214,-9999,    9
 18270, 99573,20181215,-9999,    9
 18270, 99573,20181216,-9999,    9
 18270, 99573,20181217,-9999,    9
 18270, 99573,20181218,-9999,    9
 18270, 99573,20181219,-9999,    9
 18270, 99573,20181220,-9999,    9
 18270, 99573,20181221,-9999,    9
 18270, 99573,20181222,-9999,    9
 18270, 99573,20181223,-9999,    9
 18270, 99573,20181224,-9999,    9
 18270, 99573,20181225,-9999,    9
 18270, 99573,20181226,-9999,    9
 18270, 99573,20181227,-9999,    9
 18270, 99573,20181228,-9999,    9
 18270, 99573,20181229,-9999,    9
 18270, 99573,20181230,-9999,    9
 18270, 99573,20181231,-9999,    9
 18270, 99573,20190101,-9999,    9
 18270, 99573,20190102,-9999,    9
 18270, 99573,20190103,  -39,    0
 18270, 99573,20190104,-9999,    9
 18270, 99573,20190105,-9999,    9
 18270, 99573,20190106,-9999,    9
 18270, 99573,20190107,  -57,    0
 18270, 99573,20190108,-9999,    9
 18270, 99573,20190109,-9999,    9
 18270, 99573,20190110,-9999,    9
 18270, 99573,20190111,-9999,    9
 18270, 99573,20190112,-9999,    9
 18270, 99573,20190113,-9999,    9
 18270, 99573,20190114,-9999,    9
 18270, 99573,20190115,-9999,    9
 18270, 99573,20190116,-9999,    9
 18270, 99573,20190117,-9999,    9
 18270, 99573,20190118,-9999,    9
 18270, 99573,20190119,-9999,    9
 18270, 99573,20190120,-9999,    9
 18270, 99573,20190121,-9999,    9
 18270, 99573,20190122,-9999,    9
 18270, 99573,20190123,-9999,    9
 18270, 99573,20190124,-9999,    9
 18270, 99573,20190125,-9999,    9
 18270, 99573,20190126,-9999,    9
 18270, 99573,20190127,-9999,    9
 18270, 99573,20190128,-9999,    9
 18270, 99573,20190129,-9999,    9
 18270, 99573,20190130,-9999,    9
 18270, 99573,20190131,-9999,    9
 18270, 99573,20190201,-9999,    9
 18270, 99573,20190202,-9999,    9
 18270, 99573,20190203,-9999,    9
 18270, 99573,20190204,-9999,    9
 18270, 99573,20190205,-9999,    9
 18270, 99573,20190206,-9999,    9
 18270, 99573,20190207,-9999,    9
 18270, 99573,20190208,-9999,    9
 18270, 99573,20190209,-9999,    9
 18270, 99573,20190210,-9999,    9
 18270, 99573,20190211,-9999,    9
 18270, 99573,20190212,-9999,    9
 18270, 99573,20190213,-9999,    9
 18270, 99573,20190214,-9999,    9
 18270, 99573,20190215,-9999,    9
 18270, 99573,20190216,-9999,    9
 18270, 99573,20190217,-9999,    9
 18270, 99573,20190218,-9999,    9
 18270, 99573,20190219,-9999,    9
 18270, 99573,20190220,-9999,    9
 18270, 99573,20190221,-9999,    9
 18270, 99573,20190222,-9999,    9
 18270, 99573,20190223,-9999,    9
 18270, 99573,20190224,-9999,    9
 18270, 99573,20190225,-9999,    9
 18270, 99573,20190226,-9999,    9
 18270, 99573,20190227,-9999,    9
 18270, 99573,20190228,-9999,    9
 18270, 99573,20190301,-9999,    9
 18270, 99573,20190302,-9999,    9
 18270, 99573,20190303,-9999,    9
 18270, 99573,20190304,-9999,    9
 18270, 99573,20190305,-9999,    9
 18270, 99573,20190306,-9999,    9
 18270, 99573,20190307,-9999,    9
 18270, 99573,20190308,-9999,    9
 18270, 99573,20190309,-9999,    9
 18270, 99573,20190310,-9999,    9
 18270, 99573,20190311,-9999,    9
 18270, 99573,20190312,-9999,    9
 18270, 99573,20190313,-9999,    9
 18270, 99573,20190314,-9999,    9
 18270, 99573,20190315,-9999,    9
 18270, 99573,20190316,-9999,    9
 18270, 99573,20190317,-9999,    9
 18270, 99573,20190318,-9999,    9
 18270, 99573,20190319,  -75,    0
 18270, 99573,20190320,  -22,    0
 18270, 99573,20190321,  -18,    0
 18270, 99573,20190322,  -45,    0
 18270, 99573,20190323,  -56,    0
 18270, 99573,20190324,  -61,    0
 18270, 99573,20190325,  -64,    0
 18270, 99573,20190326,  -47,    0
 18270, 99573,20190327,  -21,    0
 18270, 99573,20190328,-9999,    9
 18270, 99573,20190329,-9999,    9
 18270, 99573,20190330,-9999,    9
 18270, 99573,20190331,-9999,    9
 18270, 99573,20190401,-9999,    9
 18270, 99573,20190402,-9999,    9
 18270, 99573,20190403,-9999,    9
 18270, 99573,20190404,-9999,    9
 18270, 99573,20190405,-9999,    9
 18270, 99573,20190406,-9999,    9
 18270, 99573,20190407,-9999,    9
 18270, 99573,20190408,-9999,    9
 18270, 99573,20190409,-9999,    9
 18270, 99573,20190410,-9999,    9
 18270, 99573,20190411,-9999,    9
 18270, 99573,20190412,-9999,    9
 18270, 99573,20190413,-9999,    9
 18270, 99573,20190414,-9999,    9
 18270, 99573,20190415,-9999,    9
 18270, 99573,20190416,-9999,    9
 18270, 99573,20190417,-9999,    9
 18270, 99573,20190418,-9999,    9
 18270, 99573,20190419,-9999,    9
 18270, 99573,20190420,-9999,    9
 18270, 99573,20190421,-9999,    9
 18270, 99573,20190422,-9999,    9
 18270, 99573,20190423,-9999,    9
 18270, 99573,20190424,-9999,    9
 18270, 99573,20190425,-9999,    9
 18270, 99573,20190426,-9999,    9
 18270, 99573,20190427,-9999,    9
 18270, 99573,20190428,-9999,    9
 18270, 99573,20190429,-9999,    9
 18270, 99573,20190430,-9999,    9
 18270, 99573,20190501,-9999,    9
 18270, 99573,20190502,-9999,    9
 18270, 99573,20190503,-9999,    9
 18270, 99573,20190504,-9999,    9
 18270, 99573,20190505,-9999,    9
 18270, 99573,20190506,-9999,    9
 18270, 99573,20190507,-9999,    9
 18270, 99573,20190508,-9999,    9
 18270, 99573,20190509,-9999,    9
 18270, 99573,20190510,-9999,    9
 18270, 99573,20190511,-9999,    9
 18270, 99573,20190512,-9999,    9
 18270, 99573,20190513,-9999,    9
 18270, 99573,20190514,-9999,    9
 18270, 99573,20190515,-9999,    9
 18270, 99573,20190516,-9999,    9
 18270, 99573,20190517,-9999,    9
 18270, 99573,20190518,-9999,    9
 18270, 99573,20190519,-9999,    9
 18270, 99573,20190520,-9999,    9
 18270, 99573,20190521,-9999,    9
 18270, 99573,20190522,-9999,    9
 18270, 99573,20190523,-9999,    9
 18270, 99573,20190524,-9999,    9
 18270, 99573,20190525,-9999,    9
 18270, 99573,20190526,-9999,    9
 18270, 99573,20190527,-9999,    9
 18270, 99573,20190528,-9999,    9
 18270, 99573,20190529,-9999,    9
 18270, 99573,20190530,-9999,    9
 18270, 99573,20190531,-9999,    9
 18270, 99573,20190601,-9999,    9
 18270, 99573,20190602,-9999,    9
 18270, 99573,20190603,-9999,    9
 18270, 99573,20190604,-9999,    9
 18270, 99573,20190605,-9999,    9
 18270, 99573,20190606,-9999,    9
 18270, 99573,20190607,-9999,    9
 18270, 99573,20190608,   67,    0
 18270, 99573,20190609,   47,    0
 18270, 99573,20190610,-9999,    9
 18270, 99573,20190611,-9999,    9
 18270, 99573,20190612,-9999,    9
 18270, 99573,20190613,-9999,    9
 18270, 99573,20190614,-9999,    9
 18270, 99573,20190615,-9999,    9
 18270, 99573,20190616,-9999,    9
 18270, 99573,20190617,-9999,    9
 18270, 99573,20190618,-9999,    9
 18270, 99573,20190619,-9999,    9
 18270, 99573,20190620,-9999,    9
 18270, 99573,20190621,-9999,    9
 18270, 99573,20190622,-9999,    9
 18270, 99573,20190623,-9999,    9
 18270, 99573,20190624,-9999,    9
 18270, 99573,20190625,-9999,    9
 18270, 99573,20190626,-9999,    9
 18270, 99573,20190627,-9999,    9
 18270, 99573,20190628,-9999,    9
 18270, 99573,20190629,-9999,    9
 18270, 99573,20190630,-9999,    9
 18270, 99573,20190701,-9999,    9
 18270, 99573,20190702,-9999,    9
 18270, 99573,20190703,-9999,    9
 18270, 99573,20190704,-9999,    9
 18270, 99573,20190705,-9999,    9
 18270, 99573,20190706,-9999,    9
 18270, 99573,20190707,-9999,    9
 18270, 99573,20190708,-9999,    9
 18270, 99573,20190709,-9999,    9
 18270, 99573,20190710,-9999,    9
 18270, 99573,20190711,-9999,    9
 18270, 99573,20190712,-9999,    9
 18270, 99573,20190713,-9999,    9
 18270, 99573,20190714,-9999,    9
 18270, 99573,20190715,-9999,    9
 18270, 99573,20190716,-9999,    9
 18270, 99573,20190717,-9999,    9
 18270, 99573,20190718,-9999,    9
 18270, 99573,20190719,-9999,    9
 18270, 99573,20190720,-9999,    9
 18270, 99573,20190721,-9999,    9
 18270, 99573,20190722,-9999,    9
 18270, 99573,20190723,-9999,    9
 18270, 99573,20190724,-9999,    9
 18270, 99573,20190725,-9999,    9
 18270, 99573,20190726,-9999,    9
 18270, 99573,20190727,-9999,    9
 18270, 99573,20190728,-9999,    9
 18270, 99573,20190729,-9999,    9
 18270, 99573,20190730,-9999,    9
 18270, 99573,20190731,-9999,    9
 18270, 99573,20190801,-9999,    9
 18270, 99573,20190802,-9999,    9
 18270, 99573,20190803,-9999,    9
 18270, 99573,20190804,-9999,    9
 18270, 99573,20190805,-9999,    9
 18270, 99573,20190806,-9999,    9
 18270, 99573,20190807,-9999,    9
 18270, 99573,20190808,-9999,    9
 18270, 99573,20190809,-9999,    9
 18270, 99573,20190810,-9999,    9
 18270, 99573,20190811,-9999,    9
 18270, 99573,20190812,-9999,    9
 18270, 99573,20190813,-9999,    9
 18270, 99573,20190814,-9999,    9
 18270, 99573,20190815,-9999,    9
 18270, 99573,20190816,-9999,    9
 18270, 99573,20190817,-9999,    9
 18270, 99573,20190818,-9999,    9
 18270, 99573,20190819,   84,    0
 18270, 99573,20190820,   73,    0
 18270, 99573,20190821,-9999,    9
 18270, 99573,20190822,   92,    0
 18270, 99573,20190823,  100,    0
 18270, 99573,20190824,  103,    0
 18270, 99573,20190825,  117,    0
 18270, 99573,20190826,  103,    0
 18270, 99573,20190827,  159,    0
 18270, 99573,20190828,-9999,    9
 18270, 99573,20190829,-9999,    9
 18270, 99573,20190830,-9999,    9
 18270, 99573,20190831,-9999,    9
 18270, 99573,20190901,-9999,    9
 18270, 99573,20190902,-9999,    9
 18270, 99573,20190903,-9999,    9
 18270, 99573,20190904,-9999,    9
 18270, 99573,20190905,-9999,    9
 18270, 99573,20190906,-9999,    9
 18270, 99573,20190907,-9999,    9
 18270, 99573,20190908,-9999,    9
 18270, 99573,20190909,-9999,    9
 18270, 99573,20190910,-9999,    9
 18270, 99573,20190911,-9999,    9
 18270, 99573,20190912,-9999,    9
 18270, 99573,20190913,-9999,    9
 18270, 99573,20190914,-9999,    9
 18270, 99573,20190915,-9999,    9
 18270, 99573,20190916,-9999,    9
 18270, 99573,20190917,-9999,    9
 18270, 99573,20190918,-9999,    9
 18270, 99573,20190919,-9999,    9
 18270, 99573,20190920,-9999,    9
 18270, 99573,20190921,-9999,    9
 18270, 99573,20190922,-9999,    9
 18270, 99573,20190923,-9999,    9
 18270, 99573,20190924,-9999,    9
 18270, 99573,20190925,-9999,    9
 18270, 99573,20190926,-9999,    9
 18270, 99573,20190927,-9999,    9
 18270, 99573,20190928,-9999,    9
 18270, 99573,20190929,-9999,    9
 18270, 99573,20190930,-9999,    9
 18270, 99573,20191001,-9999,    9
 18270, 99573,20191002,-9999,    9
 18270, 99573,20191003,-9999,    9
 18270, 99573,20191004,-9999,    9
 18270, 99573,20191005,-9999,    9
 18270, 99573,20191006,-9999,    9
 18270, 99573,20191007,-9999,    9
 18270, 99573,20191008,-9999,    9
 18270, 99573,20191009,-9999,    9
 18270, 99573,20191010,-9999,    9
 18270, 99573,20191011,-9999,    9
 18270, 99573,20191012,-9999,    9
 18270, 99573,20191013,-9999,    9
 18270, 99573,20191014,-9999,    9
 18270, 99573,20191015,-9999,    9
 18270, 99573,20191016,-9999,    9
 18270, 99573,20191017,-9999,    9
 18270, 99573,20191018,-9999,    9
 18270, 99573,20191019,-9999,    9
 18270, 99573,20191020,-9999,    9
 18270, 99573,20191021,-9999,    9
 18270, 99573,20191022,-9999,    9
 18270, 99573,20191023,   47,    0
 18270, 99573,20191024,-9999,    9
 18270, 99573,20191025,-9999,    9
 18270, 99573,20191026,-9999,    9
 18270, 99573,20191027,-9999,    9
 18270, 99573,20191028,-9999,    9
 18270, 99573,20191029,  -64,    0
 18270, 99573,20191030,  -35,    0
 18270, 99573,20191031,  -24,    0
 18270, 99573,20191101,  -59,    0
 18270, 99573,20191102,  -51,    0
 18270, 99573,20191103,  -57,    0
 18270, 99573,20191104,-9999,    9
 18270, 99573,20191105,-9999,    9
 18270, 99573,20191106,-9999,    9
 18270, 99573,20191107,-9999,    9
 18270, 99573,20191108,-9999,    9
 18270, 99573,20191109,-9999,    9
 18270, 99573,20191110,-9999,    9
 18270, 99573,20191111,-9999,    9
 18270, 99573,20191112,-9999,    9
 18270, 99573,20191113,-9999,    9
 18270, 99573,20191114,-9999,    9
 18270, 99573,20191115,-9999,    9
 18270, 99573,20191116,-9999,    9
 18270, 99573,20191117,-9999,    9
 18270, 99573,20191118,-9999,    9
 18270, 99573,20191119,-9999,    9
 18270, 99573,20191120,-9999,    9
 18270, 99573,20191121,-9999,    9
 18270, 99573,20191122,-9999,    9
 18270, 99573,20191123,-9999,    9
 18270, 99573,20191124,-9999,    9
 18270, 99573,20191125,-9999,    9
 18270, 99573,20191126,  -25,    0
 18270, 99573,20191127,  -38,    0
 18270, 99573,20191128,-9999,    9
 18270, 99573,20191129,-9999,    9
 18270, 99573,20191130,-9999,    9
 18270, 99573,20191201,-9999,    9
 18270, 99573,20191202,-9999,    9
 18270, 99573,20191203,-9999,    9
 18270, 99573,20191204,-9999,    9
 18270, 99573,20191205,-9999,    9
 18270, 99573,20191206,-9999,    9
 18270, 99573,20191207,-9999,    9
 18270, 99573,20191208,-9999,    9
 18270, 99573,20191209,-9999,    9
 18270, 99573,20191210,-9999,    9
 18270, 99573,20191211,-9999,    9
 18270, 99573,20191212,-9999,    9
 18270, 99573,20191213,-9999,    9
 18270, 99573,20191214,-9999,    9
 18270, 99573,20191215,-9999,    9
 18270, 99573,20191216,-9999,    9
 18270, 99573,20191217,-9999,    9
 18270, 99573,20191218,-9999,    9
 18270, 99573,20191219,-9999,    9
 18270, 99573,20191220,-9999,    9
 18270, 99573,20191221,-9999,    9
 18270, 99573,20191222,-9999,    9
 18270, 99573,20191223,-9999,    9
 18270, 99573,20191224,-9999,    9
 18270, 99573,20191225,-9999,    9
 18270, 99573,20191226,-9999,    9
 18270, 99573,20191227,-9999,    9
 18270, 99573,20191228,-9999,    9
 18270, 99573,20191229,-9999,    9
 18270, 99573,20191230,-9999,    9
 18270, 99573,20191231,-9999,    9
 18270, 99573,20200101,-9999,    9
 18270, 99573,20200102,-9999,    9
 18270, 99573,20200103,-9999,    9
 18270, 99573,20200104,-9999,    9
 18270, 99573,20200105,-9999,    9
 18270, 99573,20200106,-9999,    9
 18270, 99573,20200107,-9999,    9
 18270, 99573,20200108,-9999,    9
 18270, 99573,20200109,-9999,    9
 18270, 99573,20200110,-9999,    9
 18270, 99573,20200111,-9999,    9
 18270, 99573,20200112,-9999,    9
 18270, 99573,20200113,-9999,    9
 18270, 99573,20200114,-9999,    9
 18270, 99573,20200115,-9999,    9
 18270, 99573,20200116,-9999,    9
 18270, 99573,20200117,-9999,    9
 18270, 99573,20200118,-9999,    9
 18270, 99573,20200119,-9999,    9
 18270, 99573,20200120,-9999,    9
 18270, 99573,20200121,-9999,    9
 18270, 99573,20200122,-9999,    9
 18270, 99573,20200123,-9999,    9
 18270, 99573,20200124,-9999,    9
 18270, 99573,20200125,-9999,    9
 18270, 99573,20200126,-9999,    9
 18270, 99573,20200127,-9999,    9
 18270, 99573,20200128,-9999,    9
 18270, 99573,20200129,-9999,    9
 18270, 99573,20200130,-9999,    9
 18270, 99573,20200131,-9999,    9
 18270, 99573,20200201,-9999,    9
 18270, 99573,20200202,-9999,    9
 18270, 99573,20200203,-9999,    9
 18270, 99573,20200204,-9999,    9
 18270, 99573,20200205,-9999,    9
 18270, 99573,20200206,-9999,    9
 18270, 99573,20200207,-9999,    9
 18270, 99573,20200208,-9999,    9
 18270, 99573,20200209,-9999,    9
 18270, 99573,20200210,-9999,    9
 18270, 99573,20200211,-9999,    9
 18270, 99573,20200212,-9999,    9
 18270, 99573,20200213,-9999,    9
 18270, 99573,20200214,-9999,    9
 18270, 99573,20200215,-9999,    9
 18270, 99573,20200216,-9999,    9
 18270, 99573,20200217,-9999,    9
 18270, 99573,20200218,-9999,    9
 18270, 99573,20200219,-9999,    9
 18270, 99573,20200220,-9999,    9
 18270, 99573,20200221,-9999,    9
 18270, 99573,20200222,-9999,    9
 18270, 99573,20200223,-9999,    9
 18270, 99573,20200224,-9999,    9
 18270, 99573,20200225,-9999,    9
 18270, 99573,20200226,-9999,    9
 18270, 99573,20200227,-9999,    9
 18270, 99573,20200228,-9999,    9
 18270, 99573,20200229,-9999,    9
 18270, 99573,20200301,-9999,    9
 18270, 99573,20200302,-9999,    9
 18270, 99573,20200303,-9999,    9
 18270, 99573,20200304,-9999,    9
 18270, 99573,20200305,-9999,    9
 18270, 99573,20200306,-9999,    9
 18270, 99573,20200307,-9999,    9
 18270, 99573,20200308,-9999,    9
 18270, 99573,20200309,-9999,    9
 18270, 99573,20200310,-9999,    9
 18270, 99573,20200311,-9999,    9
 18270, 99573,20200312,-9999,    9
 18270, 99573,20200313,-9999,    9
 18270, 99573,20200314,-9999,    9
 18270, 99573,20200315,-9999,    9
 18270, 99573,20200316,-9999,    9
 18270, 99573,20200317,-9999,    9
 18270, 99573,20200318,-9999,    9
 18270, 99573,20200319,-9999,    9
 18270, 99573,20200320,-9999,    9
 18270, 99573,20200321,-9999,    9
 18270, 99573,20200322,-9999,    9
 18270, 99573,20200323,-9999,    9
 18270, 99573,20200324,-9999,    9
 18270, 99573,20200325,-9999,    9
 18270, 99573,20200326,-9999,    9
 18270, 99573,20200327,-9999,    9
 18270, 99573,20200328,-9999,    9
 18270, 99573,20200329,-9999,    9
 18270, 99573,20200330,-9999,    9
 18270, 99573,20200331,-9999,    9
 18270, 99573,20200401,-9999,    9
 18270, 99573,20200402,-9999,    9
 18270, 99573,20200403,-9999,    9
 18270, 99573,20200404,-9999,    9
 18270, 99573,20200405,-9999,    9
 18270, 99573,20200406,-9999,    9
 18270, 99573,20200407,-9999,    9
 18270, 99573,20200408,-9999,    9
 18270, 99573,20200409,-9999,    9
 18270, 99573,20200410,-9999,    9
 18270, 99573,20200411,-9999,    9
 18270, 99573,20200412,-9999,    9
 18270, 99573,20200413,-9999,    9
 18270, 99573,20200414,-9999,    9
 18270, 99573,20200415,-9999,    9
 18270, 99573,20200416,-9999,    9
 18270, 99573,20200417,-9999,    9
 18270, 99573,20200418,-9999,    9
 18270, 99573,20200419,-9999,    9
 18270, 99573,20200420,-9999,    9
 18270, 99573,20200421,-9999,    9
 18270, 99573,20200422,-9999,    9
 18270, 99573,20200423,-9999,    9
 18270, 99573,20200424,-9999,    9
 18270, 99573,20200425,-9999,    9
 18270, 99573,20200426,-9999,    9
 18270, 99573,20200427,-9999,    9
 18270, 99573,20200428,-9999,    9
 18270, 99573,20200429,-9999,    9
 18270, 99573,20200430,-9999,    9
 18270, 99573,20200501,-9999,    9
 18270, 99573,20200502,-9999,    9
 18270, 99573,20200503,-9999,    9
 18270, 99573,20200504,-9999,    9
 18270, 99573,20200505,-9999,    9
 18270, 99573,20200506,-9999,    9
 18270, 99573,20200507,-9999,    9
 18270, 99573,20200508,-9999,    9
 18270, 99573,20200509,-9999,    9
 18270, 99573,20200510,-9999,    9
 18270, 99573,20200511,-9999,    9
 18270, 99573,20200512,-9999,    9
 18270, 99573,20200513,-9999,    9
 18270, 99573,20200514,-9999,    9
 18270, 99573,20200515,-9999,    9
 18270, 99573,20200516,-9999,    9
 18270, 99573,20200517,-9999,    9
 18270, 99573,20200518,-9999,    9
 18270, 99573,20200519,-9999,    9
 18270, 99573,20200520,-9999,    9
 18270, 99573,20200521,-9999,    9
 18270, 99573,20200522,-9999,    9
 18270, 99573,20200523,-9999,    9
 18270, 99573,20200524,-9999,    9
 18270, 99573,20200525,-9999,    9
 18270, 99573,20200526,-9999,    9
 18270, 99573,20200527,-9999,    9
 18270, 99573,20200528,-9999,    9
 18270, 99573,20200529,-9999,    9
 18270, 99573,20200530,-9999,    9
 18270, 99573,20200531,-9999,    9
 18270, 99573,20200601,-9999,    9
 18270, 99573,20200602,-9999,    9
 18270, 99573,20200603,-9999,    9
 18270, 99573,20200604,-9999,    9
 18270, 99573,20200605,-9999,    9
 18270, 99573,20200606,-9999,    9
 18270, 99573,20200607,-9999,    9
 18270, 99573,20200608,-9999,    9
 18270, 99573,20200609,-9999,    9
 18270, 99573,20200610,-9999,    9
 18270, 99573,20200611,-9999,    9
 18270, 99573,20200612,-9999,    9
 18270, 99573,20200613,-9999,    9
 18270, 99573,20200614,-9999,    9
 18270, 99573,20200615,-9999,    9
 18270, 99573,20200616,-9999,    9
 18270, 99573,20200617,-9999,    9
 18270, 99573,20200618,-9999,    9
 18270, 99573,20200619,-9999,    9
 18270, 99573,20200620,-9999,    9
 18270, 99573,20200621,-9999,    9
 18270, 99573,20200622,-9999,    9
 18270, 99573,20200623,-9999,    9
 18270, 99573,20200624,-9999,    9
 18270, 99573,20200625,-9999,    9
 18270, 99573,20200626,-9999,    9
 18270, 99573,20200627,-9999,    9
 18270, 99573,20200628,-9999,    9
 18270, 99573,20200629,-9999,    9
 18270, 99573,20200630,-9999,    9
 18270, 99573,20200701,-9999,    9
 18270, 99573,20200702,-9999,    9
 18270, 99573,20200703,-9999,    9
 18270, 99573,20200704,-9999,    9
 18270, 99573,20200705,-9999,    9
 18270, 99573,20200706,-9999,    9
 18270, 99573,20200707,-9999,    9
 18270, 99573,20200708,-9999,    9
 18270, 99573,20200709,-9999,    9
 18270, 99573,20200710,-9999,    9
 18270, 99573,20200711,-9999,    9
 18270, 99573,20200712,-9999,    9
 18270, 99573,20200713,-9999,    9
 18270, 99573,20200714,-9999,    9
 18270, 99573,20200715,-9999,    9
 18270, 99573,20200716,-9999,    9
 18270, 99573,20200717,-9999,    9
 18270, 99573,20200718,-9999,    9
 18270, 99573,20200719,-9999,    9
 18270, 99573,20200720,-9999,    9
 18270, 99573,20200721,-9999,    9
 18270, 99573,20200722,-9999,    9
 18270, 99573,20200723,-9999,    9
 18270, 99573,20200724,-9999,    9
 18270, 99573,20200725,-9999,    9
 18270, 99573,20200726,-9999,    9
 18270, 99573,20200727,-9999,    9
 18270, 99573,20200728,-9999,    9
 18270, 99573,20200729,-9999,    9
 18270, 99573,20200730,-9999,    9
 18270, 99573,20200731,-9999,    9
 18270, 99573,20200801,-9999,    9
 18270, 99573,20200802,-9999,    9
 18270, 99573,20200803,-9999,    9
 18270, 99573,20200804,-9999,    9
 18270, 99573,20200805,-9999,    9
 18270, 99573,20200806,-9999,    9
 18270, 99573,20200807,-9999,    9
 18270, 99573,20200808,-9999,    9
 18270, 99573,20200809,-9999,    9
 18270, 99573,20200810,-9999,    9
 18270, 99573,20200811,-9999,    9
 18270, 99573,20200812,-9999,    9
 18270, 99573,20200813,-9999,    9
 18270, 99573,20200814,-9999,    9
 18270, 99573,20200815,-9999,    9
 18270, 99573,20200816,-9999,    9
 18270, 99573,20200817,-9999,    9
 18270, 99573,20200818,-9999,    9
 18270, 99573,20200819,-9999,    9
 18270, 99573,20200820,-9999,    9
 18270, 99573,20200821,-9999,    9
 18270, 99573,20200822,-9999,    9
 18270, 99573,20200823,-9999,    9
 18270, 99573,20200824,-9999,    9
 18270, 99573,20200825,-9999,    9
 18270, 99573,20200826,-9999,    9
 18270, 99573,20200827,-9999,    9
 18270, 99573,20200828,-9999,    9
 18270, 99573,20200829,-9999,    9
 18270, 99573,20200830,-9999,    9
 18270, 99573,20200831,-9999,    9
 18270, 99573,20200901,-9999,    9
 18270, 99573,20200902,-9999,    9
 18270, 99573,20200903,-9999,    9
 18270, 99573,20200904,-9999,    9
 18270, 99573,20200905,-9999,    9
 18270, 99573,20200906,-9999,    9
 18270, 99573,20200907,-9999,    9
 18270, 99573,20200908,-9999,    9
 18270, 99573,20200909,-9999,    9
 18270, 99573,20200910,-9999,    9
 18270, 99573,20200911,-9999,    9
 18270, 99573,20200912,-9999,    9
 18270, 99573,20200913,-9999,    9
 18270, 99573,20200914,-9999,    9
 18270, 99573,20200915,-9999,    9
 18270, 99573,20200916,-9999,    9
 18270, 99573,20200917,-9999,    9
 18270, 99573,20200918,-9999,    9
 18270, 99573,20200919,-9999,    9
 18270, 99573,20200920,-9999,    9
 18270, 99573,20200921,-9999,    9
 18270, 99573,20200922,-9999,    9
 18270, 99573,20200923,-9999,    9
 18270, 99573,20200924,-9999,    9
 18270, 99573,20200925,-9999,    9
 18270, 99573,20200926,-9999,    9
 18270, 99573,20200927,-9999,    9
 18270, 99573,20200928,-9999,    9
 18270, 99573,20200929,-9999,    9
 18270, 99573,20200930,-9999,    9
 18270, 99573,20201001,-9999,    9
 18270, 99573,20201002,-9999,    9
 18270, 99573,20201003,-9999,    9
 18270, 99573,20201004,-9999,    9
 18270, 99573,20201005,-9999,    9
 18270, 99573,20201006,-9999,    9
 18270, 99573,20201007,-9999,    9
 18270, 99573,20201008,-9999,    9
 18270, 99573,20201009,-9999,    9
 18270, 99573,20201010,-9999,    9
 18270, 99573,20201011,-9999,    9
 18270, 99573,20201012,-9999,    9
 18270, 99573,20201013,-9999,    9
 18270, 99573,20201014,-9999,    9
 18270, 99573,20201015,-9999,    9
 18270, 99573,20201016,-9999,    9
 18270, 99573,20201017,-9999,    9
 18270, 99573,20201018,-9999,    9
 18270, 99573,20201019,-9999,    9
 18270, 99573,20201020,-9999,    9
 18270, 99573,20201021,-9999,    9
 18270, 99573,20201022,-9999,    9
 18270, 99573,20201023,-9999,    9
 18270, 99573,20201024,-9999,    9
 18270, 99573,20201025,-9999,    9
 18270, 99573,20201026,-9999,    9
 18270, 99573,20201027,-9999,    9
 18270, 99573,20201028,-9999,    9
 18270, 99573,20201029,-9999,    9
 18270, 99573,20201030,-9999,    9
 18270, 99573,20201031,-9999,    9
 18270, 99573,20201101,-9999,    9
 18270, 99573,20201102,-9999,    9
 18270, 99573,20201103,-9999,    9
 18270, 99573,20201104,-9999,    9
 18270, 99573,20201105,-9999,    9
 18270, 99573,20201106,-9999,    9
 18270, 99573,20201107,-9999,    9
 18270, 99573,20201108,-9999,    9
 18270, 99573,20201109,-9999,    9
 18270, 99573,20201110,-9999,    9
 18270, 99573,20201111,-9999,    9
 18270, 99573,20201112,-9999,    9
 18270, 99573,20201113,-9999,    9
 18270, 99573,20201114,-9999,    9
 18270, 99573,20201115,-9999,    9
 18270, 99573,20201116,-9999,    9
 18270, 99573,20201117,-9999,    9
 18270, 99573,20201118,-9999,    9
 18270, 99573,20201119,-9999,    9
 18270, 99573,20201120,-9999,    9
 18270, 99573,20201121,-9999,    9
 18270, 99573,20201122,-9999,    9
 18270, 99573,20201123,-9999,    9
 18270, 99573,20201124,-9999,    9
 18270, 99573,20201125,-9999,    9
 18270, 99573,20201126,-9999,    9
 18270, 99573,20201127,-9999,    9
 18270, 99573,20201128,-9999,    9
 18270, 99573,20201129,-9999,    9
 18270, 99573,20201130,-9999,    9
 18270, 99573,20201201,-9999,    9
 18270, 99573,20201202,-9999,    9
 18270, 99573,20201203,-9999,    9
 18270, 99573,20201204,-9999,    9
 18270, 99573,20201205,-9999,    9
 18270, 99573,20201206,-9999,    9
 18270, 99573,20201207,-9999,    9
 18270, 99573,20201208,-9999,    9
 18270, 99573,20201209,-9999,    9
 18270, 99573,20201210,-9999,    9
 18270, 99573,20201211,-9999,    9
 18270, 99573,20201212,-9999,    9
 18270, 99573,20201213,-9999,    9
 18270, 99573,20201214,-9999,    9
 18270, 99573,20201215,-9999,    9
 18270, 99573,20201216,-9999,    9
 18270, 99573,20201217,-9999,    9
 18270, 99573,20201218,-9999,    9
 18270, 99573,20201219,-9999,    9
 18270, 99573,20201220,-9999,    9
 18270, 99573,20201221,-9999,    9
 18270, 99573,20201222,-9999,    9
 18270, 99573,20201223,-9999,    9
 18270, 99573,20201224,-9999,    9
 18270, 99573,20201225,-9999,    9
 18270, 99573,20201226,-9999,    9
 18270, 99573,20201227,-9999,    9
 18270, 99573,20201228,-9999,    9
 18270, 99573,20201229,-9999,    9
 18270, 99573,20201230,-9999,    9
 18270, 99573,20201231,-9999,    9
 18270, 99573,20210101,-9999,    9
 18270, 99573,20210102,-9999,    9
 18270, 99573,20210103,-9999,    9
 18270, 99573,20210104,-9999,    9
 18270, 99573,20210105,-9999,    9
 18270, 99573,20210106,-9999,    9
 18270, 99573,20210107,-9999,    9
 18270, 99573,20210108,-9999,    9
 18270, 99573,20210109,-9999,    9
 18270, 99573,20210110,-9999,    9
 18270, 99573,20210111,-9999,    9
 18270, 99573,20210112,-9999,    9
 18270, 99573,20210113,-9999,    9
 18270, 99573,20210114,-9999,    9
 18270, 99573,20210115,-9999,    9
 18270, 99573,20210116,-9999,    9
 18270, 99573,20210117,-9999,    9
 18270, 99573,20210118,-9999,    9
 18270, 99573,20210119,-9999,    9
 18270, 99573,20210120,-9999,    9
 18270, 99573,20210121,-9999,    9
 18270, 99573,20210122,-9999,    9
 18270, 99573,20210123,-9999,    9
 18270, 99573,20210124,-9999,    9
 18270, 99573,20210125,-9999,    9
 18270, 99573,20210126,-9999,    9
 18270, 99573,20210127,-9999,    9
 18270, 99573,20210128,-9999,    9
 18270, 99573,20210129,-9999,    9
 18270, 99573,20210130,-9999,    9
 18270, 99573,20210131,-9999,    9
 18270, 99573,20210201,-9999,    9
 18270, 99573,20210202,-9999,    9
 18270, 99573,20210203,-9999,    9
 18270, 99573,20210204,-9999,    9
 18270, 99573,20210205,-9999,    9
 18270, 99573,20210206,-9999,    9
 18270, 99573,20210207,-9999,    9
 18270, 99573,20210208,-9999,    9
 18270, 99573,20210209,-9999,    9
 18270, 99573,20210210,-9999,    9
 18270, 99573,20210211,-9999,    9
 18270, 99573,20210212,-9999,    9
 18270, 99573,20210213,-9999,    9
 18270, 99573,20210214,-9999,    9
 18270, 99573,20210215,-9999,    9
 18270, 99573,20210216,-9999,    9
 18270, 99573,20210217,-9999,    9
 18270, 99573,20210218,-9999,    9
 18270, 99573,20210219,-9999,    9
 18270, 99573,20210220,-9999,    9
 18270, 99573,20210221,-9999,    9
 18270, 99573,20210222,-9999,    9
 18270, 99573,20210223,-9999,    9
 18270, 99573,20210224,-9999,    9
 18270, 99573,20210225,-9999,    9
 18270, 99573,20210226,-9999,    9
 18270, 99573,20210227,-9999,    9
 18270, 99573,20210228,-9999,    9
 18270, 99573,20210301,-9999,    9
 18270, 99573,20210302,-9999,    9
 18270, 99573,20210303,-9999,    9
 18270, 99573,20210304,-9999,    9
 18270, 99573,20210305,-9999,    9
 18270, 99573,20210306,-9999,    9
 18270, 99573,20210307,-9999,    9
 18270, 99573,20210308, -130,    0
 18270, 99573,20210309,  -84,    0
 18270, 99573,20210310,  -72,    0
 18270, 99573,20210311,  -37,    0
 18270, 99573,20210312,  -37,    0
 18270, 99573,20210313,  -47,    0
 18270, 99573,20210314,  -50,    0
 18270, 99573,20210315,  -57,    0
 18270, 99573,20210316,  -64,    0
 18270, 99573,20210317, -104,    0
 18270, 99573,20210318,-9999,    9
 18270, 99573,20210319,  -55,    0
 18270, 99573,20210320,  -12,    0
 18270, 99573,20210321,  -50,    0
 18270, 99573,20210322,   -9,    0
 18270, 99573,20210323,    5,    0
 18270, 99573,20210324,  -16,    0
 18270, 99573,20210325,  -20,    0
 18270, 99573,20210326,   -9,    0
 18270, 99573,20210327,  -31,    0
 18270, 99573,20210328,  -37,    0
 18270, 99573,20210329,   13,    0
 18270, 99573,20210330,   32,    0
 18270, 99573,20210331,    5,    0
 18270, 99573,20210401,  -36,    0
 18270, 99573,20210402,  -26,    0
 18270, 99573,20210403,  -35,    0
 18270, 99573,20210404,  -32,    0
 18270, 99573,20210405,  -86,    0
 18270, 99573,20210406,  -66,    0
 18270, 99573,20210407,  -52,    0
 18270, 99573,20210408,  -64,    0
 18270, 99573,20210409,  -57,    0
 18270, 99573,20210410,  -66,    0
 18270, 99573,20210411,  -80,    0
 18270, 99573,20210412,  -51,    0
 18270, 99573,20210413,  -63,    0
 18270, 99573,20210414,  -64,    0
 18270, 99573,20210415,  -93,    0
 18270, 99573,20210416,  -83,    0
 18270, 99573,20210417,  -51,    0
 18270, 99573,20210418,  -11,    0
 18270, 99573,20210419,    3,    0
 18270, 99573,20210420,    9,    0
 18270, 99573,20210421,  -33,    0
 18270, 99573,20210422,  -39,    0
 18270, 99573,20210423,  -42,    0
 18270, 99573,20210424,  -67,    0
 18270, 99573,20210425,  -76,    0
 18270, 99573,20210426,  -72,    0
 18270, 99573,20210427,  -65,    0
 18270, 99573,20210428,  -38,    0
 18270, 99573,20210429,  -45,    0
 18270, 99573,20210430,  -54,    0
 18270, 99573,20210501,  -32,    0
 18270, 99573,20210502,  -39,    0
 18270, 99573,20210503,  -25,    0
 18270, 99573,20210504,  -32,    0
 18270, 99573,20210505,  -23,    0
 18270, 99573,20210506,  -34,    0
 18270, 99573,20210507,  -30,    0
 18270, 99573,20210508,  -30,    0
 18270, 99573,20210509,    0,    0
 18270, 99573,20210510,   33,    0
 18270, 99573,20210511,   41,    0
 18270, 99573,20210512,   28,    0
 18270, 99573,20210513,   48,    0
 18270, 99573,20210514,   65,    0
 18270, 99573,20210515,   46,    0
 18270, 99573,20210516,   31,    0
 18270, 99573,20210517,   37,    0
 18270, 99573,20210518,   25,    0
 18270, 99573,20210519,   29,    0
 18270, 99573,20210520,   25,    0
 18270, 99573,20210521,   16,    0
 18270, 99573,20210522,   33,    0
 18270, 99573,20210523,   37,    0
 18270, 99573,20210524,   28,    0
 18270, 99573,20210525,   29,    0
 18270, 99573,20210526,   34,    0
 18270, 99573,20210527,   57,    0
 18270, 99573,20210528,   68,    0
 18270, 99573,20210529,   90,    0
 18270, 99573,20210530,  103,    0
 18270, 99573,20210531,  107,    0
 18270, 99573,20210601,  116,    0
 18270, 99573,20210602,   98,    0
 18270, 99573,20210603,   93,    0
 18270, 99573,20210604,   93,    0
 18270, 99573,20210605,  105,    0
 18270, 99573,20210606,  101,    0
 18270, 99573,20210607,   94,    0
 18270, 99573,20210608,   95,    0
 18270, 99573,20210609,   87,    0
 18270, 99573,20210610,   97,    0
 18270, 99573,20210611,   90,    0
 18270, 99573,20210612,   45,    0
 18270, 99573,20210613,   51,    0
 18270, 99573,20210614,   65,    0
 18270, 99573,20210615,   46,    0
 18270, 99573,20210616,   70,    0
 18270, 99573,20210617,  107,    0
 18270, 99573,20210618,   92,    0
 18270, 99573,20210619,   82,    0
 18270, 99573,20210620,   92,    0
 18270, 99573,20210621,   76,    0
 18270, 99573,20210622,  106,    0
 18270, 99573,20210623,  109,    0
 18270, 99573,20210624,  123,    0
 18270, 99573,20210625,  133,    0
 18270, 99573,20210626,  133,    0
 18270, 99573,20210627,  128,    0
 18270, 99573,20210628,  133,    0
 18270, 99573,20210629,  134,    0
 18270, 99573,20210630,  128,    0
 18270, 99573,20210701,  129,    0
 18270, 99573,20210702,  152,    0
 18270, 99573,20210703,  158,    0
 18270, 99573,20210704,  137,    0
 18270, 99573,20210705,  129,    0
 18270, 99573,20210706,  114,    0
 18270, 99573,20210707,  101,    0
 18270, 99573,20210708,   99,    0
 18270, 99573,20210709,  103,    0
 18270, 99573,20210710,  108,    0
 18270, 99573,20210711,  105,    0
 18270, 99573,20210712,  122,    0
 18270, 99573,20210713,  145,    0
 18270, 99573,20210714,  147,    0
 18270, 99573,20210715,  130,    0
 18270, 99573,20210716,  129,    0
 18270, 99573,20210717,  100,    0
 18270, 99573,20210718,   71,    0
 18270, 99573,20210719,-9999,    9
 18270, 99573,20210720,   95,    0
 18270, 99573,20210721,  111,    0
 18270, 99573,20210722,  142,    0
 18270, 99573,20210723,  143,    0
 18270, 99573,20210724,-9999,    9
 18270, 99573,20210725,-9999,    9
 18270, 99573,20210726,  140,    0
 18270, 99573,20210727,  136,    0
 18270, 99573,20210728,  122,    0
 18270, 99573,20210729,  107,    0
 18270, 99573,20210730,  133,    0
 18270, 99573,20210731,  101,    0
 18270, 99573,20210801,   88,    0
 18270, 99573,20210802,   92,    0
 18270, 99573,20210803,   89,    0
 18270, 99573,20210804,   98,    0
 18270, 99573,20210805,   99,    0
 18270, 99573,20210806,   98,    0
 18270, 99573,20210807,   93,    0
 18270, 99573,20210808,  100,    0
 18270, 99573,20210809,  100,    0
 18270, 99573,20210810,  111,    0
 18270, 99573,20210811,  108,    0
 18270, 99573,20210812,  105,    0
 18270, 99573,20210813,   92,    0
 18270, 99573,20210814,   78,    0
 18270, 99573,20210815,   70,    0
 18270, 99573,20210816,   77,    0
 18270, 99573,20210817,  110,    0
 18270, 99573,20210818,   74,    0
 18270, 99573,20210819,   68,    0
 18270, 99573,20210820,   64,    0
 18270, 99573,20210821,   75,    0
 18270, 99573,20210822,   95,    0
 18270, 99573,20210823,  105,    0
 18270, 99573,20210824,  113,    0
 18270, 99573,20210825,  104,    0
 18270, 99573,20210826,   80,    0
 18270, 99573,20210827,   80,    0
 18270, 99573,20210828,   95,    0
 18270, 99573,20210829,  121,    0
 18270, 99573,20210830,  126,    0
 18270, 99573,20210831,  122,    0
 18270, 99573,20210901,  119,    0
 18270, 99573,20210902,   99,    0
 18270, 99573,20210903,   78,    0
 18270, 99573,20210904,   76,    0
 18270, 99573,20210905,   89,    0
 18270, 99573,20210906,   83,    0
 18270, 99573,20210907,  106,    0
 18270, 99573,20210908,  120,    0
 18270, 99573,20210909,  134,    0
 18270, 99573,20210910,  125,    0
 18270, 99573,20210911,  116,    0
 18270, 99573,20210912,  110,    0
 18270, 99573,20210913,   85,    0
 18270, 99573,20210914,   72,    0
 18270, 99573,20210915,   77,    0
 18270, 99573,20210916,   65,    0
 18270, 99573,20210917,   31,    0
 18270, 99573,20210918,   39,    0
 18270, 99573,20210919,   37,    0
 18270, 99573,20210920,   34,    0
 18270, 99573,20210921,   45,    0
 18270, 99573,20210922,   77,    0
 18270, 99573,20210923,   31,    0
 18270, 99573,20210924,   41,    0
 18270, 99573,20210925,   47,    0
 18270, 99573,20210926,   79,    0
 18270, 99573,20210927,   83,    0
 18270, 99573,20210928,   58,    0
 18270, 99573,20210929,   57,    0
 18270, 99573,20210930,   57,    0
 18270, 99573,20211001,   51,    0
 18270, 99573,20211002,   39,    0
 18270, 99573,20211003,   59,    0
 18270, 99573,20211004,   50,    0
 18270, 99573,20211005,   49,    0
 18270, 99573,20211006,   47,    0
 18270, 99573,20211007,   58,    0
 18270, 99573,20211008,   89,    0
 18270, 99573,20211009,   92,    0
 18270, 99573,20211010,   45,    0
 18270, 99573,20211011,    6,    0
 18270, 99573,20211012,    0,    0
 18270, 99573,20211013,    0,    0
 18270, 99573,20211014,   41,    0
 18270, 99573,20211015,    2,    0
 18270, 99573,20211016,    3,    0
 18270, 99573,20211017,  -26,    0
 18270, 99573,20211018,  -31,    0
 18270, 99573,20211019,    7,    0
 18270, 99573,20211020,   49,    0
 18270, 99573,20211021,  -18,    0
 18270, 99573,20211022,  -20,    0
 18270, 99573,20211023,  -11,    0
 18270, 99573,20211024,   28,    0
 18270, 99573,20211025,   31,    0
 18270, 99573,20211026,   10,    0
 18270, 99573,20211027,   48,    0
 18270, 99573,20211028,   72,    0
 18270, 99573,20211029,-9999,    9
 18270, 99573,20211030,-9999,    9
 18270, 99573,20211031,   29,    0
 18270, 99573,20211101,-9999,    9
 18270, 99573,20211102,   20,    0
 18270, 99573,20211103,   -5,    0
 18270, 99573,20211104,  -26,    0
 18270, 99573,20211105,   -3,    0
 18270, 99573,20211106,   -7,    0
 18270, 99573,20211107,  -18,    0
 18270, 99573,20211108,  -16,    0
 18270, 99573,20211109,   18,    0
 18270, 99573,20211110,    5,    0
 18270, 99573,20211111,  -11,    0
 18270, 99573,20211112,  -38,    0
 18270, 99573,20211113,  -24,    0
 18270, 99573,20211114,  -71,    0
 18270, 99573,20211115,   -2,    0
 18270, 99573,20211116,   17,    0
 18270, 99573,20211117,  -12,    0
 18270, 99573,20211118,    4,    0
 18270, 99573,20211119,   24,    0
 18270, 99573,20211120,  -12,    0
 18270, 99573,20211121,  -63,    0
 18270, 99573,20211122,  -21,    0
 18270, 99573,20211123,    4,    0
 18270, 99573,20211124,    1,    0
 18270, 99573,20211125,  -53,    0
 18270, 99573,20211126,  -77,    0
 18270, 99573,20211127,  -81,    0
 18270, 99573,20211128, -146,    0
 18270, 99573,20211129, -187,    0
 18270, 99573,20211130,  -92,    0
 18270, 99573,20211201, -179,    0
 18270, 99573,20211202, -103,    0
 18270, 99573,20211203, -117,    0
 18270, 99573,20211204, -108,    0
 18270, 99573,20211205, -134,    0
 18270, 99573,20211206,-9999,    9
 18270, 99573,20211207,-9999,    9
 18270, 99573,20211208,-9999,    9
 18270, 99573,20211209,-9999,    9
 18270, 99573,20211210,-9999,    9
 18270, 99573,20211211,  -97,    0
 18270, 99573,20211212,  -50,    0
 18270, 99573,20211213,  -26,    0
 18270, 99573,20211214,  -23,    0
 18270, 99573,20211215,    8,    0
 18270, 99573,20211216,  -11,    0
 18270, 99573,20211217,   30,    0
 18270, 99573,20211218,   18,    0
 18270, 99573,20211219,  -44,    0
 18270, 99573,20211220, -102,    0
 18270, 99573,20211221, -100,    0
 18270, 99573,20211222,  -81,    0
 18270, 99573,20211223, -107,    0
 18270, 99573,20211224, -130,    0
 18270, 99573,20211225, -101,    0
 18270, 99573,20211226, -128,    0
 18270, 99573,20211227, -143,    0
 18270, 99573,20211228,-9999,    9
 18270, 99573,20211229,-9999,    9
 18270, 99573,20211230,-9999,    9
 18270, 99573,20211231,    9,    0
 18270, 99573,20220101,  -40,    0
 18270, 99573,20220102,  -12,    0
 18270, 99573,20220103,  -33,    0
 18270, 99573,20220104,  -62,    0
 18270, 99573,20220105,  -91,    0
 18270, 99573,20220106, -150,    0
 18270, 99573,20220107,  -74,    0
 18270, 99573,20220108,  -95,    0
 18270, 99573,20220109,  -87,    0
 18270, 99573,20220110,  -77,    0
 18270, 99573,20220111,  -40,    0
 18270, 99573,20220112,    7,    0
 18270, 99573,20220113,   21,    0
 18270, 99573,20220114,  -48,    0
 18270, 99573,20220115,  -43,    0
 18270, 99573,20220116,  -29,    0
 18270, 99573,20220117,  -64,    0
 18270, 99573,20220118,   -5,    0
 18270, 99573,20220119,  -46,    0
 18270, 99573,20220120,  -96,    0
 18270, 99573,20220121,  -23,    0
 18270, 99573,20220122,    0,    0
 18270, 99573,20220123,    2,    0
 18270, 99573,20220124,  -14,    0
 18270, 99573,20220125,  -30,    0
 18270, 99573,20220126,  -28,    0
 18270, 99573,20220127,  -33,    0
 18270, 99573,20220128,  -74,    0
 18270, 99573,20220129,  -16,    0
 18270, 99573,20220130,  -78,    0
 18270, 99573,20220131,  -98,    0
 18270, 99573,20220201,  -64,    0
 18270, 99573,20220202,  -70,    0
 18270, 99573,20220203,  -49,    0
 18270, 99573,20220204,  -49,    0
 18270, 99573,20220205,  -54,    0
 18270, 99573,20220206,  -70,    0
 18270, 99573,20220207,  -48,    0
 18270, 99573,20220208,  -35,    0
 18270, 99573,20220209,  -47,    0
 18270, 99573,20220210,  -67,    0
 18270, 99573,20220211,  -83,    0
 18270, 99573,20220212,  -27,    0
 18270, 99573,20220213,   -9,    0
 18270, 99573,20220214,  -30,    0
 18270, 99573,20220215,  -54,    0
 18270, 99573,20220216,  -52,    0
 18270, 99573,20220217,  -85,    0
 18270, 99573,20220218,  -66,    0
 18270, 99573,20220219,  -94,    0
 18270, 99573,20220220,  -88,    0
 18270, 99573,20220221,  -52,    0
 18270, 99573,20220222,  -98,    0
 18270, 99573,20220223,  -36,    0
 18270, 99573,20220224,  -62,    0
 18270, 99573,20220225,  -59,    0
 18270, 99573,20220226,  -70,    0
 18270, 99573,20220227,  -42,    0
 18270, 99573,20220228,  -56,    0
 18270, 99573,20220301,  -33,    0
 18270, 99573,20220302,  -33,    0
 18270, 99573,20220303, -120,    0
 18270, 99573,20220304, -145,    0
 18270, 99573,20220305, -118,    0
 18270, 99573,20220306,  -46,    0
 18270, 99573,20220307,  -52,    0
 18270, 99573,20220308, -107,    0
 18270, 99573,20220309,  -52,    0
 18270, 99573,20220310,  -48,    0
 18270, 99573,20220311,  -55,    0
 18270, 99573,20220312,  -59,    0
 18270, 99573,20220313,  -36,    0
 18270, 99573,20220314,  -30,    0
 18270, 99573,20220315,  -47,    0
 18270, 99573,20220316,  -27,    0
 18270, 99573,20220317,  -26,    0
 18270, 99573,20220318,  -39,    0
 18270, 99573,20220319,  -20,    0
 18270, 99573,20220320,  -41,    0
 18270, 99573,20220321,  -44,    0
 18270, 99573,20220322,  -48,    0
 18270, 99573,20220323,  -70,    0
 18270, 99573,20220324,   12,    0
 18270, 99573,20220325,   15,    0
 18270, 99573,20220326,   -1,    0
 18270, 99573,20220327,    6,    0
 18270, 99573,20220328,  -28,    0
 18270, 99573,20220329,  -81,    0
 18270, 99573,20220330,-9999,    9
 18270, 99573,20220331, -124,    0
 18270, 99573,20220401, -130,    0
 18270, 99573,20220402, -107,    0
 18270, 99573,20220403,  -39,    0
 18270, 99573,20220404,  -47,    0
 18270, 99573,20220405,  -89,    0
 18270, 99573,20220406, -109,    0
 18270, 99573,20220407,  -76,    0
 18270, 99573,20220408,  -80,    0
 18270, 99573,20220409,  -57,    0
 18270, 99573,20220410,  -49,    0
 18270, 99573,20220411,  -56,    0
 18270, 99573,20220412,  -44,    0
 18270, 99573,20220413,  -23,    0
 18270, 99573,20220414,   -4,    0
 18270, 99573,20220415,  -10,    0
 18270, 99573,20220416,  -41,    0
 18270, 99573,20220417,  -18,    0
 18270, 99573,20220418,    5,    0
 18270, 99573,20220419,  -25,    0
 18270, 99573,20220420,  -15,    0
 18270, 99573,20220421,   20,    0
 18270, 99573,20220422,   39,    0
 18270, 99573,20220423,   18,    0
 18270, 99573,20220424,   -6,    0
 18270, 99573,20220425,   -4,    0
 18270, 99573,20220426,    1,    0
 18270, 99573,20220427,   -1,    0
 18270, 99573,20220428,  -11,    0
 18270, 99573,20220429,  -12,    0
 18270, 99573,20220430,  -10,    0
 18270, 99573,20220501,   -8,    0
 18270, 99573,20220502,   -4,    0
 18270, 99573,20220503,  -27,    0
 18270, 99573,20220504,   -9,    0
 18270, 99573,20220505,   14,    0
 18270, 99573,20220506,   33,    0
 18270, 99573,20220507,   -8,    0
 18270, 99573,20220508,   -4,    0
 18270, 99573,20220509,   24,    0
 18270, 99573,20220510,   18,    0
 18270, 99573,20220511,   13,    0
 18270, 99573,20220512,    6,    0
 18270, 99573,20220513,   14,    0
 18270, 99573,20220514,   10,    0
 18270, 99573,20220515,   29,    0
 18270, 99573,20220516,   41,    0
 18270, 99573,20220517,   46,    0
 18270, 99573,20220518,   42,    0
 18270, 99573,20220519,   32,    0
 18270, 99573,20220520,   48,    0
 18270, 99573,20220521,   39,    0
 18270, 99573,20220522,   49,    0
 18270, 99573,20220523,   39,    0
 18270, 99573,20220524,   43,    0
 18270, 99573,20220525,   32,    0
 18270, 99573,20220526,   22,    0
 18270, 99573,20220527,   17,    0
 18270, 99573,20220528,   33,    0
 18270, 99573,20220529,   10,    0
 18270, 99573,20220530,   35,    0
 18270, 99573,20220531,   56,    0
 18270, 99573,20220601,   60,    0
 18270, 99573,20220602,   49,    0
 18270, 99573,20220603,   54,    0
 18270, 99573,20220604,   58,    0
 18270, 99573,20220605,   64,    0
 18270, 99573,20220606,  106,    0
 18270, 99573,20220607,   84,    0
 18270, 99573,20220608,   80,    0
 18270, 99573,20220609,   88,    0
 18270, 99573,20220610,   82,    0
 18270, 99573,20220611,   62,    0
 18270, 99573,20220612,   52,    0
 18270, 99573,20220613,   48,    0
 18270, 99573,20220614,   57,    0
 18270, 99573,20220615,   70,    0
 18270, 99573,20220616,   83,    0
 18270, 99573,20220617,   76,    0
 18270, 99573,20220618,   44,    0
 18270, 99573,20220619,   49,    0
 18270, 99573,20220620,   85,    0
 18270, 99573,20220621,   67,    0
 18270, 99573,20220622,   76,    0
 18270, 99573,20220623,  103,    0
 18270, 99573,20220624,  134,    0
 18270, 99573,20220625,  132,    0
 18270, 99573,20220626,  134,    0
 18270, 99573,20220627,   98,    0
 18270, 99573,20220628,   93,    0
 18270, 99573,20220629,  121,    0
 18270, 99573,20220630,  137,    0
 18270, 99573,20220701,  148,    0
 18270, 99573,20220702,   87,    0
 18270, 99573,20220703,   77,    0
 18270, 99573,20220704,   63,    0
 18270, 99573,20220705,   56,    0
 18270, 99573,20220706,   59,    0
 18270, 99573,20220707,   72,    0
 18270, 99573,20220708,   76,    0
 18270, 99573,20220709,   53,    0
 18270, 99573,20220710,   78,    0
 18270, 99573,20220711,  121,    0
 18270, 99573,20220712,  120,    0
 18270, 99573,20220713,   71,    0
 18270, 99573,20220714,   56,    0
 18270, 99573,20220715,   54,    0
 18270, 99573,20220716,   62,    0
 18270, 99573,20220717,   79,    0
 18270, 99573,20220718,   97,    0
 18270, 99573,20220719,  139,    0
 18270, 99573,20220720,  166,    0
 18270, 99573,20220721,  134,    0
 18270, 99573,20220722,  133,    0
 18270, 99573,20220723,  113,    0
 18270, 99573,20220724,   91,    0
 18270, 99573,20220725,  111,    0
 18270, 99573,20220726,   69,    0
 18270, 99573,20220727,   76,    0
 18270, 99573,20220728,   98,    0
 18270, 99573,20220729,  113,    0
 18270, 99573,20220730,  103,    0
 18270, 99573,20220731,  100,    0
 18270, 99573,20220801,   68,    0
 18270, 99573,20220802,   64,    0
 18270, 99573,20220803,  111,    0
 18270, 99573,20220804,   95,    0
 18270, 99573,20220805,   59,    0
 18270, 99573,20220806,   54,    0
 18270, 99573,20220807,   71,    0
 18270, 99573,20220808,   97,    0
 18270, 99573,20220809,  109,    0
 18270, 99573,20220810,  123,    0
 18270, 99573,20220811,  127,    0
 18270, 99573,20220812,  128,    0
 18270, 99573,20220813,  133,    0
 18270, 99573,20220814,  143,    0
 18270, 99573,20220815,  147,    0
 18270, 99573,20220816,  140,    0
 18270, 99573,20220817,  118,    0
 18270, 99573,20220818,   93,    0
 18270, 99573,20220819,  102,    0
 18270, 99573,20220820,   97,    0
 18270, 99573,20220821,   76,    0
 18270, 99573,20220822,   71,    0
 18270, 99573,20220823,   94,    0
 18270, 99573,20220824,  107,    0
 18270, 99573,20220825,  121,    0
 18270, 99573,20220826,  113,    0
 18270, 99573,20220827,   85,    0
 18270, 99573,20220828,   93,    0
 18270, 99573,20220829,  111,    0
 18270, 99573,20220830,  105,    0
 18270, 99573,20220831,  107,    0
 18270, 99573,20220901,   98,    0
 18270, 99573,20220902,   89,    0
 18270, 99573,20220903,   88,    0
 18270, 99573,20220904,   89,    0
 18270, 99573,20220905,   83,    0
 18270, 99573,20220906,   75,    0
 18270, 99573,20220907,   68,    0
 18270, 99573,20220908,   65,    0
 18270, 99573,20220909,   55,    0
 18270, 99573,20220910,   74,    0
 18270, 99573,20220911,   71,    0
 18270, 99573,20220912,   75,    0
 18270, 99573,20220913,   63,    0
 18270, 99573,20220914,   56,    0
 18270, 99573,20220915,   41,    0
 18270, 99573,20220916,   51,    0
 18270, 99573,20220917,   37,    0
 18270, 99573,20220918,   40,    0
 18270, 99573,20220919,   37,    0
 18270, 99573,20220920,   30,    0
 18270, 99573,20220921,   46,    0
 18270, 99573,20220922,   67,    0
 18270, 99573,20220923,   60,    0
 18270, 99573,20220924,   39,    0
 18270, 99573,20220925,   20,    0
 18270, 99573,20220926,   27,    0
 18270, 99573,20220927,   43,    0
 18270, 99573,20220928,   49,    0
 18270, 99573,20220929,   31,    0
 18270, 99573,20220930,   17,    0
 18270, 99573,20221001,   46,    0
 18270, 99573,20221002,   45,    0
 18270, 99573,20221003,   44,    0
 18270, 99573,20221004,   53,    0
 18270, 99573,20221005,   55,    0
 18270, 99573,20221006,   22,    0
 18270, 99573,20221007,   33,    0
 18270, 99573,20221008,   12,    0
 18270, 99573,20221009,   32,    0
 18270, 99573,20221010,   26,    0
 18270, 99573,20221011,    3,    0
 18270, 99573,20221012,   25,    0
 18270, 99573,20221013,   26,    0
 18270, 99573,20221014,    3,    0
 18270, 99573,20221015,    5,    0
 18270, 99573,20221016,   10,    0
 18270, 99573,20221017,    9,    0
 18270, 99573,20221018,    9,    0
 18270, 99573,20221019,  -38,    0
 18270, 99573,20221020,  -25,    0
 18270, 99573,20221021,  -11,    0
 18270, 99573,20221022,    2,    0
 18270, 99573,20221023,   21,    0
 18270, 99573,20221024,   22,    0
 18270, 99573,20221025,   24,    0
 18270, 99573,20221026,   31,    0
 18270, 99573,20221027,   50,    0
 18270, 99573,20221028,   60,    0
 18270, 99573,20221029,   45,    0
 18270, 99573,20221030,   28,    0
 18270, 99573,20221031,   51,    0
