EUROPEAN CLIMATE ASSESSMENT & DATASET (ECA&D), file created on: 16-11-2022
THESE DATA CAN BE USED FOR NON-COMMERCIAL RESEARCH AND EDUCATION PROVIDED THAT THE FOLLOWING SOURCE IS ACKNOWLEDGED: 

Klein Tank, A.M.G. and Coauthors, 2002. Daily dataset of 20th-century surface
air temperature and precipitation series for the European Climate Assessment.
Int. J. of Climatol., 22, 1441-1453.
Data and metadata available at http://www.ecad.eu

FILE FORMAT (MISSING VALUE CODE = -9999):

01-06 STAID: Station identifier
08-13 SOUID: Source identifier
15-22 DATE : Date YYYYMMDD
24-28 TG   : Mean temperature in 0.1 &#176;C
30-34 Q_TG : quality code for TG (0='valid'; 1='suspect'; 9='missing')

This is the blended series of station FLESBERG, NORWAY (STAID: 18039)
Blended and updated with sources:99328 
See files sources.txt and stations.txt for more info.

STAID, SOUID,    DATE,   TG, Q_TG
 18039, 99328,20150401,-9999,    9
 18039, 99328,20150402,-9999,    9
 18039, 99328,20150403,-9999,    9
 18039, 99328,20150404,-9999,    9
 18039, 99328,20150405,-9999,    9
 18039, 99328,20150406,-9999,    9
 18039, 99328,20150407,-9999,    9
 18039, 99328,20150408,-9999,    9
 18039, 99328,20150409,-9999,    9
 18039, 99328,20150410,-9999,    9
 18039, 99328,20150411,-9999,    9
 18039, 99328,20150412,-9999,    9
 18039, 99328,20150413,-9999,    9
 18039, 99328,20150414,-9999,    9
 18039, 99328,20150415,-9999,    9
 18039, 99328,20150416,-9999,    9
 18039, 99328,20150417,-9999,    9
 18039, 99328,20150418,-9999,    9
 18039, 99328,20150419,-9999,    9
 18039, 99328,20150420,-9999,    9
 18039, 99328,20150421,   70,    1
 18039, 99328,20150422,-9999,    9
 18039, 99328,20150423,-9999,    9
 18039, 99328,20150424,-9999,    9
 18039, 99328,20150425,-9999,    9
 18039, 99328,20150426,-9999,    9
 18039, 99328,20150427,-9999,    9
 18039, 99328,20150428,-9999,    9
 18039, 99328,20150429,-9999,    9
 18039, 99328,20150430,-9999,    9
 18039, 99328,20150501,-9999,    9
 18039, 99328,20150502,-9999,    9
 18039, 99328,20150503,-9999,    9
 18039, 99328,20150504,-9999,    9
 18039, 99328,20150505,-9999,    9
 18039, 99328,20150506,-9999,    9
 18039, 99328,20150507,-9999,    9
 18039, 99328,20150508,-9999,    9
 18039, 99328,20150509,-9999,    9
 18039, 99328,20150510,-9999,    9
 18039, 99328,20150511,-9999,    9
 18039, 99328,20150512,-9999,    9
 18039, 99328,20150513,-9999,    9
 18039, 99328,20150514,-9999,    9
 18039, 99328,20150515,-9999,    9
 18039, 99328,20150516,-9999,    9
 18039, 99328,20150517,-9999,    9
 18039, 99328,20150518,-9999,    9
 18039, 99328,20150519,-9999,    9
 18039, 99328,20150520,-9999,    9
 18039, 99328,20150521,-9999,    9
 18039, 99328,20150522,-9999,    9
 18039, 99328,20150523,-9999,    9
 18039, 99328,20150524,-9999,    9
 18039, 99328,20150525,-9999,    9
 18039, 99328,20150526,-9999,    9
 18039, 99328,20150527,-9999,    9
 18039, 99328,20150528,-9999,    9
 18039, 99328,20150529,-9999,    9
 18039, 99328,20150530,-9999,    9
 18039, 99328,20150531,-9999,    9
 18039, 99328,20150601,-9999,    9
 18039, 99328,20150602,-9999,    9
 18039, 99328,20150603,-9999,    9
 18039, 99328,20150604,-9999,    9
 18039, 99328,20150605,-9999,    9
 18039, 99328,20150606,-9999,    9
 18039, 99328,20150607,-9999,    9
 18039, 99328,20150608,-9999,    9
 18039, 99328,20150609,-9999,    9
 18039, 99328,20150610,-9999,    9
 18039, 99328,20150611,-9999,    9
 18039, 99328,20150612,-9999,    9
 18039, 99328,20150613,-9999,    9
 18039, 99328,20150614,-9999,    9
 18039, 99328,20150615,-9999,    9
 18039, 99328,20150616,-9999,    9
 18039, 99328,20150617,-9999,    9
 18039, 99328,20150618,-9999,    9
 18039, 99328,20150619,-9999,    9
 18039, 99328,20150620,-9999,    9
 18039, 99328,20150621,-9999,    9
 18039, 99328,20150622,-9999,    9
 18039, 99328,20150623,-9999,    9
 18039, 99328,20150624,-9999,    9
 18039, 99328,20150625,-9999,    9
 18039, 99328,20150626,-9999,    9
 18039, 99328,20150627,-9999,    9
 18039, 99328,20150628,-9999,    9
 18039, 99328,20150629,-9999,    9
 18039, 99328,20150630,-9999,    9
 18039, 99328,20150701,-9999,    9
 18039, 99328,20150702,-9999,    9
 18039, 99328,20150703,-9999,    9
 18039, 99328,20150704,-9999,    9
 18039, 99328,20150705,-9999,    9
 18039, 99328,20150706,-9999,    9
 18039, 99328,20150707,-9999,    9
 18039, 99328,20150708,-9999,    9
 18039, 99328,20150709,-9999,    9
 18039, 99328,20150710,-9999,    9
 18039, 99328,20150711,-9999,    9
 18039, 99328,20150712,-9999,    9
 18039, 99328,20150713,-9999,    9
 18039, 99328,20150714,-9999,    9
 18039, 99328,20150715,-9999,    9
 18039, 99328,20150716,-9999,    9
 18039, 99328,20150717,-9999,    9
 18039, 99328,20150718,-9999,    9
 18039, 99328,20150719,-9999,    9
 18039, 99328,20150720,-9999,    9
 18039, 99328,20150721,-9999,    9
 18039, 99328,20150722,-9999,    9
 18039, 99328,20150723,-9999,    9
 18039, 99328,20150724,-9999,    9
 18039, 99328,20150725,-9999,    9
 18039, 99328,20150726,-9999,    9
 18039, 99328,20150727,-9999,    9
 18039, 99328,20150728,-9999,    9
 18039, 99328,20150729,-9999,    9
 18039, 99328,20150730,-9999,    9
 18039, 99328,20150731,-9999,    9
 18039, 99328,20150801,-9999,    9
 18039, 99328,20150802,-9999,    9
 18039, 99328,20150803,-9999,    9
 18039, 99328,20150804,-9999,    9
 18039, 99328,20150805,-9999,    9
 18039, 99328,20150806,-9999,    9
 18039, 99328,20150807,-9999,    9
 18039, 99328,20150808,-9999,    9
 18039, 99328,20150809,-9999,    9
 18039, 99328,20150810,-9999,    9
 18039, 99328,20150811,-9999,    9
 18039, 99328,20150812,-9999,    9
 18039, 99328,20150813,-9999,    9
 18039, 99328,20150814,-9999,    9
 18039, 99328,20150815,-9999,    9
 18039, 99328,20150816,-9999,    9
 18039, 99328,20150817,-9999,    9
 18039, 99328,20150818,-9999,    9
 18039, 99328,20150819,-9999,    9
 18039, 99328,20150820,-9999,    9
 18039, 99328,20150821,-9999,    9
 18039, 99328,20150822,-9999,    9
 18039, 99328,20150823,-9999,    9
 18039, 99328,20150824,-9999,    9
 18039, 99328,20150825,-9999,    9
 18039, 99328,20150826,-9999,    9
 18039, 99328,20150827,-9999,    9
 18039, 99328,20150828,-9999,    9
 18039, 99328,20150829,-9999,    9
 18039, 99328,20150830,-9999,    9
 18039, 99328,20150831,-9999,    9
 18039, 99328,20150901,-9999,    9
 18039, 99328,20150902,-9999,    9
 18039, 99328,20150903,-9999,    9
 18039, 99328,20150904,-9999,    9
 18039, 99328,20150905,-9999,    9
 18039, 99328,20150906,-9999,    9
 18039, 99328,20150907,-9999,    9
 18039, 99328,20150908,-9999,    9
 18039, 99328,20150909,-9999,    9
 18039, 99328,20150910,-9999,    9
 18039, 99328,20150911,-9999,    9
 18039, 99328,20150912,-9999,    9
 18039, 99328,20150913,-9999,    9
 18039, 99328,20150914,-9999,    9
 18039, 99328,20150915,-9999,    9
 18039, 99328,20150916,-9999,    9
 18039, 99328,20150917,-9999,    9
 18039, 99328,20150918,-9999,    9
 18039, 99328,20150919,-9999,    9
 18039, 99328,20150920,-9999,    9
 18039, 99328,20150921,-9999,    9
 18039, 99328,20150922,-9999,    9
 18039, 99328,20150923,-9999,    9
 18039, 99328,20150924,-9999,    9
 18039, 99328,20150925,-9999,    9
 18039, 99328,20150926,-9999,    9
 18039, 99328,20150927,-9999,    9
 18039, 99328,20150928,-9999,    9
 18039, 99328,20150929,-9999,    9
 18039, 99328,20150930,-9999,    9
 18039, 99328,20151001,-9999,    9
 18039, 99328,20151002,-9999,    9
 18039, 99328,20151003,-9999,    9
 18039, 99328,20151004,-9999,    9
 18039, 99328,20151005,-9999,    9
 18039, 99328,20151006,-9999,    9
 18039, 99328,20151007,-9999,    9
 18039, 99328,20151008,-9999,    9
 18039, 99328,20151009,-9999,    9
 18039, 99328,20151010,-9999,    9
 18039, 99328,20151011,-9999,    9
 18039, 99328,20151012,-9999,    9
 18039, 99328,20151013,-9999,    9
 18039, 99328,20151014,-9999,    9
 18039, 99328,20151015,-9999,    9
 18039, 99328,20151016,-9999,    9
 18039, 99328,20151017,-9999,    9
 18039, 99328,20151018,-9999,    9
 18039, 99328,20151019,-9999,    9
 18039, 99328,20151020,-9999,    9
 18039, 99328,20151021,-9999,    9
 18039, 99328,20151022,-9999,    9
 18039, 99328,20151023,-9999,    9
 18039, 99328,20151024,-9999,    9
 18039, 99328,20151025,-9999,    9
 18039, 99328,20151026,-9999,    9
 18039, 99328,20151027,-9999,    9
 18039, 99328,20151028,-9999,    9
 18039, 99328,20151029,-9999,    9
 18039, 99328,20151030,-9999,    9
 18039, 99328,20151031,-9999,    9
 18039, 99328,20151101,-9999,    9
 18039, 99328,20151102,-9999,    9
 18039, 99328,20151103,-9999,    9
 18039, 99328,20151104,-9999,    9
 18039, 99328,20151105,-9999,    9
 18039, 99328,20151106,-9999,    9
 18039, 99328,20151107,-9999,    9
 18039, 99328,20151108,-9999,    9
 18039, 99328,20151109,-9999,    9
 18039, 99328,20151110,-9999,    9
 18039, 99328,20151111,-9999,    9
 18039, 99328,20151112,-9999,    9
 18039, 99328,20151113,-9999,    9
 18039, 99328,20151114,-9999,    9
 18039, 99328,20151115,-9999,    9
 18039, 99328,20151116,-9999,    9
 18039, 99328,20151117,-9999,    9
 18039, 99328,20151118,-9999,    9
 18039, 99328,20151119,-9999,    9
 18039, 99328,20151120,-9999,    9
 18039, 99328,20151121,-9999,    9
 18039, 99328,20151122,-9999,    9
 18039, 99328,20151123,-9999,    9
 18039, 99328,20151124,-9999,    9
 18039, 99328,20151125,-9999,    9
 18039, 99328,20151126,-9999,    9
 18039, 99328,20151127,-9999,    9
 18039, 99328,20151128,-9999,    9
 18039, 99328,20151129,-9999,    9
 18039, 99328,20151130,-9999,    9
 18039, 99328,20151201,-9999,    9
 18039, 99328,20151202,-9999,    9
 18039, 99328,20151203,-9999,    9
 18039, 99328,20151204,-9999,    9
 18039, 99328,20151205,-9999,    9
 18039, 99328,20151206,-9999,    9
 18039, 99328,20151207,-9999,    9
 18039, 99328,20151208,-9999,    9
 18039, 99328,20151209,-9999,    9
 18039, 99328,20151210,-9999,    9
 18039, 99328,20151211,-9999,    9
 18039, 99328,20151212,-9999,    9
 18039, 99328,20151213,-9999,    9
 18039, 99328,20151214,-9999,    9
 18039, 99328,20151215,-9999,    9
 18039, 99328,20151216,-9999,    9
 18039, 99328,20151217,-9999,    9
 18039, 99328,20151218,-9999,    9
 18039, 99328,20151219,-9999,    9
 18039, 99328,20151220,-9999,    9
 18039, 99328,20151221,-9999,    9
 18039, 99328,20151222,-9999,    9
 18039, 99328,20151223,-9999,    9
 18039, 99328,20151224,-9999,    9
 18039, 99328,20151225,-9999,    9
 18039, 99328,20151226,-9999,    9
 18039, 99328,20151227,-9999,    9
 18039, 99328,20151228,-9999,    9
 18039, 99328,20151229,-9999,    9
 18039, 99328,20151230,-9999,    9
 18039, 99328,20151231,-9999,    9
 18039, 99328,20160101,-9999,    9
 18039, 99328,20160102,-9999,    9
 18039, 99328,20160103,-9999,    9
 18039, 99328,20160104,-9999,    9
 18039, 99328,20160105,-9999,    9
 18039, 99328,20160106,-9999,    9
 18039, 99328,20160107,-9999,    9
 18039, 99328,20160108,-9999,    9
 18039, 99328,20160109,-9999,    9
 18039, 99328,20160110,-9999,    9
 18039, 99328,20160111,-9999,    9
 18039, 99328,20160112,-9999,    9
 18039, 99328,20160113,-9999,    9
 18039, 99328,20160114,-9999,    9
 18039, 99328,20160115,-9999,    9
 18039, 99328,20160116,-9999,    9
 18039, 99328,20160117,-9999,    9
 18039, 99328,20160118,-9999,    9
 18039, 99328,20160119,-9999,    9
 18039, 99328,20160120,-9999,    9
 18039, 99328,20160121,-9999,    9
 18039, 99328,20160122,-9999,    9
 18039, 99328,20160123,-9999,    9
 18039, 99328,20160124,-9999,    9
 18039, 99328,20160125,-9999,    9
 18039, 99328,20160126,-9999,    9
 18039, 99328,20160127,-9999,    9
 18039, 99328,20160128,-9999,    9
 18039, 99328,20160129,-9999,    9
 18039, 99328,20160130,-9999,    9
 18039, 99328,20160131,-9999,    9
 18039, 99328,20160201,  -12,    0
 18039, 99328,20160202,   17,    0
 18039, 99328,20160203,-9999,    9
 18039, 99328,20160204,   10,    0
 18039, 99328,20160205,  -17,    0
 18039, 99328,20160206,   31,    0
 18039, 99328,20160207,   40,    0
 18039, 99328,20160208,   25,    0
 18039, 99328,20160209,    7,    0
 18039, 99328,20160210,  -30,    0
 18039, 99328,20160211,  -27,    0
 18039, 99328,20160212,  -39,    0
 18039, 99328,20160213,  -52,    0
 18039, 99328,20160214, -105,    0
 18039, 99328,20160215,  -89,    0
 18039, 99328,20160216,  -79,    0
 18039, 99328,20160217,   16,    0
 18039, 99328,20160218,  -19,    0
 18039, 99328,20160219,  -20,    0
 18039, 99328,20160220,    6,    0
 18039, 99328,20160221,  -26,    0
 18039, 99328,20160222,  -55,    0
 18039, 99328,20160223,  -39,    0
 18039, 99328,20160224,  -34,    0
 18039, 99328,20160225,  -50,    0
 18039, 99328,20160226,  -16,    0
 18039, 99328,20160227,  -42,    0
 18039, 99328,20160228,  -49,    0
 18039, 99328,20160229,  -36,    0
 18039, 99328,20160301,   -5,    0
 18039, 99328,20160302,   -9,    0
 18039, 99328,20160303,    1,    0
 18039, 99328,20160304,    1,    0
 18039, 99328,20160305,  -24,    0
 18039, 99328,20160306,   -3,    0
 18039, 99328,20160307,   -3,    0
 18039, 99328,20160308,  -14,    0
 18039, 99328,20160309,  -51,    0
 18039, 99328,20160310,  -19,    0
 18039, 99328,20160311,  -35,    0
 18039, 99328,20160312,  -25,    0
 18039, 99328,20160313,   15,    0
 18039, 99328,20160314,   37,    0
 18039, 99328,20160315,   33,    0
 18039, 99328,20160316,   27,    0
 18039, 99328,20160317,   43,    0
 18039, 99328,20160318,   19,    0
 18039, 99328,20160319,   24,    0
 18039, 99328,20160320,   39,    0
 18039, 99328,20160321,   35,    0
 18039, 99328,20160322,   26,    0
 18039, 99328,20160323,   13,    0
 18039, 99328,20160324,   -3,    0
 18039, 99328,20160325,   34,    0
 18039, 99328,20160326,   45,    0
 18039, 99328,20160327,   59,    0
 18039, 99328,20160328,   52,    0
 18039, 99328,20160329,   52,    0
 18039, 99328,20160330,   33,    0
 18039, 99328,20160331,  -12,    0
 18039, 99328,20160401,   25,    0
 18039, 99328,20160402,   48,    0
 18039, 99328,20160403,   20,    0
 18039, 99328,20160404,   44,    0
 18039, 99328,20160405,   59,    0
 18039, 99328,20160406,   67,    0
 18039, 99328,20160407,   48,    0
 18039, 99328,20160408,   42,    0
 18039, 99328,20160409,   31,    0
 18039, 99328,20160410,    8,    0
 18039, 99328,20160411,   53,    0
 18039, 99328,20160412,   46,    0
 18039, 99328,20160413,   53,    0
 18039, 99328,20160414,   64,    0
 18039, 99328,20160415,   61,    0
 18039, 99328,20160416,   54,    0
 18039, 99328,20160417,   67,    0
 18039, 99328,20160418,   65,    0
 18039, 99328,20160419,   76,    0
 18039, 99328,20160420,   56,    0
 18039, 99328,20160421,   70,    0
 18039, 99328,20160422,   39,    0
 18039, 99328,20160423,    8,    0
 18039, 99328,20160424,   19,    0
 18039, 99328,20160425,   10,    0
 18039, 99328,20160426,   23,    0
 18039, 99328,20160427,   25,    0
 18039, 99328,20160428,   20,    0
 18039, 99328,20160429,   50,    0
 18039, 99328,20160430,   27,    0
 18039, 99328,20160501,   63,    0
 18039, 99328,20160502,   70,    0
 18039, 99328,20160503,   68,    0
 18039, 99328,20160504,   70,    0
 18039, 99328,20160505,   90,    0
 18039, 99328,20160506,  100,    0
 18039, 99328,20160507,  110,    0
 18039, 99328,20160508,  134,    0
 18039, 99328,20160509,  144,    0
 18039, 99328,20160510,  150,    0
 18039, 99328,20160511,  123,    0
 18039, 99328,20160512,  128,    0
 18039, 99328,20160513,   94,    0
 18039, 99328,20160514,   67,    0
 18039, 99328,20160515,   73,    0
 18039, 99328,20160516,   92,    0
 18039, 99328,20160517,  104,    0
 18039, 99328,20160518,  102,    0
 18039, 99328,20160519,  134,    0
 18039, 99328,20160520,  109,    0
 18039, 99328,20160521,   98,    0
 18039, 99328,20160522,  123,    0
 18039, 99328,20160523,  130,    0
 18039, 99328,20160524,  121,    0
 18039, 99328,20160525,  113,    0
 18039, 99328,20160526,  123,    0
 18039, 99328,20160527,  159,    0
 18039, 99328,20160528,  125,    0
 18039, 99328,20160529,  112,    0
 18039, 99328,20160530,  145,    0
 18039, 99328,20160531,  188,    0
 18039, 99328,20160601,  198,    0
 18039, 99328,20160602,  184,    0
 18039, 99328,20160603,  194,    0
 18039, 99328,20160604,  168,    0
 18039, 99328,20160605,  155,    0
 18039, 99328,20160606,  169,    0
 18039, 99328,20160607,  175,    0
 18039, 99328,20160608,  146,    0
 18039, 99328,20160609,  110,    0
 18039, 99328,20160610,  106,    0
 18039, 99328,20160611,  111,    0
 18039, 99328,20160612,  136,    0
 18039, 99328,20160613,  139,    0
 18039, 99328,20160614,  147,    0
 18039, 99328,20160615,  115,    0
 18039, 99328,20160616,  157,    0
 18039, 99328,20160617,  144,    0
 18039, 99328,20160618,  161,    0
 18039, 99328,20160619,  143,    0
 18039, 99328,20160620,  114,    0
 18039, 99328,20160621,  159,    0
 18039, 99328,20160622,  154,    0
 18039, 99328,20160623,  168,    0
 18039, 99328,20160624,  145,    0
 18039, 99328,20160625,  183,    0
 18039, 99328,20160626,  152,    0
 18039, 99328,20160627,  154,    0
 18039, 99328,20160628,  154,    0
 18039, 99328,20160629,  130,    0
 18039, 99328,20160630,  143,    0
 18039, 99328,20160701,  121,    0
 18039, 99328,20160702,  126,    0
 18039, 99328,20160703,  131,    0
 18039, 99328,20160704,  138,    0
 18039, 99328,20160705,  133,    0
 18039, 99328,20160706,  142,    0
 18039, 99328,20160707,  144,    0
 18039, 99328,20160708,  159,    0
 18039, 99328,20160709,  164,    0
 18039, 99328,20160710,  135,    0
 18039, 99328,20160711,  156,    0
 18039, 99328,20160712,  145,    0
 18039, 99328,20160713,  156,    0
 18039, 99328,20160714,  163,    0
 18039, 99328,20160715,  172,    0
 18039, 99328,20160716,  156,    0
 18039, 99328,20160717,  128,    0
 18039, 99328,20160718,  142,    0
 18039, 99328,20160719,  141,    0
 18039, 99328,20160720,  187,    0
 18039, 99328,20160721,  181,    0
 18039, 99328,20160722,  204,    0
 18039, 99328,20160723,  177,    0
 18039, 99328,20160724,  196,    0
 18039, 99328,20160725,  173,    0
 18039, 99328,20160726,  179,    0
 18039, 99328,20160727,  136,    0
 18039, 99328,20160728,  170,    0
 18039, 99328,20160729,  132,    0
 18039, 99328,20160730,  157,    0
 18039, 99328,20160731,  134,    0
 18039, 99328,20160801,  128,    0
 18039, 99328,20160802,  144,    0
 18039, 99328,20160803,  127,    0
 18039, 99328,20160804,  145,    0
 18039, 99328,20160805,  160,    0
 18039, 99328,20160806,  134,    0
 18039, 99328,20160807,  148,    0
 18039, 99328,20160808,  147,    0
 18039, 99328,20160809,  129,    0
 18039, 99328,20160810,  113,    0
 18039, 99328,20160811,  104,    0
 18039, 99328,20160812,   90,    0
 18039, 99328,20160813,  143,    0
 18039, 99328,20160814,  150,    0
 18039, 99328,20160815,  151,    0
 18039, 99328,20160816,  162,    0
 18039, 99328,20160817,  155,    0
 18039, 99328,20160818,  164,    0
 18039, 99328,20160819,  136,    0
 18039, 99328,20160820,  142,    0
 18039, 99328,20160821,  144,    0
 18039, 99328,20160822,  140,    0
 18039, 99328,20160823,  165,    0
 18039, 99328,20160824,  162,    0
 18039, 99328,20160825,  165,    0
 18039, 99328,20160826,  173,    0
 18039, 99328,20160827,  153,    0
 18039, 99328,20160828,  102,    0
 18039, 99328,20160829,  129,    0
 18039, 99328,20160830,  131,    0
 18039, 99328,20160831,  158,    0
 18039, 99328,20160901,  155,    0
 18039, 99328,20160902,  144,    0
 18039, 99328,20160903,  140,    0
 18039, 99328,20160904,  105,    0
 18039, 99328,20160905,  118,    0
 18039, 99328,20160906,  156,    0
 18039, 99328,20160907,  155,    0
 18039, 99328,20160908,  148,    0
 18039, 99328,20160909,  174,    0
 18039, 99328,20160910,  174,    0
 18039, 99328,20160911,  150,    0
 18039, 99328,20160912,  110,    0
 18039, 99328,20160913,  152,    0
 18039, 99328,20160914,  152,    0
 18039, 99328,20160915,  169,    0
 18039, 99328,20160916,  140,    0
 18039, 99328,20160917,  129,    0
 18039, 99328,20160918,  118,    0
 18039, 99328,20160919,  121,    0
 18039, 99328,20160920,  116,    0
 18039, 99328,20160921,  114,    0
 18039, 99328,20160922,  141,    0
 18039, 99328,20160923,  107,    0
 18039, 99328,20160924,   93,    0
 18039, 99328,20160925,  160,    0
 18039, 99328,20160926,  139,    0
 18039, 99328,20160927,   89,    0
 18039, 99328,20160928,  132,    0
 18039, 99328,20160929,  123,    0
 18039, 99328,20160930,  100,    0
 18039, 99328,20161001,   58,    0
 18039, 99328,20161002,   43,    0
 18039, 99328,20161003,   28,    0
 18039, 99328,20161004,   24,    0
 18039, 99328,20161005,   20,    0
 18039, 99328,20161006,   27,    0
 18039, 99328,20161007,   69,    0
 18039, 99328,20161008,   66,    0
 18039, 99328,20161009,   41,    0
 18039, 99328,20161010,   46,    0
 18039, 99328,20161011,   30,    0
 18039, 99328,20161012,   21,    0
 18039, 99328,20161013,   11,    0
 18039, 99328,20161014,    8,    0
 18039, 99328,20161015,   21,    0
 18039, 99328,20161016,   41,    0
 18039, 99328,20161017,   47,    0
 18039, 99328,20161018,   59,    0
 18039, 99328,20161019,   63,    0
 18039, 99328,20161020,   60,    0
 18039, 99328,20161021,   40,    0
 18039, 99328,20161022,   32,    0
 18039, 99328,20161023,   26,    0
 18039, 99328,20161024,   36,    0
 18039, 99328,20161025,   38,    0
 18039, 99328,20161026,   38,    0
 18039, 99328,20161027,   64,    0
 18039, 99328,20161028,   57,    0
 18039, 99328,20161029,   62,    0
 18039, 99328,20161030,   44,    0
 18039, 99328,20161031,   47,    0
 18039, 99328,20161101,   40,    0
 18039, 99328,20161102,    3,    0
 18039, 99328,20161103,  -53,    0
 18039, 99328,20161104,  -24,    0
 18039, 99328,20161105,   -9,    0
 18039, 99328,20161106,  -36,    0
 18039, 99328,20161107,  -91,    0
 18039, 99328,20161108,  -64,    0
 18039, 99328,20161109,  -54,    0
 18039, 99328,20161110,  -56,    0
 18039, 99328,20161111,  132,    1
 18039, 99328,20161112, -116,    0
 18039, 99328,20161113,  -16,    0
 18039, 99328,20161114,   10,    0
 18039, 99328,20161115,    2,    0
 18039, 99328,20161116,   10,    0
 18039, 99328,20161117,  -18,    0
 18039, 99328,20161118,    1,    0
 18039, 99328,20161119,  -32,    0
 18039, 99328,20161120,  -22,    0
 18039, 99328,20161121,   -7,    0
 18039, 99328,20161122,   -2,    0
 18039, 99328,20161123,   28,    0
 18039, 99328,20161124,  -12,    0
 18039, 99328,20161125,    0,    0
 18039, 99328,20161126,   51,    0
 18039, 99328,20161127,  -55,    0
 18039, 99328,20161128,  -63,    0
 18039, 99328,20161129,  -73,    0
 18039, 99328,20161130,  -14,    0
 18039, 99328,20161201,  -10,    0
 18039, 99328,20161202,  -46,    0
 18039, 99328,20161203,  -62,    0
 18039, 99328,20161204,   -9,    0
 18039, 99328,20161205,   56,    0
 18039, 99328,20161206,  -57,    0
 18039, 99328,20161207,  -28,    0
 18039, 99328,20161208,   60,    0
 18039, 99328,20161209,   49,    0
 18039, 99328,20161210,    7,    0
 18039, 99328,20161211,   -6,    0
 18039, 99328,20161212,  -64,    0
 18039, 99328,20161213,  -45,    0
 18039, 99328,20161214,  -99,    0
 18039, 99328,20161215, -116,    0
 18039, 99328,20161216,  -98,    0
 18039, 99328,20161217,  -54,    0
 18039, 99328,20161218,  -68,    0
 18039, 99328,20161219,  -37,    0
 18039, 99328,20161220,    3,    0
 18039, 99328,20161221,   37,    0
 18039, 99328,20161222,   40,    0
 18039, 99328,20161223,   34,    0
 18039, 99328,20161224,   40,    0
 18039, 99328,20161225,   40,    0
 18039, 99328,20161226,   44,    0
 18039, 99328,20161227,   21,    0
 18039, 99328,20161228,  -41,    0
 18039, 99328,20161229,  -46,    0
 18039, 99328,20161230,   32,    0
 18039, 99328,20161231,   43,    0
 18039, 99328,20170101,  -18,    0
 18039, 99328,20170102,  -57,    0
 18039, 99328,20170103,  -25,    0
 18039, 99328,20170104,  -15,    0
 18039, 99328,20170105, -130,    0
 18039, 99328,20170106,  -83,    0
 18039, 99328,20170107,  -42,    0
 18039, 99328,20170108,  -78,    0
 18039, 99328,20170109,  -14,    0
 18039, 99328,20170110,   26,    0
 18039, 99328,20170111,   31,    0
 18039, 99328,20170112,   20,    0
 18039, 99328,20170113,  -57,    0
 18039, 99328,20170114,  -45,    0
 18039, 99328,20170115,  -98,    0
 18039, 99328,20170116,  -92,    0
 18039, 99328,20170117,  -49,    0
 18039, 99328,20170118,  -44,    0
 18039, 99328,20170119,    1,    0
 18039, 99328,20170120,   65,    0
 18039, 99328,20170121,   10,    0
 18039, 99328,20170122,  -48,    0
 18039, 99328,20170123,  -45,    0
 18039, 99328,20170124,  -66,    0
 18039, 99328,20170125,  -31,    0
 18039, 99328,20170126,  -46,    0
 18039, 99328,20170127,  -67,    0
 18039, 99328,20170128,  -64,    0
 18039, 99328,20170129,  -20,    0
 18039, 99328,20170130,  -29,    0
 18039, 99328,20170131,  -89,    0
 18039, 99328,20170201,  -96,    0
 18039, 99328,20170202,  -13,    0
 18039, 99328,20170203,   -6,    0
 18039, 99328,20170204,   -4,    0
 18039, 99328,20170205,   -4,    0
 18039, 99328,20170206,  -13,    0
 18039, 99328,20170207,  -60,    0
 18039, 99328,20170208,  -79,    0
 18039, 99328,20170209,  -76,    0
 18039, 99328,20170210,  -52,    0
 18039, 99328,20170211,  -50,    0
 18039, 99328,20170212,  -96,    0
 18039, 99328,20170213,  -78,    0
 18039, 99328,20170214,  -61,    0
 18039, 99328,20170215,  -67,    0
 18039, 99328,20170216,  -35,    0
 18039, 99328,20170217,  -28,    0
 18039, 99328,20170218,  -31,    0
 18039, 99328,20170219,   36,    0
 18039, 99328,20170220,   61,    0
 18039, 99328,20170221,   47,    0
 18039, 99328,20170222,   19,    0
 18039, 99328,20170223,   -6,    0
 18039, 99328,20170224,  -30,    0
 18039, 99328,20170225,  -53,    0
 18039, 99328,20170226,  -19,    0
 18039, 99328,20170227,   12,    0
 18039, 99328,20170228,   14,    0
 18039, 99328,20170301,   12,    0
 18039, 99328,20170302,  -28,    0
 18039, 99328,20170303,  -24,    0
 18039, 99328,20170304,   -4,    0
 18039, 99328,20170305,  -22,    0
 18039, 99328,20170306,  -40,    0
 18039, 99328,20170307,  -53,    0
 18039, 99328,20170308,  -69,    0
 18039, 99328,20170309,  -14,    0
 18039, 99328,20170310,   -8,    0
 18039, 99328,20170311,    3,    0
 18039, 99328,20170312,   36,    0
 18039, 99328,20170313,   21,    0
 18039, 99328,20170314,   52,    0
 18039, 99328,20170315,   66,    0
 18039, 99328,20170316,   48,    0
 18039, 99328,20170317,   47,    0
 18039, 99328,20170318,    7,    0
 18039, 99328,20170319,   -8,    0
 18039, 99328,20170320,   22,    0
 18039, 99328,20170321,   25,    0
 18039, 99328,20170322,    9,    0
 18039, 99328,20170323,   12,    0
 18039, 99328,20170324,   29,    0
 18039, 99328,20170325,   75,    0
 18039, 99328,20170326,   88,    0
 18039, 99328,20170327,   79,    0
 18039, 99328,20170328,   56,    0
 18039, 99328,20170329,   37,    0
 18039, 99328,20170330,   23,    0
 18039, 99328,20170331,   25,    0
 18039, 99328,20170401,   64,    0
 18039, 99328,20170402,   60,    0
 18039, 99328,20170403,   69,    0
 18039, 99328,20170404,   55,    0
 18039, 99328,20170405,   64,    0
 18039, 99328,20170406,   66,    0
 18039, 99328,20170407,   95,    0
 18039, 99328,20170408,   65,    0
 18039, 99328,20170409,   83,    0
 18039, 99328,20170410,   81,    0
 18039, 99328,20170411,   47,    0
 18039, 99328,20170412,   53,    0
 18039, 99328,20170413,   37,    0
 18039, 99328,20170414,   15,    0
 18039, 99328,20170415,   11,    0
 18039, 99328,20170416,   12,    0
 18039, 99328,20170417,   14,    0
 18039, 99328,20170418,   19,    0
 18039, 99328,20170419,   30,    0
 18039, 99328,20170420,   84,    0
 18039, 99328,20170421,   69,    0
 18039, 99328,20170422,   63,    0
 18039, 99328,20170423,   42,    0
 18039, 99328,20170424,   12,    0
 18039, 99328,20170425,   23,    0
 18039, 99328,20170426,   22,    0
 18039, 99328,20170427,    9,    0
 18039, 99328,20170428,    2,    0
 18039, 99328,20170429,   41,    0
 18039, 99328,20170430,   52,    0
 18039, 99328,20170501,   59,    0
 18039, 99328,20170502,   82,    0
 18039, 99328,20170503,   77,    0
 18039, 99328,20170504,   79,    0
 18039, 99328,20170505,  112,    0
 18039, 99328,20170506,  140,    0
 18039, 99328,20170507,   94,    0
 18039, 99328,20170508,   48,    0
 18039, 99328,20170509,   50,    0
 18039, 99328,20170510,   14,    0
 18039, 99328,20170511,   36,    0
 18039, 99328,20170512,   46,    0
 18039, 99328,20170513,   54,    0
 18039, 99328,20170514,   91,    0
 18039, 99328,20170515,  104,    0
 18039, 99328,20170516,   82,    0
 18039, 99328,20170517,  133,    0
 18039, 99328,20170518,  116,    0
 18039, 99328,20170519,  134,    0
 18039, 99328,20170520,  136,    0
 18039, 99328,20170521,  143,    0
 18039, 99328,20170522,  118,    0
 18039, 99328,20170523,  126,    0
 18039, 99328,20170524,  146,    0
 18039, 99328,20170525,  145,    0
 18039, 99328,20170526,  189,    0
 18039, 99328,20170527,  206,    0
 18039, 99328,20170528,  153,    0
 18039, 99328,20170529,  167,    0
 18039, 99328,20170530,  146,    0
 18039, 99328,20170531,  133,    0
 18039, 99328,20170601,  123,    0
 18039, 99328,20170602,   91,    0
 18039, 99328,20170603,  121,    0
 18039, 99328,20170604,  130,    0
 18039, 99328,20170605,  135,    0
 18039, 99328,20170606,  139,    0
 18039, 99328,20170607,  117,    0
 18039, 99328,20170608,  125,    0
 18039, 99328,20170609,  120,    0
 18039, 99328,20170610,  142,    0
 18039, 99328,20170611,  138,    0
 18039, 99328,20170612,  151,    0
 18039, 99328,20170613,  164,    0
 18039, 99328,20170614,  163,    0
 18039, 99328,20170615,  154,    0
 18039, 99328,20170616,  149,    0
 18039, 99328,20170617,  180,    0
 18039, 99328,20170618,  181,    0
 18039, 99328,20170619,  144,    0
 18039, 99328,20170620,  137,    0
 18039, 99328,20170621,  146,    0
 18039, 99328,20170622,  148,    0
 18039, 99328,20170623,  133,    0
 18039, 99328,20170624,  146,    0
 18039, 99328,20170625,  119,    0
 18039, 99328,20170626,  140,    0
 18039, 99328,20170627,  131,    0
 18039, 99328,20170628,  136,    0
 18039, 99328,20170629,  148,    0
 18039, 99328,20170630,  161,    0
 18039, 99328,20170701,  176,    0
 18039, 99328,20170702,  174,    0
 18039, 99328,20170703,  156,    0
 18039, 99328,20170704,  141,    0
 18039, 99328,20170705,  135,    0
 18039, 99328,20170706,  148,    0
 18039, 99328,20170707,  152,    0
 18039, 99328,20170708,  169,    0
 18039, 99328,20170709,  153,    0
 18039, 99328,20170710,  154,    0
 18039, 99328,20170711,  149,    0
 18039, 99328,20170712,  132,    0
 18039, 99328,20170713,  133,    0
 18039, 99328,20170714,  142,    0
 18039, 99328,20170715,  168,    0
 18039, 99328,20170716,  163,    0
 18039, 99328,20170717,  137,    0
 18039, 99328,20170718,  152,    0
 18039, 99328,20170719,  152,    0
 18039, 99328,20170720,  161,    0
 18039, 99328,20170721,  127,    0
 18039, 99328,20170722,  159,    0
 18039, 99328,20170723,  171,    0
 18039, 99328,20170724,  164,    0
 18039, 99328,20170725,  181,    0
 18039, 99328,20170726,  170,    0
 18039, 99328,20170727,  156,    0
 18039, 99328,20170728,  159,    0
 18039, 99328,20170729,  136,    0
 18039, 99328,20170730,  144,    0
 18039, 99328,20170731,  154,    0
 18039, 99328,20170801,  159,    0
 18039, 99328,20170802,  158,    0
 18039, 99328,20170803,  118,    0
 18039, 99328,20170804,  152,    0
 18039, 99328,20170805,  141,    0
 18039, 99328,20170806,  148,    0
 18039, 99328,20170807,  121,    0
 18039, 99328,20170808,  148,    0
 18039, 99328,20170809,  136,    0
 18039, 99328,20170810,  162,    0
 18039, 99328,20170811,  157,    0
 18039, 99328,20170812,  165,    0
 18039, 99328,20170813,  143,    0
 18039, 99328,20170814,  123,    0
 18039, 99328,20170815,  128,    0
 18039, 99328,20170816,  120,    0
 18039, 99328,20170817,  120,    0
 18039, 99328,20170818,  154,    0
 18039, 99328,20170819,  146,    0
 18039, 99328,20170820,  135,    0
 18039, 99328,20170821,  143,    0
 18039, 99328,20170822,  138,    0
 18039, 99328,20170823,  145,    0
 18039, 99328,20170824,  109,    0
 18039, 99328,20170825,  146,    0
 18039, 99328,20170826,  115,    0
 18039, 99328,20170827,  128,    0
 18039, 99328,20170828,  138,    0
 18039, 99328,20170829,  166,    0
 18039, 99328,20170830,  125,    0
 18039, 99328,20170831,  114,    0
 18039, 99328,20170901,  111,    0
 18039, 99328,20170902,  111,    0
 18039, 99328,20170903,  105,    0
 18039, 99328,20170904,  102,    0
 18039, 99328,20170905,  112,    0
 18039, 99328,20170906,  124,    0
 18039, 99328,20170907,  105,    0
 18039, 99328,20170908,   96,    0
 18039, 99328,20170909,  113,    0
 18039, 99328,20170910,  113,    0
 18039, 99328,20170911,  118,    0
 18039, 99328,20170912,  125,    0
 18039, 99328,20170913,   99,    0
 18039, 99328,20170914,  109,    0
 18039, 99328,20170915,  100,    0
 18039, 99328,20170916,  110,    0
 18039, 99328,20170917,  101,    0
 18039, 99328,20170918,  115,    0
 18039, 99328,20170919,  108,    0
 18039, 99328,20170920,   87,    0
 18039, 99328,20170921,   84,    0
 18039, 99328,20170922,   91,    0
 18039, 99328,20170923,  114,    0
 18039, 99328,20170924,  119,    0
 18039, 99328,20170925,  123,    0
 18039, 99328,20170926,  116,    0
 18039, 99328,20170927,  117,    0
 18039, 99328,20170928,  113,    0
 18039, 99328,20170929,  104,    0
 18039, 99328,20170930,  103,    0
 18039, 99328,20171001,   99,    0
 18039, 99328,20171002,  120,    0
 18039, 99328,20171003,  119,    0
 18039, 99328,20171004,   72,    0
 18039, 99328,20171005,   47,    0
 18039, 99328,20171006,   71,    0
 18039, 99328,20171007,   65,    0
 18039, 99328,20171008,   39,    0
 18039, 99328,20171009,   19,    0
 18039, 99328,20171010,    7,    0
 18039, 99328,20171011,   31,    0
 18039, 99328,20171012,   80,    0
 18039, 99328,20171013,   54,    0
 18039, 99328,20171014,   77,    0
 18039, 99328,20171015,   85,    0
 18039, 99328,20171016,  104,    0
 18039, 99328,20171017,   79,    0
 18039, 99328,20171018,   38,    0
 18039, 99328,20171019,   15,    0
 18039, 99328,20171020,   46,    0
 18039, 99328,20171021,   57,    0
 18039, 99328,20171022,   45,    0
 18039, 99328,20171023,   39,    0
 18039, 99328,20171024,    9,    0
 18039, 99328,20171025,   16,    0
 18039, 99328,20171026,   18,    0
 18039, 99328,20171027,   23,    0
 18039, 99328,20171028,   79,    0
 18039, 99328,20171029,   32,    0
 18039, 99328,20171030,   -3,    0
 18039, 99328,20171031,   16,    0
 18039, 99328,20171101,   38,    0
 18039, 99328,20171102,   32,    0
 18039, 99328,20171103,  -11,    0
 18039, 99328,20171104,   13,    0
 18039, 99328,20171105,   27,    0
 18039, 99328,20171106,   -7,    0
 18039, 99328,20171107,  -17,    0
 18039, 99328,20171108,   45,    0
 18039, 99328,20171109,   64,    0
 18039, 99328,20171110,    6,    0
 18039, 99328,20171111,    0,    0
 18039, 99328,20171112,  -27,    0
 18039, 99328,20171113,  -30,    0
 18039, 99328,20171114,  -39,    0
 18039, 99328,20171115,  -31,    0
 18039, 99328,20171116,  -14,    0
 18039, 99328,20171117,   55,    0
 18039, 99328,20171118,   -1,    0
 18039, 99328,20171119,  -29,    0
 18039, 99328,20171120,  -73,    0
 18039, 99328,20171121,  -70,    0
 18039, 99328,20171122,  -53,    0
 18039, 99328,20171123,   31,    0
 18039, 99328,20171124,   35,    0
 18039, 99328,20171125,   -4,    0
 18039, 99328,20171126,   -7,    0
 18039, 99328,20171127,  -47,    0
 18039, 99328,20171128,   -9,    0
 18039, 99328,20171129,  -28,    0
 18039, 99328,20171130,  -36,    0
 18039, 99328,20171201,  -92,    0
 18039, 99328,20171202,  -92,    0
 18039, 99328,20171203,  -38,    0
 18039, 99328,20171204,  -74,    0
 18039, 99328,20171205,  -43,    0
 18039, 99328,20171206,    3,    0
 18039, 99328,20171207,   43,    0
 18039, 99328,20171208,   52,    0
 18039, 99328,20171209,   16,    0
 18039, 99328,20171210, -117,    0
 18039, 99328,20171211,  -66,    0
 18039, 99328,20171212, -124,    0
 18039, 99328,20171213, -139,    0
 18039, 99328,20171214,  -55,    0
 18039, 99328,20171215,  -52,    0
 18039, 99328,20171216,  -85,    0
 18039, 99328,20171217, -123,    0
 18039, 99328,20171218,  -87,    0
 18039, 99328,20171219,  -74,    0
 18039, 99328,20171220,  -65,    0
 18039, 99328,20171221,  -70,    0
 18039, 99328,20171222,  -66,    0
 18039, 99328,20171223,   13,    0
 18039, 99328,20171224,   -1,    0
 18039, 99328,20171225,  -50,    0
 18039, 99328,20171226,   -7,    0
 18039, 99328,20171227,    3,    0
 18039, 99328,20171228,  -16,    0
 18039, 99328,20171229,  -42,    0
 18039, 99328,20171230, -120,    0
 18039, 99328,20171231,  -57,    0
 18039, 99328,20180101,  -40,    0
 18039, 99328,20180102, -102,    0
 18039, 99328,20180103,  -73,    0
 18039, 99328,20180104,   -3,    0
 18039, 99328,20180105,  -22,    0
 18039, 99328,20180106, -105,    0
 18039, 99328,20180107, -104,    0
 18039, 99328,20180108,  -82,    0
 18039, 99328,20180109, -185,    0
 18039, 99328,20180110, -155,    0
 18039, 99328,20180111,  -50,    0
 18039, 99328,20180112,  -35,    0
 18039, 99328,20180113,  -37,    0
 18039, 99328,20180114,  -27,    0
 18039, 99328,20180115,   -2,    0
 18039, 99328,20180116,  -14,    0
 18039, 99328,20180117,  -54,    0
 18039, 99328,20180118,  -56,    0
 18039, 99328,20180119,  -58,    0
 18039, 99328,20180120,  -34,    0
 18039, 99328,20180121,  -79,    0
 18039, 99328,20180122,  -91,    0
 18039, 99328,20180123,  -19,    0
 18039, 99328,20180124,   23,    0
 18039, 99328,20180125,   49,    0
 18039, 99328,20180126,  -35,    0
 18039, 99328,20180127,  -92,    0
 18039, 99328,20180128,  -45,    0
 18039, 99328,20180129,  -24,    0
 18039, 99328,20180130,  -78,    0
 18039, 99328,20180131,    8,    0
 18039, 99328,20180201,    4,    0
 18039, 99328,20180202,  -91,    0
 18039, 99328,20180203, -119,    0
 18039, 99328,20180204, -133,    0
 18039, 99328,20180205, -101,    0
 18039, 99328,20180206,  -73,    0
 18039, 99328,20180207,  -87,    0
 18039, 99328,20180208,  -90,    0
 18039, 99328,20180209,    5,    0
 18039, 99328,20180210,   -6,    0
 18039, 99328,20180211,  -20,    0
 18039, 99328,20180212,  -33,    0
 18039, 99328,20180213,  -99,    0
 18039, 99328,20180214,    4,    0
 18039, 99328,20180215,    1,    0
 18039, 99328,20180216,  -19,    0
 18039, 99328,20180217,  -88,    0
 18039, 99328,20180218,  -44,    0
 18039, 99328,20180219,  -24,    0
 18039, 99328,20180220,  -45,    0
 18039, 99328,20180221,  -54,    0
 18039, 99328,20180222,  -91,    0
 18039, 99328,20180223,  -63,    0
 18039, 99328,20180224,  -32,    0
 18039, 99328,20180225,  -60,    0
 18039, 99328,20180226, -116,    0
 18039, 99328,20180227, -103,    0
 18039, 99328,20180228, -130,    0
 18039, 99328,20180301, -158,    0
 18039, 99328,20180302, -121,    0
 18039, 99328,20180303,  -62,    0
 18039, 99328,20180304,  -59,    0
 18039, 99328,20180305,  -56,    0
 18039, 99328,20180306,  -58,    0
 18039, 99328,20180307,  -32,    0
 18039, 99328,20180308,  -18,    0
 18039, 99328,20180309,  -46,    0
 18039, 99328,20180310,  -86,    0
 18039, 99328,20180311,  -50,    0
 18039, 99328,20180312,  -30,    0
 18039, 99328,20180313,  -23,    0
 18039, 99328,20180314,  -52,    0
 18039, 99328,20180315,  -47,    0
 18039, 99328,20180316,  -86,    0
 18039, 99328,20180317, -126,    0
 18039, 99328,20180318,  -77,    0
 18039, 99328,20180319,  -11,    0
 18039, 99328,20180320,  -23,    0
 18039, 99328,20180321,    7,    0
 18039, 99328,20180322,   17,    0
 18039, 99328,20180323,    4,    0
 18039, 99328,20180324,   41,    0
 18039, 99328,20180325,   14,    0
 18039, 99328,20180326,  -18,    0
 18039, 99328,20180327,  -39,    0
 18039, 99328,20180328,  -68,    0
 18039, 99328,20180329,  -61,    0
 18039, 99328,20180330,  -52,    0
 18039, 99328,20180331,  -45,    0
 18039, 99328,20180401,  -31,    0
 18039, 99328,20180402,  -29,    0
 18039, 99328,20180403,  -35,    0
 18039, 99328,20180404,   24,    0
 18039, 99328,20180405,   26,    0
 18039, 99328,20180406,   32,    0
 18039, 99328,20180407,   12,    0
 18039, 99328,20180408,   19,    0
 18039, 99328,20180409,   22,    0
 18039, 99328,20180410,   31,    0
 18039, 99328,20180411,   18,    0
 18039, 99328,20180412,   22,    0
 18039, 99328,20180413,   30,    0
 18039, 99328,20180414,   57,    0
 18039, 99328,20180415,   62,    0
 18039, 99328,20180416,   24,    0
 18039, 99328,20180417,   69,    0
 18039, 99328,20180418,   83,    0
 18039, 99328,20180419,   80,    0
 18039, 99328,20180420,   71,    0
 18039, 99328,20180421,   69,    0
 18039, 99328,20180422,   61,    0
 18039, 99328,20180423,   58,    0
 18039, 99328,20180424,   53,    0
 18039, 99328,20180425,   54,    0
 18039, 99328,20180426,   59,    0
 18039, 99328,20180427,   51,    0
 18039, 99328,20180428,   47,    0
 18039, 99328,20180429,   55,    0
 18039, 99328,20180430,   63,    0
 18039, 99328,20180501,   35,    0
 18039, 99328,20180502,   69,    0
 18039, 99328,20180503,   52,    0
 18039, 99328,20180504,   60,    0
 18039, 99328,20180505,  121,    0
 18039, 99328,20180506,  138,    0
 18039, 99328,20180507,  136,    0
 18039, 99328,20180508,  141,    0
 18039, 99328,20180509,  133,    0
 18039, 99328,20180510,  133,    0
 18039, 99328,20180511,  141,    0
 18039, 99328,20180512,  136,    0
 18039, 99328,20180513,  118,    0
 18039, 99328,20180514,  175,    0
 18039, 99328,20180515,  171,    0
 18039, 99328,20180516,  174,    0
 18039, 99328,20180517,  129,    0
 18039, 99328,20180518,  125,    0
 18039, 99328,20180519,  144,    0
 18039, 99328,20180520,  151,    0
 18039, 99328,20180521,  152,    0
 18039, 99328,20180522,  159,    0
 18039, 99328,20180523,  164,    0
 18039, 99328,20180524,  175,    0
 18039, 99328,20180525,  187,    0
 18039, 99328,20180526,  194,    0
 18039, 99328,20180527,  186,    0
 18039, 99328,20180528,  157,    0
 18039, 99328,20180529,  182,    0
 18039, 99328,20180530,  202,    0
 18039, 99328,20180531,  198,    0
 18039, 99328,20180601,  196,    0
 18039, 99328,20180602,  216,    0
 18039, 99328,20180603,  224,    0
 18039, 99328,20180604,  194,    0
 18039, 99328,20180605,  142,    0
 18039, 99328,20180606,  147,    0
 18039, 99328,20180607,  193,    0
 18039, 99328,20180608,  190,    0
 18039, 99328,20180609,  194,    0
 18039, 99328,20180610,  186,    0
 18039, 99328,20180611,  152,    0
 18039, 99328,20180612,  148,    0
 18039, 99328,20180613,  154,    0
 18039, 99328,20180614,  141,    0
 18039, 99328,20180615,  147,    0
 18039, 99328,20180616,  150,    0
 18039, 99328,20180617,  117,    0
 18039, 99328,20180618,  136,    0
 18039, 99328,20180619,  148,    0
 18039, 99328,20180620,  111,    0
 18039, 99328,20180621,  112,    0
 18039, 99328,20180622,  122,    0
 18039, 99328,20180623,  156,    0
 18039, 99328,20180624,  177,    0
 18039, 99328,20180625,  219,    0
 18039, 99328,20180626,  225,    0
 18039, 99328,20180627,  219,    0
 18039, 99328,20180628,  195,    0
 18039, 99328,20180629,  172,    0
 18039, 99328,20180630,  158,    0
 18039, 99328,20180701,  184,    0
 18039, 99328,20180702,  197,    0
 18039, 99328,20180703,  232,    0
 18039, 99328,20180704,  218,    0
 18039, 99328,20180705,  209,    0
 18039, 99328,20180706,  219,    0
 18039, 99328,20180707,  202,    0
 18039, 99328,20180708,  205,    0
 18039, 99328,20180709,  162,    0
 18039, 99328,20180710,  204,    0
 18039, 99328,20180711,  214,    0
 18039, 99328,20180712,  199,    0
 18039, 99328,20180713,  192,    0
 18039, 99328,20180714,  203,    0
 18039, 99328,20180715,  214,    0
 18039, 99328,20180716,  195,    0
 18039, 99328,20180717,  190,    0
 18039, 99328,20180718,  199,    0
 18039, 99328,20180719,  204,    0
 18039, 99328,20180720,  193,    0
 18039, 99328,20180721,  202,    0
 18039, 99328,20180722,  223,    0
 18039, 99328,20180723,  217,    0
 18039, 99328,20180724,  226,    0
 18039, 99328,20180725,  239,    0
 18039, 99328,20180726,  231,    0
 18039, 99328,20180727,  227,    0
 18039, 99328,20180728,  202,    0
 18039, 99328,20180729,  214,    0
 18039, 99328,20180730,  182,    0
 18039, 99328,20180731,  204,    0
 18039, 99328,20180801,  198,    0
 18039, 99328,20180802,  182,    0
 18039, 99328,20180803,  181,    0
 18039, 99328,20180804,  186,    0
 18039, 99328,20180805,  176,    0
 18039, 99328,20180806,  156,    0
 18039, 99328,20180807,  165,    0
 18039, 99328,20180808,  164,    0
 18039, 99328,20180809,  183,    0
 18039, 99328,20180810,  139,    0
 18039, 99328,20180811,  136,    0
 18039, 99328,20180812,  112,    0
 18039, 99328,20180813,  128,    0
 18039, 99328,20180814,  136,    0
 18039, 99328,20180815,  152,    0
 18039, 99328,20180816,  179,    0
 18039, 99328,20180817,  153,    0
 18039, 99328,20180818,  147,    0
 18039, 99328,20180819,  140,    0
 18039, 99328,20180820,  119,    0
 18039, 99328,20180821,  119,    0
 18039, 99328,20180822,  149,    0
 18039, 99328,20180823,  140,    0
 18039, 99328,20180824,  132,    0
 18039, 99328,20180825,   92,    0
 18039, 99328,20180826,  111,    0
 18039, 99328,20180827,   92,    0
 18039, 99328,20180828,  141,    0
 18039, 99328,20180829,  138,    0
 18039, 99328,20180830,  140,    0
 18039, 99328,20180831,  114,    0
 18039, 99328,20180901,  114,    0
 18039, 99328,20180902,  141,    0
 18039, 99328,20180903,  132,    0
 18039, 99328,20180904,  129,    0
 18039, 99328,20180905,  126,    0
 18039, 99328,20180906,  140,    0
 18039, 99328,20180907,  142,    0
 18039, 99328,20180908,  134,    0
 18039, 99328,20180909,  131,    0
 18039, 99328,20180910,  140,    0
 18039, 99328,20180911,  110,    0
 18039, 99328,20180912,  107,    0
 18039, 99328,20180913,   95,    0
 18039, 99328,20180914,  119,    0
 18039, 99328,20180915,   87,    0
 18039, 99328,20180916,   57,    0
 18039, 99328,20180917,  106,    0
 18039, 99328,20180918,  165,    0
 18039, 99328,20180919,  171,    0
 18039, 99328,20180920,  131,    0
 18039, 99328,20180921,   89,    0
 18039, 99328,20180922,  113,    0
 18039, 99328,20180923,   91,    0
 18039, 99328,20180924,   71,    0
 18039, 99328,20180925,   72,    0
 18039, 99328,20180926,-9999,    9
 18039, 99328,20180927,   59,    0
 18039, 99328,20180928,   60,    0
 18039, 99328,20180929,   78,    0
 18039, 99328,20180930,   84,    0
 18039, 99328,20181001,   31,    0
 18039, 99328,20181002,   29,    0
 18039, 99328,20181003,   38,    0
 18039, 99328,20181004,   52,    0
 18039, 99328,20181005,   85,    0
 18039, 99328,20181006,   29,    0
 18039, 99328,20181007,   35,    0
 18039, 99328,20181008,  102,    0
 18039, 99328,20181009,  139,    0
 18039, 99328,20181010,  130,    0
 18039, 99328,20181011,   99,    0
 18039, 99328,20181012,  103,    0
 18039, 99328,20181013,  167,    0
 18039, 99328,20181014,  162,    0
 18039, 99328,20181015,  106,    0
 18039, 99328,20181016,   44,    0
 18039, 99328,20181017,   90,    0
 18039, 99328,20181018,   41,    0
 18039, 99328,20181019,   28,    0
 18039, 99328,20181020,   41,    0
 18039, 99328,20181021,   87,    0
 18039, 99328,20181022,   77,    0
 18039, 99328,20181023,   83,    0
 18039, 99328,20181024,   23,    0
 18039, 99328,20181025,   60,    0
 18039, 99328,20181026,    4,    0
 18039, 99328,20181027,   -1,    0
 18039, 99328,20181028,  -47,    0
 18039, 99328,20181029,  -15,    0
 18039, 99328,20181030,    2,    0
 18039, 99328,20181031,   21,    0
 18039, 99328,20181101,    5,    0
 18039, 99328,20181102,   23,    0
 18039, 99328,20181103,    7,    0
 18039, 99328,20181104,   80,    0
 18039, 99328,20181105,   58,    0
 18039, 99328,20181106,   59,    0
 18039, 99328,20181107,   53,    0
 18039, 99328,20181108,   55,    0
 18039, 99328,20181109,   57,    0
 18039, 99328,20181110,   62,    0
 18039, 99328,20181111,   82,    0
 18039, 99328,20181112,   71,    0
 18039, 99328,20181113,   49,    0
 18039, 99328,20181114,   25,    0
 18039, 99328,20181115,   68,    0
 18039, 99328,20181116,   29,    0
 18039, 99328,20181117,   27,    0
 18039, 99328,20181118,    8,    0
 18039, 99328,20181119,   -2,    0
 18039, 99328,20181120,  -29,    0
 18039, 99328,20181121,  -12,    0
 18039, 99328,20181122,  -69,    0
 18039, 99328,20181123, -103,    0
 18039, 99328,20181124,  -82,    0
 18039, 99328,20181125,  -72,    0
 18039, 99328,20181126, -123,    0
 18039, 99328,20181127,  -93,    0
 18039, 99328,20181128,  -88,    0
 18039, 99328,20181129,    7,    0
 18039, 99328,20181130,   66,    0
 18039, 99328,20181201,   40,    0
 18039, 99328,20181202,    6,    0
 18039, 99328,20181203,   10,    0
 18039, 99328,20181204,   24,    0
 18039, 99328,20181205,  -35,    0
 18039, 99328,20181206,  -52,    0
 18039, 99328,20181207,  -48,    0
 18039, 99328,20181208,  -21,    0
 18039, 99328,20181209,  -62,    0
 18039, 99328,20181210,  -33,    0
 18039, 99328,20181211,  -50,    0
 18039, 99328,20181212, -122,    0
 18039, 99328,20181213, -151,    0
 18039, 99328,20181214, -173,    0
 18039, 99328,20181215,  -88,    0
 18039, 99328,20181216,  -45,    0
 18039, 99328,20181217,  -47,    0
 18039, 99328,20181218, -135,    0
 18039, 99328,20181219,  -57,    0
 18039, 99328,20181220,  -19,    0
 18039, 99328,20181221,  -12,    0
 18039, 99328,20181222,  -46,    0
 18039, 99328,20181223, -120,    0
 18039, 99328,20181224, -143,    0
 18039, 99328,20181225,   -9,    0
 18039, 99328,20181226,   -7,    0
 18039, 99328,20181227,   -7,    0
 18039, 99328,20181228,  -73,    0
 18039, 99328,20181229,  -56,    0
 18039, 99328,20181230,  -59,    0
 18039, 99328,20181231,    1,    0
 18039, 99328,20190101,   56,    0
 18039, 99328,20190102,  -57,    0
 18039, 99328,20190103,  -77,    0
 18039, 99328,20190104,   33,    0
 18039, 99328,20190105,  -18,    0
 18039, 99328,20190106,  -54,    0
 18039, 99328,20190107,  -74,    0
 18039, 99328,20190108,  -11,    0
 18039, 99328,20190109,  -15,    0
 18039, 99328,20190110,  -37,    0
 18039, 99328,20190111,   19,    0
 18039, 99328,20190112,  -78,    0
 18039, 99328,20190113,  -62,    0
 18039, 99328,20190114,   -4,    0
 18039, 99328,20190115,  -66,    0
 18039, 99328,20190116,  -70,    0
 18039, 99328,20190117, -144,    0
 18039, 99328,20190118, -139,    0
 18039, 99328,20190119,  -66,    0
 18039, 99328,20190120, -112,    0
 18039, 99328,20190121,  -98,    0
 18039, 99328,20190122, -117,    0
 18039, 99328,20190123,  -56,    0
 18039, 99328,20190124,  -34,    0
 18039, 99328,20190125,  -31,    0
 18039, 99328,20190126,  -51,    0
 18039, 99328,20190127,  -58,    0
 18039, 99328,20190128,  -82,    0
 18039, 99328,20190129, -170,    0
 18039, 99328,20190130,  -99,    0
 18039, 99328,20190131,  -70,    0
 18039, 99328,20190201,  -42,    0
 18039, 99328,20190202,  -40,    0
 18039, 99328,20190203,  -97,    0
 18039, 99328,20190204, -124,    0
 18039, 99328,20190205,  -65,    0
 18039, 99328,20190206, -127,    0
 18039, 99328,20190207, -124,    0
 18039, 99328,20190208,  -71,    0
 18039, 99328,20190209,    1,    0
 18039, 99328,20190210,    7,    0
 18039, 99328,20190211,  -19,    0
 18039, 99328,20190212,  -46,    0
 18039, 99328,20190213,   48,    0
 18039, 99328,20190214,    7,    0
 18039, 99328,20190215,   10,    0
 18039, 99328,20190216,   -7,    0
 18039, 99328,20190217,   -2,    0
 18039, 99328,20190218,   48,    0
 18039, 99328,20190219,   53,    0
 18039, 99328,20190220,    7,    0
 18039, 99328,20190221,    8,    0
 18039, 99328,20190222,    7,    0
 18039, 99328,20190223,   17,    0
 18039, 99328,20190224,   34,    0
 18039, 99328,20190225,   31,    0
 18039, 99328,20190226,   24,    0
 18039, 99328,20190227,   15,    0
 18039, 99328,20190228,   24,    0
 18039, 99328,20190301,  -13,    0
 18039, 99328,20190302,   -9,    0
 18039, 99328,20190303,   17,    0
 18039, 99328,20190304,   11,    0
 18039, 99328,20190305,   -6,    0
 18039, 99328,20190306,  -14,    0
 18039, 99328,20190307,   -1,    0
 18039, 99328,20190308,   -4,    0
 18039, 99328,20190309,  -34,    0
 18039, 99328,20190310,  -51,    0
 18039, 99328,20190311,  -71,    0
 18039, 99328,20190312,  -67,    0
 18039, 99328,20190313,   -9,    0
 18039, 99328,20190314,  -35,    0
 18039, 99328,20190315,   -2,    0
 18039, 99328,20190316,   -1,    0
 18039, 99328,20190317,    5,    0
 18039, 99328,20190318,   18,    0
 18039, 99328,20190319,   -5,    0
 18039, 99328,20190320,   59,    0
 18039, 99328,20190321,   63,    0
 18039, 99328,20190322,   20,    0
 18039, 99328,20190323,   61,    0
 18039, 99328,20190324,   41,    0
 18039, 99328,20190325,   42,    0
 18039, 99328,20190326,   36,    0
 18039, 99328,20190327,   42,    0
 18039, 99328,20190328,   48,    0
 18039, 99328,20190329,   91,    0
 18039, 99328,20190330,   44,    0
 18039, 99328,20190331,   14,    0
 18039, 99328,20190401,   -1,    0
 18039, 99328,20190402,   20,    0
 18039, 99328,20190403,   -9,    0
 18039, 99328,20190404,   41,    0
 18039, 99328,20190405,   29,    0
 18039, 99328,20190406,   34,    0
 18039, 99328,20190407,   29,    0
 18039, 99328,20190408,   28,    0
 18039, 99328,20190409,   10,    0
 18039, 99328,20190410,    3,    0
 18039, 99328,20190411,    1,    0
 18039, 99328,20190412,    5,    0
 18039, 99328,20190413,   10,    0
 18039, 99328,20190414,   14,    0
 18039, 99328,20190415,   24,    0
 18039, 99328,20190416,   23,    0
 18039, 99328,20190417,   34,    0
 18039, 99328,20190418,   52,    0
 18039, 99328,20190419,   66,    0
 18039, 99328,20190420,   74,    0
 18039, 99328,20190421,   84,    0
 18039, 99328,20190422,   84,    0
 18039, 99328,20190423,   74,    0
 18039, 99328,20190424,   79,    0
 18039, 99328,20190425,   67,    0
 18039, 99328,20190426,   84,    0
 18039, 99328,20190427,   74,    0
 18039, 99328,20190428,  109,    0
 18039, 99328,20190429,  120,    0
 18039, 99328,20190430,  131,    0
 18039, 99328,20190501,  114,    0
 18039, 99328,20190502,   56,    0
 18039, 99328,20190503,   20,    0
 18039, 99328,20190504,   43,    0
 18039, 99328,20190505,   43,    0
 18039, 99328,20190506,   31,    0
 18039, 99328,20190507,   30,    0
 18039, 99328,20190508,   35,    0
 18039, 99328,20190509,   15,    0
 18039, 99328,20190510,   60,    0
 18039, 99328,20190511,   76,    0
 18039, 99328,20190512,   73,    0
 18039, 99328,20190513,   70,    0
 18039, 99328,20190514,  103,    0
 18039, 99328,20190515,  107,    0
 18039, 99328,20190516,  134,    0
 18039, 99328,20190517,  138,    0
 18039, 99328,20190518,  102,    0
 18039, 99328,20190519,  133,    0
 18039, 99328,20190520,  127,    0
 18039, 99328,20190521,  158,    0
 18039, 99328,20190522,  153,    0
 18039, 99328,20190523,  114,    0
 18039, 99328,20190524,  100,    0
 18039, 99328,20190525,  124,    0
 18039, 99328,20190526,  117,    0
 18039, 99328,20190527,   94,    0
 18039, 99328,20190528,   90,    0
 18039, 99328,20190529,   93,    0
 18039, 99328,20190530,   89,    0
 18039, 99328,20190531,  106,    0
 18039, 99328,20190601,  118,    0
 18039, 99328,20190602,  128,    0
 18039, 99328,20190603,  141,    0
 18039, 99328,20190604,  145,    0
 18039, 99328,20190605,  102,    0
 18039, 99328,20190606,  159,    0
 18039, 99328,20190607,  173,    0
 18039, 99328,20190608,  125,    0
 18039, 99328,20190609,  138,    0
 18039, 99328,20190610,  140,    0
 18039, 99328,20190611,  138,    0
 18039, 99328,20190612,  102,    0
 18039, 99328,20190613,  110,    0
 18039, 99328,20190614,  136,    0
 18039, 99328,20190615,  168,    0
 18039, 99328,20190616,  153,    0
 18039, 99328,20190617,  160,    0
 18039, 99328,20190618,  147,    0
 18039, 99328,20190619,  137,    0
 18039, 99328,20190620,  140,    0
 18039, 99328,20190621,  126,    0
 18039, 99328,20190622,  133,    0
 18039, 99328,20190623,  130,    0
 18039, 99328,20190624,  149,    0
 18039, 99328,20190625,  135,    0
 18039, 99328,20190626,  159,    0
 18039, 99328,20190627,  170,    0
 18039, 99328,20190628,  191,    0
 18039, 99328,20190629,  215,    0
 18039, 99328,20190630,  190,    0
 18039, 99328,20190701,  173,    0
 18039, 99328,20190702,  134,    0
 18039, 99328,20190703,  115,    0
 18039, 99328,20190704,  130,    0
 18039, 99328,20190705,  132,    0
 18039, 99328,20190706,  120,    0
 18039, 99328,20190707,  133,    0
 18039, 99328,20190708,  143,    0
 18039, 99328,20190709,  152,    0
 18039, 99328,20190710,  169,    0
 18039, 99328,20190711,  180,    0
 18039, 99328,20190712,  182,    0
 18039, 99328,20190713,  191,    0
 18039, 99328,20190714,  183,    0
 18039, 99328,20190715,  174,    0
 18039, 99328,20190716,  163,    0
 18039, 99328,20190717,  179,    0
 18039, 99328,20190718,  165,    0
 18039, 99328,20190719,  160,    0
 18039, 99328,20190720,  151,    0
 18039, 99328,20190721,  150,    0
 18039, 99328,20190722,  147,    0
 18039, 99328,20190723,  198,    0
 18039, 99328,20190724,  205,    0
 18039, 99328,20190725,  205,    0
 18039, 99328,20190726,  210,    0
 18039, 99328,20190727,  221,    0
 18039, 99328,20190728,  215,    0
 18039, 99328,20190729,  208,    0
 18039, 99328,20190730,  131,    0
 18039, 99328,20190731,  120,    0
 18039, 99328,20190801,  165,    0
 18039, 99328,20190802,  184,    0
 18039, 99328,20190803,  184,    0
 18039, 99328,20190804,  170,    0
 18039, 99328,20190805,  165,    0
 18039, 99328,20190806,-9999,    9
 18039, 99328,20190807,-9999,    9
 18039, 99328,20190808,-9999,    9
 18039, 99328,20190809,-9999,    9
 18039, 99328,20190810,-9999,    9
 18039, 99328,20190811,-9999,    9
 18039, 99328,20190812,-9999,    9
 18039, 99328,20190813,-9999,    9
 18039, 99328,20190814,-9999,    9
 18039, 99328,20190815,  117,    0
 18039, 99328,20190816,  163,    0
 18039, 99328,20190817,  152,    0
 18039, 99328,20190818,  140,    0
 18039, 99328,20190819,-9999,    9
 18039, 99328,20190820,  135,    0
 18039, 99328,20190821,  135,    0
 18039, 99328,20190822,  100,    0
 18039, 99328,20190823,  163,    0
 18039, 99328,20190824,  164,    0
 18039, 99328,20190825,  183,    0
 18039, 99328,20190826,  175,    0
 18039, 99328,20190827,  174,    0
 18039, 99328,20190828,  152,    0
 18039, 99328,20190829,  170,    0
 18039, 99328,20190830,  150,    0
 18039, 99328,20190831,  175,    0
 18039, 99328,20190901,  150,    0
 18039, 99328,20190902,  104,    0
 18039, 99328,20190903,  121,    0
 18039, 99328,20190904,   71,    0
 18039, 99328,20190905,   95,    0
 18039, 99328,20190906,   81,    0
 18039, 99328,20190907,  106,    0
 18039, 99328,20190908,   87,    0
 18039, 99328,20190909,  120,    0
 18039, 99328,20190910,  123,    0
 18039, 99328,20190911,  123,    0
 18039, 99328,20190912,  116,    0
 18039, 99328,20190913,  107,    0
 18039, 99328,20190914,   94,    0
 18039, 99328,20190915,  130,    0
 18039, 99328,20190916,  110,    0
 18039, 99328,20190917,   80,    0
 18039, 99328,20190918,   76,    0
 18039, 99328,20190919,   53,    0
 18039, 99328,20190920,  107,    0
 18039, 99328,20190921,  111,    0
 18039, 99328,20190922,  114,    0
 18039, 99328,20190923,   97,    0
 18039, 99328,20190924,   93,    0
 18039, 99328,20190925,   95,    0
 18039, 99328,20190926,   88,    0
 18039, 99328,20190927,   90,    0
 18039, 99328,20190928,   98,    0
 18039, 99328,20190929,  107,    0
 18039, 99328,20190930,   78,    0
 18039, 99328,20191001,   82,    0
 18039, 99328,20191002,   74,    0
 18039, 99328,20191003,   40,    0
 18039, 99328,20191004,   19,    0
 18039, 99328,20191005,   20,    0
 18039, 99328,20191006,   -5,    0
 18039, 99328,20191007,    2,    0
 18039, 99328,20191008,   16,    0
 18039, 99328,20191009,   24,    0
 18039, 99328,20191010,   50,    0
 18039, 99328,20191011,   49,    0
 18039, 99328,20191012,   46,    0
 18039, 99328,20191013,   46,    0
 18039, 99328,20191014,   69,    0
 18039, 99328,20191015,   45,    0
 18039, 99328,20191016,   47,    0
 18039, 99328,20191017,   62,    0
 18039, 99328,20191018,   57,    0
 18039, 99328,20191019,   60,    0
 18039, 99328,20191020,   49,    0
 18039, 99328,20191021,   19,    0
 18039, 99328,20191022,   64,    0
 18039, 99328,20191023,   93,    0
 18039, 99328,20191024,   68,    0
 18039, 99328,20191025,   71,    0
 18039, 99328,20191026,   29,    0
 18039, 99328,20191027,    4,    0
 18039, 99328,20191028,   -8,    0
 18039, 99328,20191029,    0,    0
 18039, 99328,20191030,  -21,    0
 18039, 99328,20191031,   13,    0
 18039, 99328,20191101,  -20,    0
 18039, 99328,20191102,    1,    0
 18039, 99328,20191103,    4,    0
 18039, 99328,20191104,   -2,    0
 18039, 99328,20191105,  -10,    0
 18039, 99328,20191106,   -2,    1
 18039, 99328,20191107,-9999,    9
 18039, 99328,20191108,-9999,    9
 18039, 99328,20191109,-9999,    9
 18039, 99328,20191110,-9999,    9
 18039, 99328,20191111,-9999,    9
 18039, 99328,20191112,-9999,    9
 18039, 99328,20191113,   -4,    0
 18039, 99328,20191114,    7,    0
 18039, 99328,20191115,    0,    0
 18039, 99328,20191116,    3,    0
 18039, 99328,20191117,    4,    0
 18039, 99328,20191118,  -11,    0
 18039, 99328,20191119,    7,    0
 18039, 99328,20191120,  -41,    0
 18039, 99328,20191121,   -1,    0
 18039, 99328,20191122,    8,    0
 18039, 99328,20191123,    9,    0
 18039, 99328,20191124,    9,    0
 18039, 99328,20191125,    7,    0
 18039, 99328,20191126,-9999,    9
 18039, 99328,20191127,-9999,    9
 18039, 99328,20191128,-9999,    9
 18039, 99328,20191129,-9999,    9
 18039, 99328,20191130,-9999,    9
 18039, 99328,20191201, -132,    0
 18039, 99328,20191202, -152,    0
 18039, 99328,20191203,  -63,    0
 18039, 99328,20191204,  -26,    0
 18039, 99328,20191205,   58,    0
 18039, 99328,20191206,   -5,    0
 18039, 99328,20191207,-9999,    9
 18039, 99328,20191208,  -25,    0
 18039, 99328,20191209,  -27,    0
 18039, 99328,20191210,  -92,    0
 18039, 99328,20191211,   46,    0
 18039, 99328,20191212,   18,    0
 18039, 99328,20191213,   -4,    0
 18039, 99328,20191214,    6,    0
 18039, 99328,20191215,-9999,    9
 18039, 99328,20191216,  -45,    0
 18039, 99328,20191217, -113,    0
 18039, 99328,20191218, -127,    0
 18039, 99328,20191219, -105,    0
 18039, 99328,20191220,  -17,    0
 18039, 99328,20191221,    5,    0
 18039, 99328,20191222,-9999,    9
 18039, 99328,20191223,    6,    0
 18039, 99328,20191224,    4,    0
 18039, 99328,20191225,  -60,    0
 18039, 99328,20191226, -124,    0
 18039, 99328,20191227, -125,    0
 18039, 99328,20191228,  -45,    0
 18039, 99328,20191229,   45,    0
 18039, 99328,20191230,   47,    0
 18039, 99328,20191231,   45,    0
 18039, 99328,20200101,  -27,    0
 18039, 99328,20200102,   32,    0
 18039, 99328,20200103,   45,    0
 18039, 99328,20200104,   11,    0
 18039, 99328,20200105,  -30,    0
 18039, 99328,20200106,   -6,    0
 18039, 99328,20200107,   35,    0
 18039, 99328,20200108,   66,    0
 18039, 99328,20200109,  -14,    0
 18039, 99328,20200110,  -76,    0
 18039, 99328,20200111,   23,    0
 18039, 99328,20200112,   25,    0
 18039, 99328,20200113,  -11,    0
 18039, 99328,20200114,   32,    0
 18039, 99328,20200115,   30,    0
 18039, 99328,20200116,   62,    0
 18039, 99328,20200117,   25,    0
 18039, 99328,20200118,    8,    0
 18039, 99328,20200119,   13,    0
 18039, 99328,20200120,   54,    0
 18039, 99328,20200121,   74,    0
 18039, 99328,20200122,   21,    0
 18039, 99328,20200123,    7,    0
 18039, 99328,20200124,   41,    0
 18039, 99328,20200125,  -11,    0
 18039, 99328,20200126,  -11,    0
 18039, 99328,20200127,   29,    0
 18039, 99328,20200128,   -5,    0
 18039, 99328,20200129,    4,    0
 18039, 99328,20200130,  -51,    0
 18039, 99328,20200131,  -17,    0
 18039, 99328,20200201,   21,    0
 18039, 99328,20200202,   19,    0
 18039, 99328,20200203,  -48,    0
 18039, 99328,20200204,  -50,    0
 18039, 99328,20200205,    6,    0
 18039, 99328,20200206,   40,    0
 18039, 99328,20200207,  -28,    0
 18039, 99328,20200208,   13,    0
 18039, 99328,20200209,   48,    0
 18039, 99328,20200210,   47,    0
 18039, 99328,20200211,   21,    0
 18039, 99328,20200212,   27,    0
 18039, 99328,20200213,    3,    0
 18039, 99328,20200214,  -22,    0
 18039, 99328,20200215,   36,    0
 18039, 99328,20200216,   56,    0
 18039, 99328,20200217,   60,    0
 18039, 99328,20200218,   53,    0
 18039, 99328,20200219,  -11,    0
 18039, 99328,20200220,   -6,    0
 18039, 99328,20200221,   46,    0
 18039, 99328,20200222,   56,    0
 18039, 99328,20200223,   17,    0
 18039, 99328,20200224,    7,    0
 18039, 99328,20200225,  -10,    0
 18039, 99328,20200226,  -39,    0
 18039, 99328,20200227,  -50,    0
 18039, 99328,20200228,  -24,    0
 18039, 99328,20200229,  -22,    0
 18039, 99328,20200301,   -3,    0
 18039, 99328,20200302,-9999,    9
 18039, 99328,20200303,-9999,    9
 18039, 99328,20200304,-9999,    9
 18039, 99328,20200305,-9999,    9
 18039, 99328,20200306,-9999,    9
 18039, 99328,20200307,-9999,    9
 18039, 99328,20200308,-9999,    9
 18039, 99328,20200309,-9999,    9
 18039, 99328,20200310,-9999,    9
 18039, 99328,20200311,-9999,    9
 18039, 99328,20200312,-9999,    9
 18039, 99328,20200313,-9999,    9
 18039, 99328,20200314,-9999,    9
 18039, 99328,20200315,-9999,    9
 18039, 99328,20200316,-9999,    9
 18039, 99328,20200317,-9999,    9
 18039, 99328,20200318,-9999,    9
 18039, 99328,20200319,-9999,    9
 18039, 99328,20200320,-9999,    9
 18039, 99328,20200321,-9999,    9
 18039, 99328,20200322,-9999,    9
 18039, 99328,20200323,-9999,    9
 18039, 99328,20200324,-9999,    9
 18039, 99328,20200325,-9999,    9
 18039, 99328,20200326,-9999,    9
 18039, 99328,20200327,-9999,    9
 18039, 99328,20200328,-9999,    9
 18039, 99328,20200329,-9999,    9
 18039, 99328,20200330,-9999,    9
 18039, 99328,20200331,-9999,    9
 18039, 99328,20200401,-9999,    9
 18039, 99328,20200402,-9999,    9
 18039, 99328,20200403,-9999,    9
 18039, 99328,20200404,-9999,    9
 18039, 99328,20200405,-9999,    9
 18039, 99328,20200406,-9999,    9
 18039, 99328,20200407,-9999,    9
 18039, 99328,20200408,-9999,    9
 18039, 99328,20200409,-9999,    9
 18039, 99328,20200410,-9999,    9
 18039, 99328,20200411,-9999,    9
 18039, 99328,20200412,-9999,    9
 18039, 99328,20200413,-9999,    9
 18039, 99328,20200414,-9999,    9
 18039, 99328,20200415,-9999,    9
 18039, 99328,20200416,-9999,    9
 18039, 99328,20200417,-9999,    9
 18039, 99328,20200418,-9999,    9
 18039, 99328,20200419,-9999,    9
 18039, 99328,20200420,-9999,    9
 18039, 99328,20200421,-9999,    9
 18039, 99328,20200422,-9999,    9
 18039, 99328,20200423,-9999,    9
 18039, 99328,20200424,-9999,    9
 18039, 99328,20200425,-9999,    9
 18039, 99328,20200426,-9999,    9
 18039, 99328,20200427,-9999,    9
 18039, 99328,20200428,-9999,    9
 18039, 99328,20200429,-9999,    9
 18039, 99328,20200430,-9999,    9
 18039, 99328,20200501,-9999,    9
 18039, 99328,20200502,-9999,    9
 18039, 99328,20200503,-9999,    9
 18039, 99328,20200504,-9999,    9
 18039, 99328,20200505,-9999,    9
 18039, 99328,20200506,-9999,    9
 18039, 99328,20200507,-9999,    9
 18039, 99328,20200508,-9999,    9
 18039, 99328,20200509,-9999,    9
 18039, 99328,20200510,-9999,    9
 18039, 99328,20200511,-9999,    9
 18039, 99328,20200512,-9999,    9
 18039, 99328,20200513,-9999,    9
 18039, 99328,20200514,-9999,    9
 18039, 99328,20200515,-9999,    9
 18039, 99328,20200516,-9999,    9
 18039, 99328,20200517,-9999,    9
 18039, 99328,20200518,-9999,    9
 18039, 99328,20200519,-9999,    9
 18039, 99328,20200520,-9999,    9
 18039, 99328,20200521,-9999,    9
 18039, 99328,20200522,-9999,    9
 18039, 99328,20200523,-9999,    9
 18039, 99328,20200524,-9999,    9
 18039, 99328,20200525,-9999,    9
 18039, 99328,20200526,-9999,    9
 18039, 99328,20200527,-9999,    9
 18039, 99328,20200528,-9999,    9
 18039, 99328,20200529,-9999,    9
 18039, 99328,20200530,-9999,    9
 18039, 99328,20200531,-9999,    9
 18039, 99328,20200601,-9999,    9
 18039, 99328,20200602,-9999,    9
 18039, 99328,20200603,-9999,    9
 18039, 99328,20200604,-9999,    9
 18039, 99328,20200605,-9999,    9
 18039, 99328,20200606,-9999,    9
 18039, 99328,20200607,-9999,    9
 18039, 99328,20200608,-9999,    9
 18039, 99328,20200609,-9999,    9
 18039, 99328,20200610,-9999,    9
 18039, 99328,20200611,-9999,    9
 18039, 99328,20200612,-9999,    9
 18039, 99328,20200613,-9999,    9
 18039, 99328,20200614,-9999,    9
 18039, 99328,20200615,-9999,    9
 18039, 99328,20200616,-9999,    9
 18039, 99328,20200617,-9999,    9
 18039, 99328,20200618,-9999,    9
 18039, 99328,20200619,-9999,    9
 18039, 99328,20200620,-9999,    9
 18039, 99328,20200621,-9999,    9
 18039, 99328,20200622,-9999,    9
 18039, 99328,20200623,-9999,    9
 18039, 99328,20200624,-9999,    9
 18039, 99328,20200625,-9999,    9
 18039, 99328,20200626,-9999,    9
 18039, 99328,20200627,-9999,    9
 18039, 99328,20200628,-9999,    9
 18039, 99328,20200629,-9999,    9
 18039, 99328,20200630,-9999,    9
 18039, 99328,20200701,-9999,    9
 18039, 99328,20200702,-9999,    9
 18039, 99328,20200703,-9999,    9
 18039, 99328,20200704,-9999,    9
 18039, 99328,20200705,-9999,    9
 18039, 99328,20200706,-9999,    9
 18039, 99328,20200707,-9999,    9
 18039, 99328,20200708,-9999,    9
 18039, 99328,20200709,-9999,    9
 18039, 99328,20200710,-9999,    9
 18039, 99328,20200711,-9999,    9
 18039, 99328,20200712,-9999,    9
 18039, 99328,20200713,-9999,    9
 18039, 99328,20200714,-9999,    9
 18039, 99328,20200715,-9999,    9
 18039, 99328,20200716,-9999,    9
 18039, 99328,20200717,-9999,    9
 18039, 99328,20200718,-9999,    9
 18039, 99328,20200719,-9999,    9
 18039, 99328,20200720,-9999,    9
 18039, 99328,20200721,-9999,    9
 18039, 99328,20200722,-9999,    9
 18039, 99328,20200723,-9999,    9
 18039, 99328,20200724,-9999,    9
 18039, 99328,20200725,-9999,    9
 18039, 99328,20200726,-9999,    9
 18039, 99328,20200727,-9999,    9
 18039, 99328,20200728,-9999,    9
 18039, 99328,20200729,-9999,    9
 18039, 99328,20200730,-9999,    9
 18039, 99328,20200731,-9999,    9
 18039, 99328,20200801,-9999,    9
 18039, 99328,20200802,-9999,    9
 18039, 99328,20200803,-9999,    9
 18039, 99328,20200804,-9999,    9
 18039, 99328,20200805,-9999,    9
 18039, 99328,20200806,-9999,    9
 18039, 99328,20200807,-9999,    9
 18039, 99328,20200808,-9999,    9
 18039, 99328,20200809,-9999,    9
 18039, 99328,20200810,-9999,    9
 18039, 99328,20200811,-9999,    9
 18039, 99328,20200812,-9999,    9
 18039, 99328,20200813,-9999,    9
 18039, 99328,20200814,-9999,    9
 18039, 99328,20200815,-9999,    9
 18039, 99328,20200816,-9999,    9
 18039, 99328,20200817,-9999,    9
 18039, 99328,20200818,-9999,    9
 18039, 99328,20200819,-9999,    9
 18039, 99328,20200820,-9999,    9
 18039, 99328,20200821,-9999,    9
 18039, 99328,20200822,-9999,    9
 18039, 99328,20200823,-9999,    9
 18039, 99328,20200824,-9999,    9
 18039, 99328,20200825,-9999,    9
 18039, 99328,20200826,-9999,    9
 18039, 99328,20200827,-9999,    9
 18039, 99328,20200828,-9999,    9
 18039, 99328,20200829,-9999,    9
 18039, 99328,20200830,-9999,    9
 18039, 99328,20200831,-9999,    9
 18039, 99328,20200901,-9999,    9
 18039, 99328,20200902,-9999,    9
 18039, 99328,20200903,-9999,    9
 18039, 99328,20200904,-9999,    9
 18039, 99328,20200905,-9999,    9
 18039, 99328,20200906,-9999,    9
 18039, 99328,20200907,-9999,    9
 18039, 99328,20200908,-9999,    9
 18039, 99328,20200909,-9999,    9
 18039, 99328,20200910,-9999,    9
 18039, 99328,20200911,-9999,    9
 18039, 99328,20200912,-9999,    9
 18039, 99328,20200913,-9999,    9
 18039, 99328,20200914,-9999,    9
 18039, 99328,20200915,-9999,    9
 18039, 99328,20200916,-9999,    9
 18039, 99328,20200917,-9999,    9
 18039, 99328,20200918,-9999,    9
 18039, 99328,20200919,-9999,    9
 18039, 99328,20200920,  104,    0
 18039, 99328,20200921,  136,    0
 18039, 99328,20200922,  134,    0
 18039, 99328,20200923,  152,    0
 18039, 99328,20200924,  128,    0
 18039, 99328,20200925,   81,    0
 18039, 99328,20200926,   77,    0
 18039, 99328,20200927,   96,    0
 18039, 99328,20200928,  121,    0
 18039, 99328,20200929,  115,    0
 18039, 99328,20200930,  111,    0
 18039, 99328,20201001,  113,    0
 18039, 99328,20201002,  110,    0
 18039, 99328,20201003,  119,    0
 18039, 99328,20201004,  122,    0
 18039, 99328,20201005,  112,    0
 18039, 99328,20201006,  104,    0
 18039, 99328,20201007,  103,    0
 18039, 99328,20201008,   94,    0
 18039, 99328,20201009,   87,    0
 18039, 99328,20201010,   63,    0
 18039, 99328,20201011,   78,    0
 18039, 99328,20201012,   37,    0
 18039, 99328,20201013,   34,    0
 18039, 99328,20201014,   18,    0
 18039, 99328,20201015,   21,    0
 18039, 99328,20201016,   21,    0
 18039, 99328,20201017,   31,    0
 18039, 99328,20201018,   17,    0
 18039, 99328,20201019,    5,    0
 18039, 99328,20201020,    8,    0
 18039, 99328,20201021,   16,    0
 18039, 99328,20201022,   30,    0
 18039, 99328,20201023,   37,    0
 18039, 99328,20201024,   47,    0
 18039, 99328,20201025,   95,    0
 18039, 99328,20201026,   47,    0
 18039, 99328,20201027,   60,    0
 18039, 99328,20201028,   64,    0
 18039, 99328,20201029,   37,    0
 18039, 99328,20201030,    4,    0
 18039, 99328,20201031,   39,    0
 18039, 99328,20201101,   77,    0
 18039, 99328,20201102,   91,    0
 18039, 99328,20201103,   44,    0
 18039, 99328,20201104,   40,    0
 18039, 99328,20201105,  116,    0
 18039, 99328,20201106,   89,    0
 18039, 99328,20201107,   10,    0
 18039, 99328,20201108,   -3,    0
 18039, 99328,20201109,  -12,    0
 18039, 99328,20201110,   -8,    0
 18039, 99328,20201111,   10,    0
 18039, 99328,20201112,   34,    0
 18039, 99328,20201113,   35,    0
 18039, 99328,20201114,   31,    0
 18039, 99328,20201115,   71,    0
 18039, 99328,20201116,   83,    0
 18039, 99328,20201117,   60,    0
 18039, 99328,20201118,   82,    0
 18039, 99328,20201119,   48,    0
 18039, 99328,20201120,    0,    0
 18039, 99328,20201121,   48,    0
 18039, 99328,20201122,   53,    0
 18039, 99328,20201123,   -4,    0
 18039, 99328,20201124,   19,    0
 18039, 99328,20201125,   73,    0
 18039, 99328,20201126,  -17,    0
 18039, 99328,20201127,  -58,    0
 18039, 99328,20201128,  -69,    0
 18039, 99328,20201129,  -88,    0
 18039, 99328,20201130,  -33,    0
 18039, 99328,20201201,  -23,    0
 18039, 99328,20201202,  -55,    0
 18039, 99328,20201203,   12,    0
 18039, 99328,20201204,    3,    0
 18039, 99328,20201205,    6,    0
 18039, 99328,20201206,    7,    0
 18039, 99328,20201207,   11,    0
 18039, 99328,20201208,   10,    0
 18039, 99328,20201209,    7,    0
 18039, 99328,20201210,    7,    0
 18039, 99328,20201211,    6,    0
 18039, 99328,20201212,    6,    0
 18039, 99328,20201213,    6,    0
 18039, 99328,20201214,    6,    0
 18039, 99328,20201215,    7,    0
 18039, 99328,20201216,  -25,    0
 18039, 99328,20201217,   -2,    0
 18039, 99328,20201218,   -5,    0
 18039, 99328,20201219,    6,    0
 18039, 99328,20201220,   37,    0
 18039, 99328,20201221,   20,    0
 18039, 99328,20201222,   14,    0
 18039, 99328,20201223,  -32,    0
 18039, 99328,20201224,  -72,    0
 18039, 99328,20201225,  -89,    0
 18039, 99328,20201226,  -52,    0
 18039, 99328,20201227,   14,    0
 18039, 99328,20201228,    7,    0
 18039, 99328,20201229,    7,    0
 18039, 99328,20201230,    7,    0
 18039, 99328,20201231,   -1,    0
 18039, 99328,20210101,  -14,    0
 18039, 99328,20210102,  -16,    0
 18039, 99328,20210103,  -45,    0
 18039, 99328,20210104, -118,    0
 18039, 99328,20210105, -123,    0
 18039, 99328,20210106, -167,    0
 18039, 99328,20210107, -126,    0
 18039, 99328,20210108, -111,    0
 18039, 99328,20210109, -152,    0
 18039, 99328,20210110, -133,    0
 18039, 99328,20210111, -137,    0
 18039, 99328,20210112, -159,    0
 18039, 99328,20210113,  -52,    0
 18039, 99328,20210114, -154,    0
 18039, 99328,20210115, -219,    0
 18039, 99328,20210116, -215,    0
 18039, 99328,20210117, -112,    0
 18039, 99328,20210118, -118,    0
 18039, 99328,20210119,  -52,    0
 18039, 99328,20210120,  -23,    0
 18039, 99328,20210121,    2,    0
 18039, 99328,20210122,   25,    0
 18039, 99328,20210123,   13,    0
 18039, 99328,20210124,  -80,    0
 18039, 99328,20210125, -122,    0
 18039, 99328,20210126, -169,    0
 18039, 99328,20210127, -170,    0
 18039, 99328,20210128, -179,    0
 18039, 99328,20210129, -209,    0
 18039, 99328,20210130, -207,    0
 18039, 99328,20210131, -192,    0
 18039, 99328,20210201, -158,    0
 18039, 99328,20210202, -117,    0
 18039, 99328,20210203,  -96,    0
 18039, 99328,20210204, -183,    0
 18039, 99328,20210205, -143,    0
 18039, 99328,20210206, -135,    0
 18039, 99328,20210207, -140,    0
 18039, 99328,20210208, -102,    0
 18039, 99328,20210209,  -99,    0
 18039, 99328,20210210, -154,    0
 18039, 99328,20210211, -170,    0
 18039, 99328,20210212, -155,    0
 18039, 99328,20210213, -182,    0
 18039, 99328,20210214, -194,    0
 18039, 99328,20210215, -106,    0
 18039, 99328,20210216,  -63,    0
 18039, 99328,20210217,  -30,    0
 18039, 99328,20210218,  -22,    0
 18039, 99328,20210219,  -11,    0
 18039, 99328,20210220,   30,    0
 18039, 99328,20210221,   34,    0
 18039, 99328,20210222,   15,    0
 18039, 99328,20210223,   25,    0
 18039, 99328,20210224,   59,    0
 18039, 99328,20210225,   40,    0
 18039, 99328,20210226,   64,    0
 18039, 99328,20210227,   19,    0
 18039, 99328,20210228,   20,    0
 18039, 99328,20210301,    8,    0
 18039, 99328,20210302,   43,    0
 18039, 99328,20210303,   18,    0
 18039, 99328,20210304,   -8,    0
 18039, 99328,20210305,  -31,    0
 18039, 99328,20210306,   47,    0
 18039, 99328,20210307,    4,    0
 18039, 99328,20210308,  -28,    0
 18039, 99328,20210309,   -1,    0
 18039, 99328,20210310,  -13,    0
 18039, 99328,20210311,    2,    0
 18039, 99328,20210312,   17,    0
 18039, 99328,20210313,   -9,    0
 18039, 99328,20210314,    3,    0
 18039, 99328,20210315,   28,    0
 18039, 99328,20210316,   14,    0
 18039, 99328,20210317,  -13,    0
 18039, 99328,20210318,   12,    0
 18039, 99328,20210319,   16,    0
 18039, 99328,20210320,   36,    0
 18039, 99328,20210321,   34,    0
 18039, 99328,20210322,   40,    0
 18039, 99328,20210323,   50,    0
 18039, 99328,20210324,   57,    0
 18039, 99328,20210325,   41,    0
 18039, 99328,20210326,   27,    0
 18039, 99328,20210327,   42,    0
 18039, 99328,20210328,    8,    0
 18039, 99328,20210329,   72,    0
 18039, 99328,20210330,   86,    0
 18039, 99328,20210331,   33,    0
 18039, 99328,20210401,   37,    0
 18039, 99328,20210402,   36,    0
 18039, 99328,20210403,   23,    0
 18039, 99328,20210404,   51,    0
 18039, 99328,20210405,   15,    0
 18039, 99328,20210406,   29,    0
 18039, 99328,20210407,    1,    0
 18039, 99328,20210408,    8,    0
 18039, 99328,20210409,   44,    0
 18039, 99328,20210410,   22,    0
 18039, 99328,20210411,   12,    0
 18039, 99328,20210412,   11,    0
 18039, 99328,20210413,   18,    0
 18039, 99328,20210414,   20,    0
 18039, 99328,20210415,   44,    0
 18039, 99328,20210416,   44,    0
 18039, 99328,20210417,   60,    0
 18039, 99328,20210418,   59,    0
 18039, 99328,20210419,   63,    0
 18039, 99328,20210420,   75,    0
 18039, 99328,20210421,   65,    0
 18039, 99328,20210422,   44,    0
 18039, 99328,20210423,   38,    0
 18039, 99328,20210424,   20,    0
 18039, 99328,20210425,   27,    0
 18039, 99328,20210426,   34,    0
 18039, 99328,20210427,    0,    0
 18039, 99328,20210428,    0,    0
 18039, 99328,20210429,    0,    0
 18039, 99328,20210430,   41,    0
 18039, 99328,20210501,    0,    0
 18039, 99328,20210502,    0,    0
 18039, 99328,20210503,-9999,    9
 18039, 99328,20210504,   31,    0
 18039, 99328,20210505,   27,    0
 18039, 99328,20210506,   43,    0
 18039, 99328,20210507,   47,    0
 18039, 99328,20210508,   55,    0
 18039, 99328,20210509,   40,    0
 18039, 99328,20210510,   63,    0
 18039, 99328,20210511,  107,    0
 18039, 99328,20210512,   77,    0
 18039, 99328,20210513,-9999,    9
 18039, 99328,20210514,  138,    0
 18039, 99328,20210515,  106,    0
 18039, 99328,20210516,   91,    0
 18039, 99328,20210517,   82,    0
 18039, 99328,20210518,  102,    0
 18039, 99328,20210519,  111,    0
 18039, 99328,20210520,  111,    0
 18039, 99328,20210521,   89,    0
 18039, 99328,20210522,   92,    0
 18039, 99328,20210523,   93,    0
 18039, 99328,20210524,   98,    0
 18039, 99328,20210525,   95,    0
 18039, 99328,20210526,  100,    0
 18039, 99328,20210527,  117,    0
 18039, 99328,20210528,  136,    0
 18039, 99328,20210529,  166,    0
 18039, 99328,20210530,  188,    0
 18039, 99328,20210531,  189,    0
 18039, 99328,20210601,  177,    0
 18039, 99328,20210602,  166,    0
 18039, 99328,20210603,  159,    0
 18039, 99328,20210604,  164,    0
 18039, 99328,20210605,  176,    0
 18039, 99328,20210606,  162,    0
 18039, 99328,20210607,  150,    0
 18039, 99328,20210608,  156,    0
 18039, 99328,20210609,  172,    0
 18039, 99328,20210610,  170,    0
 18039, 99328,20210611,  170,    0
 18039, 99328,20210612,  142,    0
 18039, 99328,20210613,  147,    0
 18039, 99328,20210614,  156,    0
 18039, 99328,20210615,  139,    0
 18039, 99328,20210616,  143,    0
 18039, 99328,20210617,  162,    0
 18039, 99328,20210618,  179,    0
 18039, 99328,20210619,  129,    0
 18039, 99328,20210620,  149,    0
 18039, 99328,20210621,  168,    0
 18039, 99328,20210622,  156,    0
 18039, 99328,20210623,  179,    0
 18039, 99328,20210624,  168,    0
 18039, 99328,20210625,  165,    0
 18039, 99328,20210626,  186,    0
 18039, 99328,20210627,  182,    0
 18039, 99328,20210628,  197,    0
 18039, 99328,20210629,  174,    0
 18039, 99328,20210630,  166,    0
 18039, 99328,20210701,  158,    0
 18039, 99328,20210702,  197,    0
 18039, 99328,20210703,  201,    0
 18039, 99328,20210704,  186,    0
 18039, 99328,20210705,  177,    0
 18039, 99328,20210706,  178,    0
 18039, 99328,20210707,  160,    0
 18039, 99328,20210708,  166,    0
 18039, 99328,20210709,  159,    0
 18039, 99328,20210710,  153,    0
 18039, 99328,20210711,  178,    0
 18039, 99328,20210712,  171,    0
 18039, 99328,20210713,  187,    0
 18039, 99328,20210714,  194,    0
 18039, 99328,20210715,  211,    0
 18039, 99328,20210716,  194,    0
 18039, 99328,20210717,  202,    0
 18039, 99328,20210718,  176,    0
 18039, 99328,20210719,  174,    0
 18039, 99328,20210720,  180,    0
 18039, 99328,20210721,  171,    0
 18039, 99328,20210722,  201,    0
 18039, 99328,20210723,  193,    0
 18039, 99328,20210724,  194,    0
 18039, 99328,20210725,  194,    0
 18039, 99328,20210726,  190,    0
 18039, 99328,20210727,  173,    0
 18039, 99328,20210728,  175,    0
 18039, 99328,20210729,  148,    0
 18039, 99328,20210730,  187,    0
 18039, 99328,20210731,  138,    0
 18039, 99328,20210801,  129,    0
 18039, 99328,20210802,  137,    0
 18039, 99328,20210803,  132,    0
 18039, 99328,20210804,  151,    0
 18039, 99328,20210805,  130,    0
 18039, 99328,20210806,  141,    0
 18039, 99328,20210807,  136,    0
 18039, 99328,20210808,  153,    0
 18039, 99328,20210809,  138,    0
 18039, 99328,20210810,  167,    0
 18039, 99328,20210811,  156,    0
 18039, 99328,20210812,  160,    0
 18039, 99328,20210813,  157,    0
 18039, 99328,20210814,  140,    0
 18039, 99328,20210815,  146,    0
 18039, 99328,20210816,  122,    0
 18039, 99328,20210817,  161,    0
 18039, 99328,20210818,  127,    0
 18039, 99328,20210819,  130,    0
 18039, 99328,20210820,  116,    0
 18039, 99328,20210821,  128,    0
 18039, 99328,20210822,  127,    0
 18039, 99328,20210823,  142,    0
 18039, 99328,20210824,  149,    0
 18039, 99328,20210825,  195,    0
 18039, 99328,20210826,  151,    0
 18039, 99328,20210827,  139,    0
 18039, 99328,20210828,  153,    0
 18039, 99328,20210829,  155,    0
 18039, 99328,20210830,  148,    0
 18039, 99328,20210831,  147,    0
 18039, 99328,20210901,  149,    0
 18039, 99328,20210902,  155,    0
 18039, 99328,20210903,  133,    0
 18039, 99328,20210904,  114,    0
 18039, 99328,20210905,  129,    0
 18039, 99328,20210906,  112,    0
 18039, 99328,20210907,  141,    0
 18039, 99328,20210908,  161,    0
 18039, 99328,20210909,  156,    0
 18039, 99328,20210910,  150,    0
 18039, 99328,20210911,  151,    0
 18039, 99328,20210912,  155,    0
 18039, 99328,20210913,  128,    0
 18039, 99328,20210914,  101,    0
 18039, 99328,20210915,  108,    0
 18039, 99328,20210916,  105,    0
 18039, 99328,20210917,   92,    0
 18039, 99328,20210918,   92,    0
 18039, 99328,20210919,   90,    0
 18039, 99328,20210920,   87,    0
 18039, 99328,20210921,  112,    0
 18039, 99328,20210922,  124,    0
 18039, 99328,20210923,  122,    0
 18039, 99328,20210924,   91,    0
 18039, 99328,20210925,  104,    0
 18039, 99328,20210926,  102,    0
 18039, 99328,20210927,  115,    0
 18039, 99328,20210928,  117,    0
 18039, 99328,20210929,   86,    0
 18039, 99328,20210930,  101,    0
 18039, 99328,20211001,  110,    0
 18039, 99328,20211002,  107,    0
 18039, 99328,20211003,  110,    0
 18039, 99328,20211004,  120,    0
 18039, 99328,20211005,  110,    0
 18039, 99328,20211006,   99,    0
 18039, 99328,20211007,   86,    0
 18039, 99328,20211008,  129,    0
 18039, 99328,20211009,  127,    0
 18039, 99328,20211010,   79,    0
 18039, 99328,20211011,   50,    0
 18039, 99328,20211012,   28,    0
 18039, 99328,20211013,   17,    0
 18039, 99328,20211014,   79,    0
 18039, 99328,20211015,   63,    0
 18039, 99328,20211016,   42,    0
 18039, 99328,20211017,    9,    0
 18039, 99328,20211018,  -10,    0
 18039, 99328,20211019,   11,    0
 18039, 99328,20211020,   55,    0
 18039, 99328,20211021,   59,    0
 18039, 99328,20211022,   68,    0
 18039, 99328,20211023,   48,    0
 18039, 99328,20211024,   85,    0
 18039, 99328,20211025,   98,    0
 18039, 99328,20211026,   46,    0
 18039, 99328,20211027,   70,    0
 18039, 99328,20211028,  125,    0
 18039, 99328,20211029,  109,    0
 18039, 99328,20211030,  102,    0
 18039, 99328,20211031,   81,    0
 18039, 99328,20211101,   82,    0
 18039, 99328,20211102,   80,    0
 18039, 99328,20211103,   45,    0
 18039, 99328,20211104,    0,    0
 18039, 99328,20211105,  -12,    0
 18039, 99328,20211106,    9,    0
 18039, 99328,20211107,   14,    0
 18039, 99328,20211108,   18,    0
 18039, 99328,20211109,   55,    0
 18039, 99328,20211110,   11,    0
 18039, 99328,20211111,   44,    0
 18039, 99328,20211112,    8,    0
 18039, 99328,20211113,   11,    0
 18039, 99328,20211114,  -14,    0
 18039, 99328,20211115,    2,    0
 18039, 99328,20211116,   35,    0
 18039, 99328,20211117,   43,    0
 18039, 99328,20211118,   -3,    0
 18039, 99328,20211119,   73,    0
 18039, 99328,20211120,   26,    0
 18039, 99328,20211121,   -8,    0
 18039, 99328,20211122,  -11,    0
 18039, 99328,20211123,   29,    0
 18039, 99328,20211124,   24,    0
 18039, 99328,20211125,  -31,    0
 18039, 99328,20211126,  -48,    0
 18039, 99328,20211127,  -23,    0
 18039, 99328,20211128,  -61,    0
 18039, 99328,20211129, -102,    0
 18039, 99328,20211130,  -99,    0
 18039, 99328,20211201, -143,    0
 18039, 99328,20211202, -123,    0
 18039, 99328,20211203,  -90,    0
 18039, 99328,20211204,  -67,    0
 18039, 99328,20211205,  -61,    0
 18039, 99328,20211206,  -95,    0
 18039, 99328,20211207,  -89,    0
 18039, 99328,20211208,  -62,    0
 18039, 99328,20211209,  -27,    0
 18039, 99328,20211210,  -18,    0
 18039, 99328,20211211,  -14,    0
 18039, 99328,20211212,  -24,    0
 18039, 99328,20211213,  -34,    0
 18039, 99328,20211214,  -45,    0
 18039, 99328,20211215,   -7,    0
 18039, 99328,20211216,   52,    0
 18039, 99328,20211217,  -13,    0
 18039, 99328,20211218,   51,    0
 18039, 99328,20211219,    9,    0
 18039, 99328,20211220,  -63,    0
 18039, 99328,20211221,  -94,    0
 18039, 99328,20211222,  -80,    0
 18039, 99328,20211223, -123,    0
 18039, 99328,20211224, -130,    0
 18039, 99328,20211225, -162,    0
 18039, 99328,20211226, -157,    0
 18039, 99328,20211227, -151,    0
 18039, 99328,20211228,  -70,    0
 18039, 99328,20211229, -101,    0
 18039, 99328,20211230,  -86,    0
 18039, 99328,20211231,  -86,    0
 18039, 99328,20220101,  -54,    0
 18039, 99328,20220102,  -21,    0
 18039, 99328,20220103,  -59,    0
 18039, 99328,20220104,  -47,    0
 18039, 99328,20220105, -139,    0
 18039, 99328,20220106, -183,    0
 18039, 99328,20220107, -106,    0
 18039, 99328,20220108,  -69,    0
 18039, 99328,20220109,  -35,    0
 18039, 99328,20220110,  -18,    0
 18039, 99328,20220111,-9999,    9
 18039, 99328,20220112,-9999,    9
 18039, 99328,20220113,-9999,    9
 18039, 99328,20220114,-9999,    9
 18039, 99328,20220115,-9999,    9
 18039, 99328,20220116,-9999,    9
 18039, 99328,20220117,-9999,    9
 18039, 99328,20220118,-9999,    9
 18039, 99328,20220119,-9999,    9
 18039, 99328,20220120,-9999,    9
 18039, 99328,20220121,-9999,    9
 18039, 99328,20220122,-9999,    9
 18039, 99328,20220123,-9999,    9
 18039, 99328,20220124,-9999,    9
 18039, 99328,20220125,-9999,    9
 18039, 99328,20220126,-9999,    9
 18039, 99328,20220127,-9999,    9
 18039, 99328,20220128,-9999,    9
 18039, 99328,20220129,-9999,    9
 18039, 99328,20220130,-9999,    9
 18039, 99328,20220131,-9999,    9
 18039, 99328,20220201,-9999,    9
 18039, 99328,20220202,-9999,    9
 18039, 99328,20220203,-9999,    9
 18039, 99328,20220204,-9999,    9
 18039, 99328,20220205,-9999,    9
 18039, 99328,20220206,-9999,    9
 18039, 99328,20220207,-9999,    9
 18039, 99328,20220208,-9999,    9
 18039, 99328,20220209,-9999,    9
 18039, 99328,20220210,-9999,    9
 18039, 99328,20220211,-9999,    9
 18039, 99328,20220212,-9999,    9
 18039, 99328,20220213,-9999,    9
 18039, 99328,20220214,-9999,    9
 18039, 99328,20220215,-9999,    9
 18039, 99328,20220216,-9999,    9
 18039, 99328,20220217,-9999,    9
 18039, 99328,20220218,-9999,    9
 18039, 99328,20220219,-9999,    9
 18039, 99328,20220220,-9999,    9
 18039, 99328,20220221,-9999,    9
 18039, 99328,20220222,-9999,    9
 18039, 99328,20220223,-9999,    9
 18039, 99328,20220224,-9999,    9
 18039, 99328,20220225,-9999,    9
 18039, 99328,20220226,-9999,    9
 18039, 99328,20220227,-9999,    9
 18039, 99328,20220228,-9999,    9
 18039, 99328,20220301,-9999,    9
 18039, 99328,20220302,-9999,    9
 18039, 99328,20220303,-9999,    9
 18039, 99328,20220304,-9999,    9
 18039, 99328,20220305,-9999,    9
 18039, 99328,20220306,-9999,    9
 18039, 99328,20220307,-9999,    9
 18039, 99328,20220308,-9999,    9
 18039, 99328,20220309,-9999,    9
 18039, 99328,20220310,-9999,    9
 18039, 99328,20220311,-9999,    9
 18039, 99328,20220312,-9999,    9
 18039, 99328,20220313,-9999,    9
 18039, 99328,20220314,-9999,    9
 18039, 99328,20220315,-9999,    9
 18039, 99328,20220316,-9999,    9
 18039, 99328,20220317,-9999,    9
 18039, 99328,20220318,-9999,    9
 18039, 99328,20220319,-9999,    9
 18039, 99328,20220320,-9999,    9
 18039, 99328,20220321,-9999,    9
 18039, 99328,20220322,-9999,    9
 18039, 99328,20220323,-9999,    9
 18039, 99328,20220324,-9999,    9
 18039, 99328,20220325,-9999,    9
 18039, 99328,20220326,-9999,    9
 18039, 99328,20220327,-9999,    9
 18039, 99328,20220328,-9999,    9
 18039, 99328,20220329,-9999,    9
 18039, 99328,20220330,-9999,    9
 18039, 99328,20220331,-9999,    9
 18039, 99328,20220401,-9999,    9
 18039, 99328,20220402,-9999,    9
 18039, 99328,20220403,-9999,    9
 18039, 99328,20220404,-9999,    9
 18039, 99328,20220405,-9999,    9
 18039, 99328,20220406,-9999,    9
 18039, 99328,20220407,-9999,    9
 18039, 99328,20220408,-9999,    9
 18039, 99328,20220409,-9999,    9
 18039, 99328,20220410,-9999,    9
 18039, 99328,20220411,-9999,    9
 18039, 99328,20220412,-9999,    9
 18039, 99328,20220413,-9999,    9
 18039, 99328,20220414,-9999,    9
 18039, 99328,20220415,-9999,    9
 18039, 99328,20220416,-9999,    9
 18039, 99328,20220417,-9999,    9
 18039, 99328,20220418,-9999,    9
 18039, 99328,20220419,-9999,    9
 18039, 99328,20220420,-9999,    9
 18039, 99328,20220421,-9999,    9
 18039, 99328,20220422,-9999,    9
 18039, 99328,20220423,-9999,    9
 18039, 99328,20220424,-9999,    9
 18039, 99328,20220425,-9999,    9
 18039, 99328,20220426,-9999,    9
 18039, 99328,20220427,-9999,    9
 18039, 99328,20220428,-9999,    9
 18039, 99328,20220429,-9999,    9
 18039, 99328,20220430,-9999,    9
 18039, 99328,20220501,-9999,    9
 18039, 99328,20220502,-9999,    9
 18039, 99328,20220503,-9999,    9
 18039, 99328,20220504,-9999,    9
 18039, 99328,20220505,-9999,    9
 18039, 99328,20220506,-9999,    9
 18039, 99328,20220507,-9999,    9
 18039, 99328,20220508,-9999,    9
 18039, 99328,20220509,-9999,    9
 18039, 99328,20220510,-9999,    9
 18039, 99328,20220511,-9999,    9
 18039, 99328,20220512,-9999,    9
 18039, 99328,20220513,-9999,    9
 18039, 99328,20220514,-9999,    9
 18039, 99328,20220515,-9999,    9
 18039, 99328,20220516,  104,    0
 18039, 99328,20220517,  109,    0
 18039, 99328,20220518,   94,    0
 18039, 99328,20220519,-9999,    9
 18039, 99328,20220520,  154,    0
 18039, 99328,20220521,  107,    0
 18039, 99328,20220522,  124,    0
 18039, 99328,20220523,  123,    0
 18039, 99328,20220524,  109,    0
 18039, 99328,20220525,  127,    0
 18039, 99328,20220526,  117,    0
 18039, 99328,20220527,   85,    0
 18039, 99328,20220528,  127,    0
 18039, 99328,20220529,   80,    0
 18039, 99328,20220530,  105,    0
 18039, 99328,20220531,  115,    0
 18039, 99328,20220601,  122,    0
 18039, 99328,20220602,  115,    0
 18039, 99328,20220603,  124,    0
 18039, 99328,20220604,  154,    0
 18039, 99328,20220605,  143,    0
 18039, 99328,20220606,  160,    0
 18039, 99328,20220607,  143,    0
 18039, 99328,20220608,  138,    0
 18039, 99328,20220609,  141,    0
 18039, 99328,20220610,  168,    0
 18039, 99328,20220611,  150,    0
 18039, 99328,20220612,  148,    0
 18039, 99328,20220613,  133,    0
 18039, 99328,20220614,  143,    0
 18039, 99328,20220615,  156,    0
 18039, 99328,20220616,  172,    0
 18039, 99328,20220617,  147,    0
 18039, 99328,20220618,  143,    0
 18039, 99328,20220619,  112,    0
 18039, 99328,20220620,  160,    0
 18039, 99328,20220621,  136,    0
 18039, 99328,20220622,  169,    0
 18039, 99328,20220623,  197,    0
 18039, 99328,20220624,  185,    0
 18039, 99328,20220625,  189,    0
 18039, 99328,20220626,  185,    0
 18039, 99328,20220627,  159,    0
 18039, 99328,20220628,  177,    0
 18039, 99328,20220629,  165,    0
 18039, 99328,20220630,  175,    0
 18039, 99328,20220701,  196,    0
 18039, 99328,20220702,  180,    0
 18039, 99328,20220703,  165,    0
 18039, 99328,20220704,  136,    0
 18039, 99328,20220705,  139,    0
 18039, 99328,20220706,  134,    0
 18039, 99328,20220707,  165,    0
 18039, 99328,20220708,  170,    0
 18039, 99328,20220709,  147,    0
 18039, 99328,20220710,  157,    0
 18039, 99328,20220711,  168,    0
 18039, 99328,20220712,  175,    0
 18039, 99328,20220713,  149,    0
 18039, 99328,20220714,  142,    0
 18039, 99328,20220715,  127,    0
 18039, 99328,20220716,  153,    0
 18039, 99328,20220717,  157,    0
 18039, 99328,20220718,  177,    0
 18039, 99328,20220719,  201,    0
 18039, 99328,20220720,  231,    0
 18039, 99328,20220721,  214,    0
 18039, 99328,20220722,  182,    0
 18039, 99328,20220723,  175,    0
 18039, 99328,20220724,  154,    0
 18039, 99328,20220725,  171,    0
 18039, 99328,20220726,  172,    0
 18039, 99328,20220727,  177,    0
 18039, 99328,20220728,  169,    0
 18039, 99328,20220729,  168,    0
 18039, 99328,20220730,  155,    0
 18039, 99328,20220731,  147,    0
 18039, 99328,20220801,  162,    0
 18039, 99328,20220802,  107,    0
 18039, 99328,20220803,  192,    0
 18039, 99328,20220804,  153,    0
 18039, 99328,20220805,  145,    0
 18039, 99328,20220806,  148,    0
 18039, 99328,20220807,  121,    0
 18039, 99328,20220808,  163,    0
 18039, 99328,20220809,  165,    0
 18039, 99328,20220810,  197,    0
 18039, 99328,20220811,  190,    0
 18039, 99328,20220812,  186,    0
 18039, 99328,20220813,  196,    0
 18039, 99328,20220814,  192,    0
 18039, 99328,20220815,  204,    0
 18039, 99328,20220816,  185,    0
 18039, 99328,20220817,  202,    0
 18039, 99328,20220818,  153,    0
 18039, 99328,20220819,  165,    0
 18039, 99328,20220820,  177,    0
 18039, 99328,20220821,  128,    0
 18039, 99328,20220822,  124,    0
 18039, 99328,20220823,  134,    0
 18039, 99328,20220824,  146,    0
 18039, 99328,20220825,  173,    0
 18039, 99328,20220826,  154,    0
 18039, 99328,20220827,  176,    0
 18039, 99328,20220828,  141,    0
 18039, 99328,20220829,  135,    0
 18039, 99328,20220830,  125,    0
 18039, 99328,20220831,  119,    0
 18039, 99328,20220901,  119,    0
 18039, 99328,20220902,  119,    0
 18039, 99328,20220903,  138,    0
 18039, 99328,20220904,  142,    0
 18039, 99328,20220905,  130,    0
 18039, 99328,20220906,  112,    0
 18039, 99328,20220907,  108,    0
 18039, 99328,20220908,  118,    0
 18039, 99328,20220909,  116,    0
 18039, 99328,20220910,  113,    0
 18039, 99328,20220911,  127,    0
 18039, 99328,20220912,   92,    0
 18039, 99328,20220913,  122,    0
 18039, 99328,20220914,  114,    0
 18039, 99328,20220915,   97,    0
 18039, 99328,20220916,  107,    0
 18039, 99328,20220917,  123,    0
 18039, 99328,20220918,  101,    0
 18039, 99328,20220919,   72,    0
 18039, 99328,20220920,   58,    0
 18039, 99328,20220921,   58,    0
 18039, 99328,20220922,   78,    0
 18039, 99328,20220923,  118,    0
 18039, 99328,20220924,   93,    0
 18039, 99328,20220925,   75,    0
 18039, 99328,20220926,   92,    0
 18039, 99328,20220927,  107,    0
 18039, 99328,20220928,  108,    0
 18039, 99328,20220929,   86,    0
 18039, 99328,20220930,   75,    0
 18039, 99328,20221001,   95,    0
 18039, 99328,20221002,   94,    0
 18039, 99328,20221003,   76,    0
 18039, 99328,20221004,   76,    0
 18039, 99328,20221005,  120,    0
 18039, 99328,20221006,  104,    0
 18039, 99328,20221007,  112,    0
 18039, 99328,20221008,   52,    0
 18039, 99328,20221009,   71,    0
 18039, 99328,20221010,   96,    0
 18039, 99328,20221011,   41,    0
 18039, 99328,20221012,   49,    0
 18039, 99328,20221013,   98,    0
 18039, 99328,20221014,   53,    0
 18039, 99328,20221015,   81,    0
 18039, 99328,20221016,   38,    0
 18039, 99328,20221017,   23,    0
 18039, 99328,20221018,   51,    0
 18039, 99328,20221019,    3,    0
 18039, 99328,20221020,    0,    0
 18039, 99328,20221021,   25,    0
 18039, 99328,20221022,   30,    0
 18039, 99328,20221023,   28,    0
 18039, 99328,20221024,   49,    0
 18039, 99328,20221025,   66,    0
 18039, 99328,20221026,   50,    0
 18039, 99328,20221027,   71,    0
 18039, 99328,20221028,   68,    0
 18039, 99328,20221029,   85,    0
 18039, 99328,20221030,   23,    0
 18039, 99328,20221031,   61,    0
