EUROPEAN CLIMATE ASSESSMENT & DATASET (ECA&D), file created on: 16-11-2022
THESE DATA CAN BE USED FOR NON-COMMERCIAL RESEARCH AND EDUCATION PROVIDED THAT THE FOLLOWING SOURCE IS ACKNOWLEDGED: 

Klein Tank, A.M.G. and Coauthors, 2002. Daily dataset of 20th-century surface
air temperature and precipitation series for the European Climate Assessment.
Int. J. of Climatol., 22, 1441-1453.
Data and metadata available at http://www.ecad.eu

FILE FORMAT (MISSING VALUE CODE = -9999):

01-06 STAID: Station identifier
08-13 SOUID: Source identifier
15-22 DATE : Date YYYYMMDD
24-28 TG   : Mean temperature in 0.1 &#176;C
30-34 Q_TG : quality code for TG (0='valid'; 1='suspect'; 9='missing')

This is the blended series of station FV863 GAMNES, NORWAY (STAID: 18375)
Blended and updated with sources:99118 
See files sources.txt and stations.txt for more info.

STAID, SOUID,    DATE,   TG, Q_TG
 18375, 99118,20150301,-9999,    9
 18375, 99118,20150302,-9999,    9
 18375, 99118,20150303,-9999,    9
 18375, 99118,20150304,-9999,    9
 18375, 99118,20150305,-9999,    9
 18375, 99118,20150306,-9999,    9
 18375, 99118,20150307,-9999,    9
 18375, 99118,20150308,-9999,    9
 18375, 99118,20150309,-9999,    9
 18375, 99118,20150310,-9999,    9
 18375, 99118,20150311,-9999,    9
 18375, 99118,20150312,-9999,    9
 18375, 99118,20150313,-9999,    9
 18375, 99118,20150314,-9999,    9
 18375, 99118,20150315,-9999,    9
 18375, 99118,20150316,-9999,    9
 18375, 99118,20150317,-9999,    9
 18375, 99118,20150318,-9999,    9
 18375, 99118,20150319,-9999,    9
 18375, 99118,20150320,-9999,    9
 18375, 99118,20150321,-9999,    9
 18375, 99118,20150322,-9999,    9
 18375, 99118,20150323,-9999,    9
 18375, 99118,20150324,-9999,    9
 18375, 99118,20150325,-9999,    9
 18375, 99118,20150326,-9999,    9
 18375, 99118,20150327,-9999,    9
 18375, 99118,20150328,-9999,    9
 18375, 99118,20150329,-9999,    9
 18375, 99118,20150330,   35,    0
 18375, 99118,20150331,-9999,    9
 18375, 99118,20150401,-9999,    9
 18375, 99118,20150402,-9999,    9
 18375, 99118,20150403,-9999,    9
 18375, 99118,20150404,-9999,    9
 18375, 99118,20150405,-9999,    9
 18375, 99118,20150406,-9999,    9
 18375, 99118,20150407,-9999,    9
 18375, 99118,20150408,   30,    0
 18375, 99118,20150409,   24,    0
 18375, 99118,20150410,   18,    0
 18375, 99118,20150411,   15,    0
 18375, 99118,20150412,   27,    0
 18375, 99118,20150413,-9999,    9
 18375, 99118,20150414,-9999,    9
 18375, 99118,20150415,-9999,    9
 18375, 99118,20150416,-9999,    9
 18375, 99118,20150417,-9999,    9
 18375, 99118,20150418,-9999,    9
 18375, 99118,20150419,-9999,    9
 18375, 99118,20150420,-9999,    9
 18375, 99118,20150421,-9999,    9
 18375, 99118,20150422,-9999,    9
 18375, 99118,20150423,-9999,    9
 18375, 99118,20150424,-9999,    9
 18375, 99118,20150425,-9999,    9
 18375, 99118,20150426,-9999,    9
 18375, 99118,20150427,-9999,    9
 18375, 99118,20150428,-9999,    9
 18375, 99118,20150429,-9999,    9
 18375, 99118,20150430,-9999,    9
 18375, 99118,20150501,-9999,    9
 18375, 99118,20150502,-9999,    9
 18375, 99118,20150503,-9999,    9
 18375, 99118,20150504,-9999,    9
 18375, 99118,20150505,-9999,    9
 18375, 99118,20150506,-9999,    9
 18375, 99118,20150507,-9999,    9
 18375, 99118,20150508,-9999,    9
 18375, 99118,20150509,-9999,    9
 18375, 99118,20150510,-9999,    9
 18375, 99118,20150511,-9999,    9
 18375, 99118,20150512,-9999,    9
 18375, 99118,20150513,   80,    0
 18375, 99118,20150514,   41,    0
 18375, 99118,20150515,-9999,    9
 18375, 99118,20150516,   35,    0
 18375, 99118,20150517,-9999,    9
 18375, 99118,20150518,   71,    0
 18375, 99118,20150519,   65,    0
 18375, 99118,20150520,   67,    0
 18375, 99118,20150521,   59,    0
 18375, 99118,20150522,   82,    0
 18375, 99118,20150523,   48,    0
 18375, 99118,20150524,   39,    0
 18375, 99118,20150525,   41,    0
 18375, 99118,20150526,-9999,    9
 18375, 99118,20150527,-9999,    9
 18375, 99118,20150528,-9999,    9
 18375, 99118,20150529,-9999,    9
 18375, 99118,20150530,   93,    0
 18375, 99118,20150531,  109,    0
 18375, 99118,20150601,  123,    0
 18375, 99118,20150602,-9999,    9
 18375, 99118,20150603,   70,    0
 18375, 99118,20150604,   51,    0
 18375, 99118,20150605,   57,    0
 18375, 99118,20150606,   56,    0
 18375, 99118,20150607,   63,    0
 18375, 99118,20150608,   64,    0
 18375, 99118,20150609,   73,    0
 18375, 99118,20150610,   66,    0
 18375, 99118,20150611,   55,    0
 18375, 99118,20150612,   55,    0
 18375, 99118,20150613,   51,    0
 18375, 99118,20150614,   74,    0
 18375, 99118,20150615,   89,    0
 18375, 99118,20150616,   72,    0
 18375, 99118,20150617,-9999,    9
 18375, 99118,20150618,-9999,    9
 18375, 99118,20150619,   66,    0
 18375, 99118,20150620,   80,    0
 18375, 99118,20150621,   88,    0
 18375, 99118,20150622,   93,    0
 18375, 99118,20150623,-9999,    9
 18375, 99118,20150624,-9999,    9
 18375, 99118,20150625,-9999,    9
 18375, 99118,20150626,-9999,    9
 18375, 99118,20150627,-9999,    9
 18375, 99118,20150628,-9999,    9
 18375, 99118,20150629,-9999,    9
 18375, 99118,20150630,    0,    0
 18375, 99118,20150701,    0,    0
 18375, 99118,20150702,   88,    0
 18375, 99118,20150703,   90,    0
 18375, 99118,20150704,   81,    0
 18375, 99118,20150705,-9999,    9
 18375, 99118,20150706,-9999,    9
 18375, 99118,20150707,-9999,    9
 18375, 99118,20150708,-9999,    9
 18375, 99118,20150709,-9999,    9
 18375, 99118,20150710,-9999,    9
 18375, 99118,20150711,-9999,    9
 18375, 99118,20150712,-9999,    9
 18375, 99118,20150713,-9999,    9
 18375, 99118,20150714,-9999,    9
 18375, 99118,20150715,-9999,    9
 18375, 99118,20150716,-9999,    9
 18375, 99118,20150717,-9999,    9
 18375, 99118,20150718,-9999,    9
 18375, 99118,20150719,-9999,    9
 18375, 99118,20150720,-9999,    9
 18375, 99118,20150721,-9999,    9
 18375, 99118,20150722,-9999,    9
 18375, 99118,20150723,-9999,    9
 18375, 99118,20150724,-9999,    9
 18375, 99118,20150725,-9999,    9
 18375, 99118,20150726,-9999,    9
 18375, 99118,20150727,-9999,    9
 18375, 99118,20150728,-9999,    9
 18375, 99118,20150729,-9999,    9
 18375, 99118,20150730,-9999,    9
 18375, 99118,20150731,-9999,    9
 18375, 99118,20150801,-9999,    9
 18375, 99118,20150802,-9999,    9
 18375, 99118,20150803,-9999,    9
 18375, 99118,20150804,-9999,    9
 18375, 99118,20150805,-9999,    9
 18375, 99118,20150806,  139,    0
 18375, 99118,20150807,  130,    0
 18375, 99118,20150808,  128,    0
 18375, 99118,20150809,-9999,    9
 18375, 99118,20150810,-9999,    9
 18375, 99118,20150811,-9999,    9
 18375, 99118,20150812,-9999,    9
 18375, 99118,20150813,-9999,    9
 18375, 99118,20150814,-9999,    9
 18375, 99118,20150815,-9999,    9
 18375, 99118,20150816,-9999,    9
 18375, 99118,20150817,-9999,    9
 18375, 99118,20150818,-9999,    9
 18375, 99118,20150819,  107,    0
 18375, 99118,20150820,-9999,    9
 18375, 99118,20150821,-9999,    9
 18375, 99118,20150822,-9999,    9
 18375, 99118,20150823,  150,    0
 18375, 99118,20150824,-9999,    9
 18375, 99118,20150825,-9999,    9
 18375, 99118,20150826,    0,    0
 18375, 99118,20150827,-9999,    9
 18375, 99118,20150828,-9999,    9
 18375, 99118,20150829,  147,    0
 18375, 99118,20150830,-9999,    9
 18375, 99118,20150831,-9999,    9
 18375, 99118,20150901,-9999,    9
 18375, 99118,20150902,   77,    0
 18375, 99118,20150903,   83,    0
 18375, 99118,20150904,   76,    0
 18375, 99118,20150905,   83,    0
 18375, 99118,20150906,-9999,    9
 18375, 99118,20150907,-9999,    9
 18375, 99118,20150908,   89,    0
 18375, 99118,20150909,  119,    0
 18375, 99118,20150910,  114,    0
 18375, 99118,20150911,  106,    0
 18375, 99118,20150912,-9999,    9
 18375, 99118,20150913,-9999,    9
 18375, 99118,20150914,  105,    0
 18375, 99118,20150915,-9999,    9
 18375, 99118,20150916,-9999,    9
 18375, 99118,20150917,  106,    0
 18375, 99118,20150918,  120,    0
 18375, 99118,20150919,  108,    0
 18375, 99118,20150920,  100,    0
 18375, 99118,20150921,   99,    0
 18375, 99118,20150922,   99,    0
 18375, 99118,20150923,   96,    0
 18375, 99118,20150924,  103,    0
 18375, 99118,20150925,   92,    0
 18375, 99118,20150926,   94,    0
 18375, 99118,20150927,   88,    0
 18375, 99118,20150928,   99,    0
 18375, 99118,20150929,  118,    0
 18375, 99118,20150930,   71,    0
 18375, 99118,20151001,   46,    0
 18375, 99118,20151002,   49,    0
 18375, 99118,20151003,   27,    0
 18375, 99118,20151004,   27,    0
 18375, 99118,20151005,   31,    0
 18375, 99118,20151006,   19,    0
 18375, 99118,20151007,   21,    0
 18375, 99118,20151008,   28,    0
 18375, 99118,20151009,   34,    0
 18375, 99118,20151010,   53,    0
 18375, 99118,20151011,   77,    0
 18375, 99118,20151012,   79,    0
 18375, 99118,20151013,   83,    0
 18375, 99118,20151014,   84,    0
 18375, 99118,20151015,   81,    0
 18375, 99118,20151016,   60,    0
 18375, 99118,20151017,   88,    0
 18375, 99118,20151018,   89,    0
 18375, 99118,20151019,   85,    0
 18375, 99118,20151020,   84,    0
 18375, 99118,20151021,   69,    0
 18375, 99118,20151022,   39,    0
 18375, 99118,20151023,-9999,    9
 18375, 99118,20151024,-9999,    9
 18375, 99118,20151025,   62,    0
 18375, 99118,20151026,   17,    0
 18375, 99118,20151027,   16,    0
 18375, 99118,20151028,   39,    0
 18375, 99118,20151029,-9999,    9
 18375, 99118,20151030,-9999,    9
 18375, 99118,20151031,   40,    0
 18375, 99118,20151101,   77,    0
 18375, 99118,20151102,   54,    0
 18375, 99118,20151103,   61,    0
 18375, 99118,20151104,   33,    0
 18375, 99118,20151105,-9999,    9
 18375, 99118,20151106,-9999,    9
 18375, 99118,20151107,   35,    0
 18375, 99118,20151108,   67,    0
 18375, 99118,20151109,   67,    0
 18375, 99118,20151110,   58,    0
 18375, 99118,20151111,   41,    0
 18375, 99118,20151112,   23,    0
 18375, 99118,20151113,   28,    0
 18375, 99118,20151114,   30,    0
 18375, 99118,20151115,   30,    0
 18375, 99118,20151116,   -3,    0
 18375, 99118,20151117,   -6,    0
 18375, 99118,20151118,   15,    0
 18375, 99118,20151119,    5,    0
 18375, 99118,20151120,   14,    0
 18375, 99118,20151121,-9999,    9
 18375, 99118,20151122,  -10,    0
 18375, 99118,20151123,   23,    0
 18375, 99118,20151124,   43,    0
 18375, 99118,20151125,   23,    0
 18375, 99118,20151126,   40,    0
 18375, 99118,20151127,   35,    0
 18375, 99118,20151128,   24,    0
 18375, 99118,20151129,   14,    0
 18375, 99118,20151130,    4,    0
 18375, 99118,20151201,    6,    0
 18375, 99118,20151202,   21,    0
 18375, 99118,20151203,   37,    0
 18375, 99118,20151204,   33,    0
 18375, 99118,20151205,   25,    0
 18375, 99118,20151206,   32,    0
 18375, 99118,20151207,   25,    0
 18375, 99118,20151208,   13,    0
 18375, 99118,20151209,   12,    0
 18375, 99118,20151210,   11,    0
 18375, 99118,20151211,  -11,    0
 18375, 99118,20151212,  -12,    0
 18375, 99118,20151213,  -13,    0
 18375, 99118,20151214,  -29,    0
 18375, 99118,20151215,  -42,    0
 18375, 99118,20151216,  -36,    0
 18375, 99118,20151217,  -43,    0
 18375, 99118,20151218,   44,    0
 18375, 99118,20151219,   32,    0
 18375, 99118,20151220,-9999,    9
 18375, 99118,20151221,-9999,    9
 18375, 99118,20151222,-9999,    9
 18375, 99118,20151223,    4,    0
 18375, 99118,20151224,   55,    0
 18375, 99118,20151225,   36,    0
 18375, 99118,20151226,  -33,    0
 18375, 99118,20151227,  -34,    0
 18375, 99118,20151228,    1,    0
 18375, 99118,20151229,   -2,    0
 18375, 99118,20151230,   22,    0
 18375, 99118,20151231,   43,    0
 18375, 99118,20160101,   62,    0
 18375, 99118,20160102,   24,    0
 18375, 99118,20160103,  -22,    0
 18375, 99118,20160104,  -30,    0
 18375, 99118,20160105,  -73,    0
 18375, 99118,20160106,  -79,    0
 18375, 99118,20160107, -118,    0
 18375, 99118,20160108,  -70,    0
 18375, 99118,20160109,  -18,    0
 18375, 99118,20160110,  -24,    0
 18375, 99118,20160111,  -66,    0
 18375, 99118,20160112,  -77,    0
 18375, 99118,20160113,  -96,    0
 18375, 99118,20160114,  -70,    0
 18375, 99118,20160115,  -29,    0
 18375, 99118,20160116,    0,    0
 18375, 99118,20160117,  -17,    0
 18375, 99118,20160118,  -77,    0
 18375, 99118,20160119,  -96,    0
 18375, 99118,20160120,  -69,    0
 18375, 99118,20160121,  -16,    0
 18375, 99118,20160122,   17,    0
 18375, 99118,20160123,    6,    0
 18375, 99118,20160124,  -16,    0
 18375, 99118,20160125,-9999,    9
 18375, 99118,20160126,   14,    0
 18375, 99118,20160127,-9999,    9
 18375, 99118,20160128,-9999,    9
 18375, 99118,20160129,   22,    0
 18375, 99118,20160130,   17,    0
 18375, 99118,20160131,   10,    0
 18375, 99118,20160201,   -1,    0
 18375, 99118,20160202,  -32,    0
 18375, 99118,20160203,   -8,    0
 18375, 99118,20160204,  -20,    0
 18375, 99118,20160205,  -18,    0
 18375, 99118,20160206,  -22,    0
 18375, 99118,20160207,   -5,    0
 18375, 99118,20160208,    0,    0
 18375, 99118,20160209,   15,    0
 18375, 99118,20160210,-9999,    9
 18375, 99118,20160211,-9999,    9
 18375, 99118,20160212,-9999,    9
 18375, 99118,20160213,  -28,    0
 18375, 99118,20160214,  -12,    0
 18375, 99118,20160215,  -14,    0
 18375, 99118,20160216,   -2,    0
 18375, 99118,20160217,   35,    0
 18375, 99118,20160218,   40,    0
 18375, 99118,20160219,   28,    0
 18375, 99118,20160220,   10,    0
 18375, 99118,20160221,   25,    0
 18375, 99118,20160222,    5,    0
 18375, 99118,20160223,   -4,    0
 18375, 99118,20160224,  -23,    0
 18375, 99118,20160225,  -33,    0
 18375, 99118,20160226,  -40,    0
 18375, 99118,20160227,  -26,    0
 18375, 99118,20160228,   -4,    0
 18375, 99118,20160229,    6,    0
 18375, 99118,20160301,   14,    0
 18375, 99118,20160302,-9999,    9
 18375, 99118,20160303,-9999,    9
 18375, 99118,20160304,-9999,    9
 18375, 99118,20160305,   10,    0
 18375, 99118,20160306,    2,    0
 18375, 99118,20160307,    1,    0
 18375, 99118,20160308,    1,    0
 18375, 99118,20160309,   -4,    0
 18375, 99118,20160310,   -6,    0
 18375, 99118,20160311,   22,    0
 18375, 99118,20160312,   51,    0
 18375, 99118,20160313,   46,    0
 18375, 99118,20160314,   52,    0
 18375, 99118,20160315,   63,    0
 18375, 99118,20160316,    4,    0
 18375, 99118,20160317,  -39,    0
 18375, 99118,20160318,  -41,    0
 18375, 99118,20160319,  -34,    0
 18375, 99118,20160320,  -40,    0
 18375, 99118,20160321,  -39,    0
 18375, 99118,20160322,  -38,    0
 18375, 99118,20160323,  -24,    0
 18375, 99118,20160324,  -33,    0
 18375, 99118,20160325,  -20,    0
 18375, 99118,20160326,   39,    0
 18375, 99118,20160327,   59,    0
 18375, 99118,20160328,   64,    0
 18375, 99118,20160329,-9999,    9
 18375, 99118,20160330,-9999,    9
 18375, 99118,20160331,-9999,    9
 18375, 99118,20160401,   29,    0
 18375, 99118,20160402,   15,    0
 18375, 99118,20160403,   29,    0
 18375, 99118,20160404,   36,    0
 18375, 99118,20160405,   18,    0
 18375, 99118,20160406,   16,    0
 18375, 99118,20160407,-9999,    9
 18375, 99118,20160408,-9999,    9
 18375, 99118,20160409,   36,    0
 18375, 99118,20160410,   30,    0
 18375, 99118,20160411,   21,    0
 18375, 99118,20160412,   -1,    0
 18375, 99118,20160413,  -14,    0
 18375, 99118,20160414,    0,    0
 18375, 99118,20160415,    4,    0
 18375, 99118,20160416,   26,    0
 18375, 99118,20160417,   18,    0
 18375, 99118,20160418,   17,    0
 18375, 99118,20160419,   14,    0
 18375, 99118,20160420,   13,    0
 18375, 99118,20160421,   24,    0
 18375, 99118,20160422,   30,    0
 18375, 99118,20160423,   19,    0
 18375, 99118,20160424,   15,    0
 18375, 99118,20160425,   28,    0
 18375, 99118,20160426,   45,    0
 18375, 99118,20160427,   99,    0
 18375, 99118,20160428,   98,    0
 18375, 99118,20160429,  106,    0
 18375, 99118,20160430,   85,    0
 18375, 99118,20160501,   72,    0
 18375, 99118,20160502,-9999,    9
 18375, 99118,20160503,-9999,    9
 18375, 99118,20160504,   75,    0
 18375, 99118,20160505,   83,    0
 18375, 99118,20160506,   85,    0
 18375, 99118,20160507,   88,    0
 18375, 99118,20160508,   65,    0
 18375, 99118,20160509,   61,    0
 18375, 99118,20160510,   42,    0
 18375, 99118,20160511,   58,    0
 18375, 99118,20160512,   62,    0
 18375, 99118,20160513,-9999,    9
 18375, 99118,20160514,   68,    0
 18375, 99118,20160515,-9999,    9
 18375, 99118,20160516,   57,    0
 18375, 99118,20160517,   41,    0
 18375, 99118,20160518,   44,    0
 18375, 99118,20160519,-9999,    9
 18375, 99118,20160520,-9999,    9
 18375, 99118,20160521,  100,    0
 18375, 99118,20160522,  107,    0
 18375, 99118,20160523,   98,    0
 18375, 99118,20160524,-9999,    9
 18375, 99118,20160525,-9999,    9
 18375, 99118,20160526,-9999,    9
 18375, 99118,20160527,-9999,    9
 18375, 99118,20160528,-9999,    9
 18375, 99118,20160529,-9999,    9
 18375, 99118,20160530,-9999,    9
 18375, 99118,20160531,-9999,    9
 18375, 99118,20160601,-9999,    9
 18375, 99118,20160602,-9999,    9
 18375, 99118,20160603,-9999,    9
 18375, 99118,20160604,-9999,    9
 18375, 99118,20160605,-9999,    9
 18375, 99118,20160606,-9999,    9
 18375, 99118,20160607,-9999,    9
 18375, 99118,20160608,-9999,    9
 18375, 99118,20160609,-9999,    9
 18375, 99118,20160610,-9999,    9
 18375, 99118,20160611,-9999,    9
 18375, 99118,20160612,-9999,    9
 18375, 99118,20160613,-9999,    9
 18375, 99118,20160614,-9999,    9
 18375, 99118,20160615,-9999,    9
 18375, 99118,20160616,-9999,    9
 18375, 99118,20160617,-9999,    9
 18375, 99118,20160618,-9999,    9
 18375, 99118,20160619,-9999,    9
 18375, 99118,20160620,-9999,    9
 18375, 99118,20160621,-9999,    9
 18375, 99118,20160622,-9999,    9
 18375, 99118,20160623,-9999,    9
 18375, 99118,20160624,-9999,    9
 18375, 99118,20160625,-9999,    9
 18375, 99118,20160626,-9999,    9
 18375, 99118,20160627,-9999,    9
 18375, 99118,20160628,-9999,    9
 18375, 99118,20160629,-9999,    9
 18375, 99118,20160630,-9999,    9
 18375, 99118,20160701,-9999,    9
 18375, 99118,20160702,-9999,    9
 18375, 99118,20160703,-9999,    9
 18375, 99118,20160704,-9999,    9
 18375, 99118,20160705,-9999,    9
 18375, 99118,20160706,-9999,    9
 18375, 99118,20160707,-9999,    9
 18375, 99118,20160708,-9999,    9
 18375, 99118,20160709,-9999,    9
 18375, 99118,20160710,-9999,    9
 18375, 99118,20160711,-9999,    9
 18375, 99118,20160712,-9999,    9
 18375, 99118,20160713,-9999,    9
 18375, 99118,20160714,-9999,    9
 18375, 99118,20160715,-9999,    9
 18375, 99118,20160716,-9999,    9
 18375, 99118,20160717,-9999,    9
 18375, 99118,20160718,-9999,    9
 18375, 99118,20160719,-9999,    9
 18375, 99118,20160720,-9999,    9
 18375, 99118,20160721,-9999,    9
 18375, 99118,20160722,-9999,    9
 18375, 99118,20160723,-9999,    9
 18375, 99118,20160724,-9999,    9
 18375, 99118,20160725,-9999,    9
 18375, 99118,20160726,-9999,    9
 18375, 99118,20160727,-9999,    9
 18375, 99118,20160728,-9999,    9
 18375, 99118,20160729,-9999,    9
 18375, 99118,20160730,-9999,    9
 18375, 99118,20160731,-9999,    9
 18375, 99118,20160801,-9999,    9
 18375, 99118,20160802,-9999,    9
 18375, 99118,20160803,-9999,    9
 18375, 99118,20160804,-9999,    9
 18375, 99118,20160805,-9999,    9
 18375, 99118,20160806,-9999,    9
 18375, 99118,20160807,-9999,    9
 18375, 99118,20160808,-9999,    9
 18375, 99118,20160809,-9999,    9
 18375, 99118,20160810,-9999,    9
 18375, 99118,20160811,-9999,    9
 18375, 99118,20160812,-9999,    9
 18375, 99118,20160813,-9999,    9
 18375, 99118,20160814,-9999,    9
 18375, 99118,20160815,-9999,    9
 18375, 99118,20160816,-9999,    9
 18375, 99118,20160817,-9999,    9
 18375, 99118,20160818,-9999,    9
 18375, 99118,20160819,-9999,    9
 18375, 99118,20160820,-9999,    9
 18375, 99118,20160821,-9999,    9
 18375, 99118,20160822,-9999,    9
 18375, 99118,20160823,-9999,    9
 18375, 99118,20160824,   38,    0
 18375, 99118,20160825,-9999,    9
 18375, 99118,20160826,-9999,    9
 18375, 99118,20160827,-9999,    9
 18375, 99118,20160828,   78,    0
 18375, 99118,20160829,   92,    0
 18375, 99118,20160830,  100,    0
 18375, 99118,20160831,  102,    0
 18375, 99118,20160901,  123,    0
 18375, 99118,20160902,   65,    0
 18375, 99118,20160903,   60,    0
 18375, 99118,20160904,   72,    0
 18375, 99118,20160905,   67,    0
 18375, 99118,20160906,   77,    0
 18375, 99118,20160907,   89,    0
 18375, 99118,20160908,   96,    0
 18375, 99118,20160909,-9999,    9
 18375, 99118,20160910,   90,    0
 18375, 99118,20160911,  119,    0
 18375, 99118,20160912,   93,    0
 18375, 99118,20160913,  105,    0
 18375, 99118,20160914,  132,    0
 18375, 99118,20160915,   84,    0
 18375, 99118,20160916,-9999,    9
 18375, 99118,20160917,-9999,    9
 18375, 99118,20160918,-9999,    9
 18375, 99118,20160919,  145,    0
 18375, 99118,20160920,  102,    0
 18375, 99118,20160921,   91,    0
 18375, 99118,20160922,   97,    0
 18375, 99118,20160923,-9999,    9
 18375, 99118,20160924,-9999,    9
 18375, 99118,20160925,-9999,    9
 18375, 99118,20160926,-9999,    9
 18375, 99118,20160927,-9999,    9
 18375, 99118,20160928,-9999,    9
 18375, 99118,20160929,   91,    0
 18375, 99118,20160930,   82,    0
 18375, 99118,20161001,   89,    0
 18375, 99118,20161002,   63,    0
 18375, 99118,20161003,   46,    0
 18375, 99118,20161004,   75,    0
 18375, 99118,20161005,  109,    0
 18375, 99118,20161006,  102,    0
 18375, 99118,20161007,   93,    0
 18375, 99118,20161008,   84,    0
 18375, 99118,20161009,   47,    0
 18375, 99118,20161010,   36,    0
 18375, 99118,20161011,   77,    0
 18375, 99118,20161012,   89,    0
 18375, 99118,20161013,   81,    0
 18375, 99118,20161014,   73,    0
 18375, 99118,20161015,   66,    0
 18375, 99118,20161016,   57,    0
 18375, 99118,20161017,   25,    0
 18375, 99118,20161018,   24,    0
 18375, 99118,20161019,   71,    0
 18375, 99118,20161020,-9999,    9
 18375, 99118,20161021,-9999,    9
 18375, 99118,20161022,-9999,    9
 18375, 99118,20161023,-9999,    9
 18375, 99118,20161024,-9999,    9
 18375, 99118,20161025,-9999,    9
 18375, 99118,20161026,-9999,    9
 18375, 99118,20161027,   39,    0
 18375, 99118,20161028,   65,    0
 18375, 99118,20161029,   52,    0
 18375, 99118,20161030,   32,    0
 18375, 99118,20161031,   14,    0
 18375, 99118,20161101,   -4,    0
 18375, 99118,20161102,   -5,    0
 18375, 99118,20161103,  -12,    0
 18375, 99118,20161104,  -16,    0
 18375, 99118,20161105,  -28,    0
 18375, 99118,20161106,   -4,    0
 18375, 99118,20161107,   -5,    0
 18375, 99118,20161108,    6,    0
 18375, 99118,20161109,   -9,    0
 18375, 99118,20161110,    5,    0
 18375, 99118,20161111,  -10,    0
 18375, 99118,20161112,   24,    0
 18375, 99118,20161113,   64,    0
 18375, 99118,20161114,   74,    0
 18375, 99118,20161115,   64,    0
 18375, 99118,20161116,   54,    0
 18375, 99118,20161117,   63,    0
 18375, 99118,20161118,   37,    0
 18375, 99118,20161119,   35,    0
 18375, 99118,20161120,   45,    0
 18375, 99118,20161121,    1,    0
 18375, 99118,20161122,   10,    0
 18375, 99118,20161123,   29,    0
 18375, 99118,20161124,   35,    0
 18375, 99118,20161125,   18,    0
 18375, 99118,20161126,   -4,    0
 18375, 99118,20161127,    2,    0
 18375, 99118,20161128,    4,    0
 18375, 99118,20161129,   44,    0
 18375, 99118,20161130,   45,    0
 18375, 99118,20161201,-9999,    9
 18375, 99118,20161202,  -20,    0
 18375, 99118,20161203,  -22,    0
 18375, 99118,20161204,   11,    0
 18375, 99118,20161205,   -2,    0
 18375, 99118,20161206,   17,    0
 18375, 99118,20161207,   17,    0
 18375, 99118,20161208,    8,    0
 18375, 99118,20161209,  -17,    0
 18375, 99118,20161210,  -11,    0
 18375, 99118,20161211,  -14,    0
 18375, 99118,20161212,    7,    0
 18375, 99118,20161213,   21,    0
 18375, 99118,20161214,   48,    0
 18375, 99118,20161215,   55,    0
 18375, 99118,20161216,   63,    0
 18375, 99118,20161217,   55,    0
 18375, 99118,20161218,   44,    0
 18375, 99118,20161219,   74,    0
 18375, 99118,20161220,   51,    0
 18375, 99118,20161221,   77,    0
 18375, 99118,20161222,   36,    0
 18375, 99118,20161223,   10,    0
 18375, 99118,20161224,   -6,    0
 18375, 99118,20161225,  -10,    0
 18375, 99118,20161226,  -12,    0
 18375, 99118,20161227,   10,    0
 18375, 99118,20161228,   34,    0
 18375, 99118,20161229,-9999,    9
 18375, 99118,20161230,-9999,    9
 18375, 99118,20161231,-9999,    9
 18375, 99118,20170101,-9999,    9
 18375, 99118,20170102,-9999,    9
 18375, 99118,20170103,-9999,    9
 18375, 99118,20170104,-9999,    9
 18375, 99118,20170105,-9999,    9
 18375, 99118,20170106,-9999,    9
 18375, 99118,20170107,-9999,    9
 18375, 99118,20170108,-9999,    9
 18375, 99118,20170109,-9999,    9
 18375, 99118,20170110,-9999,    9
 18375, 99118,20170111,-9999,    9
 18375, 99118,20170112,-9999,    9
 18375, 99118,20170113,-9999,    9
 18375, 99118,20170114,-9999,    9
 18375, 99118,20170115,-9999,    9
 18375, 99118,20170116,-9999,    9
 18375, 99118,20170117,-9999,    9
 18375, 99118,20170118,-9999,    9
 18375, 99118,20170119,-9999,    9
 18375, 99118,20170120,-9999,    9
 18375, 99118,20170121,-9999,    9
 18375, 99118,20170122,-9999,    9
 18375, 99118,20170123,-9999,    9
 18375, 99118,20170124,-9999,    9
 18375, 99118,20170125,-9999,    9
 18375, 99118,20170126,-9999,    9
 18375, 99118,20170127,-9999,    9
 18375, 99118,20170128,-9999,    9
 18375, 99118,20170129,-9999,    9
 18375, 99118,20170130,-9999,    9
 18375, 99118,20170131,-9999,    9
 18375, 99118,20170201,-9999,    9
 18375, 99118,20170202,-9999,    9
 18375, 99118,20170203,-9999,    9
 18375, 99118,20170204,-9999,    9
 18375, 99118,20170205,-9999,    9
 18375, 99118,20170206,-9999,    9
 18375, 99118,20170207,-9999,    9
 18375, 99118,20170208,-9999,    9
 18375, 99118,20170209,-9999,    9
 18375, 99118,20170210,-9999,    9
 18375, 99118,20170211,-9999,    9
 18375, 99118,20170212,-9999,    9
 18375, 99118,20170213,-9999,    9
 18375, 99118,20170214,-9999,    9
 18375, 99118,20170215,-9999,    9
 18375, 99118,20170216,-9999,    9
 18375, 99118,20170217,-9999,    9
 18375, 99118,20170218,-9999,    9
 18375, 99118,20170219,-9999,    9
 18375, 99118,20170220,-9999,    9
 18375, 99118,20170221,-9999,    9
 18375, 99118,20170222,-9999,    9
 18375, 99118,20170223,-9999,    9
 18375, 99118,20170224,-9999,    9
 18375, 99118,20170225,-9999,    9
 18375, 99118,20170226,-9999,    9
 18375, 99118,20170227,-9999,    9
 18375, 99118,20170228,-9999,    9
 18375, 99118,20170301,-9999,    9
 18375, 99118,20170302,-9999,    9
 18375, 99118,20170303,-9999,    9
 18375, 99118,20170304,-9999,    9
 18375, 99118,20170305,-9999,    9
 18375, 99118,20170306,-9999,    9
 18375, 99118,20170307,-9999,    9
 18375, 99118,20170308,-9999,    9
 18375, 99118,20170309,-9999,    9
 18375, 99118,20170310,-9999,    9
 18375, 99118,20170311,-9999,    9
 18375, 99118,20170312,-9999,    9
 18375, 99118,20170313,   -8,    0
 18375, 99118,20170314,-9999,    9
 18375, 99118,20170315,-9999,    9
 18375, 99118,20170316,-9999,    9
 18375, 99118,20170317,-9999,    9
 18375, 99118,20170318,-9999,    9
 18375, 99118,20170319,-9999,    9
 18375, 99118,20170320,-9999,    9
 18375, 99118,20170321,-9999,    9
 18375, 99118,20170322,-9999,    9
 18375, 99118,20170323,-9999,    9
 18375, 99118,20170324,-9999,    9
 18375, 99118,20170325,-9999,    9
 18375, 99118,20170326,-9999,    9
 18375, 99118,20170327,-9999,    9
 18375, 99118,20170328,-9999,    9
 18375, 99118,20170329,-9999,    9
 18375, 99118,20170330,-9999,    9
 18375, 99118,20170331,-9999,    9
 18375, 99118,20170401,-9999,    9
 18375, 99118,20170402,-9999,    9
 18375, 99118,20170403,   32,    0
 18375, 99118,20170404,   51,    0
 18375, 99118,20170405,   25,    0
 18375, 99118,20170406,   -2,    0
 18375, 99118,20170407,   -9,    0
 18375, 99118,20170408,   -9,    0
 18375, 99118,20170409,   -7,    0
 18375, 99118,20170410,    9,    0
 18375, 99118,20170411,   -2,    0
 18375, 99118,20170412,    0,    0
 18375, 99118,20170413,  -12,    0
 18375, 99118,20170414,  -11,    0
 18375, 99118,20170415,   -7,    0
 18375, 99118,20170416,  -12,    0
 18375, 99118,20170417,   -6,    0
 18375, 99118,20170418,   -7,    0
 18375, 99118,20170419,   17,    0
 18375, 99118,20170420,   33,    0
 18375, 99118,20170421,   19,    0
 18375, 99118,20170422,   21,    0
 18375, 99118,20170423,    8,    0
 18375, 99118,20170424,   -3,    0
 18375, 99118,20170425,   -1,    0
 18375, 99118,20170426,    0,    0
 18375, 99118,20170427,-9999,    9
 18375, 99118,20170428,   24,    0
 18375, 99118,20170429,   28,    0
 18375, 99118,20170430,   23,    0
 18375, 99118,20170501,   21,    0
 18375, 99118,20170502,   32,    0
 18375, 99118,20170503,   44,    0
 18375, 99118,20170504,   52,    0
 18375, 99118,20170505,   53,    0
 18375, 99118,20170506,    9,    0
 18375, 99118,20170507,  -11,    0
 18375, 99118,20170508,   -3,    0
 18375, 99118,20170509,    6,    0
 18375, 99118,20170510,   17,    0
 18375, 99118,20170511,   11,    0
 18375, 99118,20170512,   21,    0
 18375, 99118,20170513,   29,    0
 18375, 99118,20170514,   33,    0
 18375, 99118,20170515,   45,    0
 18375, 99118,20170516,   68,    0
 18375, 99118,20170517,   74,    0
 18375, 99118,20170518,   84,    0
 18375, 99118,20170519,   58,    0
 18375, 99118,20170520,-9999,    9
 18375, 99118,20170521,   58,    0
 18375, 99118,20170522,   59,    0
 18375, 99118,20170523,   37,    0
 18375, 99118,20170524,   50,    0
 18375, 99118,20170525,   45,    0
 18375, 99118,20170526,   28,    0
 18375, 99118,20170527,   44,    0
 18375, 99118,20170528,   51,    0
 18375, 99118,20170529,   23,    0
 18375, 99118,20170530,   18,    0
 18375, 99118,20170531,   31,    0
 18375, 99118,20170601,   44,    0
 18375, 99118,20170602,   46,    0
 18375, 99118,20170603,   47,    0
 18375, 99118,20170604,   50,    0
 18375, 99118,20170605,   50,    0
 18375, 99118,20170606,   94,    0
 18375, 99118,20170607,-9999,    9
 18375, 99118,20170608,-9999,    9
 18375, 99118,20170609,-9999,    9
 18375, 99118,20170610,  108,    0
 18375, 99118,20170611,  120,    0
 18375, 99118,20170612,-9999,    9
 18375, 99118,20170613,-9999,    9
 18375, 99118,20170614,-9999,    9
 18375, 99118,20170615,-9999,    9
 18375, 99118,20170616,-9999,    9
 18375, 99118,20170617,   84,    0
 18375, 99118,20170618,   94,    0
 18375, 99118,20170619,   99,    0
 18375, 99118,20170620,  100,    0
 18375, 99118,20170621,   66,    0
 18375, 99118,20170622,   67,    0
 18375, 99118,20170623,   71,    0
 18375, 99118,20170624,   96,    0
 18375, 99118,20170625,   95,    0
 18375, 99118,20170626,  110,    0
 18375, 99118,20170627,-9999,    9
 18375, 99118,20170628,-9999,    9
 18375, 99118,20170629,-9999,    9
 18375, 99118,20170630,-9999,    9
 18375, 99118,20170701,-9999,    9
 18375, 99118,20170702,  123,    0
 18375, 99118,20170703,-9999,    9
 18375, 99118,20170704,-9999,    9
 18375, 99118,20170705,-9999,    9
 18375, 99118,20170706,-9999,    9
 18375, 99118,20170707,-9999,    9
 18375, 99118,20170708,-9999,    9
 18375, 99118,20170709,-9999,    9
 18375, 99118,20170710,-9999,    9
 18375, 99118,20170711,-9999,    9
 18375, 99118,20170712,-9999,    9
 18375, 99118,20170713,   99,    0
 18375, 99118,20170714,  112,    0
 18375, 99118,20170715,  121,    0
 18375, 99118,20170716,  141,    0
 18375, 99118,20170717,-9999,    9
 18375, 99118,20170718,-9999,    9
 18375, 99118,20170719,-9999,    9
 18375, 99118,20170720,-9999,    9
 18375, 99118,20170721,-9999,    9
 18375, 99118,20170722,-9999,    9
 18375, 99118,20170723,-9999,    9
 18375, 99118,20170724,-9999,    9
 18375, 99118,20170725,  107,    0
 18375, 99118,20170726,-9999,    9
 18375, 99118,20170727,-9999,    9
 18375, 99118,20170728,-9999,    9
 18375, 99118,20170729,  109,    0
 18375, 99118,20170730,  100,    0
 18375, 99118,20170731,  102,    0
 18375, 99118,20170801,-9999,    9
 18375, 99118,20170802,  125,    0
 18375, 99118,20170803,-9999,    9
 18375, 99118,20170804,-9999,    9
 18375, 99118,20170805,-9999,    9
 18375, 99118,20170806,-9999,    9
 18375, 99118,20170807,-9999,    9
 18375, 99118,20170808,  108,    0
 18375, 99118,20170809,   98,    0
 18375, 99118,20170810,  123,    0
 18375, 99118,20170811,-9999,    9
 18375, 99118,20170812,-9999,    9
 18375, 99118,20170813,-9999,    9
 18375, 99118,20170814,    1,    0
 18375, 99118,20170815,   42,    0
 18375, 99118,20170816,   97,    0
 18375, 99118,20170817,  113,    0
 18375, 99118,20170818,  109,    0
 18375, 99118,20170819,  111,    0
 18375, 99118,20170820,  101,    0
 18375, 99118,20170821,   76,    0
 18375, 99118,20170822,-9999,    9
 18375, 99118,20170823,   88,    0
 18375, 99118,20170824,   90,    0
 18375, 99118,20170825,   74,    0
 18375, 99118,20170826,   81,    0
 18375, 99118,20170827,   83,    0
 18375, 99118,20170828,   92,    0
 18375, 99118,20170829,  120,    0
 18375, 99118,20170830,  112,    0
 18375, 99118,20170831,   96,    0
 18375, 99118,20170901,   71,    0
 18375, 99118,20170902,   96,    0
 18375, 99118,20170903,  120,    0
 18375, 99118,20170904,  108,    0
 18375, 99118,20170905,  104,    0
 18375, 99118,20170906,-9999,    9
 18375, 99118,20170907,-9999,    9
 18375, 99118,20170908,    0,    0
 18375, 99118,20170909,    0,    0
 18375, 99118,20170910,    0,    0
 18375, 99118,20170911,    0,    0
 18375, 99118,20170912,    1,    0
 18375, 99118,20170913,-9999,    9
 18375, 99118,20170914,-9999,    9
 18375, 99118,20170915,   74,    0
 18375, 99118,20170916,   81,    0
 18375, 99118,20170917,   88,    0
 18375, 99118,20170918,   83,    0
 18375, 99118,20170919,-9999,    9
 18375, 99118,20170920,-9999,    9
 18375, 99118,20170921,   67,    0
 18375, 99118,20170922,   89,    0
 18375, 99118,20170923,  106,    0
 18375, 99118,20170924,  106,    0
 18375, 99118,20170925,  104,    0
 18375, 99118,20170926,   88,    0
 18375, 99118,20170927,   87,    0
 18375, 99118,20170928,   63,    0
 18375, 99118,20170929,   80,    0
 18375, 99118,20170930,   88,    0
 18375, 99118,20171001,  100,    0
 18375, 99118,20171002,   99,    0
 18375, 99118,20171003,  109,    0
 18375, 99118,20171004,-9999,    9
 18375, 99118,20171005,   57,    0
 18375, 99118,20171006,   72,    0
 18375, 99118,20171007,   74,    0
 18375, 99118,20171008,   67,    0
 18375, 99118,20171009,   62,    0
 18375, 99118,20171010,   46,    0
 18375, 99118,20171011,   76,    0
 18375, 99118,20171012,   62,    0
 18375, 99118,20171013,   54,    0
 18375, 99118,20171014,-9999,    9
 18375, 99118,20171015,   75,    0
 18375, 99118,20171016,   60,    0
 18375, 99118,20171017,-9999,    9
 18375, 99118,20171018,-9999,    9
 18375, 99118,20171019,-9999,    9
 18375, 99118,20171020,-9999,    9
 18375, 99118,20171021,-9999,    9
 18375, 99118,20171022,-9999,    9
 18375, 99118,20171023,-9999,    9
 18375, 99118,20171024,-9999,    9
 18375, 99118,20171025,   40,    0
 18375, 99118,20171026,   54,    0
 18375, 99118,20171027,   53,    0
 18375, 99118,20171028,   18,    0
 18375, 99118,20171029,    3,    0
 18375, 99118,20171030,   -1,    0
 18375, 99118,20171031,    2,    0
 18375, 99118,20171101,-9999,    9
 18375, 99118,20171102,-9999,    9
 18375, 99118,20171103,   53,    0
 18375, 99118,20171104,   47,    0
 18375, 99118,20171105,   28,    0
 18375, 99118,20171106,   28,    0
 18375, 99118,20171107,   29,    0
 18375, 99118,20171108,   64,    0
 18375, 99118,20171109,   54,    0
 18375, 99118,20171110,   44,    0
 18375, 99118,20171111,   37,    0
 18375, 99118,20171112,    7,    0
 18375, 99118,20171113,   13,    0
 18375, 99118,20171114,   30,    0
 18375, 99118,20171115,   30,    0
 18375, 99118,20171116,    0,    0
 18375, 99118,20171117,   -9,    0
 18375, 99118,20171118,  -15,    0
 18375, 99118,20171119,  -28,    0
 18375, 99118,20171120,  -26,    0
 18375, 99118,20171121,    6,    0
 18375, 99118,20171122,  -10,    0
 18375, 99118,20171123,   -6,    0
 18375, 99118,20171124,   13,    0
 18375, 99118,20171125,   14,    0
 18375, 99118,20171126,   28,    0
 18375, 99118,20171127,   17,    0
 18375, 99118,20171128,-9999,    9
 18375, 99118,20171129,    0,    0
 18375, 99118,20171130,  -18,    0
 18375, 99118,20171201,   19,    0
 18375, 99118,20171202,   16,    0
 18375, 99118,20171203,    7,    0
 18375, 99118,20171204,   -4,    0
 18375, 99118,20171205,   -7,    0
 18375, 99118,20171206,   -5,    0
 18375, 99118,20171207,  -16,    0
 18375, 99118,20171208,    3,    0
 18375, 99118,20171209,   18,    0
 18375, 99118,20171210,   38,    0
 18375, 99118,20171211,   15,    0
 18375, 99118,20171212,  -13,    0
 18375, 99118,20171213,  -23,    0
 18375, 99118,20171214,   18,    0
 18375, 99118,20171215,  -15,    0
 18375, 99118,20171216,   -6,    0
 18375, 99118,20171217,    7,    0
 18375, 99118,20171218,    4,    0
 18375, 99118,20171219,   51,    0
 18375, 99118,20171220,   45,    0
 18375, 99118,20171221,   36,    0
 18375, 99118,20171222,   10,    0
 18375, 99118,20171223,   -9,    0
 18375, 99118,20171224,   -6,    0
 18375, 99118,20171225,  -44,    0
 18375, 99118,20171226,  -23,    0
 18375, 99118,20171227,  -45,    0
 18375, 99118,20171228,  -27,    0
 18375, 99118,20171229,  -37,    0
 18375, 99118,20171230,    1,    0
 18375, 99118,20171231,   27,    0
 18375, 99118,20180101,  -22,    0
 18375, 99118,20180102,  -35,    0
 18375, 99118,20180103,  -15,    0
 18375, 99118,20180104,  -16,    0
 18375, 99118,20180105,  -30,    0
 18375, 99118,20180106,  -30,    0
 18375, 99118,20180107,  -26,    0
 18375, 99118,20180108,    4,    0
 18375, 99118,20180109,   25,    0
 18375, 99118,20180110,   37,    0
 18375, 99118,20180111,   -1,    0
 18375, 99118,20180112,   49,    0
 18375, 99118,20180113,   50,    0
 18375, 99118,20180114,    5,    0
 18375, 99118,20180115,   -4,    0
 18375, 99118,20180116,   14,    0
 18375, 99118,20180117,  -13,    0
 18375, 99118,20180118,  -45,    0
 18375, 99118,20180119,  -49,    0
 18375, 99118,20180120,  -61,    0
 18375, 99118,20180121,  -60,    0
 18375, 99118,20180122,  -48,    0
 18375, 99118,20180123,  -67,    0
 18375, 99118,20180124,  -57,    0
 18375, 99118,20180125,  -32,    0
 18375, 99118,20180126,  -16,    0
 18375, 99118,20180127,  -39,    0
 18375, 99118,20180128,  -70,    0
 18375, 99118,20180129,  -62,    0
 18375, 99118,20180130,  -51,    0
 18375, 99118,20180131,  -45,    0
 18375, 99118,20180201,  -51,    0
 18375, 99118,20180202,  -70,    0
 18375, 99118,20180203,  -58,    0
 18375, 99118,20180204,  -30,    0
 18375, 99118,20180205,   39,    0
 18375, 99118,20180206,   34,    0
 18375, 99118,20180207,  -19,    0
 18375, 99118,20180208,   11,    0
 18375, 99118,20180209,   15,    0
 18375, 99118,20180210,   28,    0
 18375, 99118,20180211,  -14,    0
 18375, 99118,20180212,  -31,    0
 18375, 99118,20180213,  -16,    0
 18375, 99118,20180214,  -11,    0
 18375, 99118,20180215,  -40,    0
 18375, 99118,20180216,  -33,    0
 18375, 99118,20180217,  -47,    0
 18375, 99118,20180218,  -65,    0
 18375, 99118,20180219,  -67,    0
 18375, 99118,20180220,  -66,    0
 18375, 99118,20180221,  -53,    0
 18375, 99118,20180222,  -47,    0
 18375, 99118,20180223,  -54,    0
 18375, 99118,20180224,  -58,    0
 18375, 99118,20180225,  -73,    0
 18375, 99118,20180226,  -65,    0
 18375, 99118,20180227,  -31,    0
 18375, 99118,20180228,    1,    0
 18375, 99118,20180301,    7,    0
 18375, 99118,20180302,  -12,    0
 18375, 99118,20180303,-9999,    9
 18375, 99118,20180304,  -66,    0
 18375, 99118,20180305,  -73,    0
 18375, 99118,20180306,  -65,    0
 18375, 99118,20180307,  -55,    0
 18375, 99118,20180308,  -76,    0
 18375, 99118,20180309,  -88,    0
 18375, 99118,20180310,-9999,    9
 18375, 99118,20180311,  -33,    0
 18375, 99118,20180312,  -32,    0
 18375, 99118,20180313,  -27,    0
 18375, 99118,20180314,  -57,    0
 18375, 99118,20180315,  -50,    0
 18375, 99118,20180316,  -33,    0
 18375, 99118,20180317,-9999,    9
 18375, 99118,20180318,  -16,    0
 18375, 99118,20180319,  -17,    0
 18375, 99118,20180320,  -34,    0
 18375, 99118,20180321,  -11,    0
 18375, 99118,20180322,  -27,    0
 18375, 99118,20180323,  -33,    0
 18375, 99118,20180324,  -45,    0
 18375, 99118,20180325,  -53,    0
 18375, 99118,20180326,  -44,    0
 18375, 99118,20180327,  -14,    0
 18375, 99118,20180328,    6,    0
 18375, 99118,20180329,  -16,    0
 18375, 99118,20180330,  -12,    0
 18375, 99118,20180331,  -12,    0
 18375, 99118,20180401,   -8,    0
 18375, 99118,20180402,  -19,    0
 18375, 99118,20180403,  -19,    0
 18375, 99118,20180404,    0,    0
 18375, 99118,20180405,   14,    0
 18375, 99118,20180406,   11,    0
 18375, 99118,20180407,-9999,    9
 18375, 99118,20180408,    8,    0
 18375, 99118,20180409,   -2,    0
 18375, 99118,20180410,   20,    0
 18375, 99118,20180411,   28,    0
 18375, 99118,20180412,   32,    0
 18375, 99118,20180413,   36,    0
 18375, 99118,20180414,   43,    0
 18375, 99118,20180415,   26,    0
 18375, 99118,20180416,   25,    0
 18375, 99118,20180417,   29,    0
 18375, 99118,20180418,   35,    0
 18375, 99118,20180419,   25,    0
 18375, 99118,20180420,   32,    0
 18375, 99118,20180421,   43,    0
 18375, 99118,20180422,   27,    0
 18375, 99118,20180423,   42,    0
 18375, 99118,20180424,   38,    0
 18375, 99118,20180425,   35,    0
 18375, 99118,20180426,   37,    0
 18375, 99118,20180427,   23,    0
 18375, 99118,20180428,   17,    0
 18375, 99118,20180429,   29,    0
 18375, 99118,20180430,   25,    0
 18375, 99118,20180501,   34,    0
 18375, 99118,20180502,   65,    0
 18375, 99118,20180503,-9999,    9
 18375, 99118,20180504,-9999,    9
 18375, 99118,20180505,-9999,    9
 18375, 99118,20180506,   71,    0
 18375, 99118,20180507,   53,    0
 18375, 99118,20180508,   63,    0
 18375, 99118,20180509,  109,    0
 18375, 99118,20180510,-9999,    9
 18375, 99118,20180511,   94,    0
 18375, 99118,20180512,-9999,    9
 18375, 99118,20180513,-9999,    9
 18375, 99118,20180514,-9999,    9
 18375, 99118,20180515,-9999,    9
 18375, 99118,20180516,-9999,    9
 18375, 99118,20180517,   73,    0
 18375, 99118,20180518,-9999,    9
 18375, 99118,20180519,-9999,    9
 18375, 99118,20180520,-9999,    9
 18375, 99118,20180521,-9999,    9
 18375, 99118,20180522,-9999,    9
 18375, 99118,20180523,   56,    0
 18375, 99118,20180524,   76,    0
 18375, 99118,20180525,  103,    0
 18375, 99118,20180526,-9999,    9
 18375, 99118,20180527,   72,    0
 18375, 99118,20180528,  128,    0
 18375, 99118,20180529,   87,    0
 18375, 99118,20180530,-9999,    9
 18375, 99118,20180531,   88,    0
 18375, 99118,20180601,   89,    0
 18375, 99118,20180602,   74,    0
 18375, 99118,20180603,   59,    0
 18375, 99118,20180604,   43,    0
 18375, 99118,20180605,   39,    0
 18375, 99118,20180606,-9999,    9
 18375, 99118,20180607,   41,    0
 18375, 99118,20180608,   56,    0
 18375, 99118,20180609,   70,    0
 18375, 99118,20180610,   80,    0
 18375, 99118,20180611,   62,    0
 18375, 99118,20180612,   48,    0
 18375, 99118,20180613,   56,    0
 18375, 99118,20180614,   98,    0
 18375, 99118,20180615,-9999,    9
 18375, 99118,20180616,  112,    0
 18375, 99118,20180617,   92,    0
 18375, 99118,20180618,  109,    0
 18375, 99118,20180619,-9999,    9
 18375, 99118,20180620,-9999,    9
 18375, 99118,20180621,-9999,    9
 18375, 99118,20180622,-9999,    9
 18375, 99118,20180623,   70,    0
 18375, 99118,20180624,   79,    0
 18375, 99118,20180625,  105,    0
 18375, 99118,20180626,   98,    0
 18375, 99118,20180627,   81,    0
 18375, 99118,20180628,   77,    0
 18375, 99118,20180629,   70,    0
 18375, 99118,20180630,   82,    0
 18375, 99118,20180701,  119,    0
 18375, 99118,20180702,-9999,    9
 18375, 99118,20180703,-9999,    9
 18375, 99118,20180704,   93,    0
 18375, 99118,20180705,  103,    0
 18375, 99118,20180706,-9999,    9
 18375, 99118,20180707,  103,    0
 18375, 99118,20180708,-9999,    9
 18375, 99118,20180709,  124,    0
 18375, 99118,20180710,  126,    0
 18375, 99118,20180711,  111,    0
 18375, 99118,20180712,-9999,    9
 18375, 99118,20180713,-9999,    9
 18375, 99118,20180714,  101,    0
 18375, 99118,20180715,  125,    0
 18375, 99118,20180716,-9999,    9
 18375, 99118,20180717,-9999,    9
 18375, 99118,20180718,-9999,    9
 18375, 99118,20180719,-9999,    9
 18375, 99118,20180720,-9999,    9
 18375, 99118,20180721,-9999,    9
 18375, 99118,20180722,-9999,    9
 18375, 99118,20180723,-9999,    9
 18375, 99118,20180724,-9999,    9
 18375, 99118,20180725,-9999,    9
 18375, 99118,20180726,-9999,    9
 18375, 99118,20180727,-9999,    9
 18375, 99118,20180728,-9999,    9
 18375, 99118,20180729,-9999,    9
 18375, 99118,20180730,-9999,    9
 18375, 99118,20180731,-9999,    9
 18375, 99118,20180801,-9999,    9
 18375, 99118,20180802,-9999,    9
 18375, 99118,20180803,-9999,    9
 18375, 99118,20180804,-9999,    9
 18375, 99118,20180805,-9999,    9
 18375, 99118,20180806,-9999,    9
 18375, 99118,20180807,-9999,    9
 18375, 99118,20180808,-9999,    9
 18375, 99118,20180809,-9999,    9
 18375, 99118,20180810,-9999,    9
 18375, 99118,20180811,-9999,    9
 18375, 99118,20180812,-9999,    9
 18375, 99118,20180813,-9999,    9
 18375, 99118,20180814,-9999,    9
 18375, 99118,20180815,-9999,    9
 18375, 99118,20180816,-9999,    9
 18375, 99118,20180817,-9999,    9
 18375, 99118,20180818,-9999,    9
 18375, 99118,20180819,-9999,    9
 18375, 99118,20180820,-9999,    9
 18375, 99118,20180821,-9999,    9
 18375, 99118,20180822,-9999,    9
 18375, 99118,20180823,-9999,    9
 18375, 99118,20180824,-9999,    9
 18375, 99118,20180825,-9999,    9
 18375, 99118,20180826,-9999,    9
 18375, 99118,20180827,-9999,    9
 18375, 99118,20180828,-9999,    9
 18375, 99118,20180829,-9999,    9
 18375, 99118,20180830,-9999,    9
 18375, 99118,20180831,-9999,    9
 18375, 99118,20180901,-9999,    9
 18375, 99118,20180902,-9999,    9
 18375, 99118,20180903,-9999,    9
 18375, 99118,20180904,-9999,    9
 18375, 99118,20180905,-9999,    9
 18375, 99118,20180906,-9999,    9
 18375, 99118,20180907,-9999,    9
 18375, 99118,20180908,-9999,    9
 18375, 99118,20180909,-9999,    9
 18375, 99118,20180910,-9999,    9
 18375, 99118,20180911,-9999,    9
 18375, 99118,20180912,-9999,    9
 18375, 99118,20180913,-9999,    9
 18375, 99118,20180914,-9999,    9
 18375, 99118,20180915,  101,    0
 18375, 99118,20180916,-9999,    9
 18375, 99118,20180917,   66,    0
 18375, 99118,20180918,   74,    0
 18375, 99118,20180919,   87,    0
 18375, 99118,20180920,  101,    0
 18375, 99118,20180921,  106,    0
 18375, 99118,20180922,  109,    0
 18375, 99118,20180923,   84,    0
 18375, 99118,20180924,   46,    0
 18375, 99118,20180925,   51,    0
 18375, 99118,20180926,-9999,    9
 18375, 99118,20180927,-9999,    9
 18375, 99118,20180928,-9999,    9
 18375, 99118,20180929,-9999,    9
 18375, 99118,20180930,-9999,    9
 18375, 99118,20181001,-9999,    9
 18375, 99118,20181002,-9999,    9
 18375, 99118,20181003,-9999,    9
 18375, 99118,20181004,   24,    0
 18375, 99118,20181005,   19,    0
 18375, 99118,20181006,   19,    0
 18375, 99118,20181007,   27,    0
 18375, 99118,20181008,   42,    0
 18375, 99118,20181009,   62,    0
 18375, 99118,20181010,   49,    0
 18375, 99118,20181011,-9999,    9
 18375, 99118,20181012,   67,    0
 18375, 99118,20181013,   91,    0
 18375, 99118,20181014,  111,    0
 18375, 99118,20181015,   77,    0
 18375, 99118,20181016,   75,    0
 18375, 99118,20181017,-9999,    9
 18375, 99118,20181018,-9999,    9
 18375, 99118,20181019,   67,    0
 18375, 99118,20181020,   76,    0
 18375, 99118,20181021,   72,    0
 18375, 99118,20181022,-9999,    9
 18375, 99118,20181023,   36,    0
 18375, 99118,20181024,    5,    0
 18375, 99118,20181025,    4,    0
 18375, 99118,20181026,    5,    0
 18375, 99118,20181027,    1,    0
 18375, 99118,20181028,    8,    0
 18375, 99118,20181029,   44,    0
 18375, 99118,20181030,   10,    0
 18375, 99118,20181031,   11,    0
 18375, 99118,20181101,   37,    0
 18375, 99118,20181102,   45,    0
 18375, 99118,20181103,   55,    0
 18375, 99118,20181104,   70,    0
 18375, 99118,20181105,   95,    0
 18375, 99118,20181106,   68,    0
 18375, 99118,20181107,   28,    0
 18375, 99118,20181108,   28,    0
 18375, 99118,20181109,   21,    0
 18375, 99118,20181110,   49,    0
 18375, 99118,20181111,   51,    0
 18375, 99118,20181112,   57,    0
 18375, 99118,20181113,   59,    0
 18375, 99118,20181114,   79,    0
 18375, 99118,20181115,   86,    0
 18375, 99118,20181116,   90,    0
 18375, 99118,20181117,   51,    0
 18375, 99118,20181118,   57,    0
 18375, 99118,20181119,   79,    0
 18375, 99118,20181120,   31,    0
 18375, 99118,20181121,   53,    0
 18375, 99118,20181122,   56,    0
 18375, 99118,20181123,   28,    0
 18375, 99118,20181124,   17,    0
 18375, 99118,20181125,   -9,    0
 18375, 99118,20181126,  -16,    0
 18375, 99118,20181127,    6,    0
 18375, 99118,20181128,    8,    0
 18375, 99118,20181129,   15,    0
 18375, 99118,20181130,   48,    0
 18375, 99118,20181201,   43,    0
 18375, 99118,20181202,   46,    0
 18375, 99118,20181203,   47,    0
 18375, 99118,20181204,   31,    0
 18375, 99118,20181205,   28,    0
 18375, 99118,20181206,   12,    0
 18375, 99118,20181207,   -3,    0
 18375, 99118,20181208,  -25,    0
 18375, 99118,20181209,   -5,    0
 18375, 99118,20181210,    7,    0
 18375, 99118,20181211,   -2,    0
 18375, 99118,20181212,   36,    0
 18375, 99118,20181213,   53,    0
 18375, 99118,20181214,   53,    0
 18375, 99118,20181215,   45,    0
 18375, 99118,20181216,  -17,    0
 18375, 99118,20181217,  -19,    0
 18375, 99118,20181218,  -27,    0
 18375, 99118,20181219,  -17,    0
 18375, 99118,20181220,  -27,    0
 18375, 99118,20181221,    6,    0
 18375, 99118,20181222,    5,    0
 18375, 99118,20181223,    1,    0
 18375, 99118,20181224,   -7,    0
 18375, 99118,20181225,   15,    0
 18375, 99118,20181226,   -2,    0
 18375, 99118,20181227,  -11,    0
 18375, 99118,20181228,   24,    0
 18375, 99118,20181229,   15,    0
 18375, 99118,20181230,  -19,    0
 18375, 99118,20181231,   -7,    0
 18375, 99118,20190101,  -21,    0
 18375, 99118,20190102,  -30,    0
 18375, 99118,20190103,   18,    0
 18375, 99118,20190104,   17,    0
 18375, 99118,20190105,   33,    0
 18375, 99118,20190106,   50,    0
 18375, 99118,20190107,   16,    0
 18375, 99118,20190108,   12,    0
 18375, 99118,20190109,    7,    0
 18375, 99118,20190110,   24,    0
 18375, 99118,20190111,   12,    0
 18375, 99118,20190112,   -3,    0
 18375, 99118,20190113,  -34,    0
 18375, 99118,20190114,  -39,    0
 18375, 99118,20190115,  -15,    0
 18375, 99118,20190116,  -21,    0
 18375, 99118,20190117,  -32,    0
 18375, 99118,20190118,-9999,    9
 18375, 99118,20190119,-9999,    9
 18375, 99118,20190120,  -31,    0
 18375, 99118,20190121,  -27,    0
 18375, 99118,20190122,  -35,    0
 18375, 99118,20190123,  -75,    0
 18375, 99118,20190124,  -74,    0
 18375, 99118,20190125,  -23,    0
 18375, 99118,20190126,  -42,    0
 18375, 99118,20190127,  -90,    0
 18375, 99118,20190128, -108,    0
 18375, 99118,20190129,  -47,    0
 18375, 99118,20190130,-9999,    9
 18375, 99118,20190131,  -67,    0
 18375, 99118,20190201,  -62,    0
 18375, 99118,20190202,  -28,    0
 18375, 99118,20190203,  -33,    0
 18375, 99118,20190204,  -41,    0
 18375, 99118,20190205,  -74,    0
 18375, 99118,20190206,  -24,    0
 18375, 99118,20190207,  -16,    0
 18375, 99118,20190208,  -50,    0
 18375, 99118,20190209,  -67,    0
 18375, 99118,20190210,  -26,    0
 18375, 99118,20190211,   -3,    0
 18375, 99118,20190212,    5,    0
 18375, 99118,20190213,-9999,    9
 18375, 99118,20190214,-9999,    9
 18375, 99118,20190215,-9999,    9
 18375, 99118,20190216,   10,    0
 18375, 99118,20190217,  -22,    0
 18375, 99118,20190218,  -18,    0
 18375, 99118,20190219,  -45,    0
 18375, 99118,20190220,  -56,    0
 18375, 99118,20190221,  -25,    0
 18375, 99118,20190222,   30,    0
 18375, 99118,20190223,   63,    0
 18375, 99118,20190224,   51,    0
 18375, 99118,20190225,   27,    0
 18375, 99118,20190226,   15,    0
 18375, 99118,20190227,   16,    0
 18375, 99118,20190228,  -31,    0
 18375, 99118,20190301,  -29,    0
 18375, 99118,20190302,  -57,    0
 18375, 99118,20190303,  -43,    0
 18375, 99118,20190304,  -73,    0
 18375, 99118,20190305,  -52,    0
 18375, 99118,20190306,  -41,    0
 18375, 99118,20190307,-9999,    9
 18375, 99118,20190308,  -59,    0
 18375, 99118,20190309,  -37,    0
 18375, 99118,20190310,  -48,    0
 18375, 99118,20190311,  -42,    0
 18375, 99118,20190312,  -18,    0
 18375, 99118,20190313,  -25,    0
 18375, 99118,20190314,  -22,    0
 18375, 99118,20190315,  -20,    0
 18375, 99118,20190316,  -13,    0
 18375, 99118,20190317,  -13,    0
 18375, 99118,20190318,  -34,    0
 18375, 99118,20190319,    6,    0
 18375, 99118,20190320,   36,    0
 18375, 99118,20190321,   23,    0
 18375, 99118,20190322,   22,    0
 18375, 99118,20190323,   45,    0
 18375, 99118,20190324,   13,    0
 18375, 99118,20190325,  -16,    0
 18375, 99118,20190326,   -9,    0
 18375, 99118,20190327,   23,    0
 18375, 99118,20190328,   32,    0
 18375, 99118,20190329,   19,    0
 18375, 99118,20190330,    6,    0
 18375, 99118,20190331,   -4,    0
 18375, 99118,20190401,    6,    0
 18375, 99118,20190402,   10,    0
 18375, 99118,20190403,   26,    0
 18375, 99118,20190404,   -8,    0
 18375, 99118,20190405,   -1,    0
 18375, 99118,20190406,   10,    0
 18375, 99118,20190407,   -9,    0
 18375, 99118,20190408,   -6,    0
 18375, 99118,20190409,-9999,    9
 18375, 99118,20190410,-9999,    9
 18375, 99118,20190411,-9999,    9
 18375, 99118,20190412,   31,    0
 18375, 99118,20190413,   39,    0
 18375, 99118,20190414,   66,    0
 18375, 99118,20190415,   48,    0
 18375, 99118,20190416,   37,    0
 18375, 99118,20190417,   37,    0
 18375, 99118,20190418,   56,    0
 18375, 99118,20190419,   60,    0
 18375, 99118,20190420,   89,    0
 18375, 99118,20190421,   59,    0
 18375, 99118,20190422,   55,    0
 18375, 99118,20190423,   74,    0
 18375, 99118,20190424,   59,    0
 18375, 99118,20190425,   63,    0
 18375, 99118,20190426,   67,    0
 18375, 99118,20190427,   68,    0
 18375, 99118,20190428,-9999,    9
 18375, 99118,20190429,-9999,    9
 18375, 99118,20190430,   33,    0
 18375, 99118,20190501,    4,    0
 18375, 99118,20190502,    0,    0
 18375, 99118,20190503,   -4,    0
 18375, 99118,20190504,   -7,    0
 18375, 99118,20190505,    8,    0
 18375, 99118,20190506,   19,    0
 18375, 99118,20190507,   54,    0
 18375, 99118,20190508,   38,    0
 18375, 99118,20190509,   42,    0
 18375, 99118,20190510,   86,    0
 18375, 99118,20190511,   87,    0
 18375, 99118,20190512,-9999,    9
 18375, 99118,20190513,-9999,    9
 18375, 99118,20190514,   44,    0
 18375, 99118,20190515,   54,    0
 18375, 99118,20190516,   66,    0
 18375, 99118,20190517,   76,    0
 18375, 99118,20190518,   67,    0
 18375, 99118,20190519,   84,    0
 18375, 99118,20190520,   92,    0
 18375, 99118,20190521,-9999,    9
 18375, 99118,20190522,   46,    0
 18375, 99118,20190523,   54,    0
 18375, 99118,20190524,   55,    0
 18375, 99118,20190525,   43,    0
 18375, 99118,20190526,   48,    0
 18375, 99118,20190527,   66,    0
 18375, 99118,20190528,-9999,    9
 18375, 99118,20190529,-9999,    9
 18375, 99118,20190530,-9999,    9
 18375, 99118,20190531,-9999,    9
 18375, 99118,20190601,   62,    0
 18375, 99118,20190602,-9999,    9
 18375, 99118,20190603,-9999,    9
 18375, 99118,20190604,-9999,    9
 18375, 99118,20190605,-9999,    9
 18375, 99118,20190606,-9999,    9
 18375, 99118,20190607,   68,    0
 18375, 99118,20190608,   95,    0
 18375, 99118,20190609,   86,    0
 18375, 99118,20190610,   48,    0
 18375, 99118,20190611,   59,    0
 18375, 99118,20190612,   74,    0
 18375, 99118,20190613,   90,    0
 18375, 99118,20190614,   80,    0
 18375, 99118,20190615,   80,    0
 18375, 99118,20190616,   83,    0
 18375, 99118,20190617,   91,    0
 18375, 99118,20190618,   89,    0
 18375, 99118,20190619,   72,    0
 18375, 99118,20190620,  102,    0
 18375, 99118,20190621,  140,    0
 18375, 99118,20190622,  101,    0
 18375, 99118,20190623,   99,    0
 18375, 99118,20190624,  107,    0
 18375, 99118,20190625,   97,    0
 18375, 99118,20190626,   91,    0
 18375, 99118,20190627,   69,    0
 18375, 99118,20190628,   81,    0
 18375, 99118,20190629,   54,    0
 18375, 99118,20190630,   77,    0
 18375, 99118,20190701,   97,    0
 18375, 99118,20190702,   88,    0
 18375, 99118,20190703,   90,    0
 18375, 99118,20190704,   85,    0
 18375, 99118,20190705,  105,    0
 18375, 99118,20190706,   89,    0
 18375, 99118,20190707,  156,    0
 18375, 99118,20190708,  157,    0
 18375, 99118,20190709,  123,    0
 18375, 99118,20190710,  110,    0
 18375, 99118,20190711,  106,    0
 18375, 99118,20190712,  100,    0
 18375, 99118,20190713,  107,    0
 18375, 99118,20190714,   89,    0
 18375, 99118,20190715,   91,    0
 18375, 99118,20190716,   94,    0
 18375, 99118,20190717,   96,    0
 18375, 99118,20190718,  114,    0
 18375, 99118,20190719,  144,    0
 18375, 99118,20190720,  148,    0
 18375, 99118,20190721,  158,    0
 18375, 99118,20190722,  161,    0
 18375, 99118,20190723,  147,    0
 18375, 99118,20190724,  138,    0
 18375, 99118,20190725,  133,    0
 18375, 99118,20190726,  150,    0
 18375, 99118,20190727,  122,    0
 18375, 99118,20190728,  126,    0
 18375, 99118,20190729,   97,    0
 18375, 99118,20190730,   92,    0
 18375, 99118,20190731,  105,    0
 18375, 99118,20190801,  112,    0
 18375, 99118,20190802,  101,    0
 18375, 99118,20190803,  105,    0
 18375, 99118,20190804,   94,    0
 18375, 99118,20190805,   83,    0
 18375, 99118,20190806,   97,    0
 18375, 99118,20190807,  112,    0
 18375, 99118,20190808,  117,    0
 18375, 99118,20190809,  105,    0
 18375, 99118,20190810,  114,    0
 18375, 99118,20190811,  132,    0
 18375, 99118,20190812,  125,    0
 18375, 99118,20190813,-9999,    9
 18375, 99118,20190814,-9999,    9
 18375, 99118,20190815,-9999,    9
 18375, 99118,20190816,-9999,    9
 18375, 99118,20190817,-9999,    9
 18375, 99118,20190818,  139,    0
 18375, 99118,20190819,  126,    0
 18375, 99118,20190820,  124,    0
 18375, 99118,20190821,  113,    0
 18375, 99118,20190822,-9999,    9
 18375, 99118,20190823,   99,    0
 18375, 99118,20190824,   72,    0
 18375, 99118,20190825,   84,    0
 18375, 99118,20190826,  123,    0
 18375, 99118,20190827,  132,    0
 18375, 99118,20190828,  124,    0
 18375, 99118,20190829,  140,    0
 18375, 99118,20190830,  124,    0
 18375, 99118,20190831,  118,    0
 18375, 99118,20190901,  138,    0
 18375, 99118,20190902,  119,    0
 18375, 99118,20190903,  113,    0
 18375, 99118,20190904,  111,    0
 18375, 99118,20190905,  105,    0
 18375, 99118,20190906,   86,    0
 18375, 99118,20190907,   70,    0
 18375, 99118,20190908,   76,    0
 18375, 99118,20190909,  128,    0
 18375, 99118,20190910,-9999,    9
 18375, 99118,20190911,  144,    0
 18375, 99118,20190912,  117,    0
 18375, 99118,20190913,   82,    0
 18375, 99118,20190914,   62,    0
 18375, 99118,20190915,   76,    0
 18375, 99118,20190916,   73,    0
 18375, 99118,20190917,   81,    0
 18375, 99118,20190918,   48,    0
 18375, 99118,20190919,   44,    0
 18375, 99118,20190920,   49,    0
 18375, 99118,20190921,   39,    0
 18375, 99118,20190922,   44,    0
 18375, 99118,20190923,   36,    0
 18375, 99118,20190924,   46,    0
 18375, 99118,20190925,   87,    0
 18375, 99118,20190926,   96,    0
 18375, 99118,20190927,   62,    0
 18375, 99118,20190928,   64,    0
 18375, 99118,20190929,   47,    0
 18375, 99118,20190930,   56,    0
 18375, 99118,20191001,   69,    0
 18375, 99118,20191002,   46,    0
 18375, 99118,20191003,   35,    0
 18375, 99118,20191004,   36,    0
 18375, 99118,20191005,   51,    0
 18375, 99118,20191006,   59,    0
 18375, 99118,20191007,   43,    0
 18375, 99118,20191008,   40,    0
 18375, 99118,20191009,   43,    0
 18375, 99118,20191010,   30,    0
 18375, 99118,20191011,   14,    0
 18375, 99118,20191012,    2,    0
 18375, 99118,20191013,   15,    0
 18375, 99118,20191014,   16,    0
 18375, 99118,20191015,    9,    0
 18375, 99118,20191016,   13,    0
 18375, 99118,20191017,    1,    0
 18375, 99118,20191018,   25,    0
 18375, 99118,20191019,   -8,    0
 18375, 99118,20191020,   12,    0
 18375, 99118,20191021,   10,    0
 18375, 99118,20191022,   25,    0
 18375, 99118,20191023,-9999,    9
 18375, 99118,20191024,-9999,    9
 18375, 99118,20191025,-9999,    9
 18375, 99118,20191026,-9999,    9
 18375, 99118,20191027,  -32,    0
 18375, 99118,20191028,   -2,    0
 18375, 99118,20191029,  -12,    0
 18375, 99118,20191030,  -20,    0
 18375, 99118,20191031,    3,    0
 18375, 99118,20191101,    0,    0
 18375, 99118,20191102,   -1,    0
 18375, 99118,20191103,    0,    0
 18375, 99118,20191104,   -4,    0
 18375, 99118,20191105,    9,    0
 18375, 99118,20191106,  -14,    0
 18375, 99118,20191107,  -61,    0
 18375, 99118,20191108,  -64,    0
 18375, 99118,20191109,  -61,    0
 18375, 99118,20191110,  -48,    0
 18375, 99118,20191111,  -50,    0
 18375, 99118,20191112,  -25,    0
 18375, 99118,20191113,   14,    0
 18375, 99118,20191114,  -10,    0
 18375, 99118,20191115,   31,    0
 18375, 99118,20191116,  -20,    0
 18375, 99118,20191117,    3,    0
 18375, 99118,20191118,   -7,    0
 18375, 99118,20191119,   22,    0
 18375, 99118,20191120,   49,    0
 18375, 99118,20191121,   62,    0
 18375, 99118,20191122,   28,    0
 18375, 99118,20191123,   23,    0
 18375, 99118,20191124,   36,    0
 18375, 99118,20191125,   32,    0
 18375, 99118,20191126,   -2,    0
 18375, 99118,20191127,  -17,    0
 18375, 99118,20191128,  -35,    0
 18375, 99118,20191129,  -31,    0
 18375, 99118,20191130,  -21,    0
 18375, 99118,20191201,   10,    0
 18375, 99118,20191202,    4,    0
 18375, 99118,20191203,   14,    0
 18375, 99118,20191204,   61,    0
 18375, 99118,20191205,   41,    0
 18375, 99118,20191206,    6,    0
 18375, 99118,20191207,-9999,    9
 18375, 99118,20191208,  -10,    0
 18375, 99118,20191209,  -29,    0
 18375, 99118,20191210,  -41,    0
 18375, 99118,20191211,    5,    0
 18375, 99118,20191212,   24,    0
 18375, 99118,20191213,    9,    0
 18375, 99118,20191214,-9999,    9
 18375, 99118,20191215,    3,    0
 18375, 99118,20191216,    0,    0
 18375, 99118,20191217,  -15,    0
 18375, 99118,20191218,   -3,    0
 18375, 99118,20191219,  -13,    0
 18375, 99118,20191220,   -2,    0
 18375, 99118,20191221,-9999,    9
 18375, 99118,20191222,-9999,    9
 18375, 99118,20191223,-9999,    9
 18375, 99118,20191224,   31,    0
 18375, 99118,20191225,   22,    0
 18375, 99118,20191226,    2,    0
 18375, 99118,20191227,    3,    0
 18375, 99118,20191228,   42,    0
 18375, 99118,20191229,   42,    0
 18375, 99118,20191230,    7,    0
 18375, 99118,20191231,   -7,    0
 18375, 99118,20200101,  -11,    0
 18375, 99118,20200102,   44,    0
 18375, 99118,20200103,   16,    0
 18375, 99118,20200104,  -22,    0
 18375, 99118,20200105,-9999,    9
 18375, 99118,20200106,-9999,    9
 18375, 99118,20200107,   49,    0
 18375, 99118,20200108,   44,    0
 18375, 99118,20200109,   25,    0
 18375, 99118,20200110,   24,    0
 18375, 99118,20200111,   18,    0
 18375, 99118,20200112,-9999,    9
 18375, 99118,20200113,-9999,    9
 18375, 99118,20200114,-9999,    9
 18375, 99118,20200115,-9999,    9
 18375, 99118,20200116,   -7,    0
 18375, 99118,20200117,  -29,    0
 18375, 99118,20200118,  -31,    0
 18375, 99118,20200119,   14,    0
 18375, 99118,20200120,   33,    0
 18375, 99118,20200121,   12,    0
 18375, 99118,20200122,  -15,    0
 18375, 99118,20200123,    3,    0
 18375, 99118,20200124,    3,    0
 18375, 99118,20200125,  -29,    0
 18375, 99118,20200126,  -62,    0
 18375, 99118,20200127,-9999,    9
 18375, 99118,20200128,-9999,    9
 18375, 99118,20200129,  -27,    0
 18375, 99118,20200130,   -7,    0
 18375, 99118,20200131,   -1,    0
 18375, 99118,20200201,    3,    0
 18375, 99118,20200202,    1,    0
 18375, 99118,20200203,  -30,    0
 18375, 99118,20200204,  -38,    0
 18375, 99118,20200205,  -50,    0
 18375, 99118,20200206,  -29,    0
 18375, 99118,20200207,   31,    0
 18375, 99118,20200208,   50,    0
 18375, 99118,20200209,   30,    0
 18375, 99118,20200210,    3,    0
 18375, 99118,20200211,   19,    0
 18375, 99118,20200212,   13,    0
 18375, 99118,20200213,    4,    0
 18375, 99118,20200214,   -2,    0
 18375, 99118,20200215,  -43,    0
 18375, 99118,20200216,  -17,    0
 18375, 99118,20200217,   12,    0
 18375, 99118,20200218,  -10,    0
 18375, 99118,20200219,  -32,    0
 18375, 99118,20200220,  -15,    0
 18375, 99118,20200221,   29,    0
 18375, 99118,20200222,   46,    0
 18375, 99118,20200223,   23,    0
 18375, 99118,20200224,  -16,    0
 18375, 99118,20200225,  -32,    0
 18375, 99118,20200226,   -9,    0
 18375, 99118,20200227,   13,    0
 18375, 99118,20200228,    3,    0
 18375, 99118,20200229,  -19,    0
 18375, 99118,20200301,  -47,    0
 18375, 99118,20200302,  -23,    0
 18375, 99118,20200303,-9999,    9
 18375, 99118,20200304,  -26,    0
 18375, 99118,20200305,  -13,    0
 18375, 99118,20200306,    3,    0
 18375, 99118,20200307,   23,    0
 18375, 99118,20200308,    3,    0
 18375, 99118,20200309,   35,    0
 18375, 99118,20200310,  -22,    0
 18375, 99118,20200311,  -22,    0
 18375, 99118,20200312,  -23,    0
 18375, 99118,20200313,  -59,    0
 18375, 99118,20200314,  -42,    0
 18375, 99118,20200315,  -15,    0
 18375, 99118,20200316,  -20,    0
 18375, 99118,20200317,    5,    0
 18375, 99118,20200318,    2,    0
 18375, 99118,20200319,  -48,    0
 18375, 99118,20200320,-9999,    9
 18375, 99118,20200321,-9999,    9
 18375, 99118,20200322,-9999,    9
 18375, 99118,20200323,-9999,    9
 18375, 99118,20200324,-9999,    9
 18375, 99118,20200325,-9999,    9
 18375, 99118,20200326,-9999,    9
 18375, 99118,20200327,   24,    0
 18375, 99118,20200328,  -32,    0
 18375, 99118,20200329,  -38,    0
 18375, 99118,20200330,  -20,    0
 18375, 99118,20200331,   -3,    0
 18375, 99118,20200401,  -27,    0
 18375, 99118,20200402,  -51,    0
 18375, 99118,20200403,  -45,    0
 18375, 99118,20200404,  -37,    0
 18375, 99118,20200405,  -23,    0
 18375, 99118,20200406,   -7,    0
 18375, 99118,20200407,   44,    0
 18375, 99118,20200408,   22,    0
 18375, 99118,20200409,  -15,    0
 18375, 99118,20200410,  -18,    0
 18375, 99118,20200411,-9999,    9
 18375, 99118,20200412,-9999,    9
 18375, 99118,20200413,-9999,    9
 18375, 99118,20200414,-9999,    9
 18375, 99118,20200415,-9999,    9
 18375, 99118,20200416,-9999,    9
 18375, 99118,20200417,   21,    0
 18375, 99118,20200418,   31,    0
 18375, 99118,20200419,   60,    0
 18375, 99118,20200420,   63,    0
 18375, 99118,20200421,   41,    0
 18375, 99118,20200422,   44,    0
 18375, 99118,20200423,   23,    0
 18375, 99118,20200424,   12,    0
 18375, 99118,20200425,    9,    0
 18375, 99118,20200426,   10,    0
 18375, 99118,20200427,    3,    0
 18375, 99118,20200428,    3,    0
 18375, 99118,20200429,    4,    0
 18375, 99118,20200430,   14,    0
 18375, 99118,20200501,   18,    0
 18375, 99118,20200502,   39,    0
 18375, 99118,20200503,   50,    0
 18375, 99118,20200504,   38,    0
 18375, 99118,20200505,-9999,    9
 18375, 99118,20200506,-9999,    9
 18375, 99118,20200507,-9999,    9
 18375, 99118,20200508,-9999,    9
 18375, 99118,20200509,-9999,    9
 18375, 99118,20200510,-9999,    9
 18375, 99118,20200511,-9999,    9
 18375, 99118,20200512,-9999,    9
 18375, 99118,20200513,-9999,    9
 18375, 99118,20200514,-9999,    9
 18375, 99118,20200515,-9999,    9
 18375, 99118,20200516,   35,    0
 18375, 99118,20200517,   22,    0
 18375, 99118,20200518,   31,    0
 18375, 99118,20200519,   32,    0
 18375, 99118,20200520,   37,    0
 18375, 99118,20200521,   47,    0
 18375, 99118,20200522,   70,    0
 18375, 99118,20200523,   98,    0
 18375, 99118,20200524,   90,    0
 18375, 99118,20200525,   88,    0
 18375, 99118,20200526,   95,    0
 18375, 99118,20200527,   72,    0
 18375, 99118,20200528,   55,    0
 18375, 99118,20200529,   59,    0
 18375, 99118,20200530,   72,    0
 18375, 99118,20200531,  112,    0
 18375, 99118,20200601,  139,    0
 18375, 99118,20200602,   86,    0
 18375, 99118,20200603,   72,    0
 18375, 99118,20200604,  106,    0
 18375, 99118,20200605,  142,    0
 18375, 99118,20200606,  132,    0
 18375, 99118,20200607,  125,    0
 18375, 99118,20200608,   75,    0
 18375, 99118,20200609,   69,    0
 18375, 99118,20200610,   78,    0
 18375, 99118,20200611,   79,    0
 18375, 99118,20200612,   94,    0
 18375, 99118,20200613,  158,    0
 18375, 99118,20200614,  110,    0
 18375, 99118,20200615,   82,    0
 18375, 99118,20200616,   88,    0
 18375, 99118,20200617,  128,    0
 18375, 99118,20200618,  109,    0
 18375, 99118,20200619,   86,    0
 18375, 99118,20200620,  125,    0
 18375, 99118,20200621,  155,    0
 18375, 99118,20200622,  129,    0
 18375, 99118,20200623,  151,    0
 18375, 99118,20200624,  124,    0
 18375, 99118,20200625,  126,    0
 18375, 99118,20200626,   98,    0
 18375, 99118,20200627,   91,    0
 18375, 99118,20200628,  107,    0
 18375, 99118,20200629,   94,    0
 18375, 99118,20200630,   74,    0
 18375, 99118,20200701,   69,    0
 18375, 99118,20200702,   67,    0
 18375, 99118,20200703,   94,    0
 18375, 99118,20200704,   84,    0
 18375, 99118,20200705,   91,    0
 18375, 99118,20200706,   94,    0
 18375, 99118,20200707,   97,    0
 18375, 99118,20200708,  117,    0
 18375, 99118,20200709,  126,    0
 18375, 99118,20200710,  104,    0
 18375, 99118,20200711,  131,    0
 18375, 99118,20200712,  129,    0
 18375, 99118,20200713,  139,    0
 18375, 99118,20200714,  160,    0
 18375, 99118,20200715,  171,    0
 18375, 99118,20200716,  173,    0
 18375, 99118,20200717,  168,    0
 18375, 99118,20200718,  141,    0
 18375, 99118,20200719,  149,    0
 18375, 99118,20200720,  136,    0
 18375, 99118,20200721,  113,    0
 18375, 99118,20200722,  102,    0
 18375, 99118,20200723,   90,    0
 18375, 99118,20200724,  145,    0
 18375, 99118,20200725,  165,    0
 18375, 99118,20200726,  186,    0
 18375, 99118,20200727,  203,    0
 18375, 99118,20200728,  208,    0
 18375, 99118,20200729,  208,    0
 18375, 99118,20200730,  209,    0
 18375, 99118,20200731,  190,    0
 18375, 99118,20200801,  141,    0
 18375, 99118,20200802,  153,    0
 18375, 99118,20200803,  148,    0
 18375, 99118,20200804,  147,    0
 18375, 99118,20200805,  127,    0
 18375, 99118,20200806,  158,    0
 18375, 99118,20200807,  136,    0
 18375, 99118,20200808,  179,    0
 18375, 99118,20200809,  127,    0
 18375, 99118,20200810,  118,    0
 18375, 99118,20200811,  127,    0
 18375, 99118,20200812,-9999,    9
 18375, 99118,20200813,  125,    0
 18375, 99118,20200814,  119,    0
 18375, 99118,20200815,  117,    0
 18375, 99118,20200816,   90,    0
 18375, 99118,20200817,   88,    0
 18375, 99118,20200818,   98,    0
 18375, 99118,20200819,  117,    0
 18375, 99118,20200820,   97,    0
 18375, 99118,20200821,  117,    0
 18375, 99118,20200822,  164,    0
 18375, 99118,20200823,  134,    0
 18375, 99118,20200824,  106,    0
 18375, 99118,20200825,   95,    0
 18375, 99118,20200826,   68,    0
 18375, 99118,20200827,   77,    0
 18375, 99118,20200828,   83,    0
 18375, 99118,20200829,   85,    0
 18375, 99118,20200830,   73,    0
 18375, 99118,20200831,   76,    0
 18375, 99118,20200901,  101,    0
 18375, 99118,20200902,  119,    0
 18375, 99118,20200903,  139,    0
 18375, 99118,20200904,  130,    0
 18375, 99118,20200905,  109,    0
 18375, 99118,20200906,  104,    0
 18375, 99118,20200907,  107,    0
 18375, 99118,20200908,  108,    0
 18375, 99118,20200909,   92,    0
 18375, 99118,20200910,   88,    0
 18375, 99118,20200911,   82,    0
 18375, 99118,20200912,   95,    0
 18375, 99118,20200913,   91,    0
 18375, 99118,20200914,   80,    0
 18375, 99118,20200915,-9999,    9
 18375, 99118,20200916,   67,    0
 18375, 99118,20200917,   67,    0
 18375, 99118,20200918,   83,    0
 18375, 99118,20200919,   61,    0
 18375, 99118,20200920,   67,    0
 18375, 99118,20200921,   73,    0
 18375, 99118,20200922,   64,    0
 18375, 99118,20200923,   69,    0
 18375, 99118,20200924,   62,    0
 18375, 99118,20200925,   73,    0
 18375, 99118,20200926,   47,    0
 18375, 99118,20200927,   54,    0
 18375, 99118,20200928,   99,    0
 18375, 99118,20200929,  116,    0
 18375, 99118,20200930,  104,    0
 18375, 99118,20201001,   98,    0
 18375, 99118,20201002,  105,    0
 18375, 99118,20201003,  100,    0
 18375, 99118,20201004,   96,    0
 18375, 99118,20201005,   88,    0
 18375, 99118,20201006,  104,    0
 18375, 99118,20201007,  107,    0
 18375, 99118,20201008,  117,    0
 18375, 99118,20201009,  101,    0
 18375, 99118,20201010,   82,    0
 18375, 99118,20201011,   66,    0
 18375, 99118,20201012,   46,    0
 18375, 99118,20201013,   33,    0
 18375, 99118,20201014,   48,    0
 18375, 99118,20201015,   42,    0
 18375, 99118,20201016,   36,    0
 18375, 99118,20201017,-9999,    9
 18375, 99118,20201018,   17,    0
 18375, 99118,20201019,    0,    0
 18375, 99118,20201020,   -3,    0
 18375, 99118,20201021,   -8,    0
 18375, 99118,20201022,  -11,    0
 18375, 99118,20201023,   13,    0
 18375, 99118,20201024,   32,    0
 18375, 99118,20201025,   22,    0
 18375, 99118,20201026,   49,    0
 18375, 99118,20201027,-9999,    9
 18375, 99118,20201028,   28,    0
 18375, 99118,20201029,-9999,    9
 18375, 99118,20201030,    6,    0
 18375, 99118,20201031,   38,    0
 18375, 99118,20201101,   47,    0
 18375, 99118,20201102,   94,    0
 18375, 99118,20201103,   73,    0
 18375, 99118,20201104,   76,    0
 18375, 99118,20201105,   49,    0
 18375, 99118,20201106,   62,    0
 18375, 99118,20201107,   37,    0
 18375, 99118,20201108,   27,    0
 18375, 99118,20201109,   34,    0
 18375, 99118,20201110,   21,    0
 18375, 99118,20201111,   44,    0
 18375, 99118,20201112,   59,    0
 18375, 99118,20201113,   75,    0
 18375, 99118,20201114,   54,    0
 18375, 99118,20201115,   69,    0
 18375, 99118,20201116,   54,    0
 18375, 99118,20201117,   91,    0
 18375, 99118,20201118,   51,    0
 18375, 99118,20201119,    2,    0
 18375, 99118,20201120,   -5,    0
 18375, 99118,20201121,    6,    0
 18375, 99118,20201122,   17,    0
 18375, 99118,20201123,   24,    0
 18375, 99118,20201124,    2,    0
 18375, 99118,20201125,   10,    0
 18375, 99118,20201126,   -6,    0
 18375, 99118,20201127,   57,    0
 18375, 99118,20201128,   64,    0
 18375, 99118,20201129,   63,    0
 18375, 99118,20201130,   69,    0
 18375, 99118,20201201,   11,    0
 18375, 99118,20201202,   55,    0
 18375, 99118,20201203,   54,    0
 18375, 99118,20201204,   21,    0
 18375, 99118,20201205,   19,    0
 18375, 99118,20201206,  -13,    0
 18375, 99118,20201207,-9999,    9
 18375, 99118,20201208,-9999,    9
 18375, 99118,20201209,   47,    0
 18375, 99118,20201210,   43,    0
 18375, 99118,20201211,    2,    0
 18375, 99118,20201212,   17,    0
 18375, 99118,20201213,   10,    0
 18375, 99118,20201214,-9999,    9
 18375, 99118,20201215,   14,    0
 18375, 99118,20201216,   13,    0
 18375, 99118,20201217,  -26,    0
 18375, 99118,20201218,  -27,    0
 18375, 99118,20201219,   -4,    0
 18375, 99118,20201220,   24,    0
 18375, 99118,20201221,   43,    0
 18375, 99118,20201222,-9999,    9
 18375, 99118,20201223,   17,    0
 18375, 99118,20201224,   12,    0
 18375, 99118,20201225,    5,    0
 18375, 99118,20201226,  -19,    0
 18375, 99118,20201227,-9999,    9
 18375, 99118,20201228,   41,    0
 18375, 99118,20201229,   16,    0
 18375, 99118,20201230,    2,    0
 18375, 99118,20201231,    5,    0
 18375, 99118,20210101,  -14,    0
 18375, 99118,20210102,    0,    0
 18375, 99118,20210103,   29,    0
 18375, 99118,20210104,   51,    0
 18375, 99118,20210105,   54,    0
 18375, 99118,20210106,   52,    0
 18375, 99118,20210107,   12,    0
 18375, 99118,20210108,  -18,    0
 18375, 99118,20210109,  -14,    0
 18375, 99118,20210110,  -11,    0
 18375, 99118,20210111,  -23,    0
 18375, 99118,20210112,  -35,    0
 18375, 99118,20210113,  -24,    0
 18375, 99118,20210114,    2,    0
 18375, 99118,20210115,   29,    0
 18375, 99118,20210116,   25,    0
 18375, 99118,20210117,   23,    0
 18375, 99118,20210118,    2,    0
 18375, 99118,20210119,  -21,    0
 18375, 99118,20210120,  -33,    0
 18375, 99118,20210121,  -53,    0
 18375, 99118,20210122,  -49,    0
 18375, 99118,20210123,  -42,    0
 18375, 99118,20210124,  -56,    0
 18375, 99118,20210125,  -67,    0
 18375, 99118,20210126,  -55,    0
 18375, 99118,20210127,  -27,    0
 18375, 99118,20210128,  -38,    0
 18375, 99118,20210129,  -71,    0
 18375, 99118,20210130,  -52,    0
 18375, 99118,20210131,  -32,    0
 18375, 99118,20210201,  -13,    0
 18375, 99118,20210202,  -34,    0
 18375, 99118,20210203,  -40,    0
 18375, 99118,20210204,    5,    0
 18375, 99118,20210205,   -3,    0
 18375, 99118,20210206,  -12,    0
 18375, 99118,20210207,  -15,    0
 18375, 99118,20210208,  -30,    0
 18375, 99118,20210209,  -47,    0
 18375, 99118,20210210,  -36,    0
 18375, 99118,20210211,  -13,    0
 18375, 99118,20210212,  -12,    0
 18375, 99118,20210213,  -42,    0
 18375, 99118,20210214,  -20,    0
 18375, 99118,20210215,    9,    0
 18375, 99118,20210216,  -48,    0
 18375, 99118,20210217,  -71,    0
 18375, 99118,20210218,  -64,    0
 18375, 99118,20210219,  -39,    0
 18375, 99118,20210220,  -37,    0
 18375, 99118,20210221,  -27,    0
 18375, 99118,20210222,  -13,    0
 18375, 99118,20210223,    2,    0
 18375, 99118,20210224,   29,    0
 18375, 99118,20210225,   50,    0
 18375, 99118,20210226,   28,    0
 18375, 99118,20210227,   25,    0
 18375, 99118,20210228,   54,    0
 18375, 99118,20210301,   23,    0
 18375, 99118,20210302,    9,    0
 18375, 99118,20210303,  -13,    0
 18375, 99118,20210304,  -34,    0
 18375, 99118,20210305,  -19,    0
 18375, 99118,20210306,  -42,    0
 18375, 99118,20210307,  -22,    0
 18375, 99118,20210308,  -39,    0
 18375, 99118,20210309,  -50,    0
 18375, 99118,20210310,  -44,    0
 18375, 99118,20210311,  -23,    0
 18375, 99118,20210312,  -12,    0
 18375, 99118,20210313,   -7,    0
 18375, 99118,20210314,   15,    0
 18375, 99118,20210315,    5,    0
 18375, 99118,20210316,  -19,    0
 18375, 99118,20210317,  -46,    0
 18375, 99118,20210318,  -37,    0
 18375, 99118,20210319,   19,    0
 18375, 99118,20210320,    7,    0
 18375, 99118,20210321,-9999,    9
 18375, 99118,20210322,    6,    0
 18375, 99118,20210323,   42,    0
 18375, 99118,20210324,   33,    0
 18375, 99118,20210325,    9,    0
 18375, 99118,20210326,   19,    0
 18375, 99118,20210327,   37,    0
 18375, 99118,20210328,   27,    0
 18375, 99118,20210329,   18,    0
 18375, 99118,20210330,   27,    0
 18375, 99118,20210331,   31,    0
 18375, 99118,20210401,   24,    0
 18375, 99118,20210402,   21,    0
 18375, 99118,20210403,   18,    0
 18375, 99118,20210404,   -6,    0
 18375, 99118,20210405,    6,    0
 18375, 99118,20210406,   23,    0
 18375, 99118,20210407,    3,    0
 18375, 99118,20210408,   -3,    0
 18375, 99118,20210409,  -29,    0
 18375, 99118,20210410,   -8,    0
 18375, 99118,20210411,   16,    0
 18375, 99118,20210412,    4,    0
 18375, 99118,20210413,   10,    0
 18375, 99118,20210414,    5,    0
 18375, 99118,20210415,   41,    0
 18375, 99118,20210416,   51,    0
 18375, 99118,20210417,-9999,    9
 18375, 99118,20210418,   69,    0
 18375, 99118,20210419,   91,    0
 18375, 99118,20210420,   90,    0
 18375, 99118,20210421,   36,    0
 18375, 99118,20210422,   14,    0
 18375, 99118,20210423,    8,    0
 18375, 99118,20210424,    6,    0
 18375, 99118,20210425,   15,    0
 18375, 99118,20210426,    9,    0
 18375, 99118,20210427,    8,    0
 18375, 99118,20210428,   -3,    0
 18375, 99118,20210429,    0,    0
 18375, 99118,20210430,  -27,    0
 18375, 99118,20210501,  -16,    0
 18375, 99118,20210502,    0,    0
 18375, 99118,20210503,    8,    0
 18375, 99118,20210504,   22,    0
 18375, 99118,20210505,   22,    0
 18375, 99118,20210506,   22,    0
 18375, 99118,20210507,   25,    0
 18375, 99118,20210508,   24,    0
 18375, 99118,20210509,   33,    0
 18375, 99118,20210510,-9999,    9
 18375, 99118,20210511,-9999,    9
 18375, 99118,20210512,   62,    0
 18375, 99118,20210513,   40,    0
 18375, 99118,20210514,   45,    0
 18375, 99118,20210515,   57,    0
 18375, 99118,20210516,   57,    0
 18375, 99118,20210517,   78,    0
 18375, 99118,20210518,  105,    0
 18375, 99118,20210519,   96,    0
 18375, 99118,20210520,   68,    0
 18375, 99118,20210521,   64,    0
 18375, 99118,20210522,   38,    0
 18375, 99118,20210523,   37,    0
 18375, 99118,20210524,   51,    0
 18375, 99118,20210525,   54,    0
 18375, 99118,20210526,   61,    0
 18375, 99118,20210527,   56,    0
 18375, 99118,20210528,   45,    0
 18375, 99118,20210529,   63,    0
 18375, 99118,20210530,   69,    0
 18375, 99118,20210531,   85,    0
 18375, 99118,20210601,  107,    0
 18375, 99118,20210602,  149,    0
 18375, 99118,20210603,  146,    0
 18375, 99118,20210604,  149,    0
 18375, 99118,20210605,   87,    0
 18375, 99118,20210606,-9999,    9
 18375, 99118,20210607,  130,    0
 18375, 99118,20210608,  124,    0
 18375, 99118,20210609,  138,    0
 18375, 99118,20210610,  145,    0
 18375, 99118,20210611,  152,    0
 18375, 99118,20210612,  101,    0
 18375, 99118,20210613,   83,    0
 18375, 99118,20210614,   77,    0
 18375, 99118,20210615,   71,    0
 18375, 99118,20210616,   65,    0
 18375, 99118,20210617,   84,    0
 18375, 99118,20210618,  100,    0
 18375, 99118,20210619,   95,    0
 18375, 99118,20210620,   93,    0
 18375, 99118,20210621,  111,    0
 18375, 99118,20210622,  103,    0
 18375, 99118,20210623,  119,    0
 18375, 99118,20210624,  120,    0
 18375, 99118,20210625,   97,    0
 18375, 99118,20210626,   88,    0
 18375, 99118,20210627,  110,    0
 18375, 99118,20210628,   98,    0
 18375, 99118,20210629,   88,    0
 18375, 99118,20210630,   96,    0
 18375, 99118,20210701,  134,    0
 18375, 99118,20210702,  113,    0
 18375, 99118,20210703,  101,    0
 18375, 99118,20210704,  116,    0
 18375, 99118,20210705,  150,    0
 18375, 99118,20210706,  172,    0
 18375, 99118,20210707,  176,    0
 18375, 99118,20210708,  147,    0
 18375, 99118,20210709,  138,    0
 18375, 99118,20210710,-9999,    9
 18375, 99118,20210711,  140,    0
 18375, 99118,20210712,  136,    0
 18375, 99118,20210713,  134,    0
 18375, 99118,20210714,  126,    0
 18375, 99118,20210715,  136,    0
 18375, 99118,20210716,  112,    0
 18375, 99118,20210717,  114,    0
 18375, 99118,20210718,  112,    0
 18375, 99118,20210719,   89,    0
 18375, 99118,20210720,   77,    0
 18375, 99118,20210721,   87,    0
 18375, 99118,20210722,   87,    0
 18375, 99118,20210723,   88,    0
 18375, 99118,20210724,  116,    0
 18375, 99118,20210725,  113,    0
 18375, 99118,20210726,  114,    0
 18375, 99118,20210727,  112,    0
 18375, 99118,20210728,   94,    0
 18375, 99118,20210729,-9999,    9
 18375, 99118,20210730,  109,    0
 18375, 99118,20210731,-9999,    9
 18375, 99118,20210801,   90,    0
 18375, 99118,20210802,   88,    0
 18375, 99118,20210803,  106,    0
 18375, 99118,20210804,  106,    0
 18375, 99118,20210805,  121,    0
 18375, 99118,20210806,  139,    0
 18375, 99118,20210807,  146,    0
 18375, 99118,20210808,-9999,    9
 18375, 99118,20210809,  168,    0
 18375, 99118,20210810,-9999,    9
 18375, 99118,20210811,  146,    0
 18375, 99118,20210812,  135,    0
 18375, 99118,20210813,  115,    0
 18375, 99118,20210814,-9999,    9
 18375, 99118,20210815,   93,    0
 18375, 99118,20210816,   92,    0
 18375, 99118,20210817,   90,    0
 18375, 99118,20210818,  119,    0
 18375, 99118,20210819,  123,    0
 18375, 99118,20210820,   90,    0
 18375, 99118,20210821,   73,    0
 18375, 99118,20210822,   75,    0
 18375, 99118,20210823,   91,    0
 18375, 99118,20210824,   97,    0
 18375, 99118,20210825,  102,    0
 18375, 99118,20210826,  110,    0
 18375, 99118,20210827,  128,    0
 18375, 99118,20210828,  106,    0
 18375, 99118,20210829,  104,    0
 18375, 99118,20210830,  108,    0
 18375, 99118,20210831,-9999,    9
 18375, 99118,20210901,   81,    0
 18375, 99118,20210902,   69,    0
 18375, 99118,20210903,   61,    0
 18375, 99118,20210904,   67,    0
 18375, 99118,20210905,   90,    0
 18375, 99118,20210906,  103,    0
 18375, 99118,20210907,   98,    0
 18375, 99118,20210908,   83,    0
 18375, 99118,20210909,   81,    0
 18375, 99118,20210910,   76,    0
 18375, 99118,20210911,   61,    0
 18375, 99118,20210912,   66,    0
 18375, 99118,20210913,   65,    0
 18375, 99118,20210914,   67,    0
 18375, 99118,20210915,   63,    0
 18375, 99118,20210916,   53,    0
 18375, 99118,20210917,   63,    0
 18375, 99118,20210918,   72,    0
 18375, 99118,20210919,   85,    0
 18375, 99118,20210920,   83,    0
 18375, 99118,20210921,   73,    0
 18375, 99118,20210922,  120,    0
 18375, 99118,20210923,  106,    0
 18375, 99118,20210924,   76,    0
 18375, 99118,20210925,   77,    0
 18375, 99118,20210926,   93,    0
 18375, 99118,20210927,  130,    0
 18375, 99118,20210928,  114,    0
 18375, 99118,20210929,   64,    0
 18375, 99118,20210930,   58,    0
 18375, 99118,20211001,   62,    0
 18375, 99118,20211002,  109,    0
 18375, 99118,20211003,  119,    0
 18375, 99118,20211004,  131,    0
 18375, 99118,20211005,  108,    0
 18375, 99118,20211006,   78,    0
 18375, 99118,20211007,   37,    0
 18375, 99118,20211008,   32,    0
 18375, 99118,20211009,   69,    0
 18375, 99118,20211010,   81,    0
 18375, 99118,20211011,   71,    0
 18375, 99118,20211012,   48,    0
 18375, 99118,20211013,   35,    0
 18375, 99118,20211014,   32,    0
 18375, 99118,20211015,   35,    0
 18375, 99118,20211016,   34,    0
 18375, 99118,20211017,   38,    0
 18375, 99118,20211018,    5,    0
 18375, 99118,20211019,   -7,    0
 18375, 99118,20211020,   -4,    0
 18375, 99118,20211021,   12,    0
 18375, 99118,20211022,   20,    0
 18375, 99118,20211023,    9,    0
 18375, 99118,20211024,   -4,    0
 18375, 99118,20211025,    9,    0
 18375, 99118,20211026,   15,    0
 18375, 99118,20211027,   32,    0
 18375, 99118,20211028,   49,    0
 18375, 99118,20211029,   51,    0
 18375, 99118,20211030,   26,    0
 18375, 99118,20211031,   39,    0
 18375, 99118,20211101,-9999,    9
 18375, 99118,20211102,   85,    0
 18375, 99118,20211103,   75,    0
 18375, 99118,20211104,   35,    0
 18375, 99118,20211105,   37,    0
 18375, 99118,20211106,   24,    0
 18375, 99118,20211107,-9999,    9
 18375, 99118,20211108,-9999,    9
 18375, 99118,20211109,    0,    0
 18375, 99118,20211110,   54,    0
 18375, 99118,20211111,   31,    0
 18375, 99118,20211112,   21,    0
 18375, 99118,20211113,   23,    0
 18375, 99118,20211114,    3,    0
 18375, 99118,20211115,   51,    0
 18375, 99118,20211116,   54,    0
 18375, 99118,20211117,   56,    0
 18375, 99118,20211118,   43,    0
 18375, 99118,20211119,   21,    0
 18375, 99118,20211120,   10,    0
 18375, 99118,20211121,  -23,    0
 18375, 99118,20211122,   -8,    0
 18375, 99118,20211123,    4,    0
 18375, 99118,20211124,  -27,    0
 18375, 99118,20211125,  -39,    0
 18375, 99118,20211126,  -56,    0
 18375, 99118,20211127,  -46,    0
 18375, 99118,20211128,  -37,    0
 18375, 99118,20211129,  -12,    0
 18375, 99118,20211130,-9999,    9
 18375, 99118,20211201,  -39,    0
 18375, 99118,20211202,    0,    0
 18375, 99118,20211203,  -49,    0
 18375, 99118,20211204,  -58,    0
 18375, 99118,20211205,  -47,    0
 18375, 99118,20211206,  -64,    0
 18375, 99118,20211207,  -66,    0
 18375, 99118,20211208,  -57,    0
 18375, 99118,20211209,  -43,    0
 18375, 99118,20211210,  -27,    0
 18375, 99118,20211211,   -6,    0
 18375, 99118,20211212,    6,    0
 18375, 99118,20211213,    6,    0
 18375, 99118,20211214,    5,    0
 18375, 99118,20211215,   36,    0
 18375, 99118,20211216,   31,    0
 18375, 99118,20211217,   41,    0
 18375, 99118,20211218,   30,    0
 18375, 99118,20211219,   11,    0
 18375, 99118,20211220,  -33,    0
 18375, 99118,20211221,  -72,    0
 18375, 99118,20211222,  -41,    0
 18375, 99118,20211223,  -52,    0
 18375, 99118,20211224,  -22,    0
 18375, 99118,20211225,  -39,    0
 18375, 99118,20211226,  -51,    0
 18375, 99118,20211227,  -30,    0
 18375, 99118,20211228,  -61,    0
 18375, 99118,20211229,  -50,    0
 18375, 99118,20211230,  -37,    0
 18375, 99118,20211231,  -29,    0
 18375, 99118,20220101,  -23,    0
 18375, 99118,20220102,  -17,    0
 18375, 99118,20220103,  -10,    0
 18375, 99118,20220104,  -31,    0
 18375, 99118,20220105,  -35,    0
 18375, 99118,20220106,  -33,    0
 18375, 99118,20220107,  -33,    0
 18375, 99118,20220108,  -16,    0
 18375, 99118,20220109,  -46,    0
 18375, 99118,20220110,  -42,    0
 18375, 99118,20220111,   12,    0
 18375, 99118,20220112,   38,    0
 18375, 99118,20220113,   20,    0
 18375, 99118,20220114,   17,    0
 18375, 99118,20220115,  -15,    0
 18375, 99118,20220116,  -13,    0
 18375, 99118,20220117,  -27,    0
 18375, 99118,20220118,   16,    0
 18375, 99118,20220119,   13,    0
 18375, 99118,20220120,    4,    0
 18375, 99118,20220121,  -14,    0
 18375, 99118,20220122,   32,    0
 18375, 99118,20220123,   43,    0
 18375, 99118,20220124,    6,    0
 18375, 99118,20220125,  -10,    0
 18375, 99118,20220126,  -15,    0
 18375, 99118,20220127,  -16,    0
 18375, 99118,20220128,  -24,    0
 18375, 99118,20220129,  -44,    0
 18375, 99118,20220130,  -37,    0
 18375, 99118,20220131,   -9,    0
 18375, 99118,20220201,  -27,    0
 18375, 99118,20220202,  -64,    0
 18375, 99118,20220203,  -54,    0
 18375, 99118,20220204,  -35,    0
 18375, 99118,20220205,  -19,    0
 18375, 99118,20220206,   20,    0
 18375, 99118,20220207,   -3,    0
 18375, 99118,20220208,   -4,    0
 18375, 99118,20220209,   15,    0
 18375, 99118,20220210,   -8,    0
 18375, 99118,20220211,  -18,    0
 18375, 99118,20220212,  -37,    0
 18375, 99118,20220213,  -48,    0
 18375, 99118,20220214,  -12,    0
 18375, 99118,20220215,  -33,    0
 18375, 99118,20220216,  -45,    0
 18375, 99118,20220217,  -24,    0
 18375, 99118,20220218,   -8,    0
 18375, 99118,20220219,  -26,    0
 18375, 99118,20220220,  -68,    0
 18375, 99118,20220221,  -67,    0
 18375, 99118,20220222,  -76,    0
 18375, 99118,20220223,  -68,    0
 18375, 99118,20220224,  -33,    0
 18375, 99118,20220225,  -34,    0
 18375, 99118,20220226,  -14,    0
 18375, 99118,20220227,   53,    0
 18375, 99118,20220228,   41,    0
 18375, 99118,20220301,   40,    0
 18375, 99118,20220302,   21,    0
 18375, 99118,20220303,-9999,    9
 18375, 99118,20220304,   -8,    0
 18375, 99118,20220305,   23,    0
 18375, 99118,20220306,    9,    0
 18375, 99118,20220307,   15,    0
 18375, 99118,20220308,   16,    0
 18375, 99118,20220309,   38,    0
 18375, 99118,20220310,   53,    0
 18375, 99118,20220311,   47,    0
 18375, 99118,20220312,   43,    0
 18375, 99118,20220313,   41,    0
 18375, 99118,20220314,   45,    0
 18375, 99118,20220315,   52,    0
 18375, 99118,20220316,   56,    0
 18375, 99118,20220317,   57,    0
 18375, 99118,20220318,   37,    0
 18375, 99118,20220319,   43,    0
 18375, 99118,20220320,   72,    0
 18375, 99118,20220321,   54,    0
 18375, 99118,20220322,   25,    0
 18375, 99118,20220323,   12,    0
 18375, 99118,20220324,    0,    0
 18375, 99118,20220325,  -11,    0
 18375, 99118,20220326,  -39,    0
 18375, 99118,20220327,  -35,    0
 18375, 99118,20220328,  -38,    0
 18375, 99118,20220329,  -17,    0
 18375, 99118,20220330,  -19,    0
 18375, 99118,20220331,  -27,    0
 18375, 99118,20220401,  -10,    0
 18375, 99118,20220402,   -2,    0
 18375, 99118,20220403,  -20,    0
 18375, 99118,20220404,  -33,    0
 18375, 99118,20220405,  -22,    0
 18375, 99118,20220406,    5,    0
 18375, 99118,20220407,   13,    0
 18375, 99118,20220408,    7,    0
 18375, 99118,20220409,   27,    0
 18375, 99118,20220410,   36,    0
 18375, 99118,20220411,   22,    0
 18375, 99118,20220412,    7,    0
 18375, 99118,20220413,   24,    0
 18375, 99118,20220414,   19,    0
 18375, 99118,20220415,   28,    0
 18375, 99118,20220416,   53,    0
 18375, 99118,20220417,   63,    0
 18375, 99118,20220418,   67,    0
 18375, 99118,20220419,   61,    0
 18375, 99118,20220420,   75,    0
 18375, 99118,20220421,   56,    0
 18375, 99118,20220422,   41,    0
 18375, 99118,20220423,   41,    0
 18375, 99118,20220424,   43,    0
 18375, 99118,20220425,    6,    0
 18375, 99118,20220426,  -40,    0
 18375, 99118,20220427,  -26,    0
 18375, 99118,20220428,  -19,    0
 18375, 99118,20220429,   -2,    0
 18375, 99118,20220430,    1,    0
 18375, 99118,20220501,-9999,    9
 18375, 99118,20220502,-9999,    9
 18375, 99118,20220503,-9999,    9
 18375, 99118,20220504,-9999,    9
 18375, 99118,20220505,-9999,    9
 18375, 99118,20220506,-9999,    9
 18375, 99118,20220507,-9999,    9
 18375, 99118,20220508,-9999,    9
 18375, 99118,20220509,-9999,    9
 18375, 99118,20220510,-9999,    9
 18375, 99118,20220511,-9999,    9
 18375, 99118,20220512,-9999,    9
 18375, 99118,20220513,-9999,    9
 18375, 99118,20220514,-9999,    9
 18375, 99118,20220515,-9999,    9
 18375, 99118,20220516,-9999,    9
 18375, 99118,20220517,-9999,    9
 18375, 99118,20220518,-9999,    9
 18375, 99118,20220519,-9999,    9
 18375, 99118,20220520,-9999,    9
 18375, 99118,20220521,-9999,    9
 18375, 99118,20220522,-9999,    9
 18375, 99118,20220523,-9999,    9
 18375, 99118,20220524,-9999,    9
 18375, 99118,20220525,-9999,    9
 18375, 99118,20220526,-9999,    9
 18375, 99118,20220527,-9999,    9
 18375, 99118,20220528,-9999,    9
 18375, 99118,20220529,-9999,    9
 18375, 99118,20220530,-9999,    9
 18375, 99118,20220531,-9999,    9
 18375, 99118,20220601,-9999,    9
 18375, 99118,20220602,-9999,    9
 18375, 99118,20220603,-9999,    9
 18375, 99118,20220604,-9999,    9
 18375, 99118,20220605,-9999,    9
 18375, 99118,20220606,-9999,    9
 18375, 99118,20220607,-9999,    9
 18375, 99118,20220608,-9999,    9
 18375, 99118,20220609,-9999,    9
 18375, 99118,20220610,-9999,    9
 18375, 99118,20220611,-9999,    9
 18375, 99118,20220612,-9999,    9
 18375, 99118,20220613,-9999,    9
 18375, 99118,20220614,-9999,    9
 18375, 99118,20220615,-9999,    9
 18375, 99118,20220616,-9999,    9
 18375, 99118,20220617,-9999,    9
 18375, 99118,20220618,-9999,    9
 18375, 99118,20220619,-9999,    9
 18375, 99118,20220620,-9999,    9
 18375, 99118,20220621,-9999,    9
 18375, 99118,20220622,  419,    0
 18375, 99118,20220623,-9999,    9
 18375, 99118,20220624,-9999,    9
 18375, 99118,20220625,-9999,    9
 18375, 99118,20220626,-9999,    9
 18375, 99118,20220627,-9999,    9
 18375, 99118,20220628,-9999,    9
 18375, 99118,20220629,-9999,    9
 18375, 99118,20220630,-9999,    9
 18375, 99118,20220701,-9999,    9
 18375, 99118,20220702,-9999,    9
 18375, 99118,20220703,-9999,    9
 18375, 99118,20220704,-9999,    9
 18375, 99118,20220705,-9999,    9
 18375, 99118,20220706,-9999,    9
 18375, 99118,20220707,-9999,    9
 18375, 99118,20220708,-9999,    9
 18375, 99118,20220709,-9999,    9
 18375, 99118,20220710,-9999,    9
 18375, 99118,20220711,-9999,    9
 18375, 99118,20220712,-9999,    9
 18375, 99118,20220713,-9999,    9
 18375, 99118,20220714,-9999,    9
 18375, 99118,20220715,-9999,    9
 18375, 99118,20220716,-9999,    9
 18375, 99118,20220717,-9999,    9
 18375, 99118,20220718,-9999,    9
 18375, 99118,20220719,-9999,    9
 18375, 99118,20220720,-9999,    9
 18375, 99118,20220721,-9999,    9
 18375, 99118,20220722,-9999,    9
 18375, 99118,20220723,-9999,    9
 18375, 99118,20220724,-9999,    9
 18375, 99118,20220725,-9999,    9
 18375, 99118,20220726,-9999,    9
 18375, 99118,20220727,-9999,    9
 18375, 99118,20220728,-9999,    9
 18375, 99118,20220729,-9999,    9
 18375, 99118,20220730,-9999,    9
 18375, 99118,20220731,-9999,    9
 18375, 99118,20220801,-9999,    9
 18375, 99118,20220802,-9999,    9
 18375, 99118,20220803,-9999,    9
 18375, 99118,20220804,-9999,    9
 18375, 99118,20220805,-9999,    9
 18375, 99118,20220806,-9999,    9
 18375, 99118,20220807,-9999,    9
 18375, 99118,20220808,-9999,    9
 18375, 99118,20220809,-9999,    9
 18375, 99118,20220810,-9999,    9
 18375, 99118,20220811,-9999,    9
 18375, 99118,20220812,-9999,    9
 18375, 99118,20220813,-9999,    9
 18375, 99118,20220814,-9999,    9
 18375, 99118,20220815,-9999,    9
 18375, 99118,20220816,-9999,    9
 18375, 99118,20220817,-9999,    9
 18375, 99118,20220818,-9999,    9
 18375, 99118,20220819,-9999,    9
 18375, 99118,20220820,-9999,    9
 18375, 99118,20220821,-9999,    9
 18375, 99118,20220822,-9999,    9
 18375, 99118,20220823,-9999,    9
 18375, 99118,20220824,-9999,    9
 18375, 99118,20220825,-9999,    9
 18375, 99118,20220826,-9999,    9
 18375, 99118,20220827,-9999,    9
 18375, 99118,20220828,-9999,    9
 18375, 99118,20220829,-9999,    9
 18375, 99118,20220830,-9999,    9
 18375, 99118,20220831,-9999,    9
 18375, 99118,20220901,-9999,    9
 18375, 99118,20220902,-9999,    9
 18375, 99118,20220903,-9999,    9
 18375, 99118,20220904,-9999,    9
 18375, 99118,20220905,-9999,    9
 18375, 99118,20220906,-9999,    9
 18375, 99118,20220907,-9999,    9
 18375, 99118,20220908,-9999,    9
 18375, 99118,20220909,-9999,    9
 18375, 99118,20220910,-9999,    9
 18375, 99118,20220911,-9999,    9
 18375, 99118,20220912,-9999,    9
 18375, 99118,20220913,-9999,    9
 18375, 99118,20220914,-9999,    9
 18375, 99118,20220915,-9999,    9
 18375, 99118,20220916,-9999,    9
 18375, 99118,20220917,-9999,    9
 18375, 99118,20220918,-9999,    9
 18375, 99118,20220919,-9999,    9
 18375, 99118,20220920,-9999,    9
 18375, 99118,20220921,-9999,    9
 18375, 99118,20220922,-9999,    9
 18375, 99118,20220923,-9999,    9
 18375, 99118,20220924,-9999,    9
 18375, 99118,20220925,  418,    0
 18375, 99118,20220926,-9999,    9
 18375, 99118,20220927,-9999,    9
 18375, 99118,20220928,-9999,    9
 18375, 99118,20220929,-9999,    9
 18375, 99118,20220930,-9999,    9
 18375, 99118,20221001,-9999,    9
 18375, 99118,20221002,-9999,    9
 18375, 99118,20221003,-9999,    9
 18375, 99118,20221004,-9999,    9
 18375, 99118,20221005,-9999,    9
 18375, 99118,20221006,-9999,    9
 18375, 99118,20221007,-9999,    9
 18375, 99118,20221008,-9999,    9
 18375, 99118,20221009,-9999,    9
 18375, 99118,20221010,-9999,    9
 18375, 99118,20221011,-9999,    9
 18375, 99118,20221012,-9999,    9
 18375, 99118,20221013,-9999,    9
 18375, 99118,20221014,-9999,    9
 18375, 99118,20221015,-9999,    9
 18375, 99118,20221016,-9999,    9
 18375, 99118,20221017,-9999,    9
 18375, 99118,20221018,  412,    0
 18375, 99118,20221019,-9999,    9
 18375, 99118,20221020,-9999,    9
 18375, 99118,20221021,-9999,    9
 18375, 99118,20221022,-9999,    9
 18375, 99118,20221023,  415,    0
 18375, 99118,20221024,  410,    0
 18375, 99118,20221025,  411,    0
 18375, 99118,20221026,  415,    0
 18375, 99118,20221027,-9999,    9
 18375, 99118,20221028,-9999,    9
 18375, 99118,20221029,-9999,    9
 18375, 99118,20221030,-9999,    9
 18375, 99118,20221031,-9999,    9
