EUROPEAN CLIMATE ASSESSMENT & DATASET (ECA&D), file created on: 16-11-2022
THESE DATA CAN BE USED FOR NON-COMMERCIAL RESEARCH AND EDUCATION PROVIDED THAT THE FOLLOWING SOURCE IS ACKNOWLEDGED: 

Klein Tank, A.M.G. and Coauthors, 2002. Daily dataset of 20th-century surface
air temperature and precipitation series for the European Climate Assessment.
Int. J. of Climatol., 22, 1441-1453.
Data and metadata available at http://www.ecad.eu

FILE FORMAT (MISSING VALUE CODE = -9999):

01-06 STAID: Station identifier
08-13 SOUID: Source identifier
15-22 DATE : Date YYYYMMDD
24-28 TG   : Mean temperature in 0.1 &#176;C
30-34 Q_TG : quality code for TG (0='valid'; 1='suspect'; 9='missing')

This is the blended series of station KUUSAMO OULANKA, FINLAND (STAID: 7776)
Blended and updated with sources:46120 
See files sources.txt and stations.txt for more info.

STAID, SOUID,    DATE,   TG, Q_TG
  7776, 46120,20150901,-9999,    9
  7776, 46120,20150902,-9999,    9
  7776, 46120,20150903,-9999,    9
  7776, 46120,20150904,-9999,    9
  7776, 46120,20150905,-9999,    9
  7776, 46120,20150906,-9999,    9
  7776, 46120,20150907,-9999,    9
  7776, 46120,20150908,-9999,    9
  7776, 46120,20150909,-9999,    9
  7776, 46120,20150910,-9999,    9
  7776, 46120,20150911,-9999,    9
  7776, 46120,20150912,-9999,    9
  7776, 46120,20150913,-9999,    9
  7776, 46120,20150914,-9999,    9
  7776, 46120,20150915,-9999,    9
  7776, 46120,20150916,-9999,    9
  7776, 46120,20150917,-9999,    9
  7776, 46120,20150918,-9999,    9
  7776, 46120,20150919,-9999,    9
  7776, 46120,20150920,-9999,    9
  7776, 46120,20150921,-9999,    9
  7776, 46120,20150922,-9999,    9
  7776, 46120,20150923,-9999,    9
  7776, 46120,20150924,-9999,    9
  7776, 46120,20150925,-9999,    9
  7776, 46120,20150926,-9999,    9
  7776, 46120,20150927,-9999,    9
  7776, 46120,20150928,-9999,    9
  7776, 46120,20150929,-9999,    9
  7776, 46120,20150930,-9999,    9
  7776, 46120,20151001,   36,    0
  7776, 46120,20151002,   14,    0
  7776, 46120,20151003,   11,    0
  7776, 46120,20151004,   16,    0
  7776, 46120,20151005,    2,    0
  7776, 46120,20151006,  -14,    0
  7776, 46120,20151007,  -14,    0
  7776, 46120,20151008,  -12,    0
  7776, 46120,20151009,   -2,    0
  7776, 46120,20151010,    0,    0
  7776, 46120,20151011,  -15,    0
  7776, 46120,20151012,   18,    0
  7776, 46120,20151013,   45,    0
  7776, 46120,20151014,   21,    0
  7776, 46120,20151015,   45,    0
  7776, 46120,20151016,   44,    0
  7776, 46120,20151017,   36,    0
  7776, 46120,20151018,   26,    0
  7776, 46120,20151019,   32,    0
  7776, 46120,20151020,   49,    0
  7776, 46120,20151021,   36,    0
  7776, 46120,20151022,   54,    0
  7776, 46120,20151023,   63,    0
  7776, 46120,20151024,    5,    0
  7776, 46120,20151025,   37,    0
  7776, 46120,20151026,   17,    0
  7776, 46120,20151027,  -31,    0
  7776, 46120,20151028,  -40,    0
  7776, 46120,20151029,  -42,    0
  7776, 46120,20151030,  -33,    0
  7776, 46120,20151031,    2,    0
  7776, 46120,20151101,   37,    0
  7776, 46120,20151102,   23,    0
  7776, 46120,20151103,   21,    0
  7776, 46120,20151104,   26,    0
  7776, 46120,20151105,  -16,    0
  7776, 46120,20151106,  -33,    0
  7776, 46120,20151107,  -15,    0
  7776, 46120,20151108,   -7,    0
  7776, 46120,20151109,  -10,    0
  7776, 46120,20151110,  -12,    0
  7776, 46120,20151111,  -31,    0
  7776, 46120,20151112,  -47,    0
  7776, 46120,20151113,  -58,    0
  7776, 46120,20151114,  -22,    0
  7776, 46120,20151115,  -33,    0
  7776, 46120,20151116,  -53,    0
  7776, 46120,20151117,  -42,    0
  7776, 46120,20151118,  -38,    0
  7776, 46120,20151119,  -51,    0
  7776, 46120,20151120,  -62,    0
  7776, 46120,20151121,  -47,    0
  7776, 46120,20151122,  -71,    0
  7776, 46120,20151123,  -77,    0
  7776, 46120,20151124,  -53,    0
  7776, 46120,20151125,   -6,    0
  7776, 46120,20151126,    3,    0
  7776, 46120,20151127,    5,    0
  7776, 46120,20151128,   30,    0
  7776, 46120,20151129,   -5,    0
  7776, 46120,20151130,  -13,    0
  7776, 46120,20151201,  -34,    0
  7776, 46120,20151202,  -48,    0
  7776, 46120,20151203,  -32,    0
  7776, 46120,20151204,  -29,    0
  7776, 46120,20151205,  -46,    0
  7776, 46120,20151206,  -10,    0
  7776, 46120,20151207,  -36,    0
  7776, 46120,20151208,  -67,    0
  7776, 46120,20151209,  -31,    0
  7776, 46120,20151210,  -23,    0
  7776, 46120,20151211,  -52,    0
  7776, 46120,20151212,  -39,    0
  7776, 46120,20151213, -125,    0
  7776, 46120,20151214, -148,    0
  7776, 46120,20151215, -114,    0
  7776, 46120,20151216, -163,    0
  7776, 46120,20151217, -180,    0
  7776, 46120,20151218,  -94,    0
  7776, 46120,20151219,  -66,    0
  7776, 46120,20151220,  -45,    0
  7776, 46120,20151221,    1,    0
  7776, 46120,20151222,  -14,    0
  7776, 46120,20151223, -142,    0
  7776, 46120,20151224,  -84,    0
  7776, 46120,20151225,   -2,    0
  7776, 46120,20151226,  -52,    0
  7776, 46120,20151227, -139,    0
  7776, 46120,20151228, -178,    0
  7776, 46120,20151229, -166,    0
  7776, 46120,20151230,  -54,    0
  7776, 46120,20151231,  -39,    0
  7776, 46120,20160101,  -74,    0
  7776, 46120,20160102, -142,    0
  7776, 46120,20160103, -112,    0
  7776, 46120,20160104, -162,    0
  7776, 46120,20160105, -189,    0
  7776, 46120,20160106, -289,    0
  7776, 46120,20160107, -251,    0
  7776, 46120,20160108, -235,    0
  7776, 46120,20160109, -185,    0
  7776, 46120,20160110, -249,    0
  7776, 46120,20160111, -265,    0
  7776, 46120,20160112, -244,    0
  7776, 46120,20160113, -168,    0
  7776, 46120,20160114, -126,    0
  7776, 46120,20160115, -141,    0
  7776, 46120,20160116, -159,    0
  7776, 46120,20160117, -218,    0
  7776, 46120,20160118, -180,    0
  7776, 46120,20160119, -285,    0
  7776, 46120,20160120, -320,    0
  7776, 46120,20160121, -272,    0
  7776, 46120,20160122, -169,    0
  7776, 46120,20160123,  -62,    0
  7776, 46120,20160124, -106,    0
  7776, 46120,20160125, -162,    0
  7776, 46120,20160126, -104,    0
  7776, 46120,20160127,  -35,    0
  7776, 46120,20160128,  -30,    0
  7776, 46120,20160129, -112,    0
  7776, 46120,20160130,  -47,    0
  7776, 46120,20160131,  -20,    0
  7776, 46120,20160201,  -49,    0
  7776, 46120,20160202,  -62,    0
  7776, 46120,20160203,  -67,    0
  7776, 46120,20160204,  -96,    0
  7776, 46120,20160205, -130,    0
  7776, 46120,20160206,  -86,    0
  7776, 46120,20160207,  -44,    0
  7776, 46120,20160208,    6,    0
  7776, 46120,20160209,    0,    0
  7776, 46120,20160210,    3,    0
  7776, 46120,20160211,    2,    0
  7776, 46120,20160212,  -12,    0
  7776, 46120,20160213,  -21,    0
  7776, 46120,20160214,  -41,    0
  7776, 46120,20160215,  -32,    0
  7776, 46120,20160216,  -70,    0
  7776, 46120,20160217,  -89,    0
  7776, 46120,20160218,  -39,    0
  7776, 46120,20160219,  -28,    0
  7776, 46120,20160220,  -27,    0
  7776, 46120,20160221,  -42,    0
  7776, 46120,20160222,  -71,    0
  7776, 46120,20160223,  -84,    0
  7776, 46120,20160224, -111,    0
  7776, 46120,20160225,  -81,    0
  7776, 46120,20160226,  -97,    0
  7776, 46120,20160227,  -61,    0
  7776, 46120,20160228,  -84,    0
  7776, 46120,20160229, -130,    0
  7776, 46120,20160301,  -61,    0
  7776, 46120,20160302,  -72,    0
  7776, 46120,20160303,  -97,    0
  7776, 46120,20160304,  -90,    0
  7776, 46120,20160305,  -53,    0
  7776, 46120,20160306,  -35,    0
  7776, 46120,20160307,  -39,    0
  7776, 46120,20160308,  -13,    0
  7776, 46120,20160309,  -31,    0
  7776, 46120,20160310,  -30,    0
  7776, 46120,20160311,  -27,    0
  7776, 46120,20160312,  -26,    0
  7776, 46120,20160313,  -39,    0
  7776, 46120,20160314,  -26,    0
  7776, 46120,20160315,   22,    0
  7776, 46120,20160316,   11,    0
  7776, 46120,20160317,  -63,    0
  7776, 46120,20160318,  -81,    0
  7776, 46120,20160319,  -86,    0
  7776, 46120,20160320,  -84,    0
  7776, 46120,20160321, -104,    0
  7776, 46120,20160322,  -92,    0
  7776, 46120,20160323,  -88,    0
  7776, 46120,20160324,  -74,    0
  7776, 46120,20160325,  -52,    0
  7776, 46120,20160326,   -2,    0
  7776, 46120,20160327,   20,    0
  7776, 46120,20160328,   19,    0
  7776, 46120,20160329,   14,    0
  7776, 46120,20160330,   19,    0
  7776, 46120,20160331,    0,    0
  7776, 46120,20160401,   13,    0
  7776, 46120,20160402,    7,    0
  7776, 46120,20160403,    4,    0
  7776, 46120,20160404,    4,    0
  7776, 46120,20160405,   11,    0
  7776, 46120,20160406,    5,    0
  7776, 46120,20160407,   19,    0
  7776, 46120,20160408,   14,    0
  7776, 46120,20160409,   14,    0
  7776, 46120,20160410,    8,    0
  7776, 46120,20160411,   12,    0
  7776, 46120,20160412,   12,    0
  7776, 46120,20160413,  -35,    0
  7776, 46120,20160414,  -47,    0
  7776, 46120,20160415,  -39,    0
  7776, 46120,20160416,   -2,    0
  7776, 46120,20160417,   38,    0
  7776, 46120,20160418,   23,    0
  7776, 46120,20160419,   13,    0
  7776, 46120,20160420,    6,    0
  7776, 46120,20160421,   -4,    0
  7776, 46120,20160422,  -12,    0
  7776, 46120,20160423,  -17,    0
  7776, 46120,20160424,  -11,    0
  7776, 46120,20160425,   -4,    0
  7776, 46120,20160426,   39,    0
  7776, 46120,20160427,   72,    0
  7776, 46120,20160428,   74,    0
  7776, 46120,20160429,   85,    0
  7776, 46120,20160430,   96,    0
  7776, 46120,20160501,   68,    0
  7776, 46120,20160502,   53,    0
  7776, 46120,20160503,   57,    0
  7776, 46120,20160504,   84,    0
  7776, 46120,20160505,  101,    0
  7776, 46120,20160506,   94,    0
  7776, 46120,20160507,   97,    0
  7776, 46120,20160508,  114,    0
  7776, 46120,20160509,   71,    0
  7776, 46120,20160510,   46,    0
  7776, 46120,20160511,   46,    0
  7776, 46120,20160512,   77,    0
  7776, 46120,20160513,   85,    0
  7776, 46120,20160514,  107,    0
  7776, 46120,20160515,   85,    0
  7776, 46120,20160516,   81,    0
  7776, 46120,20160517,   71,    0
  7776, 46120,20160518,   64,    0
  7776, 46120,20160519,   72,    0
  7776, 46120,20160520,   73,    0
  7776, 46120,20160521,   85,    0
  7776, 46120,20160522,   69,    0
  7776, 46120,20160523,  131,    0
  7776, 46120,20160524,  155,    0
  7776, 46120,20160525,  108,    0
  7776, 46120,20160526,   99,    0
  7776, 46120,20160527,   97,    0
  7776, 46120,20160528,  129,    0
  7776, 46120,20160529,  181,    0
  7776, 46120,20160530,  114,    0
  7776, 46120,20160531,  126,    0
  7776, 46120,20160601,  145,    0
  7776, 46120,20160602,  116,    0
  7776, 46120,20160603,   91,    0
  7776, 46120,20160604,   49,    0
  7776, 46120,20160605,   44,    0
  7776, 46120,20160606,   43,    0
  7776, 46120,20160607,   93,    0
  7776, 46120,20160608,   69,    0
  7776, 46120,20160609,   55,    0
  7776, 46120,20160610,   57,    0
  7776, 46120,20160611,   56,    0
  7776, 46120,20160612,   81,    0
  7776, 46120,20160613,  111,    0
  7776, 46120,20160614,   88,    0
  7776, 46120,20160615,  109,    0
  7776, 46120,20160616,  158,    0
  7776, 46120,20160617,  144,    0
  7776, 46120,20160618,  148,    0
  7776, 46120,20160619,  140,    0
  7776, 46120,20160620,  112,    0
  7776, 46120,20160621,  141,    0
  7776, 46120,20160622,  144,    0
  7776, 46120,20160623,  154,    0
  7776, 46120,20160624,  159,    0
  7776, 46120,20160625,  139,    0
  7776, 46120,20160626,  131,    0
  7776, 46120,20160627,  146,    0
  7776, 46120,20160628,  161,    0
  7776, 46120,20160629,  144,    0
  7776, 46120,20160630,  161,    0
  7776, 46120,20160701,  159,    0
  7776, 46120,20160702,  187,    0
  7776, 46120,20160703,  194,    0
  7776, 46120,20160704,  113,    0
  7776, 46120,20160705,  195,    0
  7776, 46120,20160706,  172,    0
  7776, 46120,20160707,  156,    0
  7776, 46120,20160708,  141,    0
  7776, 46120,20160709,  128,    0
  7776, 46120,20160710,  141,    0
  7776, 46120,20160711,  167,    0
  7776, 46120,20160712,  162,    0
  7776, 46120,20160713,  146,    0
  7776, 46120,20160714,  162,    0
  7776, 46120,20160715,  178,    0
  7776, 46120,20160716,  151,    0
  7776, 46120,20160717,  148,    0
  7776, 46120,20160718,  143,    0
  7776, 46120,20160719,  149,    0
  7776, 46120,20160720,  154,    0
  7776, 46120,20160721,  159,    0
  7776, 46120,20160722,  175,    0
  7776, 46120,20160723,  163,    0
  7776, 46120,20160724,  191,    0
  7776, 46120,20160725,  176,    0
  7776, 46120,20160726,  198,    0
  7776, 46120,20160727,  171,    0
  7776, 46120,20160728,  163,    0
  7776, 46120,20160729,  166,    0
  7776, 46120,20160730,  161,    0
  7776, 46120,20160731,  156,    0
  7776, 46120,20160801,  158,    0
  7776, 46120,20160802,  129,    0
  7776, 46120,20160803,  129,    0
  7776, 46120,20160804,  138,    0
  7776, 46120,20160805,  140,    0
  7776, 46120,20160806,  158,    0
  7776, 46120,20160807,  144,    0
  7776, 46120,20160808,  160,    0
  7776, 46120,20160809,  141,    0
  7776, 46120,20160810,  115,    0
  7776, 46120,20160811,  108,    0
  7776, 46120,20160812,   97,    0
  7776, 46120,20160813,   99,    0
  7776, 46120,20160814,  129,    0
  7776, 46120,20160815,  137,    0
  7776, 46120,20160816,  106,    0
  7776, 46120,20160817,  105,    0
  7776, 46120,20160818,  133,    0
  7776, 46120,20160819,  137,    0
  7776, 46120,20160820,  146,    0
  7776, 46120,20160821,  133,    0
  7776, 46120,20160822,  141,    0
  7776, 46120,20160823,  125,    0
  7776, 46120,20160824,   89,    0
  7776, 46120,20160825,   82,    0
  7776, 46120,20160826,   94,    0
  7776, 46120,20160827,   71,    0
  7776, 46120,20160828,   56,    0
  7776, 46120,20160829,   77,    0
  7776, 46120,20160830,   78,    0
  7776, 46120,20160831,  102,    0
  7776, 46120,20160901,  115,    0
  7776, 46120,20160902,   94,    0
  7776, 46120,20160903,   67,    0
  7776, 46120,20160904,   62,    0
  7776, 46120,20160905,   68,    0
  7776, 46120,20160906,   55,    0
  7776, 46120,20160907,   81,    0
  7776, 46120,20160908,   81,    0
  7776, 46120,20160909,   66,    0
  7776, 46120,20160910,   80,    0
  7776, 46120,20160911,  100,    0
  7776, 46120,20160912,   83,    0
  7776, 46120,20160913,   53,    0
  7776, 46120,20160914,   79,    0
  7776, 46120,20160915,   86,    0
  7776, 46120,20160916,   51,    0
  7776, 46120,20160917,   55,    0
  7776, 46120,20160918,   42,    0
  7776, 46120,20160919,   70,    0
  7776, 46120,20160920,   77,    0
  7776, 46120,20160921,   83,    0
  7776, 46120,20160922,   61,    0
  7776, 46120,20160923,   62,    0
  7776, 46120,20160924,   66,    0
  7776, 46120,20160925,   66,    0
  7776, 46120,20160926,   95,    0
  7776, 46120,20160927,  102,    0
  7776, 46120,20160928,   99,    0
  7776, 46120,20160929,   71,    0
  7776, 46120,20160930,   77,    0
  7776, 46120,20161001,   64,    0
  7776, 46120,20161002,   42,    0
  7776, 46120,20161003,   21,    0
  7776, 46120,20161004,    7,    0
  7776, 46120,20161005,   12,    0
  7776, 46120,20161006,   36,    0
  7776, 46120,20161007,   34,    0
  7776, 46120,20161008,   39,    0
  7776, 46120,20161009,   42,    0
  7776, 46120,20161010,   18,    0
  7776, 46120,20161011,    4,    0
  7776, 46120,20161012,    3,    0
  7776, 46120,20161013,   18,    0
  7776, 46120,20161014,   38,    0
  7776, 46120,20161015,   27,    0
  7776, 46120,20161016,   20,    0
  7776, 46120,20161017,   10,    0
  7776, 46120,20161018,   26,    0
  7776, 46120,20161019,   23,    0
  7776, 46120,20161020,   32,    0
  7776, 46120,20161021,   21,    0
  7776, 46120,20161022,    1,    0
  7776, 46120,20161023,   -7,    0
  7776, 46120,20161024,   -3,    0
  7776, 46120,20161025,   -9,    0
  7776, 46120,20161026,  -21,    0
  7776, 46120,20161027,  -20,    0
  7776, 46120,20161028,    7,    0
  7776, 46120,20161029,    5,    0
  7776, 46120,20161030,   -9,    0
  7776, 46120,20161031,  -12,    0
  7776, 46120,20161101,  -14,    0
  7776, 46120,20161102,  -17,    0
  7776, 46120,20161103,  -37,    0
  7776, 46120,20161104,  -70,    0
  7776, 46120,20161105,  -90,    0
  7776, 46120,20161106, -105,    0
  7776, 46120,20161107,  -97,    0
  7776, 46120,20161108,  -99,    0
  7776, 46120,20161109,  -83,    0
  7776, 46120,20161110, -156,    0
  7776, 46120,20161111,  -86,    0
  7776, 46120,20161112, -128,    0
  7776, 46120,20161113, -131,    0
  7776, 46120,20161114,  -85,    0
  7776, 46120,20161115,  -47,    0
  7776, 46120,20161116,  -27,    0
  7776, 46120,20161117,  -21,    0
  7776, 46120,20161118,   -4,    0
  7776, 46120,20161119,    0,    0
  7776, 46120,20161120,    5,    0
  7776, 46120,20161121,    3,    0
  7776, 46120,20161122,   -1,    0
  7776, 46120,20161123,   -2,    0
  7776, 46120,20161124,  -43,    0
  7776, 46120,20161125, -125,    0
  7776, 46120,20161126,  -71,    0
  7776, 46120,20161127,  -87,    0
  7776, 46120,20161128, -126,    0
  7776, 46120,20161129, -109,    0
  7776, 46120,20161130,  -61,    0
  7776, 46120,20161201,  -59,    0
  7776, 46120,20161202,  -72,    0
  7776, 46120,20161203, -117,    0
  7776, 46120,20161204, -150,    0
  7776, 46120,20161205, -139,    0
  7776, 46120,20161206, -175,    0
  7776, 46120,20161207,  -58,    0
  7776, 46120,20161208,  -57,    0
  7776, 46120,20161209,  -67,    0
  7776, 46120,20161210,  -76,    0
  7776, 46120,20161211, -138,    0
  7776, 46120,20161212, -181,    0
  7776, 46120,20161213,  -98,    0
  7776, 46120,20161214, -145,    0
  7776, 46120,20161215,  -85,    0
  7776, 46120,20161216,  -63,    0
  7776, 46120,20161217,  -38,    0
  7776, 46120,20161218,  -49,    0
  7776, 46120,20161219,  -51,    0
  7776, 46120,20161220,   -4,    0
  7776, 46120,20161221,  -22,    0
  7776, 46120,20161222,   -6,    0
  7776, 46120,20161223,  -16,    0
  7776, 46120,20161224,  -36,    0
  7776, 46120,20161225,  -26,    0
  7776, 46120,20161226,  -54,    0
  7776, 46120,20161227,  -84,    0
  7776, 46120,20161228,  -72,    0
  7776, 46120,20161229,  -29,    0
  7776, 46120,20161230,  -29,    0
  7776, 46120,20161231,  -23,    0
  7776, 46120,20170101,  -87,    0
  7776, 46120,20170102, -137,    0
  7776, 46120,20170103, -166,    0
  7776, 46120,20170104, -234,    0
  7776, 46120,20170105, -256,    0
  7776, 46120,20170106, -223,    0
  7776, 46120,20170107,  -90,    0
  7776, 46120,20170108,  -67,    0
  7776, 46120,20170109,  -48,    0
  7776, 46120,20170110,  -52,    0
  7776, 46120,20170111,  -13,    0
  7776, 46120,20170112,  -71,    0
  7776, 46120,20170113,  -77,    0
  7776, 46120,20170114,  -85,    0
  7776, 46120,20170115,  -66,    0
  7776, 46120,20170116,  -77,    0
  7776, 46120,20170117,  -83,    0
  7776, 46120,20170118,  -50,    0
  7776, 46120,20170119,  -22,    0
  7776, 46120,20170120,  -93,    0
  7776, 46120,20170121, -100,    0
  7776, 46120,20170122, -129,    0
  7776, 46120,20170123, -130,    0
  7776, 46120,20170124, -188,    0
  7776, 46120,20170125, -108,    0
  7776, 46120,20170126,  -21,    0
  7776, 46120,20170127,  -24,    0
  7776, 46120,20170128,  -41,    0
  7776, 46120,20170129,  -45,    0
  7776, 46120,20170130,  -25,    0
  7776, 46120,20170131,  -90,    0
  7776, 46120,20170201, -129,    0
  7776, 46120,20170202, -106,    0
  7776, 46120,20170203,  -74,    0
  7776, 46120,20170204,  -59,    0
  7776, 46120,20170205,  -87,    0
  7776, 46120,20170206,  -91,    0
  7776, 46120,20170207, -107,    0
  7776, 46120,20170208, -155,    0
  7776, 46120,20170209, -113,    0
  7776, 46120,20170210,  -71,    0
  7776, 46120,20170211,  -94,    0
  7776, 46120,20170212, -102,    0
  7776, 46120,20170213,   15,    0
  7776, 46120,20170214,  -13,    0
  7776, 46120,20170215,  -68,    0
  7776, 46120,20170216,  -32,    0
  7776, 46120,20170217,  -36,    0
  7776, 46120,20170218,  -84,    0
  7776, 46120,20170219, -137,    0
  7776, 46120,20170220, -142,    0
  7776, 46120,20170221, -139,    0
  7776, 46120,20170222, -138,    0
  7776, 46120,20170223, -124,    0
  7776, 46120,20170224, -120,    0
  7776, 46120,20170225, -148,    0
  7776, 46120,20170226, -149,    0
  7776, 46120,20170227, -118,    0
  7776, 46120,20170228, -102,    0
  7776, 46120,20170301,  -46,    0
  7776, 46120,20170302,  -48,    0
  7776, 46120,20170303,  -92,    0
  7776, 46120,20170304,  -81,    0
  7776, 46120,20170305,  -88,    0
  7776, 46120,20170306, -114,    0
  7776, 46120,20170307, -113,    0
  7776, 46120,20170308,  -86,    0
  7776, 46120,20170309,  -31,    0
  7776, 46120,20170310,  -38,    0
  7776, 46120,20170311,  -74,    0
  7776, 46120,20170312,  -46,    0
  7776, 46120,20170313,  -47,    0
  7776, 46120,20170314,   -3,    0
  7776, 46120,20170315,   -2,    0
  7776, 46120,20170316,   -3,    0
  7776, 46120,20170317,  -13,    0
  7776, 46120,20170318,   -4,    0
  7776, 46120,20170319,  -75,    0
  7776, 46120,20170320,  -89,    0
  7776, 46120,20170321,  -26,    0
  7776, 46120,20170322,  -15,    0
  7776, 46120,20170323,  -19,    0
  7776, 46120,20170324,  -41,    0
  7776, 46120,20170325,  -63,    0
  7776, 46120,20170326,    1,    0
  7776, 46120,20170327,  -23,    0
  7776, 46120,20170328,  -69,    0
  7776, 46120,20170329,  -91,    0
  7776, 46120,20170330,  -93,    0
  7776, 46120,20170331,  -77,    0
  7776, 46120,20170401,  -51,    0
  7776, 46120,20170402,  -62,    0
  7776, 46120,20170403,  -44,    0
  7776, 46120,20170404,   19,    0
  7776, 46120,20170405,   12,    0
  7776, 46120,20170406,  -10,    0
  7776, 46120,20170407,  -19,    0
  7776, 46120,20170408,  -56,    0
  7776, 46120,20170409,  -63,    0
  7776, 46120,20170410,  -28,    0
  7776, 46120,20170411,  -46,    0
  7776, 46120,20170412,  -60,    0
  7776, 46120,20170413,  -82,    0
  7776, 46120,20170414,  -73,    0
  7776, 46120,20170415,  -59,    0
  7776, 46120,20170416,  -59,    0
  7776, 46120,20170417,  -64,    0
  7776, 46120,20170418,  -42,    0
  7776, 46120,20170419,  -29,    0
  7776, 46120,20170420,  -18,    0
  7776, 46120,20170421,    2,    0
  7776, 46120,20170422,   -7,    0
  7776, 46120,20170423,  -24,    0
  7776, 46120,20170424,  -31,    0
  7776, 46120,20170425,  -23,    0
  7776, 46120,20170426,  -21,    0
  7776, 46120,20170427,  -14,    0
  7776, 46120,20170428,  -18,    0
  7776, 46120,20170429,   -3,    0
  7776, 46120,20170430,   -2,    0
  7776, 46120,20170501,   15,    0
  7776, 46120,20170502,   26,    0
  7776, 46120,20170503,   14,    0
  7776, 46120,20170504,   28,    0
  7776, 46120,20170505,   45,    0
  7776, 46120,20170506,  -14,    0
  7776, 46120,20170507,  -27,    0
  7776, 46120,20170508,  -27,    0
  7776, 46120,20170509,  -23,    0
  7776, 46120,20170510,  -28,    0
  7776, 46120,20170511,  -22,    0
  7776, 46120,20170512,   -8,    0
  7776, 46120,20170513,  -15,    0
  7776, 46120,20170514,  -14,    0
  7776, 46120,20170515,   -6,    0
  7776, 46120,20170516,   23,    0
  7776, 46120,20170517,   39,    0
  7776, 46120,20170518,   59,    0
  7776, 46120,20170519,   58,    0
  7776, 46120,20170520,   27,    0
  7776, 46120,20170521,   32,    0
  7776, 46120,20170522,   50,    0
  7776, 46120,20170523,   40,    0
  7776, 46120,20170524,   50,    0
  7776, 46120,20170525,   88,    0
  7776, 46120,20170526,   21,    0
  7776, 46120,20170527,   15,    0
  7776, 46120,20170528,   18,    0
  7776, 46120,20170529,   15,    0
  7776, 46120,20170530,   24,    0
  7776, 46120,20170531,    8,    0
  7776, 46120,20170601,    9,    0
  7776, 46120,20170602,   10,    0
  7776, 46120,20170603,   11,    0
  7776, 46120,20170604,   17,    0
  7776, 46120,20170605,   37,    0
  7776, 46120,20170606,  101,    0
  7776, 46120,20170607,  137,    0
  7776, 46120,20170608,  144,    0
  7776, 46120,20170609,  165,    0
  7776, 46120,20170610,  169,    0
  7776, 46120,20170611,   74,    0
  7776, 46120,20170612,   92,    0
  7776, 46120,20170613,   83,    0
  7776, 46120,20170614,   96,    0
  7776, 46120,20170615,  146,    0
  7776, 46120,20170616,  162,    0
  7776, 46120,20170617,  149,    0
  7776, 46120,20170618,   98,    0
  7776, 46120,20170619,   84,    0
  7776, 46120,20170620,   72,    0
  7776, 46120,20170621,   28,    0
  7776, 46120,20170622,   53,    0
  7776, 46120,20170623,   69,    0
  7776, 46120,20170624,   75,    0
  7776, 46120,20170625,   95,    0
  7776, 46120,20170626,   93,    0
  7776, 46120,20170627,  105,    0
  7776, 46120,20170628,  103,    0
  7776, 46120,20170629,  123,    0
  7776, 46120,20170630,  125,    0
  7776, 46120,20170701,  134,    0
  7776, 46120,20170702,  151,    0
  7776, 46120,20170703,  164,    0
  7776, 46120,20170704,  165,    0
  7776, 46120,20170705,  126,    0
  7776, 46120,20170706,   80,    0
  7776, 46120,20170707,   80,    0
  7776, 46120,20170708,  118,    0
  7776, 46120,20170709,  137,    0
  7776, 46120,20170710,  167,    0
  7776, 46120,20170711,  171,    0
  7776, 46120,20170712,  140,    0
  7776, 46120,20170713,  157,    0
  7776, 46120,20170714,  166,    0
  7776, 46120,20170715,  115,    0
  7776, 46120,20170716,  146,    0
  7776, 46120,20170717,  143,    0
  7776, 46120,20170718,  119,    0
  7776, 46120,20170719,  118,    0
  7776, 46120,20170720,  118,    0
  7776, 46120,20170721,  105,    0
  7776, 46120,20170722,  121,    0
  7776, 46120,20170723,  139,    0
  7776, 46120,20170724,  133,    0
  7776, 46120,20170725,  161,    0
  7776, 46120,20170726,  169,    0
  7776, 46120,20170727,  168,    0
  7776, 46120,20170728,  187,    0
  7776, 46120,20170729,  166,    0
  7776, 46120,20170730,  161,    0
  7776, 46120,20170731,  160,    0
  7776, 46120,20170801,  129,    0
  7776, 46120,20170802,  141,    0
  7776, 46120,20170803,  137,    0
  7776, 46120,20170804,  118,    0
  7776, 46120,20170805,  103,    0
  7776, 46120,20170806,   84,    0
  7776, 46120,20170807,   92,    0
  7776, 46120,20170808,  130,    0
  7776, 46120,20170809,  140,    0
  7776, 46120,20170810,  126,    0
  7776, 46120,20170811,  133,    0
  7776, 46120,20170812,  160,    0
  7776, 46120,20170813,  141,    0
  7776, 46120,20170814,  112,    0
  7776, 46120,20170815,  110,    0
  7776, 46120,20170816,  128,    0
  7776, 46120,20170817,  129,    0
  7776, 46120,20170818,  130,    0
  7776, 46120,20170819,  149,    0
  7776, 46120,20170820,  144,    0
  7776, 46120,20170821,  128,    0
  7776, 46120,20170822,  114,    0
  7776, 46120,20170823,   81,    0
  7776, 46120,20170824,   73,    0
  7776, 46120,20170825,   75,    0
  7776, 46120,20170826,   60,    0
  7776, 46120,20170827,   72,    0
  7776, 46120,20170828,   66,    0
  7776, 46120,20170829,   91,    0
  7776, 46120,20170830,  105,    0
  7776, 46120,20170831,  109,    0
  7776, 46120,20170901,   78,    0
  7776, 46120,20170902,   64,    0
  7776, 46120,20170903,   80,    0
  7776, 46120,20170904,   77,    0
  7776, 46120,20170905,   73,    0
  7776, 46120,20170906,   77,    0
  7776, 46120,20170907,   73,    0
  7776, 46120,20170908,   78,    0
  7776, 46120,20170909,   55,    0
  7776, 46120,20170910,   59,    0
  7776, 46120,20170911,   86,    0
  7776, 46120,20170912,   78,    0
  7776, 46120,20170913,   70,    0
  7776, 46120,20170914,   53,    0
  7776, 46120,20170915,   35,    0
  7776, 46120,20170916,   65,    0
  7776, 46120,20170917,   46,    0
  7776, 46120,20170918,   45,    0
  7776, 46120,20170919,   40,    0
  7776, 46120,20170920,   34,    0
  7776, 46120,20170921,   53,    0
  7776, 46120,20170922,   54,    0
  7776, 46120,20170923,   52,    0
  7776, 46120,20170924,   84,    0
  7776, 46120,20170925,   81,    0
  7776, 46120,20170926,   71,    0
  7776, 46120,20170927,   64,    0
  7776, 46120,20170928,   49,    0
  7776, 46120,20170929,   45,    0
  7776, 46120,20170930,   35,    0
  7776, 46120,20171001,   26,    0
  7776, 46120,20171002,   33,    0
  7776, 46120,20171003,   36,    0
  7776, 46120,20171004,   36,    0
  7776, 46120,20171005,   56,    0
  7776, 46120,20171006,   56,    0
  7776, 46120,20171007,   43,    0
  7776, 46120,20171008,   37,    0
  7776, 46120,20171009,   35,    0
  7776, 46120,20171010,   16,    0
  7776, 46120,20171011,   38,    0
  7776, 46120,20171012,   32,    0
  7776, 46120,20171013,   40,    0
  7776, 46120,20171014,   33,    0
  7776, 46120,20171015,   19,    0
  7776, 46120,20171016,    6,    0
  7776, 46120,20171017,   -1,    0
  7776, 46120,20171018,  -11,    0
  7776, 46120,20171019,   -7,    0
  7776, 46120,20171020,  -25,    0
  7776, 46120,20171021,  -29,    0
  7776, 46120,20171022,  -21,    0
  7776, 46120,20171023,  -20,    0
  7776, 46120,20171024,  -48,    0
  7776, 46120,20171025,  -32,    0
  7776, 46120,20171026,  -35,    0
  7776, 46120,20171027,  -31,    0
  7776, 46120,20171028,   -9,    0
  7776, 46120,20171029,  -12,    0
  7776, 46120,20171030,  -54,    0
  7776, 46120,20171031, -116,    0
  7776, 46120,20171101, -121,    0
  7776, 46120,20171102, -105,    0
  7776, 46120,20171103,  -31,    0
  7776, 46120,20171104,   10,    0
  7776, 46120,20171105,    1,    0
  7776, 46120,20171106,   15,    0
  7776, 46120,20171107,  -16,    0
  7776, 46120,20171108,  -31,    0
  7776, 46120,20171109,   14,    0
  7776, 46120,20171110,   12,    0
  7776, 46120,20171111,   -1,    0
  7776, 46120,20171112,   -2,    0
  7776, 46120,20171113,  -13,    0
  7776, 46120,20171114,  -26,    0
  7776, 46120,20171115,  -32,    0
  7776, 46120,20171116,  -42,    0
  7776, 46120,20171117,  -39,    0
  7776, 46120,20171118,  -77,    0
  7776, 46120,20171119,  -89,    0
  7776, 46120,20171120,  -53,    0
  7776, 46120,20171121,  -86,    0
  7776, 46120,20171122, -158,    0
  7776, 46120,20171123, -146,    0
  7776, 46120,20171124,  -50,    0
  7776, 46120,20171125,   -4,    0
  7776, 46120,20171126,  -28,    0
  7776, 46120,20171127,  -24,    0
  7776, 46120,20171128,  -12,    0
  7776, 46120,20171129,  -28,    0
  7776, 46120,20171130,  -23,    0
  7776, 46120,20171201,  -37,    0
  7776, 46120,20171202,  -41,    0
  7776, 46120,20171203,   -8,    0
  7776, 46120,20171204,  -85,    0
  7776, 46120,20171205, -119,    0
  7776, 46120,20171206,  -63,    0
  7776, 46120,20171207,  -78,    0
  7776, 46120,20171208,  -78,    0
  7776, 46120,20171209,  -60,    0
  7776, 46120,20171210,  -19,    0
  7776, 46120,20171211,  -42,    0
  7776, 46120,20171212,  -46,    0
  7776, 46120,20171213,  -39,    0
  7776, 46120,20171214,  -35,    0
  7776, 46120,20171215,  -57,    0
  7776, 46120,20171216,  -88,    0
  7776, 46120,20171217,  -75,    0
  7776, 46120,20171218,  -47,    0
  7776, 46120,20171219,  -56,    0
  7776, 46120,20171220,   -6,    0
  7776, 46120,20171221,  -27,    0
  7776, 46120,20171222,  -59,    0
  7776, 46120,20171223,  -95,    0
  7776, 46120,20171224,  -88,    0
  7776, 46120,20171225, -187,    0
  7776, 46120,20171226, -233,    0
  7776, 46120,20171227, -193,    0
  7776, 46120,20171228, -188,    0
  7776, 46120,20171229, -104,    0
  7776, 46120,20171230,  -18,    0
  7776, 46120,20171231,  -31,    0
  7776, 46120,20180101,  -46,    0
  7776, 46120,20180102,  -54,    0
  7776, 46120,20180103,  -43,    0
  7776, 46120,20180104,  -55,    0
  7776, 46120,20180105,  -92,    0
  7776, 46120,20180106,  -21,    0
  7776, 46120,20180107,  -66,    0
  7776, 46120,20180108, -120,    0
  7776, 46120,20180109, -104,    0
  7776, 46120,20180110,  -80,    0
  7776, 46120,20180111, -145,    0
  7776, 46120,20180112,  -82,    0
  7776, 46120,20180113,  -59,    0
  7776, 46120,20180114,  -46,    0
  7776, 46120,20180115,  -72,    0
  7776, 46120,20180116, -112,    0
  7776, 46120,20180117, -144,    0
  7776, 46120,20180118, -103,    0
  7776, 46120,20180119, -151,    0
  7776, 46120,20180120, -102,    0
  7776, 46120,20180121, -152,    0
  7776, 46120,20180122, -181,    0
  7776, 46120,20180123, -209,    0
  7776, 46120,20180124, -163,    0
  7776, 46120,20180125,  -28,    0
  7776, 46120,20180126,  -89,    0
  7776, 46120,20180127, -130,    0
  7776, 46120,20180128, -106,    0
  7776, 46120,20180129,  -83,    0
  7776, 46120,20180130,  -62,    0
  7776, 46120,20180131, -127,    0
  7776, 46120,20180201, -190,    0
  7776, 46120,20180202, -174,    0
  7776, 46120,20180203, -148,    0
  7776, 46120,20180204, -122,    0
  7776, 46120,20180205, -189,    0
  7776, 46120,20180206, -152,    0
  7776, 46120,20180207, -176,    0
  7776, 46120,20180208, -189,    0
  7776, 46120,20180209,  -80,    0
  7776, 46120,20180210,  -97,    0
  7776, 46120,20180211, -131,    0
  7776, 46120,20180212, -125,    0
  7776, 46120,20180213,  -59,    0
  7776, 46120,20180214,  -34,    0
  7776, 46120,20180215,  -32,    0
  7776, 46120,20180216,  -53,    0
  7776, 46120,20180217,  -97,    0
  7776, 46120,20180218, -134,    0
  7776, 46120,20180219, -161,    0
  7776, 46120,20180220, -167,    0
  7776, 46120,20180221, -130,    0
  7776, 46120,20180222, -158,    0
  7776, 46120,20180223, -179,    0
  7776, 46120,20180224, -144,    0
  7776, 46120,20180225,  -89,    0
  7776, 46120,20180226, -104,    0
  7776, 46120,20180227, -158,    0
  7776, 46120,20180228, -173,    0
  7776, 46120,20180301, -113,    0
  7776, 46120,20180302,  -78,    0
  7776, 46120,20180303, -119,    0
  7776, 46120,20180304, -154,    0
  7776, 46120,20180305, -147,    0
  7776, 46120,20180306, -179,    0
  7776, 46120,20180307, -165,    0
  7776, 46120,20180308, -142,    0
  7776, 46120,20180309, -109,    0
  7776, 46120,20180310,  -61,    0
  7776, 46120,20180311,  -43,    0
  7776, 46120,20180312,  -65,    0
  7776, 46120,20180313,  -70,    0
  7776, 46120,20180314,  -93,    0
  7776, 46120,20180315, -120,    0
  7776, 46120,20180316, -112,    0
  7776, 46120,20180317, -101,    0
  7776, 46120,20180318,  -65,    0
  7776, 46120,20180319,  -99,    0
  7776, 46120,20180320, -138,    0
  7776, 46120,20180321, -121,    0
  7776, 46120,20180322,  -92,    0
  7776, 46120,20180323, -112,    0
  7776, 46120,20180324, -103,    0
  7776, 46120,20180325, -108,    0
  7776, 46120,20180326, -104,    0
  7776, 46120,20180327,  -96,    0
  7776, 46120,20180328,  -70,    0
  7776, 46120,20180329,  -53,    0
  7776, 46120,20180330,  -68,    0
  7776, 46120,20180331,  -40,    0
  7776, 46120,20180401,  -44,    0
  7776, 46120,20180402,  -47,    0
  7776, 46120,20180403,  -35,    0
  7776, 46120,20180404,  -23,    0
  7776, 46120,20180405,    1,    0
  7776, 46120,20180406,   10,    0
  7776, 46120,20180407,  -10,    0
  7776, 46120,20180408,  -36,    0
  7776, 46120,20180409,  -46,    0
  7776, 46120,20180410,  -30,    0
  7776, 46120,20180411,  -20,    0
  7776, 46120,20180412,    2,    0
  7776, 46120,20180413,   19,    0
  7776, 46120,20180414,   22,    0
  7776, 46120,20180415,   19,    0
  7776, 46120,20180416,   44,    0
  7776, 46120,20180417,   49,    0
  7776, 46120,20180418,   50,    0
  7776, 46120,20180419,   23,    0
  7776, 46120,20180420,  -20,    0
  7776, 46120,20180421,  -41,    0
  7776, 46120,20180422,  -29,    0
  7776, 46120,20180423,   13,    0
  7776, 46120,20180424,   27,    0
  7776, 46120,20180425,   30,    0
  7776, 46120,20180426,   25,    0
  7776, 46120,20180427,   25,    0
  7776, 46120,20180428,   33,    0
  7776, 46120,20180429,   21,    0
  7776, 46120,20180430,   13,    0
  7776, 46120,20180501,   13,    0
  7776, 46120,20180502,   10,    0
  7776, 46120,20180503,   28,    0
  7776, 46120,20180504,   -3,    0
  7776, 46120,20180505,    9,    0
  7776, 46120,20180506,   64,    0
  7776, 46120,20180507,   47,    0
  7776, 46120,20180508,   51,    0
  7776, 46120,20180509,   82,    0
  7776, 46120,20180510,  128,    0
  7776, 46120,20180511,  146,    0
  7776, 46120,20180512,  157,    0
  7776, 46120,20180513,  163,    0
  7776, 46120,20180514,  167,    0
  7776, 46120,20180515,  154,    0
  7776, 46120,20180516,  159,    0
  7776, 46120,20180517,  149,    0
  7776, 46120,20180518,   50,    0
  7776, 46120,20180519,   93,    0
  7776, 46120,20180520,   98,    0
  7776, 46120,20180521,  152,    0
  7776, 46120,20180522,  162,    0
  7776, 46120,20180523,   88,    0
  7776, 46120,20180524,   76,    0
  7776, 46120,20180525,  134,    0
  7776, 46120,20180526,  124,    0
  7776, 46120,20180527,   89,    0
  7776, 46120,20180528,  144,    0
  7776, 46120,20180529,  133,    0
  7776, 46120,20180530,   69,    0
  7776, 46120,20180531,   73,    0
  7776, 46120,20180601,  115,    0
  7776, 46120,20180602,  116,    0
  7776, 46120,20180603,   97,    0
  7776, 46120,20180604,   42,    0
  7776, 46120,20180605,   41,    0
  7776, 46120,20180606,   40,    0
  7776, 46120,20180607,   55,    0
  7776, 46120,20180608,   52,    0
  7776, 46120,20180609,   73,    0
  7776, 46120,20180610,   93,    0
  7776, 46120,20180611,  101,    0
  7776, 46120,20180612,   44,    0
  7776, 46120,20180613,   58,    0
  7776, 46120,20180614,   93,    0
  7776, 46120,20180615,  147,    0
  7776, 46120,20180616,  159,    0
  7776, 46120,20180617,  161,    0
  7776, 46120,20180618,  160,    0
  7776, 46120,20180619,  134,    0
  7776, 46120,20180620,  108,    0
  7776, 46120,20180621,  127,    0
  7776, 46120,20180622,   93,    0
  7776, 46120,20180623,  100,    0
  7776, 46120,20180624,  112,    0
  7776, 46120,20180625,  150,    0
  7776, 46120,20180626,  157,    0
  7776, 46120,20180627,  137,    0
  7776, 46120,20180628,  106,    0
  7776, 46120,20180629,   88,    0
  7776, 46120,20180630,   85,    0
  7776, 46120,20180701,  126,    0
  7776, 46120,20180702,  145,    0
  7776, 46120,20180703,  158,    0
  7776, 46120,20180704,  164,    0
  7776, 46120,20180705,  131,    0
  7776, 46120,20180706,  158,    0
  7776, 46120,20180707,  158,    0
  7776, 46120,20180708,  165,    0
  7776, 46120,20180709,  158,    0
  7776, 46120,20180710,  172,    0
  7776, 46120,20180711,  183,    0
  7776, 46120,20180712,  182,    0
  7776, 46120,20180713,  199,    0
  7776, 46120,20180714,  180,    0
  7776, 46120,20180715,  195,    0
  7776, 46120,20180716,  214,    0
  7776, 46120,20180717,  223,    0
  7776, 46120,20180718,  220,    0
  7776, 46120,20180719,  224,    0
  7776, 46120,20180720,  216,    0
  7776, 46120,20180721,  188,    0
  7776, 46120,20180722,  193,    0
  7776, 46120,20180723,  190,    0
  7776, 46120,20180724,  217,    0
  7776, 46120,20180725,  231,    0
  7776, 46120,20180726,  196,    0
  7776, 46120,20180727,  140,    0
  7776, 46120,20180728,  163,    0
  7776, 46120,20180729,  186,    0
  7776, 46120,20180730,  207,    0
  7776, 46120,20180731,  231,    0
  7776, 46120,20180801,  240,    0
  7776, 46120,20180802,  212,    0
  7776, 46120,20180803,  151,    0
  7776, 46120,20180804,  145,    0
  7776, 46120,20180805,  133,    0
  7776, 46120,20180806,  121,    0
  7776, 46120,20180807,   94,    0
  7776, 46120,20180808,  155,    0
  7776, 46120,20180809,  176,    0
  7776, 46120,20180810,  181,    0
  7776, 46120,20180811,  170,    0
  7776, 46120,20180812,  124,    0
  7776, 46120,20180813,  115,    0
  7776, 46120,20180814,   77,    0
  7776, 46120,20180815,   91,    0
  7776, 46120,20180816,  123,    0
  7776, 46120,20180817,  165,    0
  7776, 46120,20180818,  153,    0
  7776, 46120,20180819,  132,    0
  7776, 46120,20180820,  107,    0
  7776, 46120,20180821,   82,    0
  7776, 46120,20180822,   95,    0
  7776, 46120,20180823,   87,    0
  7776, 46120,20180824,   95,    0
  7776, 46120,20180825,  135,    0
  7776, 46120,20180826,  110,    0
  7776, 46120,20180827,  104,    0
  7776, 46120,20180828,   93,    0
  7776, 46120,20180829,  112,    0
  7776, 46120,20180830,  116,    0
  7776, 46120,20180831,  122,    0
  7776, 46120,20180901,  108,    0
  7776, 46120,20180902,  119,    0
  7776, 46120,20180903,  120,    0
  7776, 46120,20180904,  126,    0
  7776, 46120,20180905,  104,    0
  7776, 46120,20180906,   98,    0
  7776, 46120,20180907,   85,    0
  7776, 46120,20180908,   71,    0
  7776, 46120,20180909,   64,    0
  7776, 46120,20180910,   95,    0
  7776, 46120,20180911,   96,    0
  7776, 46120,20180912,  101,    0
  7776, 46120,20180913,  100,    0
  7776, 46120,20180914,   90,    0
  7776, 46120,20180915,   88,    0
  7776, 46120,20180916,   75,    0
  7776, 46120,20180917,   65,    0
  7776, 46120,20180918,   65,    0
  7776, 46120,20180919,   63,    0
  7776, 46120,20180920,   98,    0
  7776, 46120,20180921,   94,    0
  7776, 46120,20180922,  111,    0
  7776, 46120,20180923,   70,    0
  7776, 46120,20180924,   43,    0
  7776, 46120,20180925,   23,    0
  7776, 46120,20180926,   31,    0
  7776, 46120,20180927,   27,    0
  7776, 46120,20180928,   -2,    0
  7776, 46120,20180929,    2,    0
  7776, 46120,20180930,   31,    0
  7776, 46120,20181001,   27,    0
  7776, 46120,20181002,    9,    0
  7776, 46120,20181003,  -23,    0
  7776, 46120,20181004,  -22,    0
  7776, 46120,20181005,  -18,    0
  7776, 46120,20181006,    4,    0
  7776, 46120,20181007,  -17,    0
  7776, 46120,20181008,   -7,    0
  7776, 46120,20181009,   40,    0
  7776, 46120,20181010,   24,    0
  7776, 46120,20181011,   21,    0
  7776, 46120,20181012,   65,    0
  7776, 46120,20181013,   71,    0
  7776, 46120,20181014,  120,    0
  7776, 46120,20181015,   84,    0
  7776, 46120,20181016,   34,    0
  7776, 46120,20181017,   22,    0
  7776, 46120,20181018,   46,    0
  7776, 46120,20181019,   18,    0
  7776, 46120,20181020,    3,    0
  7776, 46120,20181021,   38,    0
  7776, 46120,20181022,   26,    0
  7776, 46120,20181023,  -15,    0
  7776, 46120,20181024,  -29,    0
  7776, 46120,20181025,  -33,    0
  7776, 46120,20181026,  -32,    0
  7776, 46120,20181027,  -35,    0
  7776, 46120,20181028,  -66,    0
  7776, 46120,20181029,  -72,    0
  7776, 46120,20181030,  -85,    0
  7776, 46120,20181031,  -14,    0
  7776, 46120,20181101,   24,    0
  7776, 46120,20181102,  -12,    0
  7776, 46120,20181103,    7,    0
  7776, 46120,20181104,   -1,    0
  7776, 46120,20181105,   28,    0
  7776, 46120,20181106,   34,    0
  7776, 46120,20181107,   27,    0
  7776, 46120,20181108,   11,    0
  7776, 46120,20181109,    5,    0
  7776, 46120,20181110,  -15,    0
  7776, 46120,20181111,   -7,    0
  7776, 46120,20181112,   10,    0
  7776, 46120,20181113,   16,    0
  7776, 46120,20181114,   16,    0
  7776, 46120,20181115,   19,    0
  7776, 46120,20181116,   48,    0
  7776, 46120,20181117,   29,    0
  7776, 46120,20181118,  -33,    0
  7776, 46120,20181119,  -35,    0
  7776, 46120,20181120,   -8,    0
  7776, 46120,20181121,  -15,    0
  7776, 46120,20181122,  -35,    0
  7776, 46120,20181123,  -33,    0
  7776, 46120,20181124,  -35,    0
  7776, 46120,20181125,  -62,    0
  7776, 46120,20181126,  -84,    0
  7776, 46120,20181127, -107,    0
  7776, 46120,20181128,  -55,    0
  7776, 46120,20181129,  -19,    0
  7776, 46120,20181130,    6,    0
  7776, 46120,20181201,   -9,    0
  7776, 46120,20181202,  -52,    0
  7776, 46120,20181203,  -54,    0
  7776, 46120,20181204,  -75,    0
  7776, 46120,20181205,  -27,    0
  7776, 46120,20181206,  -49,    0
  7776, 46120,20181207,  -43,    0
  7776, 46120,20181208,  -39,    0
  7776, 46120,20181209,  -30,    0
  7776, 46120,20181210,  -35,    0
  7776, 46120,20181211,  -39,    0
  7776, 46120,20181212,  -76,    0
  7776, 46120,20181213,  -82,    0
  7776, 46120,20181214,  -43,    0
  7776, 46120,20181215,  -50,    0
  7776, 46120,20181216,  -53,    0
  7776, 46120,20181217, -104,    0
  7776, 46120,20181218,  -88,    0
  7776, 46120,20181219,  -70,    0
  7776, 46120,20181220,  -75,    0
  7776, 46120,20181221,  -88,    0
  7776, 46120,20181222, -194,    0
  7776, 46120,20181223, -168,    0
  7776, 46120,20181224, -167,    0
  7776, 46120,20181225,  -91,    0
  7776, 46120,20181226,  -86,    0
  7776, 46120,20181227,  -98,    0
  7776, 46120,20181228,  -73,    0
  7776, 46120,20181229,  -38,    0
  7776, 46120,20181230, -115,    0
  7776, 46120,20181231,  -83,    0
  7776, 46120,20190101,  -58,    0
  7776, 46120,20190102, -130,    0
  7776, 46120,20190103, -160,    0
  7776, 46120,20190104, -109,    0
  7776, 46120,20190105,  -92,    0
  7776, 46120,20190106,  -65,    0
  7776, 46120,20190107,  -46,    0
  7776, 46120,20190108,  -70,    0
  7776, 46120,20190109, -104,    0
  7776, 46120,20190110, -148,    0
  7776, 46120,20190111,  -36,    0
  7776, 46120,20190112,  -43,    0
  7776, 46120,20190113, -128,    0
  7776, 46120,20190114, -131,    0
  7776, 46120,20190115, -102,    0
  7776, 46120,20190116, -111,    0
  7776, 46120,20190117, -106,    0
  7776, 46120,20190118, -100,    0
  7776, 46120,20190119, -144,    0
  7776, 46120,20190120, -194,    0
  7776, 46120,20190121, -205,    0
  7776, 46120,20190122, -166,    0
  7776, 46120,20190123, -172,    0
  7776, 46120,20190124, -207,    0
  7776, 46120,20190125, -263,    0
  7776, 46120,20190126, -244,    0
  7776, 46120,20190127, -211,    0
  7776, 46120,20190128, -203,    0
  7776, 46120,20190129, -158,    0
  7776, 46120,20190130, -109,    0
  7776, 46120,20190131, -109,    0
  7776, 46120,20190201, -163,    0
  7776, 46120,20190202, -219,    0
  7776, 46120,20190203, -205,    0
  7776, 46120,20190204, -185,    0
  7776, 46120,20190205, -175,    0
  7776, 46120,20190206, -226,    0
  7776, 46120,20190207, -197,    0
  7776, 46120,20190208, -111,    0
  7776, 46120,20190209,  -67,    0
  7776, 46120,20190210,  -17,    0
  7776, 46120,20190211,  -25,    0
  7776, 46120,20190212, -112,    0
  7776, 46120,20190213, -123,    0
  7776, 46120,20190214,  -83,    0
  7776, 46120,20190215,  -19,    0
  7776, 46120,20190216,  -24,    0
  7776, 46120,20190217,  -62,    0
  7776, 46120,20190218, -110,    0
  7776, 46120,20190219,  -66,    0
  7776, 46120,20190220, -101,    0
  7776, 46120,20190221, -172,    0
  7776, 46120,20190222, -127,    0
  7776, 46120,20190223,  -12,    0
  7776, 46120,20190224,   -4,    0
  7776, 46120,20190225,  -11,    0
  7776, 46120,20190226,  -55,    0
  7776, 46120,20190227,   -1,    0
  7776, 46120,20190228,  -91,    0
  7776, 46120,20190301, -112,    0
  7776, 46120,20190302, -128,    0
  7776, 46120,20190303, -174,    0
  7776, 46120,20190304, -176,    0
  7776, 46120,20190305, -159,    0
  7776, 46120,20190306, -131,    0
  7776, 46120,20190307, -107,    0
  7776, 46120,20190308,  -97,    0
  7776, 46120,20190309,  -67,    0
  7776, 46120,20190310,  -73,    0
  7776, 46120,20190311,  -78,    0
  7776, 46120,20190312, -122,    0
  7776, 46120,20190313, -120,    0
  7776, 46120,20190314,  -66,    0
  7776, 46120,20190315,  -23,    0
  7776, 46120,20190316,   -2,    0
  7776, 46120,20190317,   -9,    0
  7776, 46120,20190318,   -8,    0
  7776, 46120,20190319,  -19,    0
  7776, 46120,20190320,  -52,    0
  7776, 46120,20190321,  -26,    0
  7776, 46120,20190322,  -26,    0
  7776, 46120,20190323,   -8,    0
  7776, 46120,20190324,   -7,    0
  7776, 46120,20190325,  -34,    0
  7776, 46120,20190326,  -72,    0
  7776, 46120,20190327,  -62,    0
  7776, 46120,20190328,  -10,    0
  7776, 46120,20190329,   26,    0
  7776, 46120,20190330,  -15,    0
  7776, 46120,20190331,  -34,    0
  7776, 46120,20190401,  -34,    0
  7776, 46120,20190402,    5,    0
  7776, 46120,20190403,   11,    0
  7776, 46120,20190404,  -12,    0
  7776, 46120,20190405,  -32,    0
  7776, 46120,20190406,  -17,    0
  7776, 46120,20190407,    7,    0
  7776, 46120,20190408,  -32,    0
  7776, 46120,20190409,  -46,    0
  7776, 46120,20190410,  -44,    0
  7776, 46120,20190411,  -41,    0
  7776, 46120,20190412,    7,    0
  7776, 46120,20190413,   15,    0
  7776, 46120,20190414,   22,    0
  7776, 46120,20190415,   29,    0
  7776, 46120,20190416,   13,    0
  7776, 46120,20190417,   28,    0
  7776, 46120,20190418,   26,    0
  7776, 46120,20190419,   22,    0
  7776, 46120,20190420,   32,    0
  7776, 46120,20190421,   44,    0
  7776, 46120,20190422,   46,    0
  7776, 46120,20190423,   80,    0
  7776, 46120,20190424,   76,    0
  7776, 46120,20190425,   82,    0
  7776, 46120,20190426,   86,    0
  7776, 46120,20190427,   20,    0
  7776, 46120,20190428,   12,    0
  7776, 46120,20190429,   38,    0
  7776, 46120,20190430,   38,    0
  7776, 46120,20190501,  -10,    0
  7776, 46120,20190502,  -39,    0
  7776, 46120,20190503,  -31,    0
  7776, 46120,20190504,  -16,    0
  7776, 46120,20190505,   -4,    0
  7776, 46120,20190506,   20,    0
  7776, 46120,20190507,   25,    0
  7776, 46120,20190508,   13,    0
  7776, 46120,20190509,   53,    0
  7776, 46120,20190510,   56,    0
  7776, 46120,20190511,   76,    0
  7776, 46120,20190512,   88,    0
  7776, 46120,20190513,   39,    0
  7776, 46120,20190514,   36,    0
  7776, 46120,20190515,   44,    0
  7776, 46120,20190516,   77,    0
  7776, 46120,20190517,   80,    0
  7776, 46120,20190518,   95,    0
  7776, 46120,20190519,   93,    0
  7776, 46120,20190520,   89,    0
  7776, 46120,20190521,   97,    0
  7776, 46120,20190522,   31,    0
  7776, 46120,20190523,   29,    0
  7776, 46120,20190524,   54,    0
  7776, 46120,20190525,   38,    0
  7776, 46120,20190526,   53,    0
  7776, 46120,20190527,   57,    0
  7776, 46120,20190528,   56,    0
  7776, 46120,20190529,   69,    0
  7776, 46120,20190530,   82,    0
  7776, 46120,20190531,   62,    0
  7776, 46120,20190601,   72,    0
  7776, 46120,20190602,   73,    0
  7776, 46120,20190603,   76,    0
  7776, 46120,20190604,   95,    0
  7776, 46120,20190605,  121,    0
  7776, 46120,20190606,  156,    0
  7776, 46120,20190607,  194,    0
  7776, 46120,20190608,  201,    0
  7776, 46120,20190609,  172,    0
  7776, 46120,20190610,  118,    0
  7776, 46120,20190611,   39,    0
  7776, 46120,20190612,   63,    0
  7776, 46120,20190613,  100,    0
  7776, 46120,20190614,  143,    0
  7776, 46120,20190615,  140,    0
  7776, 46120,20190616,  159,    0
  7776, 46120,20190617,  153,    0
  7776, 46120,20190618,  147,    0
  7776, 46120,20190619,  129,    0
  7776, 46120,20190620,  132,    0
  7776, 46120,20190621,  131,    0
  7776, 46120,20190622,  147,    0
  7776, 46120,20190623,   80,    0
  7776, 46120,20190624,   96,    0
  7776, 46120,20190625,  101,    0
  7776, 46120,20190626,  131,    0
  7776, 46120,20190627,  100,    0
  7776, 46120,20190628,   88,    0
  7776, 46120,20190629,   86,    0
  7776, 46120,20190630,   82,    0
  7776, 46120,20190701,   84,    0
  7776, 46120,20190702,  130,    0
  7776, 46120,20190703,  114,    0
  7776, 46120,20190704,  102,    0
  7776, 46120,20190705,  102,    0
  7776, 46120,20190706,   96,    0
  7776, 46120,20190707,  107,    0
  7776, 46120,20190708,  104,    0
  7776, 46120,20190709,  124,    0
  7776, 46120,20190710,   87,    0
  7776, 46120,20190711,   90,    0
  7776, 46120,20190712,   87,    0
  7776, 46120,20190713,   87,    0
  7776, 46120,20190714,   88,    0
  7776, 46120,20190715,   92,    0
  7776, 46120,20190716,  101,    0
  7776, 46120,20190717,  107,    0
  7776, 46120,20190718,  111,    0
  7776, 46120,20190719,  116,    0
  7776, 46120,20190720,  153,    0
  7776, 46120,20190721,  174,    0
  7776, 46120,20190722,  190,    0
  7776, 46120,20190723,  197,    0
  7776, 46120,20190724,  201,    0
  7776, 46120,20190725,  207,    0
  7776, 46120,20190726,  229,    0
  7776, 46120,20190727,  205,    0
  7776, 46120,20190728,  104,    0
  7776, 46120,20190729,   65,    0
  7776, 46120,20190730,   73,    0
  7776, 46120,20190731,   73,    0
  7776, 46120,20190801,   89,    0
  7776, 46120,20190802,   73,    0
  7776, 46120,20190803,   71,    0
  7776, 46120,20190804,   76,    0
  7776, 46120,20190805,   61,    0
  7776, 46120,20190806,   74,    0
  7776, 46120,20190807,   90,    0
  7776, 46120,20190808,   94,    0
  7776, 46120,20190809,   97,    0
  7776, 46120,20190810,  105,    0
  7776, 46120,20190811,  117,    0
  7776, 46120,20190812,  127,    0
  7776, 46120,20190813,  135,    0
  7776, 46120,20190814,  128,    0
  7776, 46120,20190815,  115,    0
  7776, 46120,20190816,  116,    0
  7776, 46120,20190817,  134,    0
  7776, 46120,20190818,  157,    0
  7776, 46120,20190819,  138,    0
  7776, 46120,20190820,  141,    0
  7776, 46120,20190821,  121,    0
  7776, 46120,20190822,  107,    0
  7776, 46120,20190823,  113,    0
  7776, 46120,20190824,  101,    0
  7776, 46120,20190825,   85,    0
  7776, 46120,20190826,  112,    0
  7776, 46120,20190827,  101,    0
  7776, 46120,20190828,  161,    0
  7776, 46120,20190829,  166,    0
  7776, 46120,20190830,  165,    0
  7776, 46120,20190831,  155,    0
  7776, 46120,20190901,  139,    0
  7776, 46120,20190902,  156,    0
  7776, 46120,20190903,  111,    0
  7776, 46120,20190904,  104,    0
  7776, 46120,20190905,  117,    0
  7776, 46120,20190906,  108,    0
  7776, 46120,20190907,   89,    0
  7776, 46120,20190908,   97,    0
  7776, 46120,20190909,   98,    0
  7776, 46120,20190910,  123,    0
  7776, 46120,20190911,  143,    0
  7776, 46120,20190912,  120,    0
  7776, 46120,20190913,   84,    0
  7776, 46120,20190914,   42,    0
  7776, 46120,20190915,   26,    0
  7776, 46120,20190916,   42,    0
  7776, 46120,20190917,   38,    0
  7776, 46120,20190918,    8,    0
  7776, 46120,20190919,    0,    0
  7776, 46120,20190920,   19,    0
  7776, 46120,20190921,   12,    0
  7776, 46120,20190922,   12,    0
  7776, 46120,20190923,   11,    0
  7776, 46120,20190924,    1,    0
  7776, 46120,20190925,   17,    0
  7776, 46120,20190926,   55,    0
  7776, 46120,20190927,   45,    0
  7776, 46120,20190928,   69,    0
  7776, 46120,20190929,   66,    0
  7776, 46120,20190930,   70,    0
  7776, 46120,20191001,   52,    0
  7776, 46120,20191002,    5,    0
  7776, 46120,20191003,  -12,    0
  7776, 46120,20191004,  -16,    0
  7776, 46120,20191005,    2,    0
  7776, 46120,20191006,   15,    0
  7776, 46120,20191007,   11,    0
  7776, 46120,20191008,   -5,    0
  7776, 46120,20191009,    5,    0
  7776, 46120,20191010,   -7,    0
  7776, 46120,20191011,   -4,    0
  7776, 46120,20191012,   -1,    0
  7776, 46120,20191013,    2,    0
  7776, 46120,20191014,   -4,    0
  7776, 46120,20191015,   -8,    0
  7776, 46120,20191016,   -2,    0
  7776, 46120,20191017,  -18,    0
  7776, 46120,20191018,  -11,    0
  7776, 46120,20191019,    3,    0
  7776, 46120,20191020,  -47,    0
  7776, 46120,20191021,  -38,    0
  7776, 46120,20191022,   -3,    0
  7776, 46120,20191023,    6,    0
  7776, 46120,20191024,   -3,    0
  7776, 46120,20191025,   20,    0
  7776, 46120,20191026,   -8,    0
  7776, 46120,20191027,  -80,    0
  7776, 46120,20191028,  -96,    0
  7776, 46120,20191029,  -61,    0
  7776, 46120,20191030, -101,    0
  7776, 46120,20191031,  -64,    0
  7776, 46120,20191101,  -90,    0
  7776, 46120,20191102,  -65,    0
  7776, 46120,20191103,  -39,    0
  7776, 46120,20191104, -122,    0
  7776, 46120,20191105,  -97,    0
  7776, 46120,20191106, -134,    0
  7776, 46120,20191107, -123,    0
  7776, 46120,20191108, -104,    0
  7776, 46120,20191109, -129,    0
  7776, 46120,20191110,  -88,    0
  7776, 46120,20191111,  -64,    0
  7776, 46120,20191112,  -58,    0
  7776, 46120,20191113,  -31,    0
  7776, 46120,20191114,   -8,    0
  7776, 46120,20191115,  -30,    0
  7776, 46120,20191116,  -27,    0
  7776, 46120,20191117,  -47,    0
  7776, 46120,20191118,  -31,    0
  7776, 46120,20191119,  -25,    0
  7776, 46120,20191120,    2,    0
  7776, 46120,20191121,    3,    0
  7776, 46120,20191122,   -3,    0
  7776, 46120,20191123,  -18,    0
  7776, 46120,20191124,  -26,    0
  7776, 46120,20191125,  -19,    0
  7776, 46120,20191126,  -22,    0
  7776, 46120,20191127, -138,    0
  7776, 46120,20191128,  -94,    0
  7776, 46120,20191129,  -46,    0
  7776, 46120,20191130, -109,    0
  7776, 46120,20191201, -104,    0
  7776, 46120,20191202,  -59,    0
  7776, 46120,20191203,  -83,    0
  7776, 46120,20191204,  -62,    0
  7776, 46120,20191205,    1,    0
  7776, 46120,20191206,  -23,    0
  7776, 46120,20191207,  -31,    0
  7776, 46120,20191208,  -42,    0
  7776, 46120,20191209,  -69,    0
  7776, 46120,20191210, -123,    0
  7776, 46120,20191211,  -95,    0
  7776, 46120,20191212,   -3,    0
  7776, 46120,20191213,  -21,    0
  7776, 46120,20191214,  -11,    0
  7776, 46120,20191215,  -19,    0
  7776, 46120,20191216,  -29,    0
  7776, 46120,20191217,  -30,    0
  7776, 46120,20191218,  -33,    0
  7776, 46120,20191219,  -65,    0
  7776, 46120,20191220, -105,    0
  7776, 46120,20191221,  -46,    0
  7776, 46120,20191222,  -38,    0
  7776, 46120,20191223,  -21,    0
  7776, 46120,20191224,  -21,    0
  7776, 46120,20191225,  -32,    0
  7776, 46120,20191226,  -71,    0
  7776, 46120,20191227,  -99,    0
  7776, 46120,20191228, -113,    0
  7776, 46120,20191229,  -30,    0
  7776, 46120,20191230,   -5,    0
  7776, 46120,20191231, -102,    0
  7776, 46120,20200101, -119,    0
  7776, 46120,20200102,    0,    0
  7776, 46120,20200103,    6,    0
  7776, 46120,20200104,  -54,    0
  7776, 46120,20200105, -121,    0
  7776, 46120,20200106,  -45,    0
  7776, 46120,20200107,   -6,    0
  7776, 46120,20200108,    5,    0
  7776, 46120,20200109,  -20,    0
  7776, 46120,20200110,  -57,    0
  7776, 46120,20200111,  -48,    0
  7776, 46120,20200112,  -14,    0
  7776, 46120,20200113,  -57,    0
  7776, 46120,20200114,  -27,    0
  7776, 46120,20200115,   -7,    0
  7776, 46120,20200116,  -63,    0
  7776, 46120,20200117,  -70,    0
  7776, 46120,20200118,  -72,    0
  7776, 46120,20200119,  -68,    0
  7776, 46120,20200120,  -37,    0
  7776, 46120,20200121,  -25,    0
  7776, 46120,20200122,  -79,    0
  7776, 46120,20200123, -126,    0
  7776, 46120,20200124,  -86,    0
  7776, 46120,20200125, -167,    0
  7776, 46120,20200126, -181,    0
  7776, 46120,20200127, -225,    0
  7776, 46120,20200128, -161,    0
  7776, 46120,20200129, -117,    0
  7776, 46120,20200130, -102,    0
  7776, 46120,20200131, -135,    0
  7776, 46120,20200201, -168,    0
  7776, 46120,20200202, -120,    0
  7776, 46120,20200203,  -91,    0
  7776, 46120,20200204, -158,    0
  7776, 46120,20200205, -138,    0
  7776, 46120,20200206, -125,    0
  7776, 46120,20200207, -106,    0
  7776, 46120,20200208,  -48,    0
  7776, 46120,20200209,  -12,    0
  7776, 46120,20200210,    0,    0
  7776, 46120,20200211,    0,    0
  7776, 46120,20200212,  -14,    0
  7776, 46120,20200213,  -10,    0
  7776, 46120,20200214,  -38,    0
  7776, 46120,20200215,  -55,    0
  7776, 46120,20200216,  -15,    0
  7776, 46120,20200217,   -2,    0
  7776, 46120,20200218,   -3,    0
  7776, 46120,20200219,  -70,    0
  7776, 46120,20200220, -152,    0
  7776, 46120,20200221,  -36,    0
  7776, 46120,20200222,    2,    0
  7776, 46120,20200223,  -16,    0
  7776, 46120,20200224,  -59,    0
  7776, 46120,20200225,  -85,    0
  7776, 46120,20200226, -156,    0
  7776, 46120,20200227, -117,    0
  7776, 46120,20200228, -135,    0
  7776, 46120,20200229, -165,    0
  7776, 46120,20200301, -130,    0
  7776, 46120,20200302, -112,    0
  7776, 46120,20200303, -128,    0
  7776, 46120,20200304, -123,    0
  7776, 46120,20200305,  -66,    0
  7776, 46120,20200306,  -44,    0
  7776, 46120,20200307,  -28,    0
  7776, 46120,20200308,  -21,    0
  7776, 46120,20200309,   13,    0
  7776, 46120,20200310,    9,    0
  7776, 46120,20200311,  -30,    0
  7776, 46120,20200312,  -18,    0
  7776, 46120,20200313,  -56,    0
  7776, 46120,20200314, -132,    0
  7776, 46120,20200315,  -67,    0
  7776, 46120,20200316,  -34,    0
  7776, 46120,20200317,  -41,    0
  7776, 46120,20200318,  -10,    0
  7776, 46120,20200319,  -52,    0
  7776, 46120,20200320, -104,    0
  7776, 46120,20200321, -100,    0
  7776, 46120,20200322,  -50,    0
  7776, 46120,20200323,  -13,    0
  7776, 46120,20200324,    7,    0
  7776, 46120,20200325,   16,    0
  7776, 46120,20200326,   -3,    0
  7776, 46120,20200327,   13,    0
  7776, 46120,20200328,  -23,    0
  7776, 46120,20200329,  -77,    0
  7776, 46120,20200330,  -92,    0
  7776, 46120,20200331,  -82,    0
  7776, 46120,20200401,  -55,    0
  7776, 46120,20200402,  -66,    0
  7776, 46120,20200403,  -71,    0
  7776, 46120,20200404,  -80,    0
  7776, 46120,20200405,  -81,    0
  7776, 46120,20200406,  -49,    0
  7776, 46120,20200407,    6,    0
  7776, 46120,20200408,   25,    0
  7776, 46120,20200409,  -17,    0
  7776, 46120,20200410,  -49,    0
  7776, 46120,20200411,  -47,    0
  7776, 46120,20200412,  -34,    0
  7776, 46120,20200413,   -3,    0
  7776, 46120,20200414,  -12,    0
  7776, 46120,20200415,  -25,    0
  7776, 46120,20200416,  -15,    0
  7776, 46120,20200417,    4,    0
  7776, 46120,20200418,    5,    0
  7776, 46120,20200419,   22,    0
  7776, 46120,20200420,   34,    0
  7776, 46120,20200421,   21,    0
  7776, 46120,20200422,   14,    0
  7776, 46120,20200423,   -7,    0
  7776, 46120,20200424,  -36,    0
  7776, 46120,20200425,  -10,    0
  7776, 46120,20200426,   -5,    0
  7776, 46120,20200427,   -8,    0
  7776, 46120,20200428,  -22,    0
  7776, 46120,20200429,  -28,    0
  7776, 46120,20200430,  -17,    0
  7776, 46120,20200501,   -9,    0
  7776, 46120,20200502,    8,    0
  7776, 46120,20200503,   20,    0
  7776, 46120,20200504,   29,    0
  7776, 46120,20200505,   44,    0
  7776, 46120,20200506,   31,    0
  7776, 46120,20200507,   31,    0
  7776, 46120,20200508,   15,    0
  7776, 46120,20200509,    0,    0
  7776, 46120,20200510,   21,    0
  7776, 46120,20200511,    7,    0
  7776, 46120,20200512,    5,    0
  7776, 46120,20200513,   17,    0
  7776, 46120,20200514,   14,    0
  7776, 46120,20200515,   18,    0
  7776, 46120,20200516,   18,    0
  7776, 46120,20200517,   16,    0
  7776, 46120,20200518,   35,    0
  7776, 46120,20200519,   26,    0
  7776, 46120,20200520,   38,    0
  7776, 46120,20200521,   44,    0
  7776, 46120,20200522,   56,    0
  7776, 46120,20200523,   90,    0
  7776, 46120,20200524,  103,    0
  7776, 46120,20200525,  100,    0
  7776, 46120,20200526,  126,    0
  7776, 46120,20200527,  109,    0
  7776, 46120,20200528,   88,    0
  7776, 46120,20200529,   76,    0
  7776, 46120,20200530,   83,    0
  7776, 46120,20200531,   75,    0
  7776, 46120,20200601,  114,    0
  7776, 46120,20200602,  164,    0
  7776, 46120,20200603,  167,    0
  7776, 46120,20200604,  160,    0
  7776, 46120,20200605,  106,    0
  7776, 46120,20200606,  138,    0
  7776, 46120,20200607,  128,    0
  7776, 46120,20200608,  148,    0
  7776, 46120,20200609,  140,    0
  7776, 46120,20200610,  128,    0
  7776, 46120,20200611,  130,    0
  7776, 46120,20200612,  137,    0
  7776, 46120,20200613,  170,    0
  7776, 46120,20200614,  197,    0
  7776, 46120,20200615,  177,    0
  7776, 46120,20200616,  121,    0
  7776, 46120,20200617,  158,    0
  7776, 46120,20200618,  157,    0
  7776, 46120,20200619,  139,    0
  7776, 46120,20200620,  127,    0
  7776, 46120,20200621,  162,    0
  7776, 46120,20200622,  193,    0
  7776, 46120,20200623,  170,    0
  7776, 46120,20200624,  176,    0
  7776, 46120,20200625,  183,    0
  7776, 46120,20200626,  181,    0
  7776, 46120,20200627,  106,    0
  7776, 46120,20200628,  116,    0
  7776, 46120,20200629,  152,    0
  7776, 46120,20200630,  129,    0
  7776, 46120,20200701,  115,    0
  7776, 46120,20200702,  119,    0
  7776, 46120,20200703,   98,    0
  7776, 46120,20200704,  118,    0
  7776, 46120,20200705,  104,    0
  7776, 46120,20200706,  108,    0
  7776, 46120,20200707,  126,    0
  7776, 46120,20200708,  124,    0
  7776, 46120,20200709,  135,    0
  7776, 46120,20200710,  117,    0
  7776, 46120,20200711,  115,    0
  7776, 46120,20200712,  113,    0
  7776, 46120,20200713,  117,    0
  7776, 46120,20200714,  104,    0
  7776, 46120,20200715,  132,    0
  7776, 46120,20200716,  146,    0
  7776, 46120,20200717,  162,    0
  7776, 46120,20200718,  190,    0
  7776, 46120,20200719,  183,    0
  7776, 46120,20200720,  201,    0
  7776, 46120,20200721,  200,    0
  7776, 46120,20200722,  172,    0
  7776, 46120,20200723,  153,    0
  7776, 46120,20200724,  123,    0
  7776, 46120,20200725,  143,    0
  7776, 46120,20200726,  142,    0
  7776, 46120,20200727,  162,    0
  7776, 46120,20200728,  175,    0
  7776, 46120,20200729,  164,    0
  7776, 46120,20200730,  141,    0
  7776, 46120,20200731,  103,    0
  7776, 46120,20200801,  127,    0
  7776, 46120,20200802,  106,    0
  7776, 46120,20200803,  135,    0
  7776, 46120,20200804,  143,    0
  7776, 46120,20200805,  138,    0
  7776, 46120,20200806,  153,    0
  7776, 46120,20200807,  153,    0
  7776, 46120,20200808,  174,    0
  7776, 46120,20200809,  150,    0
  7776, 46120,20200810,   98,    0
  7776, 46120,20200811,   96,    0
  7776, 46120,20200812,  101,    0
  7776, 46120,20200813,  124,    0
  7776, 46120,20200814,  126,    0
  7776, 46120,20200815,  138,    0
  7776, 46120,20200816,  111,    0
  7776, 46120,20200817,   87,    0
  7776, 46120,20200818,   96,    0
  7776, 46120,20200819,  131,    0
  7776, 46120,20200820,  166,    0
  7776, 46120,20200821,  165,    0
  7776, 46120,20200822,  157,    0
  7776, 46120,20200823,  144,    0
  7776, 46120,20200824,  141,    0
  7776, 46120,20200825,   99,    0
  7776, 46120,20200826,   93,    0
  7776, 46120,20200827,   68,    0
  7776, 46120,20200828,   72,    0
  7776, 46120,20200829,   93,    0
  7776, 46120,20200830,   95,    0
  7776, 46120,20200831,   93,    0
  7776, 46120,20200901,   91,    0
  7776, 46120,20200902,   95,    0
  7776, 46120,20200903,  100,    0
  7776, 46120,20200904,  121,    0
  7776, 46120,20200905,  123,    0
  7776, 46120,20200906,  103,    0
  7776, 46120,20200907,   95,    0
  7776, 46120,20200908,   96,    0
  7776, 46120,20200909,   89,    0
  7776, 46120,20200910,   82,    0
  7776, 46120,20200911,   66,    0
  7776, 46120,20200912,   56,    0
  7776, 46120,20200913,   76,    0
  7776, 46120,20200914,   72,    0
  7776, 46120,20200915,   64,    0
  7776, 46120,20200916,   54,    0
  7776, 46120,20200917,   51,    0
  7776, 46120,20200918,   42,    0
  7776, 46120,20200919,   59,    0
  7776, 46120,20200920,   26,    0
  7776, 46120,20200921,   57,    0
  7776, 46120,20200922,   61,    0
  7776, 46120,20200923,   53,    0
  7776, 46120,20200924,   87,    0
  7776, 46120,20200925,  113,    0
  7776, 46120,20200926,   55,    0
  7776, 46120,20200927,   53,    0
  7776, 46120,20200928,   78,    0
  7776, 46120,20200929,   77,    0
  7776, 46120,20200930,   65,    0
  7776, 46120,20201001,   96,    0
  7776, 46120,20201002,   93,    0
  7776, 46120,20201003,   74,    0
  7776, 46120,20201004,   61,    0
  7776, 46120,20201005,   63,    0
  7776, 46120,20201006,   61,    0
  7776, 46120,20201007,   80,    0
  7776, 46120,20201008,   86,    0
  7776, 46120,20201009,   90,    0
  7776, 46120,20201010,   71,    0
  7776, 46120,20201011,   68,    0
  7776, 46120,20201012,   55,    0
  7776, 46120,20201013,   25,    0
  7776, 46120,20201014,   -8,    0
  7776, 46120,20201015,    1,    0
  7776, 46120,20201016,   -1,    0
  7776, 46120,20201017,    0,    0
  7776, 46120,20201018,  -11,    0
  7776, 46120,20201019,  -19,    0
  7776, 46120,20201020,  -32,    0
  7776, 46120,20201021,  -37,    0
  7776, 46120,20201022,  -19,    0
  7776, 46120,20201023,  -18,    0
  7776, 46120,20201024,  -44,    0
  7776, 46120,20201025,  -35,    0
  7776, 46120,20201026,    6,    0
  7776, 46120,20201027,   38,    0
  7776, 46120,20201028,   37,    0
  7776, 46120,20201029,   46,    0
  7776, 46120,20201030,  -25,    0
  7776, 46120,20201031,  -62,    0
  7776, 46120,20201101,    3,    0
  7776, 46120,20201102,   15,    0
  7776, 46120,20201103,   43,    0
  7776, 46120,20201104,   27,    0
  7776, 46120,20201105,   18,    0
  7776, 46120,20201106,   16,    0
  7776, 46120,20201107,   22,    0
  7776, 46120,20201108,  -22,    0
  7776, 46120,20201109,  -17,    0
  7776, 46120,20201110,  -56,    0
  7776, 46120,20201111,  -56,    0
  7776, 46120,20201112,   -5,    0
  7776, 46120,20201113,   18,    0
  7776, 46120,20201114,    3,    0
  7776, 46120,20201115,   -1,    0
  7776, 46120,20201116,    2,    0
  7776, 46120,20201117,    7,    0
  7776, 46120,20201118,   10,    0
  7776, 46120,20201119,   -6,    0
  7776, 46120,20201120,  -37,    0
  7776, 46120,20201121,  -77,    0
  7776, 46120,20201122,  -10,    0
  7776, 46120,20201123,   -7,    0
  7776, 46120,20201124,  -36,    0
  7776, 46120,20201125,  -87,    0
  7776, 46120,20201126,  -36,    0
  7776, 46120,20201127,  -25,    0
  7776, 46120,20201128,  -74,    0
  7776, 46120,20201129,  -40,    0
  7776, 46120,20201130,  -41,    0
  7776, 46120,20201201,  -23,    0
  7776, 46120,20201202,  -41,    0
  7776, 46120,20201203,  -26,    0
  7776, 46120,20201204,  -43,    0
  7776, 46120,20201205,  -22,    0
  7776, 46120,20201206,    1,    0
  7776, 46120,20201207,    3,    0
  7776, 46120,20201208,  -31,    0
  7776, 46120,20201209,  -66,    0
  7776, 46120,20201210,  -33,    0
  7776, 46120,20201211,  -52,    0
  7776, 46120,20201212,  -93,    0
  7776, 46120,20201213,  -45,    0
  7776, 46120,20201214,  -47,    0
  7776, 46120,20201215,  -64,    0
  7776, 46120,20201216,  -56,    0
  7776, 46120,20201217, -121,    0
  7776, 46120,20201218, -124,    0
  7776, 46120,20201219,  -78,    0
  7776, 46120,20201220,  -16,    0
  7776, 46120,20201221,   18,    0
  7776, 46120,20201222,    2,    0
  7776, 46120,20201223,   -4,    0
  7776, 46120,20201224,  -44,    0
  7776, 46120,20201225, -125,    0
  7776, 46120,20201226, -194,    0
  7776, 46120,20201227, -164,    0
  7776, 46120,20201228,  -62,    0
  7776, 46120,20201229,  -61,    0
  7776, 46120,20201230,  -87,    0
  7776, 46120,20201231,  -50,    0
  7776, 46120,20210101,  -54,    0
  7776, 46120,20210102,  -58,    0
  7776, 46120,20210103,  -87,    0
  7776, 46120,20210104, -171,    0
  7776, 46120,20210105, -128,    0
  7776, 46120,20210106, -118,    0
  7776, 46120,20210107, -116,    0
  7776, 46120,20210108, -110,    0
  7776, 46120,20210109, -130,    0
  7776, 46120,20210110, -179,    0
  7776, 46120,20210111, -186,    0
  7776, 46120,20210112, -225,    0
  7776, 46120,20210113, -262,    0
  7776, 46120,20210114, -285,    0
  7776, 46120,20210115, -176,    0
  7776, 46120,20210116,  -67,    0
  7776, 46120,20210117,  -71,    0
  7776, 46120,20210118,  -73,    0
  7776, 46120,20210119,  -97,    0
  7776, 46120,20210120, -168,    0
  7776, 46120,20210121, -191,    0
  7776, 46120,20210122, -144,    0
  7776, 46120,20210123, -146,    0
  7776, 46120,20210124, -111,    0
  7776, 46120,20210125,  -73,    0
  7776, 46120,20210126,  -69,    0
  7776, 46120,20210127,  -95,    0
  7776, 46120,20210128, -113,    0
  7776, 46120,20210129, -124,    0
  7776, 46120,20210130, -119,    0
  7776, 46120,20210131, -125,    0
  7776, 46120,20210201, -153,    0
  7776, 46120,20210202, -192,    0
  7776, 46120,20210203, -138,    0
  7776, 46120,20210204, -131,    0
  7776, 46120,20210205, -133,    0
  7776, 46120,20210206, -102,    0
  7776, 46120,20210207,  -90,    0
  7776, 46120,20210208, -140,    0
  7776, 46120,20210209, -190,    0
  7776, 46120,20210210, -194,    0
  7776, 46120,20210211, -176,    0
  7776, 46120,20210212, -154,    0
  7776, 46120,20210213, -103,    0
  7776, 46120,20210214, -143,    0
  7776, 46120,20210215, -141,    0
  7776, 46120,20210216, -190,    0
  7776, 46120,20210217, -224,    0
  7776, 46120,20210218, -192,    0
  7776, 46120,20210219, -220,    0
  7776, 46120,20210220, -216,    0
  7776, 46120,20210221, -220,    0
  7776, 46120,20210222, -230,    0
  7776, 46120,20210223, -174,    0
  7776, 46120,20210224, -127,    0
  7776, 46120,20210225,  -69,    0
  7776, 46120,20210226,  -10,    0
  7776, 46120,20210227,  -28,    0
  7776, 46120,20210228,  -24,    0
  7776, 46120,20210301,    5,    0
  7776, 46120,20210302,  -38,    0
  7776, 46120,20210303,  -58,    0
  7776, 46120,20210304,  -86,    0
  7776, 46120,20210305, -113,    0
  7776, 46120,20210306, -105,    0
  7776, 46120,20210307, -105,    0
  7776, 46120,20210308, -174,    0
  7776, 46120,20210309, -197,    0
  7776, 46120,20210310, -167,    0
  7776, 46120,20210311, -136,    0
  7776, 46120,20210312,  -95,    0
  7776, 46120,20210313,  -66,    0
  7776, 46120,20210314,  -40,    0
  7776, 46120,20210315,  -22,    0
  7776, 46120,20210316,  -44,    0
  7776, 46120,20210317, -120,    0
  7776, 46120,20210318, -102,    0
  7776, 46120,20210319,  -98,    0
  7776, 46120,20210320,  -43,    0
  7776, 46120,20210321,  -33,    0
  7776, 46120,20210322,  -80,    0
  7776, 46120,20210323,  -18,    0
  7776, 46120,20210324,   24,    0
  7776, 46120,20210325,    4,    0
  7776, 46120,20210326,  -21,    0
  7776, 46120,20210327,    1,    0
  7776, 46120,20210328,   16,    0
  7776, 46120,20210329,    6,    0
  7776, 46120,20210330,    6,    0
  7776, 46120,20210331,    7,    0
  7776, 46120,20210401,    3,    0
  7776, 46120,20210402,   -9,    0
  7776, 46120,20210403,  -12,    0
  7776, 46120,20210404,    4,    0
  7776, 46120,20210405,    4,    0
  7776, 46120,20210406,  -14,    0
  7776, 46120,20210407,    2,    0
  7776, 46120,20210408,  -14,    0
  7776, 46120,20210409,  -22,    0
  7776, 46120,20210410,  -11,    0
  7776, 46120,20210411,   -7,    0
  7776, 46120,20210412,   -3,    0
  7776, 46120,20210413,    0,    0
  7776, 46120,20210414,   -3,    0
  7776, 46120,20210415,    6,    0
  7776, 46120,20210416,   29,    0
  7776, 46120,20210417,   41,    0
  7776, 46120,20210418,   47,    0
  7776, 46120,20210419,   53,    0
  7776, 46120,20210420,   52,    0
  7776, 46120,20210421,   36,    0
  7776, 46120,20210422,   31,    0
  7776, 46120,20210423,    2,    0
  7776, 46120,20210424,    5,    0
  7776, 46120,20210425,    0,    0
  7776, 46120,20210426,  -10,    0
  7776, 46120,20210427,  -12,    0
  7776, 46120,20210428,  -17,    0
  7776, 46120,20210429,  -20,    0
  7776, 46120,20210430,  -22,    0
  7776, 46120,20210501,  -38,    0
  7776, 46120,20210502,  -11,    0
  7776, 46120,20210503,    5,    0
  7776, 46120,20210504,   13,    0
  7776, 46120,20210505,   -7,    0
  7776, 46120,20210506,  -12,    0
  7776, 46120,20210507,  -29,    0
  7776, 46120,20210508,   -5,    0
  7776, 46120,20210509,   17,    0
  7776, 46120,20210510,   29,    0
  7776, 46120,20210511,   57,    0
  7776, 46120,20210512,   90,    0
  7776, 46120,20210513,  147,    0
  7776, 46120,20210514,   47,    0
  7776, 46120,20210515,   25,    0
  7776, 46120,20210516,   44,    0
  7776, 46120,20210517,   91,    0
  7776, 46120,20210518,   93,    0
  7776, 46120,20210519,   94,    0
  7776, 46120,20210520,   96,    0
  7776, 46120,20210521,   46,    0
  7776, 46120,20210522,   16,    0
  7776, 46120,20210523,   13,    0
  7776, 46120,20210524,   32,    0
  7776, 46120,20210525,   52,    0
  7776, 46120,20210526,   53,    0
  7776, 46120,20210527,   55,    0
  7776, 46120,20210528,   46,    0
  7776, 46120,20210529,   15,    0
  7776, 46120,20210530,   91,    0
  7776, 46120,20210531,  110,    0
  7776, 46120,20210601,  122,    0
  7776, 46120,20210602,  166,    0
  7776, 46120,20210603,  189,    0
  7776, 46120,20210604,  192,    0
  7776, 46120,20210605,  176,    0
  7776, 46120,20210606,  125,    0
  7776, 46120,20210607,  140,    0
  7776, 46120,20210608,  167,    0
  7776, 46120,20210609,  174,    0
  7776, 46120,20210610,  189,    0
  7776, 46120,20210611,  199,    0
  7776, 46120,20210612,  186,    0
  7776, 46120,20210613,  121,    0
  7776, 46120,20210614,  116,    0
  7776, 46120,20210615,  101,    0
  7776, 46120,20210616,   73,    0
  7776, 46120,20210617,  115,    0
  7776, 46120,20210618,  131,    0
  7776, 46120,20210619,  144,    0
  7776, 46120,20210620,  121,    0
  7776, 46120,20210621,  142,    0
  7776, 46120,20210622,  168,    0
  7776, 46120,20210623,  120,    0
  7776, 46120,20210624,  125,    0
  7776, 46120,20210625,  166,    0
  7776, 46120,20210626,  118,    0
  7776, 46120,20210627,  128,    0
  7776, 46120,20210628,  161,    0
  7776, 46120,20210629,  171,    0
  7776, 46120,20210630,  131,    0
  7776, 46120,20210701,  149,    0
  7776, 46120,20210702,  190,    0
  7776, 46120,20210703,  180,    0
  7776, 46120,20210704,  220,    0
  7776, 46120,20210705,  234,    0
  7776, 46120,20210706,  230,    0
  7776, 46120,20210707,  199,    0
  7776, 46120,20210708,  199,    0
  7776, 46120,20210709,  188,    0
  7776, 46120,20210710,  198,    0
  7776, 46120,20210711,  208,    0
  7776, 46120,20210712,  195,    0
  7776, 46120,20210713,  192,    0
  7776, 46120,20210714,  182,    0
  7776, 46120,20210715,  181,    0
  7776, 46120,20210716,  165,    0
  7776, 46120,20210717,  159,    0
  7776, 46120,20210718,  138,    0
  7776, 46120,20210719,  123,    0
  7776, 46120,20210720,  100,    0
  7776, 46120,20210721,   85,    0
  7776, 46120,20210722,  108,    0
  7776, 46120,20210723,   86,    0
  7776, 46120,20210724,  120,    0
  7776, 46120,20210725,  143,    0
  7776, 46120,20210726,  145,    0
  7776, 46120,20210727,  157,    0
  7776, 46120,20210728,  185,    0
  7776, 46120,20210729,  117,    0
  7776, 46120,20210730,  101,    0
  7776, 46120,20210731,  114,    0
  7776, 46120,20210801,  142,    0
  7776, 46120,20210802,  133,    0
  7776, 46120,20210803,   82,    0
  7776, 46120,20210804,   72,    0
  7776, 46120,20210805,  125,    0
  7776, 46120,20210806,  143,    0
  7776, 46120,20210807,  150,    0
  7776, 46120,20210808,  145,    0
  7776, 46120,20210809,  128,    0
  7776, 46120,20210810,  145,    0
  7776, 46120,20210811,  151,    0
  7776, 46120,20210812,  146,    0
  7776, 46120,20210813,  138,    0
  7776, 46120,20210814,  144,    0
  7776, 46120,20210815,  140,    0
  7776, 46120,20210816,   95,    0
  7776, 46120,20210817,  134,    0
  7776, 46120,20210818,  132,    0
  7776, 46120,20210819,  135,    0
  7776, 46120,20210820,  129,    0
  7776, 46120,20210821,  116,    0
  7776, 46120,20210822,   76,    0
  7776, 46120,20210823,   50,    0
  7776, 46120,20210824,   52,    0
  7776, 46120,20210825,   62,    0
  7776, 46120,20210826,   63,    0
  7776, 46120,20210827,   73,    0
  7776, 46120,20210828,  100,    0
  7776, 46120,20210829,   92,    0
  7776, 46120,20210830,  106,    0
  7776, 46120,20210831,  103,    0
  7776, 46120,20210901,   62,    0
  7776, 46120,20210902,   45,    0
  7776, 46120,20210903,   51,    0
  7776, 46120,20210904,   40,    0
  7776, 46120,20210905,   29,    0
  7776, 46120,20210906,   71,    0
  7776, 46120,20210907,   88,    0
  7776, 46120,20210908,   94,    0
  7776, 46120,20210909,   61,    0
  7776, 46120,20210910,   59,    0
  7776, 46120,20210911,   47,    0
  7776, 46120,20210912,   63,    0
  7776, 46120,20210913,   53,    0
  7776, 46120,20210914,   43,    0
  7776, 46120,20210915,   29,    0
  7776, 46120,20210916,   31,    0
  7776, 46120,20210917,   27,    0
  7776, 46120,20210918,   40,    0
  7776, 46120,20210919,   37,    0
  7776, 46120,20210920,   29,    0
  7776, 46120,20210921,   21,    0
  7776, 46120,20210922,   18,    0
  7776, 46120,20210923,   28,    0
  7776, 46120,20210924,   60,    0
  7776, 46120,20210925,   57,    0
  7776, 46120,20210926,   50,    0
  7776, 46120,20210927,   74,    0
  7776, 46120,20210928,   75,    0
  7776, 46120,20210929,   56,    0
  7776, 46120,20210930,   55,    0
  7776, 46120,20211001,   53,    0
  7776, 46120,20211002,   62,    0
  7776, 46120,20211003,   67,    0
  7776, 46120,20211004,   86,    0
  7776, 46120,20211005,   76,    0
  7776, 46120,20211006,   80,    0
  7776, 46120,20211007,   71,    0
  7776, 46120,20211008,    4,    0
  7776, 46120,20211009,   45,    0
  7776, 46120,20211010,   87,    0
  7776, 46120,20211011,   72,    0
  7776, 46120,20211012,   39,    0
  7776, 46120,20211013,   17,    0
  7776, 46120,20211014,    3,    0
  7776, 46120,20211015,   41,    0
  7776, 46120,20211016,   22,    0
  7776, 46120,20211017,   -2,    0
  7776, 46120,20211018,   -8,    0
  7776, 46120,20211019,  -49,    0
  7776, 46120,20211020,  -49,    0
  7776, 46120,20211021,  -23,    0
  7776, 46120,20211022,  -26,    0
  7776, 46120,20211023,  -67,    0
  7776, 46120,20211024,  -83,    0
  7776, 46120,20211025,  -36,    0
  7776, 46120,20211026,  -10,    0
  7776, 46120,20211027,  -27,    0
  7776, 46120,20211028,  -29,    0
  7776, 46120,20211029,   12,    0
  7776, 46120,20211030,    4,    0
  7776, 46120,20211031,   24,    0
  7776, 46120,20211101,   16,    0
  7776, 46120,20211102,   28,    0
  7776, 46120,20211103,   16,    0
  7776, 46120,20211104,    6,    0
  7776, 46120,20211105,   11,    0
  7776, 46120,20211106,   -3,    0
  7776, 46120,20211107,  -59,    0
  7776, 46120,20211108,  -96,    0
  7776, 46120,20211109,  -91,    0
  7776, 46120,20211110,   -2,    0
  7776, 46120,20211111,    1,    0
  7776, 46120,20211112,  -32,    0
  7776, 46120,20211113,  -75,    0
  7776, 46120,20211114,  -71,    0
  7776, 46120,20211115,  -49,    0
  7776, 46120,20211116,  -11,    0
  7776, 46120,20211117,    1,    0
  7776, 46120,20211118,    1,    0
  7776, 46120,20211119,  -43,    0
  7776, 46120,20211120,  -54,    0
  7776, 46120,20211121,  -68,    0
  7776, 46120,20211122, -142,    0
  7776, 46120,20211123, -124,    0
  7776, 46120,20211124,  -98,    0
  7776, 46120,20211125, -112,    0
  7776, 46120,20211126, -117,    0
  7776, 46120,20211127, -193,    0
  7776, 46120,20211128, -199,    0
  7776, 46120,20211129, -188,    0
  7776, 46120,20211130, -127,    0
  7776, 46120,20211201,  -86,    0
  7776, 46120,20211202,  -71,    0
  7776, 46120,20211203, -101,    0
  7776, 46120,20211204, -148,    0
  7776, 46120,20211205, -207,    0
  7776, 46120,20211206, -181,    0
  7776, 46120,20211207, -173,    0
  7776, 46120,20211208, -133,    0
  7776, 46120,20211209, -136,    0
  7776, 46120,20211210, -135,    0
  7776, 46120,20211211,  -79,    0
  7776, 46120,20211212,  -67,    0
  7776, 46120,20211213,  -39,    0
  7776, 46120,20211214,  -47,    0
  7776, 46120,20211215,  -34,    0
  7776, 46120,20211216,  -32,    0
  7776, 46120,20211217,  -62,    0
  7776, 46120,20211218,  -58,    0
  7776, 46120,20211219, -106,    0
  7776, 46120,20211220, -145,    0
  7776, 46120,20211221, -123,    0
  7776, 46120,20211222, -129,    0
  7776, 46120,20211223, -146,    0
  7776, 46120,20211224, -132,    0
  7776, 46120,20211225, -151,    0
  7776, 46120,20211226, -154,    0
  7776, 46120,20211227, -142,    0
  7776, 46120,20211228, -147,    0
  7776, 46120,20211229,  -93,    0
  7776, 46120,20211230,  -48,    0
  7776, 46120,20211231,  -68,    0
  7776, 46120,20220101, -104,    0
  7776, 46120,20220102, -183,    0
  7776, 46120,20220103, -196,    0
  7776, 46120,20220104, -166,    0
  7776, 46120,20220105, -142,    0
  7776, 46120,20220106, -165,    0
  7776, 46120,20220107, -121,    0
  7776, 46120,20220108, -164,    0
  7776, 46120,20220109, -171,    0
  7776, 46120,20220110, -196,    0
  7776, 46120,20220111,  -93,    0
  7776, 46120,20220112,  -27,    0
  7776, 46120,20220113,  -41,    0
  7776, 46120,20220114,  -58,    0
  7776, 46120,20220115,  -66,    0
  7776, 46120,20220116,  -27,    0
  7776, 46120,20220117,  -81,    0
  7776, 46120,20220118, -105,    0
  7776, 46120,20220119,   -2,    0
  7776, 46120,20220120,  -66,    0
  7776, 46120,20220121,  -69,    0
  7776, 46120,20220122, -154,    0
  7776, 46120,20220123,  -31,    0
  7776, 46120,20220124,    1,    0
  7776, 46120,20220125,  -96,    0
  7776, 46120,20220126, -110,    0
  7776, 46120,20220127,  -96,    0
  7776, 46120,20220128,  -92,    0
  7776, 46120,20220129, -113,    0
  7776, 46120,20220130, -149,    0
  7776, 46120,20220131, -189,    0
  7776, 46120,20220201, -141,    0
  7776, 46120,20220202, -112,    0
  7776, 46120,20220203, -147,    0
  7776, 46120,20220204, -180,    0
  7776, 46120,20220205,  -88,    0
  7776, 46120,20220206,  -80,    0
  7776, 46120,20220207,  -72,    0
  7776, 46120,20220208,  -58,    0
  7776, 46120,20220209,  -52,    0
  7776, 46120,20220210,  -41,    0
  7776, 46120,20220211,  -64,    0
  7776, 46120,20220212, -149,    0
  7776, 46120,20220213, -166,    0
  7776, 46120,20220214,  -94,    0
  7776, 46120,20220215, -158,    0
  7776, 46120,20220216, -118,    0
  7776, 46120,20220217,  -86,    0
  7776, 46120,20220218,  -44,    0
  7776, 46120,20220219,  -47,    0
  7776, 46120,20220220,  -72,    0
  7776, 46120,20220221, -133,    0
  7776, 46120,20220222, -197,    0
  7776, 46120,20220223, -187,    0
  7776, 46120,20220224,  -59,    0
  7776, 46120,20220225,  -17,    0
  7776, 46120,20220226,  -84,    0
  7776, 46120,20220227,  -33,    0
  7776, 46120,20220228,   -6,    0
  7776, 46120,20220301,-9999,    9
  7776, 46120,20220302,-9999,    9
  7776, 46120,20220303,-9999,    9
  7776, 46120,20220304,-9999,    9
  7776, 46120,20220305,-9999,    9
  7776, 46120,20220306,-9999,    9
  7776, 46120,20220307,-9999,    9
  7776, 46120,20220308,-9999,    9
  7776, 46120,20220309,-9999,    9
  7776, 46120,20220310,-9999,    9
  7776, 46120,20220311,-9999,    9
  7776, 46120,20220312,-9999,    9
  7776, 46120,20220313,-9999,    9
  7776, 46120,20220314,-9999,    9
  7776, 46120,20220315,-9999,    9
  7776, 46120,20220316,-9999,    9
  7776, 46120,20220317,-9999,    9
  7776, 46120,20220318,-9999,    9
  7776, 46120,20220319,-9999,    9
  7776, 46120,20220320,-9999,    9
  7776, 46120,20220321,-9999,    9
  7776, 46120,20220322,-9999,    9
  7776, 46120,20220323,-9999,    9
  7776, 46120,20220324,-9999,    9
  7776, 46120,20220325,-9999,    9
  7776, 46120,20220326,-9999,    9
  7776, 46120,20220327,-9999,    9
  7776, 46120,20220328,-9999,    9
  7776, 46120,20220329,-9999,    9
  7776, 46120,20220330,-9999,    9
  7776, 46120,20220331,-9999,    9
  7776, 46120,20220401,-9999,    9
  7776, 46120,20220402,-9999,    9
  7776, 46120,20220403,-9999,    9
  7776, 46120,20220404,-9999,    9
  7776, 46120,20220405,-9999,    9
  7776, 46120,20220406,-9999,    9
  7776, 46120,20220407,-9999,    9
  7776, 46120,20220408,-9999,    9
  7776, 46120,20220409,-9999,    9
  7776, 46120,20220410,-9999,    9
  7776, 46120,20220411,-9999,    9
  7776, 46120,20220412,-9999,    9
  7776, 46120,20220413,-9999,    9
  7776, 46120,20220414,-9999,    9
  7776, 46120,20220415,-9999,    9
  7776, 46120,20220416,-9999,    9
  7776, 46120,20220417,-9999,    9
  7776, 46120,20220418,-9999,    9
  7776, 46120,20220419,-9999,    9
  7776, 46120,20220420,-9999,    9
  7776, 46120,20220421,-9999,    9
  7776, 46120,20220422,-9999,    9
  7776, 46120,20220423,-9999,    9
  7776, 46120,20220424,-9999,    9
  7776, 46120,20220425,-9999,    9
  7776, 46120,20220426,-9999,    9
  7776, 46120,20220427,-9999,    9
  7776, 46120,20220428,-9999,    9
  7776, 46120,20220429,-9999,    9
  7776, 46120,20220430,-9999,    9
  7776, 46120,20220501,-9999,    9
  7776, 46120,20220502,-9999,    9
  7776, 46120,20220503,-9999,    9
  7776, 46120,20220504,-9999,    9
  7776, 46120,20220505,-9999,    9
  7776, 46120,20220506,-9999,    9
  7776, 46120,20220507,-9999,    9
  7776, 46120,20220508,-9999,    9
  7776, 46120,20220509,-9999,    9
  7776, 46120,20220510,-9999,    9
  7776, 46120,20220511,-9999,    9
  7776, 46120,20220512,-9999,    9
  7776, 46120,20220513,-9999,    9
  7776, 46120,20220514,-9999,    9
  7776, 46120,20220515,-9999,    9
  7776, 46120,20220516,-9999,    9
  7776, 46120,20220517,-9999,    9
  7776, 46120,20220518,-9999,    9
  7776, 46120,20220519,-9999,    9
  7776, 46120,20220520,-9999,    9
  7776, 46120,20220521,-9999,    9
  7776, 46120,20220522,-9999,    9
  7776, 46120,20220523,-9999,    9
  7776, 46120,20220524,-9999,    9
  7776, 46120,20220525,-9999,    9
  7776, 46120,20220526,-9999,    9
  7776, 46120,20220527,-9999,    9
  7776, 46120,20220528,-9999,    9
  7776, 46120,20220529,-9999,    9
  7776, 46120,20220530,-9999,    9
  7776, 46120,20220531,-9999,    9
  7776, 46120,20220601,-9999,    9
  7776, 46120,20220602,-9999,    9
  7776, 46120,20220603,-9999,    9
  7776, 46120,20220604,-9999,    9
  7776, 46120,20220605,-9999,    9
  7776, 46120,20220606,-9999,    9
  7776, 46120,20220607,-9999,    9
  7776, 46120,20220608,-9999,    9
  7776, 46120,20220609,-9999,    9
  7776, 46120,20220610,-9999,    9
  7776, 46120,20220611,-9999,    9
  7776, 46120,20220612,-9999,    9
  7776, 46120,20220613,-9999,    9
  7776, 46120,20220614,-9999,    9
  7776, 46120,20220615,-9999,    9
  7776, 46120,20220616,-9999,    9
  7776, 46120,20220617,-9999,    9
  7776, 46120,20220618,-9999,    9
  7776, 46120,20220619,-9999,    9
  7776, 46120,20220620,-9999,    9
  7776, 46120,20220621,-9999,    9
  7776, 46120,20220622,-9999,    9
  7776, 46120,20220623,-9999,    9
  7776, 46120,20220624,-9999,    9
  7776, 46120,20220625,-9999,    9
  7776, 46120,20220626,-9999,    9
  7776, 46120,20220627,-9999,    9
  7776, 46120,20220628,-9999,    9
  7776, 46120,20220629,-9999,    9
  7776, 46120,20220630,-9999,    9
  7776, 46120,20220701,-9999,    9
  7776, 46120,20220702,-9999,    9
  7776, 46120,20220703,-9999,    9
  7776, 46120,20220704,-9999,    9
  7776, 46120,20220705,-9999,    9
  7776, 46120,20220706,-9999,    9
  7776, 46120,20220707,-9999,    9
  7776, 46120,20220708,-9999,    9
  7776, 46120,20220709,-9999,    9
  7776, 46120,20220710,-9999,    9
  7776, 46120,20220711,-9999,    9
  7776, 46120,20220712,-9999,    9
  7776, 46120,20220713,-9999,    9
  7776, 46120,20220714,-9999,    9
  7776, 46120,20220715,-9999,    9
  7776, 46120,20220716,-9999,    9
  7776, 46120,20220717,-9999,    9
  7776, 46120,20220718,-9999,    9
  7776, 46120,20220719,-9999,    9
  7776, 46120,20220720,-9999,    9
  7776, 46120,20220721,-9999,    9
  7776, 46120,20220722,-9999,    9
  7776, 46120,20220723,-9999,    9
  7776, 46120,20220724,-9999,    9
  7776, 46120,20220725,-9999,    9
  7776, 46120,20220726,-9999,    9
  7776, 46120,20220727,-9999,    9
  7776, 46120,20220728,-9999,    9
  7776, 46120,20220729,-9999,    9
  7776, 46120,20220730,-9999,    9
  7776, 46120,20220731,-9999,    9
  7776, 46120,20220801,-9999,    9
  7776, 46120,20220802,-9999,    9
  7776, 46120,20220803,-9999,    9
  7776, 46120,20220804,-9999,    9
  7776, 46120,20220805,-9999,    9
  7776, 46120,20220806,-9999,    9
  7776, 46120,20220807,-9999,    9
  7776, 46120,20220808,-9999,    9
  7776, 46120,20220809,-9999,    9
  7776, 46120,20220810,-9999,    9
  7776, 46120,20220811,-9999,    9
  7776, 46120,20220812,-9999,    9
  7776, 46120,20220813,-9999,    9
  7776, 46120,20220814,-9999,    9
  7776, 46120,20220815,-9999,    9
  7776, 46120,20220816,-9999,    9
  7776, 46120,20220817,-9999,    9
  7776, 46120,20220818,-9999,    9
  7776, 46120,20220819,-9999,    9
  7776, 46120,20220820,-9999,    9
  7776, 46120,20220821,-9999,    9
  7776, 46120,20220822,-9999,    9
  7776, 46120,20220823,-9999,    9
  7776, 46120,20220824,-9999,    9
  7776, 46120,20220825,-9999,    9
  7776, 46120,20220826,-9999,    9
  7776, 46120,20220827,-9999,    9
  7776, 46120,20220828,-9999,    9
  7776, 46120,20220829,-9999,    9
  7776, 46120,20220830,-9999,    9
  7776, 46120,20220831,-9999,    9
  7776, 46120,20220901,-9999,    9
  7776, 46120,20220902,-9999,    9
  7776, 46120,20220903,-9999,    9
  7776, 46120,20220904,-9999,    9
  7776, 46120,20220905,-9999,    9
  7776, 46120,20220906,-9999,    9
  7776, 46120,20220907,-9999,    9
  7776, 46120,20220908,-9999,    9
  7776, 46120,20220909,-9999,    9
  7776, 46120,20220910,-9999,    9
  7776, 46120,20220911,-9999,    9
  7776, 46120,20220912,-9999,    9
  7776, 46120,20220913,-9999,    9
  7776, 46120,20220914,-9999,    9
  7776, 46120,20220915,-9999,    9
  7776, 46120,20220916,-9999,    9
  7776, 46120,20220917,-9999,    9
  7776, 46120,20220918,-9999,    9
  7776, 46120,20220919,-9999,    9
  7776, 46120,20220920,-9999,    9
  7776, 46120,20220921,-9999,    9
  7776, 46120,20220922,-9999,    9
  7776, 46120,20220923,-9999,    9
  7776, 46120,20220924,-9999,    9
  7776, 46120,20220925,-9999,    9
  7776, 46120,20220926,-9999,    9
  7776, 46120,20220927,-9999,    9
  7776, 46120,20220928,-9999,    9
  7776, 46120,20220929,-9999,    9
  7776, 46120,20220930,-9999,    9
  7776, 46120,20221001,-9999,    9
  7776, 46120,20221002,-9999,    9
  7776, 46120,20221003,-9999,    9
  7776, 46120,20221004,-9999,    9
  7776, 46120,20221005,-9999,    9
  7776, 46120,20221006,-9999,    9
  7776, 46120,20221007,-9999,    9
  7776, 46120,20221008,-9999,    9
  7776, 46120,20221009,-9999,    9
  7776, 46120,20221010,-9999,    9
  7776, 46120,20221011,-9999,    9
  7776, 46120,20221012,-9999,    9
  7776, 46120,20221013,-9999,    9
  7776, 46120,20221014,-9999,    9
  7776, 46120,20221015,-9999,    9
  7776, 46120,20221016,-9999,    9
  7776, 46120,20221017,-9999,    9
  7776, 46120,20221018,-9999,    9
  7776, 46120,20221019,-9999,    9
  7776, 46120,20221020,-9999,    9
  7776, 46120,20221021,-9999,    9
  7776, 46120,20221022,-9999,    9
  7776, 46120,20221023,-9999,    9
  7776, 46120,20221024,-9999,    9
  7776, 46120,20221025,-9999,    9
  7776, 46120,20221026,-9999,    9
  7776, 46120,20221027,-9999,    9
  7776, 46120,20221028,-9999,    9
  7776, 46120,20221029,-9999,    9
  7776, 46120,20221030,-9999,    9
  7776, 46120,20221031,-9999,    9
