EUROPEAN CLIMATE ASSESSMENT & DATASET (ECA&D), file created on: 16-11-2022
THESE DATA CAN BE USED FOR NON-COMMERCIAL RESEARCH AND EDUCATION PROVIDED THAT THE FOLLOWING SOURCE IS ACKNOWLEDGED: 

Klein Tank, A.M.G. and Coauthors, 2002. Daily dataset of 20th-century surface
air temperature and precipitation series for the European Climate Assessment.
Int. J. of Climatol., 22, 1441-1453.
Data and metadata available at http://www.ecad.eu

FILE FORMAT (MISSING VALUE CODE = -9999):

01-06 STAID: Station identifier
08-13 SOUID: Source identifier
15-22 DATE : Date YYYYMMDD
24-28 TG   : Mean temperature in 0.1 &#176;C
30-34 Q_TG : quality code for TG (0='valid'; 1='suspect'; 9='missing')

This is the blended series of station STADLANDET, NORWAY (STAID: 2700)
Blended and updated with sources:10862 
See files sources.txt and stations.txt for more info.

STAID, SOUID,    DATE,   TG, Q_TG
  2700, 10862,20160901,-9999,    9
  2700, 10862,20160902,-9999,    9
  2700, 10862,20160903,-9999,    9
  2700, 10862,20160904,-9999,    9
  2700, 10862,20160905,-9999,    9
  2700, 10862,20160906,-9999,    9
  2700, 10862,20160907,-9999,    9
  2700, 10862,20160908,  166,    0
  2700, 10862,20160909,  155,    0
  2700, 10862,20160910,  144,    0
  2700, 10862,20160911,  125,    0
  2700, 10862,20160912,  174,    0
  2700, 10862,20160913,  205,    0
  2700, 10862,20160914,  136,    0
  2700, 10862,20160915,  169,    0
  2700, 10862,20160916,  184,    0
  2700, 10862,20160917,  168,    0
  2700, 10862,20160918,  167,    0
  2700, 10862,20160919,  142,    0
  2700, 10862,20160920,  126,    0
  2700, 10862,20160921,  131,    0
  2700, 10862,20160922,  151,    0
  2700, 10862,20160923,  130,    0
  2700, 10862,20160924,  148,    0
  2700, 10862,20160925,-9999,    9
  2700, 10862,20160926,  129,    0
  2700, 10862,20160927,  124,    0
  2700, 10862,20160928,  101,    0
  2700, 10862,20160929,   99,    0
  2700, 10862,20160930,   88,    0
  2700, 10862,20161001,   81,    0
  2700, 10862,20161002,   73,    0
  2700, 10862,20161003,   82,    0
  2700, 10862,20161004,   97,    0
  2700, 10862,20161005,   91,    0
  2700, 10862,20161006,   70,    0
  2700, 10862,20161007,   67,    0
  2700, 10862,20161008,   68,    0
  2700, 10862,20161009,   61,    0
  2700, 10862,20161010,   59,    0
  2700, 10862,20161011,   57,    0
  2700, 10862,20161012,   45,    0
  2700, 10862,20161013,   53,    0
  2700, 10862,20161014,   37,    0
  2700, 10862,20161015,   54,    0
  2700, 10862,20161016,   93,    0
  2700, 10862,20161017,  117,    0
  2700, 10862,20161018,  114,    0
  2700, 10862,20161019,   88,    0
  2700, 10862,20161020,   51,    0
  2700, 10862,20161021,   48,    0
  2700, 10862,20161022,   37,    0
  2700, 10862,20161023,   33,    0
  2700, 10862,20161024,   38,    0
  2700, 10862,20161025,   81,    0
  2700, 10862,20161026,   98,    0
  2700, 10862,20161027,   98,    0
  2700, 10862,20161028,   69,    0
  2700, 10862,20161029,   70,    0
  2700, 10862,20161030,   86,    0
  2700, 10862,20161031,   84,    0
  2700, 10862,20161101,   42,    0
  2700, 10862,20161102,   40,    0
  2700, 10862,20161103,   39,    0
  2700, 10862,20161104,   34,    0
  2700, 10862,20161105,   23,    0
  2700, 10862,20161106,   15,    0
  2700, 10862,20161107,  -35,    0
  2700, 10862,20161108,  -40,    0
  2700, 10862,20161109,  -32,    0
  2700, 10862,20161110,   11,    0
  2700, 10862,20161111,   53,    0
  2700, 10862,20161112,   73,    0
  2700, 10862,20161113,   77,    0
  2700, 10862,20161114,   91,    0
  2700, 10862,20161115,   92,    0
  2700, 10862,20161116,   67,    0
  2700, 10862,20161117,   37,    0
  2700, 10862,20161118,   26,    0
  2700, 10862,20161119,   45,    0
  2700, 10862,20161120,   46,    0
  2700, 10862,20161121,   29,    0
  2700, 10862,20161122,   37,    0
  2700, 10862,20161123,   35,    0
  2700, 10862,20161124,   55,    0
  2700, 10862,20161125,   95,    0
  2700, 10862,20161126,   61,    0
  2700, 10862,20161127,   33,    0
  2700, 10862,20161128,   29,    0
  2700, 10862,20161129,   47,    0
  2700, 10862,20161130,   30,    0
  2700, 10862,20161201,   42,    0
  2700, 10862,20161202,   44,    0
  2700, 10862,20161203,   61,    0
  2700, 10862,20161204,   82,    0
  2700, 10862,20161205,   55,    0
  2700, 10862,20161206,   32,    0
  2700, 10862,20161207,   91,    0
  2700, 10862,20161208,   94,    0
  2700, 10862,20161209,   79,    0
  2700, 10862,20161210,   86,    0
  2700, 10862,20161211,   44,    0
  2700, 10862,20161212,   50,    0
  2700, 10862,20161213,   40,    0
  2700, 10862,20161214,   46,    0
  2700, 10862,20161215,   95,    0
  2700, 10862,20161216,   89,    0
  2700, 10862,20161217,   68,    0
  2700, 10862,20161218,   85,    0
  2700, 10862,20161219,   97,    0
  2700, 10862,20161220,   81,    0
  2700, 10862,20161221,   58,    0
  2700, 10862,20161222,   40,    0
  2700, 10862,20161223,   54,    0
  2700, 10862,20161224,   49,    0
  2700, 10862,20161225,   69,    0
  2700, 10862,20161226,   48,    0
  2700, 10862,20161227,   40,    0
  2700, 10862,20161228,   73,    0
  2700, 10862,20161229,   85,    0
  2700, 10862,20161230,   82,    0
  2700, 10862,20161231,   54,    0
  2700, 10862,20170101,   28,    0
  2700, 10862,20170102,    3,    0
  2700, 10862,20170103,   33,    0
  2700, 10862,20170104,    7,    0
  2700, 10862,20170105,   -8,    0
  2700, 10862,20170106,   48,    0
  2700, 10862,20170107,   35,    0
  2700, 10862,20170108,   64,    0
  2700, 10862,20170109,   74,    0
  2700, 10862,20170110,   57,    0
  2700, 10862,20170111,   36,    0
  2700, 10862,20170112,   37,    0
  2700, 10862,20170113,   14,    0
  2700, 10862,20170114,   -8,    0
  2700, 10862,20170115,  -19,    0
  2700, 10862,20170116,    6,    0
  2700, 10862,20170117,   60,    0
  2700, 10862,20170118,   85,    0
  2700, 10862,20170119,   75,    0
  2700, 10862,20170120,   82,    0
  2700, 10862,20170121,   74,    0
  2700, 10862,20170122,   57,    0
  2700, 10862,20170123,   50,    0
  2700, 10862,20170124,   65,    0
  2700, 10862,20170125,   88,    0
  2700, 10862,20170126,   77,    0
  2700, 10862,20170127,   50,    0
  2700, 10862,20170128,   66,    0
  2700, 10862,20170129,   54,    0
  2700, 10862,20170130,   22,    0
  2700, 10862,20170131,   30,    0
  2700, 10862,20170201,   39,    0
  2700, 10862,20170202,   63,    0
  2700, 10862,20170203,   93,    0
  2700, 10862,20170204,   50,    0
  2700, 10862,20170205,   31,    0
  2700, 10862,20170206,   29,    0
  2700, 10862,20170207,  -11,    0
  2700, 10862,20170208,  -41,    0
  2700, 10862,20170209,  -50,    0
  2700, 10862,20170210,  -27,    0
  2700, 10862,20170211,  -45,    0
  2700, 10862,20170212,    1,    0
  2700, 10862,20170213,   26,    0
  2700, 10862,20170214,  -22,    0
  2700, 10862,20170215,   43,    0
  2700, 10862,20170216,   63,    0
  2700, 10862,20170217,   44,    0
  2700, 10862,20170218,   64,    0
  2700, 10862,20170219,   65,    0
  2700, 10862,20170220,   54,    0
  2700, 10862,20170221,   38,    0
  2700, 10862,20170222,   30,    0
  2700, 10862,20170223,   -6,    0
  2700, 10862,20170224,  -14,    0
  2700, 10862,20170225,   26,    0
  2700, 10862,20170226,   44,    0
  2700, 10862,20170227,   39,    0
  2700, 10862,20170228,   27,    0
  2700, 10862,20170301,   41,    0
  2700, 10862,20170302,   13,    0
  2700, 10862,20170303,   -4,    0
  2700, 10862,20170304,  -15,    0
  2700, 10862,20170305,   19,    0
  2700, 10862,20170306,   19,    0
  2700, 10862,20170307,   -3,    0
  2700, 10862,20170308,    7,    0
  2700, 10862,20170309,   26,    0
  2700, 10862,20170310,   24,    0
  2700, 10862,20170311,   38,    0
  2700, 10862,20170312,   71,    0
  2700, 10862,20170313,   60,    0
  2700, 10862,20170314,   64,    0
  2700, 10862,20170315,   49,    0
  2700, 10862,20170316,   58,    0
  2700, 10862,20170317,   33,    0
  2700, 10862,20170318,   14,    0
  2700, 10862,20170319,   30,    0
  2700, 10862,20170320,   53,    0
  2700, 10862,20170321,   37,    0
  2700, 10862,20170322,   14,    0
  2700, 10862,20170323,   21,    0
  2700, 10862,20170324,   51,    0
  2700, 10862,20170325,   72,    0
  2700, 10862,20170326,   80,    0
  2700, 10862,20170327,   63,    0
  2700, 10862,20170328,   33,    0
  2700, 10862,20170329,   25,    0
  2700, 10862,20170330,   32,    0
  2700, 10862,20170331,   75,    0
  2700, 10862,20170401,   81,    0
  2700, 10862,20170402,   67,    0
  2700, 10862,20170403,   93,    0
  2700, 10862,20170404,   68,    0
  2700, 10862,20170405,   50,    0
  2700, 10862,20170406,   65,    0
  2700, 10862,20170407,   63,    0
  2700, 10862,20170408,   76,    0
  2700, 10862,20170409,   69,    0
  2700, 10862,20170410,   36,    0
  2700, 10862,20170411,   30,    0
  2700, 10862,20170412,   53,    0
  2700, 10862,20170413,   34,    0
  2700, 10862,20170414,   34,    0
  2700, 10862,20170415,   26,    0
  2700, 10862,20170416,   25,    0
  2700, 10862,20170417,   19,    0
  2700, 10862,20170418,   35,    0
  2700, 10862,20170419,   53,    0
  2700, 10862,20170420,   64,    0
  2700, 10862,20170421,   37,    0
  2700, 10862,20170422,   31,    0
  2700, 10862,20170423,   13,    0
  2700, 10862,20170424,   20,    0
  2700, 10862,20170425,   34,    0
  2700, 10862,20170426,   28,    0
  2700, 10862,20170427,   38,    0
  2700, 10862,20170428,   53,    0
  2700, 10862,20170429,   67,    0
  2700, 10862,20170430,   58,    0
  2700, 10862,20170501,   82,    0
  2700, 10862,20170502,   81,    0
  2700, 10862,20170503,   79,    0
  2700, 10862,20170504,   88,    0
  2700, 10862,20170505,  107,    0
  2700, 10862,20170506,   70,    0
  2700, 10862,20170507,   62,    0
  2700, 10862,20170508,   51,    0
  2700, 10862,20170509,   42,    0
  2700, 10862,20170510,   51,    0
  2700, 10862,20170511,   56,    0
  2700, 10862,20170512,   74,    0
  2700, 10862,20170513,  105,    0
  2700, 10862,20170514,  108,    0
  2700, 10862,20170515,  111,    0
  2700, 10862,20170516,  129,    0
  2700, 10862,20170517,  121,    0
  2700, 10862,20170518,  100,    0
  2700, 10862,20170519,   92,    0
  2700, 10862,20170520,  127,    0
  2700, 10862,20170521,   99,    0
  2700, 10862,20170522,   98,    0
  2700, 10862,20170523,  118,    0
  2700, 10862,20170524,  101,    0
  2700, 10862,20170525,  100,    0
  2700, 10862,20170526,  132,    0
  2700, 10862,20170527,  187,    0
  2700, 10862,20170528,  158,    0
  2700, 10862,20170529,   96,    0
  2700, 10862,20170530,   87,    0
  2700, 10862,20170531,   76,    0
  2700, 10862,20170601,   86,    0
  2700, 10862,20170602,  117,    0
  2700, 10862,20170603,  108,    0
  2700, 10862,20170604,   99,    0
  2700, 10862,20170605,   97,    0
  2700, 10862,20170606,  114,    0
  2700, 10862,20170607,  148,    0
  2700, 10862,20170608,  121,    0
  2700, 10862,20170609,  125,    0
  2700, 10862,20170610,  139,    0
  2700, 10862,20170611,  134,    0
  2700, 10862,20170612,  115,    0
  2700, 10862,20170613,  115,    0
  2700, 10862,20170614,  130,    0
  2700, 10862,20170615,  153,    0
  2700, 10862,20170616,  121,    0
  2700, 10862,20170617,  129,    0
  2700, 10862,20170618,  120,    0
  2700, 10862,20170619,  108,    0
  2700, 10862,20170620,   92,    0
  2700, 10862,20170621,   95,    0
  2700, 10862,20170622,  119,    0
  2700, 10862,20170623,  115,    0
  2700, 10862,20170624,  106,    0
  2700, 10862,20170625,  116,    0
  2700, 10862,20170626,   91,    0
  2700, 10862,20170627,   93,    0
  2700, 10862,20170628,  112,    0
  2700, 10862,20170629,  131,    0
  2700, 10862,20170630,  167,    0
  2700, 10862,20170701,  118,    0
  2700, 10862,20170702,  118,    0
  2700, 10862,20170703,  108,    0
  2700, 10862,20170704,  110,    0
  2700, 10862,20170705,  106,    0
  2700, 10862,20170706,  114,    0
  2700, 10862,20170707,  127,    0
  2700, 10862,20170708,  116,    0
  2700, 10862,20170709,  120,    0
  2700, 10862,20170710,  120,    0
  2700, 10862,20170711,  116,    0
  2700, 10862,20170712,  106,    0
  2700, 10862,20170713,  113,    0
  2700, 10862,20170714,  128,    0
  2700, 10862,20170715,  144,    0
  2700, 10862,20170716,  121,    0
  2700, 10862,20170717,  108,    0
  2700, 10862,20170718,  122,    0
  2700, 10862,20170719,  132,    0
  2700, 10862,20170720,  174,    0
  2700, 10862,20170721,  179,    0
  2700, 10862,20170722,  146,    0
  2700, 10862,20170723,  134,    0
  2700, 10862,20170724,  149,    0
  2700, 10862,20170725,  156,    0
  2700, 10862,20170726,  158,    0
  2700, 10862,20170727,  153,    0
  2700, 10862,20170728,  131,    0
  2700, 10862,20170729,  140,    0
  2700, 10862,20170730,  154,    0
  2700, 10862,20170731,  141,    0
  2700, 10862,20170801,  139,    0
  2700, 10862,20170802,  137,    0
  2700, 10862,20170803,  145,    0
  2700, 10862,20170804,  148,    0
  2700, 10862,20170805,  144,    0
  2700, 10862,20170806,  148,    0
  2700, 10862,20170807,  136,    0
  2700, 10862,20170808,  134,    0
  2700, 10862,20170809,  139,    0
  2700, 10862,20170810,  132,    0
  2700, 10862,20170811,  140,    0
  2700, 10862,20170812,  118,    0
  2700, 10862,20170813,  114,    0
  2700, 10862,20170814,  121,    0
  2700, 10862,20170815,  141,    0
  2700, 10862,20170816,  138,    0
  2700, 10862,20170817,  160,    0
  2700, 10862,20170818,  152,    0
  2700, 10862,20170819,  133,    0
  2700, 10862,20170820,  123,    0
  2700, 10862,20170821,  125,    0
  2700, 10862,20170822,  121,    0
  2700, 10862,20170823,  119,    0
  2700, 10862,20170824,  122,    0
  2700, 10862,20170825,  121,    0
  2700, 10862,20170826,  115,    0
  2700, 10862,20170827,  131,    0
  2700, 10862,20170828,  151,    0
  2700, 10862,20170829,  129,    0
  2700, 10862,20170830,  125,    0
  2700, 10862,20170831,  117,    0
  2700, 10862,20170901,  109,    0
  2700, 10862,20170902,  117,    0
  2700, 10862,20170903,  122,    0
  2700, 10862,20170904,  154,    0
  2700, 10862,20170905,  138,    0
  2700, 10862,20170906,  125,    0
  2700, 10862,20170907,  122,    0
  2700, 10862,20170908,  128,    0
  2700, 10862,20170909,  124,    0
  2700, 10862,20170910,  118,    0
  2700, 10862,20170911,  109,    0
  2700, 10862,20170912,  114,    0
  2700, 10862,20170913,  115,    0
  2700, 10862,20170914,  109,    0
  2700, 10862,20170915,  113,    0
  2700, 10862,20170916,  118,    0
  2700, 10862,20170917,  110,    0
  2700, 10862,20170918,  110,    0
  2700, 10862,20170919,  113,    0
  2700, 10862,20170920,  106,    0
  2700, 10862,20170921,  127,    0
  2700, 10862,20170922,  148,    0
  2700, 10862,20170923,  132,    0
  2700, 10862,20170924,  125,    0
  2700, 10862,20170925,  144,    0
  2700, 10862,20170926,  127,    0
  2700, 10862,20170927,  163,    0
  2700, 10862,20170928,  173,    0
  2700, 10862,20170929,  170,    0
  2700, 10862,20170930,  158,    0
  2700, 10862,20171001,  150,    0
  2700, 10862,20171002,  129,    0
  2700, 10862,20171003,  104,    0
  2700, 10862,20171004,   85,    0
  2700, 10862,20171005,   86,    0
  2700, 10862,20171006,   88,    0
  2700, 10862,20171007,   74,    0
  2700, 10862,20171008,   70,    0
  2700, 10862,20171009,   70,    0
  2700, 10862,20171010,   92,    0
  2700, 10862,20171011,  107,    0
  2700, 10862,20171012,   86,    0
  2700, 10862,20171013,  119,    0
  2700, 10862,20171014,  115,    0
  2700, 10862,20171015,  117,    0
  2700, 10862,20171016,   83,    0
  2700, 10862,20171017,   79,    0
  2700, 10862,20171018,   70,    0
  2700, 10862,20171019,   55,    0
  2700, 10862,20171020,  112,    0
  2700, 10862,20171021,  129,    0
  2700, 10862,20171022,   98,    0
  2700, 10862,20171023,   81,    0
  2700, 10862,20171024,   91,    0
  2700, 10862,20171025,   98,    0
  2700, 10862,20171026,   82,    0
  2700, 10862,20171027,   84,    0
  2700, 10862,20171028,   69,    0
  2700, 10862,20171029,   45,    0
  2700, 10862,20171030,   38,    0
  2700, 10862,20171031,   86,    0
  2700, 10862,20171101,  103,    0
  2700, 10862,20171102,   61,    0
  2700, 10862,20171103,   74,    0
  2700, 10862,20171104,   84,    0
  2700, 10862,20171105,   55,    0
  2700, 10862,20171106,   52,    0
  2700, 10862,20171107,   98,    0
  2700, 10862,20171108,   74,    0
  2700, 10862,20171109,   67,    0
  2700, 10862,20171110,   45,    0
  2700, 10862,20171111,   50,    0
  2700, 10862,20171112,   54,    0
  2700, 10862,20171113,   24,    0
  2700, 10862,20171114,   59,    0
  2700, 10862,20171115,   59,    0
  2700, 10862,20171116,   62,    0
  2700, 10862,20171117,   45,    0
  2700, 10862,20171118,   50,    0
  2700, 10862,20171119,   30,    0
  2700, 10862,20171120,   19,    0
  2700, 10862,20171121,  -23,    0
  2700, 10862,20171122,   17,    0
  2700, 10862,20171123,   46,    0
  2700, 10862,20171124,   53,    0
  2700, 10862,20171125,   35,    0
  2700, 10862,20171126,   36,    0
  2700, 10862,20171127,   14,    0
  2700, 10862,20171128,   18,    0
  2700, 10862,20171129,    6,    0
  2700, 10862,20171130,   -2,    0
  2700, 10862,20171201,    0,    0
  2700, 10862,20171202,   57,    0
  2700, 10862,20171203,   37,    0
  2700, 10862,20171204,   30,    0
  2700, 10862,20171205,   50,    0
  2700, 10862,20171206,   40,    0
  2700, 10862,20171207,   72,    0
  2700, 10862,20171208,   40,    0
  2700, 10862,20171209,   29,    0
  2700, 10862,20171210,   11,    0
  2700, 10862,20171211,    0,    0
  2700, 10862,20171212,  -12,    0
  2700, 10862,20171213,   30,    0
  2700, 10862,20171214,   14,    0
  2700, 10862,20171215,   -1,    0
  2700, 10862,20171216,   -3,    0
  2700, 10862,20171217,   32,    0
  2700, 10862,20171218,   46,    0
  2700, 10862,20171219,   89,    0
  2700, 10862,20171220,   66,    0
  2700, 10862,20171221,   55,    0
  2700, 10862,20171222,   63,    0
  2700, 10862,20171223,   57,    0
  2700, 10862,20171224,   44,    0
  2700, 10862,20171225,    8,    0
  2700, 10862,20171226,    8,    0
  2700, 10862,20171227,    4,    0
  2700, 10862,20171228,  -15,    0
  2700, 10862,20171229,    2,    0
  2700, 10862,20171230,   23,    0
  2700, 10862,20171231,   35,    0
  2700, 10862,20180101,   16,    0
  2700, 10862,20180102,   15,    0
  2700, 10862,20180103,   -8,    0
  2700, 10862,20180104,  -18,    0
  2700, 10862,20180105,    8,    0
  2700, 10862,20180106,   -7,    0
  2700, 10862,20180107,   20,    0
  2700, 10862,20180108,   46,    0
  2700, 10862,20180109,   41,    0
  2700, 10862,20180110,   64,    0
  2700, 10862,20180111,   55,    0
  2700, 10862,20180112,   32,    0
  2700, 10862,20180113,   23,    0
  2700, 10862,20180114,   48,    0
  2700, 10862,20180115,   48,    0
  2700, 10862,20180116,   29,    0
  2700, 10862,20180117,   17,    0
  2700, 10862,20180118,   11,    0
  2700, 10862,20180119,   24,    0
  2700, 10862,20180120,    4,    0
  2700, 10862,20180121,   18,    0
  2700, 10862,20180122,   25,    0
  2700, 10862,20180123,   52,    0
  2700, 10862,20180124,   49,    0
  2700, 10862,20180125,   39,    0
  2700, 10862,20180126,    6,    0
  2700, 10862,20180127,   27,    0
  2700, 10862,20180128,   44,    0
  2700, 10862,20180129,   30,    0
  2700, 10862,20180130,   35,    0
  2700, 10862,20180131,   31,    0
  2700, 10862,20180201,   12,    0
  2700, 10862,20180202,    9,    0
  2700, 10862,20180203,   -9,    0
  2700, 10862,20180204,   23,    0
  2700, 10862,20180205,   25,    0
  2700, 10862,20180206,   13,    0
  2700, 10862,20180207,    5,    0
  2700, 10862,20180208,   30,    0
  2700, 10862,20180209,   42,    0
  2700, 10862,20180210,   33,    0
  2700, 10862,20180211,   23,    0
  2700, 10862,20180212,    1,    0
  2700, 10862,20180213,   33,    0
  2700, 10862,20180214,   40,    0
  2700, 10862,20180215,   40,    0
  2700, 10862,20180216,   38,    0
  2700, 10862,20180217,   51,    0
  2700, 10862,20180218,   36,    0
  2700, 10862,20180219,   -9,    0
  2700, 10862,20180220,   15,    0
  2700, 10862,20180221,   23,    0
  2700, 10862,20180222,   10,    0
  2700, 10862,20180223,   31,    0
  2700, 10862,20180224,   36,    0
  2700, 10862,20180225,   22,    0
  2700, 10862,20180226,    7,    0
  2700, 10862,20180227,  -40,    0
  2700, 10862,20180228,  -68,    0
  2700, 10862,20180301,  -77,    0
  2700, 10862,20180302,  -64,    0
  2700, 10862,20180303,  -29,    0
  2700, 10862,20180304,  -31,    0
  2700, 10862,20180305,  -30,    0
  2700, 10862,20180306,  -28,    0
  2700, 10862,20180307,  -18,    0
  2700, 10862,20180308,   14,    0
  2700, 10862,20180309,   16,    0
  2700, 10862,20180310,    7,    0
  2700, 10862,20180311,    6,    0
  2700, 10862,20180312,    5,    0
  2700, 10862,20180313,   17,    0
  2700, 10862,20180314,    6,    0
  2700, 10862,20180315,  -11,    0
  2700, 10862,20180316,  -28,    0
  2700, 10862,20180317,  -31,    0
  2700, 10862,20180318,    0,    0
  2700, 10862,20180319,   27,    0
  2700, 10862,20180320,   11,    0
  2700, 10862,20180321,   32,    0
  2700, 10862,20180322,   37,    0
  2700, 10862,20180323,   63,    0
  2700, 10862,20180324,   55,    0
  2700, 10862,20180325,   42,    0
  2700, 10862,20180326,   10,    0
  2700, 10862,20180327,    1,    0
  2700, 10862,20180328,  -13,    0
  2700, 10862,20180329,  -16,    0
  2700, 10862,20180330,  -20,    0
  2700, 10862,20180331,  -20,    0
  2700, 10862,20180401,    2,    0
  2700, 10862,20180402,  -15,    0
  2700, 10862,20180403,  -16,    0
  2700, 10862,20180404,   -5,    0
  2700, 10862,20180405,   -1,    0
  2700, 10862,20180406,   20,    0
  2700, 10862,20180407,   27,    0
  2700, 10862,20180408,   38,    0
  2700, 10862,20180409,   39,    0
  2700, 10862,20180410,   48,    0
  2700, 10862,20180411,   44,    0
  2700, 10862,20180412,   56,    0
  2700, 10862,20180413,   75,    0
  2700, 10862,20180414,   96,    0
  2700, 10862,20180415,   89,    0
  2700, 10862,20180416,   80,    0
  2700, 10862,20180417,   99,    0
  2700, 10862,20180418,  111,    0
  2700, 10862,20180419,  129,    0
  2700, 10862,20180420,   88,    0
  2700, 10862,20180421,   69,    0
  2700, 10862,20180422,   85,    0
  2700, 10862,20180423,   79,    0
  2700, 10862,20180424,   62,    0
  2700, 10862,20180425,   56,    0
  2700, 10862,20180426,   63,    0
  2700, 10862,20180427,   54,    0
  2700, 10862,20180428,   49,    0
  2700, 10862,20180429,   51,    0
  2700, 10862,20180430,   52,    0
  2700, 10862,20180501,   76,    0
  2700, 10862,20180502,  100,    0
  2700, 10862,20180503,   78,    0
  2700, 10862,20180504,   88,    0
  2700, 10862,20180505,  113,    0
  2700, 10862,20180506,   91,    0
  2700, 10862,20180507,   95,    0
  2700, 10862,20180508,  163,    0
  2700, 10862,20180509,  144,    0
  2700, 10862,20180510,   96,    0
  2700, 10862,20180511,   94,    0
  2700, 10862,20180512,   93,    0
  2700, 10862,20180513,  132,    0
  2700, 10862,20180514,  131,    0
  2700, 10862,20180515,  125,    0
  2700, 10862,20180516,   88,    0
  2700, 10862,20180517,   85,    0
  2700, 10862,20180518,   91,    0
  2700, 10862,20180519,  128,    0
  2700, 10862,20180520,  155,    0
  2700, 10862,20180521,  160,    0
  2700, 10862,20180522,   87,    0
  2700, 10862,20180523,  125,    0
  2700, 10862,20180524,   98,    0
  2700, 10862,20180525,  115,    0
  2700, 10862,20180526,  101,    0
  2700, 10862,20180527,  167,    0
  2700, 10862,20180528,  179,    0
  2700, 10862,20180529,  135,    0
  2700, 10862,20180530,  196,    0
  2700, 10862,20180531,  215,    0
  2700, 10862,20180601,  183,    0
  2700, 10862,20180602,  163,    0
  2700, 10862,20180603,  136,    0
  2700, 10862,20180604,   95,    0
  2700, 10862,20180605,   85,    0
  2700, 10862,20180606,   97,    0
  2700, 10862,20180607,  106,    0
  2700, 10862,20180608,  103,    0
  2700, 10862,20180609,  105,    0
  2700, 10862,20180610,   94,    0
  2700, 10862,20180611,   98,    0
  2700, 10862,20180612,   95,    0
  2700, 10862,20180613,  110,    0
  2700, 10862,20180614,  126,    0
  2700, 10862,20180615,  109,    0
  2700, 10862,20180616,  123,    0
  2700, 10862,20180617,  129,    0
  2700, 10862,20180618,  118,    0
  2700, 10862,20180619,   96,    0
  2700, 10862,20180620,   99,    0
  2700, 10862,20180621,   86,    0
  2700, 10862,20180622,   94,    0
  2700, 10862,20180623,  105,    0
  2700, 10862,20180624,  108,    0
  2700, 10862,20180625,  115,    0
  2700, 10862,20180626,  114,    0
  2700, 10862,20180627,  120,    0
  2700, 10862,20180628,  121,    0
  2700, 10862,20180629,  106,    0
  2700, 10862,20180630,  140,    0
  2700, 10862,20180701,  158,    0
  2700, 10862,20180702,  142,    0
  2700, 10862,20180703,  124,    0
  2700, 10862,20180704,  133,    0
  2700, 10862,20180705,  117,    0
  2700, 10862,20180706,  116,    0
  2700, 10862,20180707,  127,    0
  2700, 10862,20180708,  118,    0
  2700, 10862,20180709,  114,    0
  2700, 10862,20180710,  143,    0
  2700, 10862,20180711,  158,    0
  2700, 10862,20180712,  121,    0
  2700, 10862,20180713,  115,    0
  2700, 10862,20180714,  135,    0
  2700, 10862,20180715,  172,    0
  2700, 10862,20180716,  192,    0
  2700, 10862,20180717,  185,    0
  2700, 10862,20180718,  149,    0
  2700, 10862,20180719,  140,    0
  2700, 10862,20180720,  150,    0
  2700, 10862,20180721,  165,    0
  2700, 10862,20180722,  152,    0
  2700, 10862,20180723,  148,    0
  2700, 10862,20180724,  146,    0
  2700, 10862,20180725,  148,    0
  2700, 10862,20180726,  173,    0
  2700, 10862,20180727,  232,    0
  2700, 10862,20180728,  245,    0
  2700, 10862,20180729,  185,    0
  2700, 10862,20180730,  181,    0
  2700, 10862,20180731,  182,    0
  2700, 10862,20180801,  175,    0
  2700, 10862,20180802,  166,    0
  2700, 10862,20180803,  160,    0
  2700, 10862,20180804,  140,    0
  2700, 10862,20180805,  121,    0
  2700, 10862,20180806,  138,    0
  2700, 10862,20180807,  155,    0
  2700, 10862,20180808,  162,    0
  2700, 10862,20180809,  141,    0
  2700, 10862,20180810,  126,    0
  2700, 10862,20180811,  122,    0
  2700, 10862,20180812,  117,    0
  2700, 10862,20180813,  121,    0
  2700, 10862,20180814,  138,    0
  2700, 10862,20180815,  149,    0
  2700, 10862,20180816,  142,    0
  2700, 10862,20180817,  125,    0
  2700, 10862,20180818,  133,    0
  2700, 10862,20180819,  120,    0
  2700, 10862,20180820,  105,    0
  2700, 10862,20180821,  124,    0
  2700, 10862,20180822,  132,    0
  2700, 10862,20180823,  125,    0
  2700, 10862,20180824,  111,    0
  2700, 10862,20180825,  102,    0
  2700, 10862,20180826,   91,    0
  2700, 10862,20180827,  101,    0
  2700, 10862,20180828,  134,    0
  2700, 10862,20180829,  139,    0
  2700, 10862,20180830,  117,    0
  2700, 10862,20180831,  109,    0
  2700, 10862,20180901,  133,    0
  2700, 10862,20180902,  164,    0
  2700, 10862,20180903,  129,    0
  2700, 10862,20180904,  117,    0
  2700, 10862,20180905,  122,    0
  2700, 10862,20180906,  126,    0
  2700, 10862,20180907,  152,    0
  2700, 10862,20180908,  151,    0
  2700, 10862,20180909,  128,    0
  2700, 10862,20180910,  130,    0
  2700, 10862,20180911,  116,    0
  2700, 10862,20180912,  104,    0
  2700, 10862,20180913,  103,    0
  2700, 10862,20180914,  100,    0
  2700, 10862,20180915,   97,    0
  2700, 10862,20180916,  107,    0
  2700, 10862,20180917,  116,    0
  2700, 10862,20180918,  149,    0
  2700, 10862,20180919,  135,    0
  2700, 10862,20180920,  111,    0
  2700, 10862,20180921,   95,    0
  2700, 10862,20180922,   92,    0
  2700, 10862,20180923,   69,    0
  2700, 10862,20180924,   67,    0
  2700, 10862,20180925,  103,    0
  2700, 10862,20180926,  102,    0
  2700, 10862,20180927,   77,    0
  2700, 10862,20180928,   69,    0
  2700, 10862,20180929,   92,    0
  2700, 10862,20180930,   80,    0
  2700, 10862,20181001,   63,    0
  2700, 10862,20181002,   57,    0
  2700, 10862,20181003,   68,    0
  2700, 10862,20181004,   88,    0
  2700, 10862,20181005,   84,    0
  2700, 10862,20181006,   56,    0
  2700, 10862,20181007,   71,    0
  2700, 10862,20181008,   92,    0
  2700, 10862,20181009,   97,    0
  2700, 10862,20181010,  123,    0
  2700, 10862,20181011,  156,    0
  2700, 10862,20181012,  183,    0
  2700, 10862,20181013,  124,    0
  2700, 10862,20181014,  124,    0
  2700, 10862,20181015,   74,    0
  2700, 10862,20181016,  113,    0
  2700, 10862,20181017,  107,    0
  2700, 10862,20181018,   84,    0
  2700, 10862,20181019,   91,    0
  2700, 10862,20181020,   99,    0
  2700, 10862,20181021,   92,    0
  2700, 10862,20181022,   69,    0
  2700, 10862,20181023,   55,    0
  2700, 10862,20181024,   54,    0
  2700, 10862,20181025,   53,    0
  2700, 10862,20181026,   29,    0
  2700, 10862,20181027,   29,    0
  2700, 10862,20181028,   10,    0
  2700, 10862,20181029,   12,    0
  2700, 10862,20181030,    8,    0
  2700, 10862,20181031,   61,    0
  2700, 10862,20181101,  105,    0
  2700, 10862,20181102,   70,    0
  2700, 10862,20181103,   89,    0
  2700, 10862,20181104,  114,    0
  2700, 10862,20181105,  105,    0
  2700, 10862,20181106,   79,    0
  2700, 10862,20181107,  127,    0
  2700, 10862,20181108,   99,    0
  2700, 10862,20181109,   74,    0
  2700, 10862,20181110,  109,    0
  2700, 10862,20181111,   87,    0
  2700, 10862,20181112,   91,    0
  2700, 10862,20181113,   92,    0
  2700, 10862,20181114,  105,    0
  2700, 10862,20181115,  128,    0
  2700, 10862,20181116,  110,    0
  2700, 10862,20181117,   95,    0
  2700, 10862,20181118,   80,    0
  2700, 10862,20181119,   67,    0
  2700, 10862,20181120,   27,    0
  2700, 10862,20181121,    7,    0
  2700, 10862,20181122,   27,    0
  2700, 10862,20181123,   37,    0
  2700, 10862,20181124,   35,    0
  2700, 10862,20181125,   20,    0
  2700, 10862,20181126,   14,    0
  2700, 10862,20181127,    7,    0
  2700, 10862,20181128,   33,    0
  2700, 10862,20181129,  104,    0
  2700, 10862,20181130,   88,    0
  2700, 10862,20181201,   67,    0
  2700, 10862,20181202,   59,    0
  2700, 10862,20181203,   42,    0
  2700, 10862,20181204,   23,    0
  2700, 10862,20181205,   25,    0
  2700, 10862,20181206,    7,    0
  2700, 10862,20181207,   56,    0
  2700, 10862,20181208,   41,    0
  2700, 10862,20181209,   42,    0
  2700, 10862,20181210,   47,    0
  2700, 10862,20181211,    3,    0
  2700, 10862,20181212,   27,    0
  2700, 10862,20181213,   15,    0
  2700, 10862,20181214,   17,    0
  2700, 10862,20181215,   17,    0
  2700, 10862,20181216,   20,    0
  2700, 10862,20181217,   35,    0
  2700, 10862,20181218,   18,    0
  2700, 10862,20181219,   71,    0
  2700, 10862,20181220,   63,    0
  2700, 10862,20181221,   54,    0
  2700, 10862,20181222,   19,    0
  2700, 10862,20181223,   14,    0
  2700, 10862,20181224,   51,    0
  2700, 10862,20181225,   63,    0
  2700, 10862,20181226,   70,    0
  2700, 10862,20181227,   70,    0
  2700, 10862,20181228,   66,    0
  2700, 10862,20181229,   56,    0
  2700, 10862,20181230,   38,    0
  2700, 10862,20181231,   81,    0
  2700, 10862,20190101,   39,    0
  2700, 10862,20190102,   23,    0
  2700, 10862,20190103,   56,    0
  2700, 10862,20190104,   79,    0
  2700, 10862,20190105,   68,    0
  2700, 10862,20190106,   53,    0
  2700, 10862,20190107,   36,    0
  2700, 10862,20190108,   34,    0
  2700, 10862,20190109,   22,    0
  2700, 10862,20190110,   66,    0
  2700, 10862,20190111,   24,    0
  2700, 10862,20190112,   30,    0
  2700, 10862,20190113,   15,    0
  2700, 10862,20190114,    2,    0
  2700, 10862,20190115,   -4,    0
  2700, 10862,20190116,    6,    0
  2700, 10862,20190117,   -2,    0
  2700, 10862,20190118,    4,    0
  2700, 10862,20190119,    4,    0
  2700, 10862,20190120,   -2,    0
  2700, 10862,20190121,   29,    0
  2700, 10862,20190122,   35,    0
  2700, 10862,20190123,   24,    0
  2700, 10862,20190124,   26,    0
  2700, 10862,20190125,   27,    0
  2700, 10862,20190126,    9,    0
  2700, 10862,20190127,  -31,    0
  2700, 10862,20190128,  -10,    0
  2700, 10862,20190129,    9,    0
  2700, 10862,20190130,   39,    0
  2700, 10862,20190131,   26,    0
  2700, 10862,20190201,   17,    0
  2700, 10862,20190202,    1,    0
  2700, 10862,20190203,   -6,    0
  2700, 10862,20190204,    2,    0
  2700, 10862,20190205,  -40,    0
  2700, 10862,20190206,   31,    0
  2700, 10862,20190207,   42,    0
  2700, 10862,20190208,   30,    0
  2700, 10862,20190209,   52,    0
  2700, 10862,20190210,   28,    0
  2700, 10862,20190211,    9,    0
  2700, 10862,20190212,   41,    0
  2700, 10862,20190213,   74,    0
  2700, 10862,20190214,   85,    0
  2700, 10862,20190215,  100,    0
  2700, 10862,20190216,   27,    0
  2700, 10862,20190217,   72,    0
  2700, 10862,20190218,   75,    0
  2700, 10862,20190219,   48,    0
  2700, 10862,20190220,   33,    0
  2700, 10862,20190221,   73,    0
  2700, 10862,20190222,   93,    0
  2700, 10862,20190223,  113,    0
  2700, 10862,20190224,   78,    0
  2700, 10862,20190225,   80,    0
  2700, 10862,20190226,   93,    0
  2700, 10862,20190227,   61,    0
  2700, 10862,20190228,   27,    0
  2700, 10862,20190301,   20,    0
  2700, 10862,20190302,   40,    0
  2700, 10862,20190303,   56,    0
  2700, 10862,20190304,   33,    0
  2700, 10862,20190305,   11,    0
  2700, 10862,20190306,   14,    0
  2700, 10862,20190307,   18,    0
  2700, 10862,20190308,    7,    0
  2700, 10862,20190309,   -4,    0
  2700, 10862,20190310,  -18,    0
  2700, 10862,20190311,   -6,    0
  2700, 10862,20190312,   37,    0
  2700, 10862,20190313,   26,    0
  2700, 10862,20190314,   33,    0
  2700, 10862,20190315,   39,    0
  2700, 10862,20190316,   21,    0
  2700, 10862,20190317,   26,    0
  2700, 10862,20190318,   27,    0
  2700, 10862,20190319,   37,    0
  2700, 10862,20190320,   63,    0
  2700, 10862,20190321,   61,    0
  2700, 10862,20190322,   74,    0
  2700, 10862,20190323,   43,    0
  2700, 10862,20190324,   43,    0
  2700, 10862,20190325,   34,    0
  2700, 10862,20190326,   37,    0
  2700, 10862,20190327,   70,    0
  2700, 10862,20190328,   89,    0
  2700, 10862,20190329,   69,    0
  2700, 10862,20190330,   37,    0
  2700, 10862,20190331,   13,    0
  2700, 10862,20190401,   42,    0
  2700, 10862,20190402,   52,    0
  2700, 10862,20190403,   48,    0
  2700, 10862,20190404,   51,    0
  2700, 10862,20190405,   67,    0
  2700, 10862,20190406,   47,    0
  2700, 10862,20190407,   47,    0
  2700, 10862,20190408,   41,    0
  2700, 10862,20190409,   37,    0
  2700, 10862,20190410,   20,    0
  2700, 10862,20190411,   25,    0
  2700, 10862,20190412,   28,    0
  2700, 10862,20190413,   35,    0
  2700, 10862,20190414,   44,    0
  2700, 10862,20190415,   47,    0
  2700, 10862,20190416,   62,    0
  2700, 10862,20190417,   71,    0
  2700, 10862,20190418,  119,    0
  2700, 10862,20190419,  130,    0
  2700, 10862,20190420,  126,    0
  2700, 10862,20190421,   96,    0
  2700, 10862,20190422,  152,    0
  2700, 10862,20190423,  129,    0
  2700, 10862,20190424,  128,    0
  2700, 10862,20190425,  147,    0
  2700, 10862,20190426,  148,    0
  2700, 10862,20190427,  133,    0
  2700, 10862,20190428,  124,    0
  2700, 10862,20190429,  125,    0
  2700, 10862,20190430,   90,    0
  2700, 10862,20190501,   68,    0
  2700, 10862,20190502,   29,    0
  2700, 10862,20190503,   17,    0
  2700, 10862,20190504,   45,    0
  2700, 10862,20190505,   37,    0
  2700, 10862,20190506,   36,    0
  2700, 10862,20190507,   23,    0
  2700, 10862,20190508,   30,    0
  2700, 10862,20190509,   54,    0
  2700, 10862,20190510,   59,    0
  2700, 10862,20190511,   55,    0
  2700, 10862,20190512,   47,    0
  2700, 10862,20190513,   62,    0
  2700, 10862,20190514,   96,    0
  2700, 10862,20190515,  106,    0
  2700, 10862,20190516,  120,    0
  2700, 10862,20190517,  125,    0
  2700, 10862,20190518,  130,    0
  2700, 10862,20190519,  133,    0
  2700, 10862,20190520,  139,    0
  2700, 10862,20190521,  139,    0
  2700, 10862,20190522,  114,    0
  2700, 10862,20190523,  107,    0
  2700, 10862,20190524,   91,    0
  2700, 10862,20190525,   80,    0
  2700, 10862,20190526,   67,    0
  2700, 10862,20190527,   56,    0
  2700, 10862,20190528,   53,    0
  2700, 10862,20190529,   47,    0
  2700, 10862,20190530,   60,    0
  2700, 10862,20190531,   75,    0
  2700, 10862,20190601,   79,    0
  2700, 10862,20190602,  106,    0
  2700, 10862,20190603,  144,    0
  2700, 10862,20190604,  120,    0
  2700, 10862,20190605,  124,    0
  2700, 10862,20190606,  146,    0
  2700, 10862,20190607,  131,    0
  2700, 10862,20190608,  126,    0
  2700, 10862,20190609,  112,    0
  2700, 10862,20190610,   95,    0
  2700, 10862,20190611,  112,    0
  2700, 10862,20190612,  115,    0
  2700, 10862,20190613,  125,    0
  2700, 10862,20190614,  160,    0
  2700, 10862,20190615,  148,    0
  2700, 10862,20190616,  147,    0
  2700, 10862,20190617,  140,    0
  2700, 10862,20190618,  139,    0
  2700, 10862,20190619,  136,    0
  2700, 10862,20190620,  129,    0
  2700, 10862,20190621,  108,    0
  2700, 10862,20190622,  104,    0
  2700, 10862,20190623,  115,    0
  2700, 10862,20190624,  116,    0
  2700, 10862,20190625,  116,    0
  2700, 10862,20190626,  110,    0
  2700, 10862,20190627,  110,    0
  2700, 10862,20190628,  118,    0
  2700, 10862,20190629,  136,    0
  2700, 10862,20190630,  131,    0
  2700, 10862,20190701,  102,    0
  2700, 10862,20190702,   79,    0
  2700, 10862,20190703,   74,    0
  2700, 10862,20190704,   96,    0
  2700, 10862,20190705,  101,    0
  2700, 10862,20190706,  105,    0
  2700, 10862,20190707,  106,    0
  2700, 10862,20190708,  114,    0
  2700, 10862,20190709,  126,    0
  2700, 10862,20190710,  131,    0
  2700, 10862,20190711,  136,    0
  2700, 10862,20190712,  126,    0
  2700, 10862,20190713,  112,    0
  2700, 10862,20190714,  111,    0
  2700, 10862,20190715,  117,    0
  2700, 10862,20190716,  125,    0
  2700, 10862,20190717,  138,    0
  2700, 10862,20190718,  143,    0
  2700, 10862,20190719,  153,    0
  2700, 10862,20190720,  153,    0
  2700, 10862,20190721,  142,    0
  2700, 10862,20190722,  152,    0
  2700, 10862,20190723,  174,    0
  2700, 10862,20190724,  198,    0
  2700, 10862,20190725,  201,    0
  2700, 10862,20190726,  227,    0
  2700, 10862,20190727,  232,    0
  2700, 10862,20190728,  241,    0
  2700, 10862,20190729,  221,    0
  2700, 10862,20190730,  205,    0
  2700, 10862,20190731,  162,    0
  2700, 10862,20190801,  160,    0
  2700, 10862,20190802,  149,    0
  2700, 10862,20190803,  139,    0
  2700, 10862,20190804,  138,    0
  2700, 10862,20190805,  145,    0
  2700, 10862,20190806,  142,    0
  2700, 10862,20190807,  139,    0
  2700, 10862,20190808,  127,    0
  2700, 10862,20190809,  135,    0
  2700, 10862,20190810,  159,    0
  2700, 10862,20190811,  157,    0
  2700, 10862,20190812,  116,    0
  2700, 10862,20190813,  108,    0
  2700, 10862,20190814,  114,    0
  2700, 10862,20190815,  138,    0
  2700, 10862,20190816,  135,    0
  2700, 10862,20190817,  154,    0
  2700, 10862,20190818,  143,    0
  2700, 10862,20190819,  139,    0
  2700, 10862,20190820,  129,    0
  2700, 10862,20190821,  122,    0
  2700, 10862,20190822,  136,    0
  2700, 10862,20190823,  130,    0
  2700, 10862,20190824,  166,    0
  2700, 10862,20190825,  175,    0
  2700, 10862,20190826,  217,    0
  2700, 10862,20190827,  216,    0
  2700, 10862,20190828,  197,    0
  2700, 10862,20190829,  147,    0
  2700, 10862,20190830,  144,    0
  2700, 10862,20190831,  163,    0
  2700, 10862,20190901,  115,    0
  2700, 10862,20190902,  102,    0
  2700, 10862,20190903,  102,    0
  2700, 10862,20190904,  102,    0
  2700, 10862,20190905,   92,    0
  2700, 10862,20190906,   90,    0
  2700, 10862,20190907,  102,    0
  2700, 10862,20190908,  102,    0
  2700, 10862,20190909,  121,    0
  2700, 10862,20190910,  131,    0
  2700, 10862,20190911,  135,    0
  2700, 10862,20190912,  117,    0
  2700, 10862,20190913,  103,    0
  2700, 10862,20190914,  110,    0
  2700, 10862,20190915,  100,    0
  2700, 10862,20190916,   78,    0
  2700, 10862,20190917,   70,    0
  2700, 10862,20190918,   83,    0
  2700, 10862,20190919,   75,    0
  2700, 10862,20190920,  116,    0
  2700, 10862,20190921,  144,    0
  2700, 10862,20190922,  118,    0
  2700, 10862,20190923,  113,    0
  2700, 10862,20190924,  108,    0
  2700, 10862,20190925,  101,    0
  2700, 10862,20190926,  106,    0
  2700, 10862,20190927,  137,    0
  2700, 10862,20190928,  108,    0
  2700, 10862,20190929,   99,    0
  2700, 10862,20190930,   68,    0
  2700, 10862,20191001,   72,    0
  2700, 10862,20191002,   94,    0
  2700, 10862,20191003,   78,    0
  2700, 10862,20191004,   51,    0
  2700, 10862,20191005,   47,    0
  2700, 10862,20191006,   50,    0
  2700, 10862,20191007,   55,    0
  2700, 10862,20191008,   85,    0
  2700, 10862,20191009,  109,    0
  2700, 10862,20191010,  105,    0
  2700, 10862,20191011,   82,    0
  2700, 10862,20191012,   64,    0
  2700, 10862,20191013,   39,    0
  2700, 10862,20191014,   40,    0
  2700, 10862,20191015,   76,    0
  2700, 10862,20191016,   78,    0
  2700, 10862,20191017,   95,    0
  2700, 10862,20191018,   76,    0
  2700, 10862,20191019,   73,    0
  2700, 10862,20191020,   57,    0
  2700, 10862,20191021,   64,    0
  2700, 10862,20191022,   79,    0
  2700, 10862,20191023,  106,    0
  2700, 10862,20191024,  112,    0
  2700, 10862,20191025,   68,    0
  2700, 10862,20191026,   67,    0
  2700, 10862,20191027,   39,    0
  2700, 10862,20191028,   36,    0
  2700, 10862,20191029,   43,    0
  2700, 10862,20191030,   65,    0
  2700, 10862,20191031,   69,    0
  2700, 10862,20191101,   54,    0
  2700, 10862,20191102,   46,    0
  2700, 10862,20191103,   23,    0
  2700, 10862,20191104,    8,    0
  2700, 10862,20191105,   21,    0
  2700, 10862,20191106,   17,    0
  2700, 10862,20191107,   -5,    0
  2700, 10862,20191108,    2,    0
  2700, 10862,20191109,   -1,    0
  2700, 10862,20191110,  -13,    0
  2700, 10862,20191111,  -46,    0
  2700, 10862,20191112,   -1,    0
  2700, 10862,20191113,   16,    0
  2700, 10862,20191114,   10,    0
  2700, 10862,20191115,    1,    0
  2700, 10862,20191116,   -8,    0
  2700, 10862,20191117,    8,    0
  2700, 10862,20191118,   17,    0
  2700, 10862,20191119,   26,    0
  2700, 10862,20191120,   35,    0
  2700, 10862,20191121,   32,    0
  2700, 10862,20191122,   39,    0
  2700, 10862,20191123,   47,    0
  2700, 10862,20191124,   36,    0
  2700, 10862,20191125,   39,    0
  2700, 10862,20191126,   47,    0
  2700, 10862,20191127,   30,    0
  2700, 10862,20191128,   26,    0
  2700, 10862,20191129,   20,    0
  2700, 10862,20191130,   10,    0
  2700, 10862,20191201,   22,    0
  2700, 10862,20191202,   17,    0
  2700, 10862,20191203,   79,    0
  2700, 10862,20191204,   81,    0
  2700, 10862,20191205,   57,    0
  2700, 10862,20191206,   43,    0
  2700, 10862,20191207,   20,    0
  2700, 10862,20191208,   38,    0
  2700, 10862,20191209,   17,    0
  2700, 10862,20191210,   38,    0
  2700, 10862,20191211,   64,    0
  2700, 10862,20191212,   52,    0
  2700, 10862,20191213,   50,    0
  2700, 10862,20191214,   20,    0
  2700, 10862,20191215,   19,    0
  2700, 10862,20191216,   29,    0
  2700, 10862,20191217,   30,    0
  2700, 10862,20191218,   38,    0
  2700, 10862,20191219,   52,    0
  2700, 10862,20191220,   76,    0
  2700, 10862,20191221,   88,    0
  2700, 10862,20191222,    2,    0
  2700, 10862,20191223,  -10,    0
  2700, 10862,20191224,    5,    0
  2700, 10862,20191225,   13,    0
  2700, 10862,20191226,    6,    0
  2700, 10862,20191227,   18,    0
  2700, 10862,20191228,   70,    0
  2700, 10862,20191229,   95,    0
  2700, 10862,20191230,   71,    0
  2700, 10862,20191231,   52,    0
  2700, 10862,20200101,   73,    0
  2700, 10862,20200102,   82,    0
  2700, 10862,20200103,   24,    0
  2700, 10862,20200104,   27,    0
  2700, 10862,20200105,   69,    0
  2700, 10862,20200106,   86,    0
  2700, 10862,20200107,   78,    0
  2700, 10862,20200108,   57,    0
  2700, 10862,20200109,   44,    0
  2700, 10862,20200110,   50,    0
  2700, 10862,20200111,   68,    0
  2700, 10862,20200112,   48,    0
  2700, 10862,20200113,   59,    0
  2700, 10862,20200114,   58,    0
  2700, 10862,20200115,   50,    0
  2700, 10862,20200116,   76,    0
  2700, 10862,20200117,   86,    0
  2700, 10862,20200118,   56,    0
  2700, 10862,20200119,   50,    0
  2700, 10862,20200120,   87,    0
  2700, 10862,20200121,   47,    0
  2700, 10862,20200122,   37,    0
  2700, 10862,20200123,   72,    0
  2700, 10862,20200124,   42,    0
  2700, 10862,20200125,   58,    0
  2700, 10862,20200126,   73,    0
  2700, 10862,20200127,   38,    0
  2700, 10862,20200128,   17,    0
  2700, 10862,20200129,   16,    0
  2700, 10862,20200130,   35,    0
  2700, 10862,20200131,   57,    0
  2700, 10862,20200201,   22,    0
  2700, 10862,20200202,   21,    0
  2700, 10862,20200203,    3,    0
  2700, 10862,20200204,   20,    0
  2700, 10862,20200205,   61,    0
  2700, 10862,20200206,   71,    0
  2700, 10862,20200207,   73,    0
  2700, 10862,20200208,   74,    0
  2700, 10862,20200209,   36,    0
  2700, 10862,20200210,   35,    0
  2700, 10862,20200211,   23,    0
  2700, 10862,20200212,   16,    0
  2700, 10862,20200213,   15,    0
  2700, 10862,20200214,   27,    0
  2700, 10862,20200215,   66,    0
  2700, 10862,20200216,   59,    0
  2700, 10862,20200217,   57,    0
  2700, 10862,20200218,   50,    0
  2700, 10862,20200219,   40,    0
  2700, 10862,20200220,   40,    0
  2700, 10862,20200221,   54,    0
  2700, 10862,20200222,   46,    0
  2700, 10862,20200223,   24,    0
  2700, 10862,20200224,    7,    0
  2700, 10862,20200225,   -9,    0
  2700, 10862,20200226,   13,    0
  2700, 10862,20200227,   22,    0
  2700, 10862,20200228,    7,    0
  2700, 10862,20200229,   11,    0
  2700, 10862,20200301,   19,    0
  2700, 10862,20200302,   29,    0
  2700, 10862,20200303,   41,    0
  2700, 10862,20200304,   37,    0
  2700, 10862,20200305,   31,    0
  2700, 10862,20200306,   34,    0
  2700, 10862,20200307,   50,    0
  2700, 10862,20200308,   70,    0
  2700, 10862,20200309,   55,    0
  2700, 10862,20200310,   59,    0
  2700, 10862,20200311,   49,    0
  2700, 10862,20200312,   27,    0
  2700, 10862,20200313,  -11,    0
  2700, 10862,20200314,   20,    0
  2700, 10862,20200315,   49,    0
  2700, 10862,20200316,   38,    0
  2700, 10862,20200317,   50,    0
  2700, 10862,20200318,   42,    0
  2700, 10862,20200319,   31,    0
  2700, 10862,20200320,   10,    0
  2700, 10862,20200321,   18,    0
  2700, 10862,20200322,   41,    0
  2700, 10862,20200323,   61,    0
  2700, 10862,20200324,   59,    0
  2700, 10862,20200325,   64,    0
  2700, 10862,20200326,   59,    0
  2700, 10862,20200327,   51,    0
  2700, 10862,20200328,    8,    0
  2700, 10862,20200329,   16,    0
  2700, 10862,20200330,   30,    0
  2700, 10862,20200331,   57,    0
  2700, 10862,20200401,   52,    0
  2700, 10862,20200402,   19,    0
  2700, 10862,20200403,    8,    0
  2700, 10862,20200404,   12,    0
  2700, 10862,20200405,   85,    0
  2700, 10862,20200406,  121,    0
  2700, 10862,20200407,   81,    0
  2700, 10862,20200408,   59,    0
  2700, 10862,20200409,   28,    0
  2700, 10862,20200410,   42,    0
  2700, 10862,20200411,   60,    0
  2700, 10862,20200412,   38,    0
  2700, 10862,20200413,   16,    0
  2700, 10862,20200414,   53,    0
  2700, 10862,20200415,   63,    0
  2700, 10862,20200416,   38,    0
  2700, 10862,20200417,   42,    0
  2700, 10862,20200418,   43,    0
  2700, 10862,20200419,   52,    0
  2700, 10862,20200420,   76,    0
  2700, 10862,20200421,   91,    0
  2700, 10862,20200422,   78,    0
  2700, 10862,20200423,   51,    0
  2700, 10862,20200424,   61,    0
  2700, 10862,20200425,   57,    0
  2700, 10862,20200426,   60,    0
  2700, 10862,20200427,   57,    0
  2700, 10862,20200428,   55,    0
  2700, 10862,20200429,   53,    0
  2700, 10862,20200430,   82,    0
  2700, 10862,20200501,   51,    0
  2700, 10862,20200502,   59,    0
  2700, 10862,20200503,   48,    0
  2700, 10862,20200504,   37,    0
  2700, 10862,20200505,   52,    0
  2700, 10862,20200506,   73,    0
  2700, 10862,20200507,   63,    0
  2700, 10862,20200508,   66,    0
  2700, 10862,20200509,   43,    0
  2700, 10862,20200510,   19,    0
  2700, 10862,20200511,   24,    0
  2700, 10862,20200512,   23,    0
  2700, 10862,20200513,   20,    0
  2700, 10862,20200514,   31,    0
  2700, 10862,20200515,   33,    0
  2700, 10862,20200516,   33,    0
  2700, 10862,20200517,   59,    0
  2700, 10862,20200518,   58,    0
  2700, 10862,20200519,   54,    0
  2700, 10862,20200520,   78,    0
  2700, 10862,20200521,  122,    0
  2700, 10862,20200522,  141,    0
  2700, 10862,20200523,  119,    0
  2700, 10862,20200524,  111,    0
  2700, 10862,20200525,  102,    0
  2700, 10862,20200526,  104,    0
  2700, 10862,20200527,   91,    0
  2700, 10862,20200528,   98,    0
  2700, 10862,20200529,  113,    0
  2700, 10862,20200530,  143,    0
  2700, 10862,20200531,  155,    0
  2700, 10862,20200601,  148,    0
  2700, 10862,20200602,  118,    0
  2700, 10862,20200603,   89,    0
  2700, 10862,20200604,  114,    0
  2700, 10862,20200605,  149,    0
  2700, 10862,20200606,  128,    0
  2700, 10862,20200607,   77,    0
  2700, 10862,20200608,   69,    0
  2700, 10862,20200609,  104,    0
  2700, 10862,20200610,  121,    0
  2700, 10862,20200611,  133,    0
  2700, 10862,20200612,  180,    0
  2700, 10862,20200613,  187,    0
  2700, 10862,20200614,  169,    0
  2700, 10862,20200615,  169,    0
  2700, 10862,20200616,  191,    0
  2700, 10862,20200617,  178,    0
  2700, 10862,20200618,  177,    0
  2700, 10862,20200619,  228,    0
  2700, 10862,20200620,  198,    0
  2700, 10862,20200621,  160,    0
  2700, 10862,20200622,  152,    0
  2700, 10862,20200623,  153,    0
  2700, 10862,20200624,  191,    0
  2700, 10862,20200625,  180,    0
  2700, 10862,20200626,  205,    0
  2700, 10862,20200627,  231,    0
  2700, 10862,20200628,  178,    0
  2700, 10862,20200629,  146,    0
  2700, 10862,20200630,  121,    0
  2700, 10862,20200701,   96,    0
  2700, 10862,20200702,   86,    0
  2700, 10862,20200703,   87,    0
  2700, 10862,20200704,  113,    0
  2700, 10862,20200705,  126,    0
  2700, 10862,20200706,  107,    0
  2700, 10862,20200707,   98,    0
  2700, 10862,20200708,   98,    0
  2700, 10862,20200709,  108,    0
  2700, 10862,20200710,  110,    0
  2700, 10862,20200711,  102,    0
  2700, 10862,20200712,  108,    0
  2700, 10862,20200713,  120,    0
  2700, 10862,20200714,  134,    0
  2700, 10862,20200715,  141,    0
  2700, 10862,20200716,  149,    0
  2700, 10862,20200717,  137,    0
  2700, 10862,20200718,  138,    0
  2700, 10862,20200719,  125,    0
  2700, 10862,20200720,  111,    0
  2700, 10862,20200721,  103,    0
  2700, 10862,20200722,   99,    0
  2700, 10862,20200723,  107,    0
  2700, 10862,20200724,  122,    0
  2700, 10862,20200725,  130,    0
  2700, 10862,20200726,  152,    0
  2700, 10862,20200727,  150,    0
  2700, 10862,20200728,  156,    0
  2700, 10862,20200729,  141,    0
  2700, 10862,20200730,  157,    0
  2700, 10862,20200731,  159,    0
  2700, 10862,20200801,  178,    0
  2700, 10862,20200802,  137,    0
  2700, 10862,20200803,  123,    0
  2700, 10862,20200804,  127,    0
  2700, 10862,20200805,  141,    0
  2700, 10862,20200806,  164,    0
  2700, 10862,20200807,  186,    0
  2700, 10862,20200808,  148,    0
  2700, 10862,20200809,  132,    0
  2700, 10862,20200810,  155,    0
  2700, 10862,20200811,  161,    0
  2700, 10862,20200812,  187,    0
  2700, 10862,20200813,  159,    0
  2700, 10862,20200814,  132,    0
  2700, 10862,20200815,  149,    0
  2700, 10862,20200816,  146,    0
  2700, 10862,20200817,  169,    0
  2700, 10862,20200818,  185,    0
  2700, 10862,20200819,  165,    0
  2700, 10862,20200820,  177,    0
  2700, 10862,20200821,  174,    0
  2700, 10862,20200822,  152,    0
  2700, 10862,20200823,  105,    0
  2700, 10862,20200824,   96,    0
  2700, 10862,20200825,  102,    0
  2700, 10862,20200826,  112,    0
  2700, 10862,20200827,  123,    0
  2700, 10862,20200828,  128,    0
  2700, 10862,20200829,  110,    0
  2700, 10862,20200830,  104,    0
  2700, 10862,20200831,   99,    0
  2700, 10862,20200901,  128,    0
  2700, 10862,20200902,  168,    0
  2700, 10862,20200903,  152,    0
  2700, 10862,20200904,  120,    0
  2700, 10862,20200905,  105,    0
  2700, 10862,20200906,  109,    0
  2700, 10862,20200907,  112,    0
  2700, 10862,20200908,  118,    0
  2700, 10862,20200909,  103,    0
  2700, 10862,20200910,   87,    0
  2700, 10862,20200911,  117,    0
  2700, 10862,20200912,  109,    0
  2700, 10862,20200913,  112,    0
  2700, 10862,20200914,  103,    0
  2700, 10862,20200915,  119,    0
  2700, 10862,20200916,   85,    0
  2700, 10862,20200917,   95,    0
  2700, 10862,20200918,  115,    0
  2700, 10862,20200919,  105,    0
  2700, 10862,20200920,  122,    0
  2700, 10862,20200921,  124,    0
  2700, 10862,20200922,  102,    0
  2700, 10862,20200923,   98,    0
  2700, 10862,20200924,   79,    0
  2700, 10862,20200925,   91,    0
  2700, 10862,20200926,   93,    0
  2700, 10862,20200927,  101,    0
  2700, 10862,20200928,  137,    0
  2700, 10862,20200929,  108,    0
  2700, 10862,20200930,  117,    0
  2700, 10862,20201001,  139,    0
  2700, 10862,20201002,  125,    0
  2700, 10862,20201003,  140,    0
  2700, 10862,20201004,  122,    0
  2700, 10862,20201005,  124,    0
  2700, 10862,20201006,   94,    0
  2700, 10862,20201007,  115,    0
  2700, 10862,20201008,   95,    0
  2700, 10862,20201009,   70,    0
  2700, 10862,20201010,   86,    0
  2700, 10862,20201011,   84,    0
  2700, 10862,20201012,   73,    0
  2700, 10862,20201013,   74,    0
  2700, 10862,20201014,   70,    0
  2700, 10862,20201015,   77,    0
  2700, 10862,20201016,   84,    0
  2700, 10862,20201017,   65,    0
  2700, 10862,20201018,   46,    0
  2700, 10862,20201019,   26,    0
  2700, 10862,20201020,   43,    0
  2700, 10862,20201021,   58,    0
  2700, 10862,20201022,   56,    0
  2700, 10862,20201023,   42,    0
  2700, 10862,20201024,   81,    0
  2700, 10862,20201025,   84,    0
  2700, 10862,20201026,   94,    0
  2700, 10862,20201027,   69,    0
  2700, 10862,20201028,   72,    0
  2700, 10862,20201029,   70,    0
  2700, 10862,20201030,   80,    0
  2700, 10862,20201031,  103,    0
  2700, 10862,20201101,  106,    0
  2700, 10862,20201102,   87,    0
  2700, 10862,20201103,   83,    0
  2700, 10862,20201104,   70,    0
  2700, 10862,20201105,  106,    0
  2700, 10862,20201106,   98,    0
  2700, 10862,20201107,   85,    0
  2700, 10862,20201108,   68,    0
  2700, 10862,20201109,   77,    0
  2700, 10862,20201110,  115,    0
  2700, 10862,20201111,  118,    0
  2700, 10862,20201112,  126,    0
  2700, 10862,20201113,  121,    0
  2700, 10862,20201114,   92,    0
  2700, 10862,20201115,  120,    0
  2700, 10862,20201116,   96,    0
  2700, 10862,20201117,   81,    0
  2700, 10862,20201118,   41,    0
  2700, 10862,20201119,   23,    0
  2700, 10862,20201120,   27,    0
  2700, 10862,20201121,   84,    0
  2700, 10862,20201122,   63,    0
  2700, 10862,20201123,   54,    0
  2700, 10862,20201124,   77,    0
  2700, 10862,20201125,   71,    0
  2700, 10862,20201126,   52,    0
  2700, 10862,20201127,   56,    0
  2700, 10862,20201128,   63,    0
  2700, 10862,20201129,   71,    0
  2700, 10862,20201130,   56,    0
  2700, 10862,20201201,   45,    0
  2700, 10862,20201202,   67,    0
  2700, 10862,20201203,   54,    0
  2700, 10862,20201204,   23,    0
  2700, 10862,20201205,   19,    0
  2700, 10862,20201206,   22,    0
  2700, 10862,20201207,   36,    0
  2700, 10862,20201208,   67,    0
  2700, 10862,20201209,   53,    0
  2700, 10862,20201210,   58,    0
  2700, 10862,20201211,   33,    0
  2700, 10862,20201212,   -3,    0
  2700, 10862,20201213,   20,    0
  2700, 10862,20201214,   70,    0
  2700, 10862,20201215,   75,    0
  2700, 10862,20201216,   72,    0
  2700, 10862,20201217,   88,    0
  2700, 10862,20201218,   98,    0
  2700, 10862,20201219,  109,    0
  2700, 10862,20201220,   82,    0
  2700, 10862,20201221,   66,    0
  2700, 10862,20201222,   57,    0
  2700, 10862,20201223,   34,    0
  2700, 10862,20201224,   20,    0
  2700, 10862,20201225,   23,    0
  2700, 10862,20201226,   57,    0
  2700, 10862,20201227,   77,    0
  2700, 10862,20201228,   34,    0
  2700, 10862,20201229,    9,    0
  2700, 10862,20201230,   -2,    0
  2700, 10862,20201231,   29,    0
  2700, 10862,20210101,   15,    0
  2700, 10862,20210102,   -2,    0
  2700, 10862,20210103,  -31,    0
  2700, 10862,20210104,  -32,    0
  2700, 10862,20210105,  -22,    0
  2700, 10862,20210106,    6,    0
  2700, 10862,20210107,   25,    0
  2700, 10862,20210108,    9,    0
  2700, 10862,20210109,   27,    0
  2700, 10862,20210110,    2,    0
  2700, 10862,20210111,  -30,    0
  2700, 10862,20210112,   10,    0
  2700, 10862,20210113,  -31,    0
  2700, 10862,20210114,  -57,    0
  2700, 10862,20210115,  -32,    0
  2700, 10862,20210116,  -39,    0
  2700, 10862,20210117,   43,    0
  2700, 10862,20210118,   48,    0
  2700, 10862,20210119,   27,    0
  2700, 10862,20210120,   -8,    0
  2700, 10862,20210121,   19,    0
  2700, 10862,20210122,   11,    0
  2700, 10862,20210123,   25,    0
  2700, 10862,20210124,   27,    0
  2700, 10862,20210125,   13,    0
  2700, 10862,20210126,  -16,    0
  2700, 10862,20210127,  -42,    0
  2700, 10862,20210128,   -9,    0
  2700, 10862,20210129,    3,    0
  2700, 10862,20210130,    2,    0
  2700, 10862,20210131,  -24,    0
  2700, 10862,20210201,  -23,    0
  2700, 10862,20210202,  -62,    0
  2700, 10862,20210203,  -90,    0
  2700, 10862,20210204, -132,    0
  2700, 10862,20210205, -122,    0
  2700, 10862,20210206, -123,    0
  2700, 10862,20210207, -116,    0
  2700, 10862,20210208, -138,    0
  2700, 10862,20210209, -131,    0
  2700, 10862,20210210,  -43,    0
  2700, 10862,20210211, -106,    0
  2700, 10862,20210212,  -71,    0
  2700, 10862,20210213,  -32,    0
  2700, 10862,20210214,  -36,    0
  2700, 10862,20210215,   38,    0
  2700, 10862,20210216,   26,    0
  2700, 10862,20210217,   51,    0
  2700, 10862,20210218,   70,    0
  2700, 10862,20210219,   74,    0
  2700, 10862,20210220,   85,    0
  2700, 10862,20210221,   90,    0
  2700, 10862,20210222,   72,    0
  2700, 10862,20210223,   77,    0
  2700, 10862,20210224,   83,    0
  2700, 10862,20210225,   70,    0
  2700, 10862,20210226,   56,    0
  2700, 10862,20210227,   77,    0
  2700, 10862,20210228,   69,    0
  2700, 10862,20210301,   71,    0
  2700, 10862,20210302,   65,    0
  2700, 10862,20210303,   37,    0
  2700, 10862,20210304,    7,    0
  2700, 10862,20210305,   20,    0
  2700, 10862,20210306,   34,    0
  2700, 10862,20210307,    8,    0
  2700, 10862,20210308,   17,    0
  2700, 10862,20210309,   29,    0
  2700, 10862,20210310,   47,    0
  2700, 10862,20210311,   66,    0
  2700, 10862,20210312,   43,    0
  2700, 10862,20210313,   45,    0
  2700, 10862,20210314,   49,    0
  2700, 10862,20210315,   21,    0
  2700, 10862,20210316,    7,    0
  2700, 10862,20210317,   31,    0
  2700, 10862,20210318,   36,    0
  2700, 10862,20210319,   42,    0
  2700, 10862,20210320,   53,    0
  2700, 10862,20210321,   26,    0
  2700, 10862,20210322,   66,    0
  2700, 10862,20210323,   78,    0
  2700, 10862,20210324,   57,    0
  2700, 10862,20210325,   55,    0
  2700, 10862,20210326,   71,    0
  2700, 10862,20210327,   40,    0
  2700, 10862,20210328,   62,    0
  2700, 10862,20210329,   78,    0
  2700, 10862,20210330,   51,    0
  2700, 10862,20210331,   36,    0
  2700, 10862,20210401,   37,    0
  2700, 10862,20210402,   41,    0
  2700, 10862,20210403,   44,    0
  2700, 10862,20210404,   34,    0
  2700, 10862,20210405,   13,    0
  2700, 10862,20210406,   24,    0
  2700, 10862,20210407,    9,    0
  2700, 10862,20210408,   14,    0
  2700, 10862,20210409,   21,    0
  2700, 10862,20210410,   20,    0
  2700, 10862,20210411,   24,    0
  2700, 10862,20210412,   34,    0
  2700, 10862,20210413,   26,    0
  2700, 10862,20210414,   48,    0
  2700, 10862,20210415,   56,    0
  2700, 10862,20210416,   52,    0
  2700, 10862,20210417,   63,    0
  2700, 10862,20210418,   93,    0
  2700, 10862,20210419,  118,    0
  2700, 10862,20210420,   78,    0
  2700, 10862,20210421,   35,    0
  2700, 10862,20210422,   32,    0
  2700, 10862,20210423,   27,    0
  2700, 10862,20210424,   24,    0
  2700, 10862,20210425,   35,    0
  2700, 10862,20210426,   35,    0
  2700, 10862,20210427,   43,    0
  2700, 10862,20210428,   43,    0
  2700, 10862,20210429,   47,    0
  2700, 10862,20210430,   48,    0
  2700, 10862,20210501,   47,    0
  2700, 10862,20210502,   48,    0
  2700, 10862,20210503,   47,    0
  2700, 10862,20210504,   55,    0
  2700, 10862,20210505,   77,    0
  2700, 10862,20210506,   71,    0
  2700, 10862,20210507,   57,    0
  2700, 10862,20210508,   39,    0
  2700, 10862,20210509,   60,    0
  2700, 10862,20210510,  103,    0
  2700, 10862,20210511,  127,    0
  2700, 10862,20210512,   72,    0
  2700, 10862,20210513,   81,    0
  2700, 10862,20210514,   80,    0
  2700, 10862,20210515,  111,    0
  2700, 10862,20210516,   89,    0
  2700, 10862,20210517,   88,    0
  2700, 10862,20210518,   76,    0
  2700, 10862,20210519,   75,    0
  2700, 10862,20210520,   61,    0
  2700, 10862,20210521,   75,    0
  2700, 10862,20210522,  123,    0
  2700, 10862,20210523,  116,    0
  2700, 10862,20210524,  103,    0
  2700, 10862,20210525,  123,    0
  2700, 10862,20210526,  128,    0
  2700, 10862,20210527,   89,    0
  2700, 10862,20210528,   99,    0
  2700, 10862,20210529,  127,    0
  2700, 10862,20210530,  106,    0
  2700, 10862,20210531,  129,    0
  2700, 10862,20210601,  126,    0
  2700, 10862,20210602,  153,    0
  2700, 10862,20210603,  185,    0
  2700, 10862,20210604,  165,    0
  2700, 10862,20210605,  140,    0
  2700, 10862,20210606,  131,    0
  2700, 10862,20210607,  134,    0
  2700, 10862,20210608,  142,    0
  2700, 10862,20210609,  158,    0
  2700, 10862,20210610,  165,    0
  2700, 10862,20210611,  136,    0
  2700, 10862,20210612,  101,    0
  2700, 10862,20210613,  106,    0
  2700, 10862,20210614,  109,    0
  2700, 10862,20210615,   87,    0
  2700, 10862,20210616,  113,    0
  2700, 10862,20210617,  118,    0
  2700, 10862,20210618,  107,    0
  2700, 10862,20210619,  103,    0
  2700, 10862,20210620,  130,    0
  2700, 10862,20210621,  110,    0
  2700, 10862,20210622,  110,    0
  2700, 10862,20210623,  120,    0
  2700, 10862,20210624,  122,    0
  2700, 10862,20210625,  109,    0
  2700, 10862,20210626,  114,    0
  2700, 10862,20210627,  117,    0
  2700, 10862,20210628,  118,    0
  2700, 10862,20210629,  119,    0
  2700, 10862,20210630,  131,    0
  2700, 10862,20210701,  149,    0
  2700, 10862,20210702,  160,    0
  2700, 10862,20210703,  163,    0
  2700, 10862,20210704,  169,    0
  2700, 10862,20210705,  186,    0
  2700, 10862,20210706,  171,    0
  2700, 10862,20210707,  167,    0
  2700, 10862,20210708,  162,    0
  2700, 10862,20210709,  158,    0
  2700, 10862,20210710,  153,    0
  2700, 10862,20210711,  154,    0
  2700, 10862,20210712,  170,    0
  2700, 10862,20210713,  164,    0
  2700, 10862,20210714,  179,    0
  2700, 10862,20210715,  142,    0
  2700, 10862,20210716,  145,    0
  2700, 10862,20210717,  135,    0
  2700, 10862,20210718,  108,    0
  2700, 10862,20210719,  118,    0
  2700, 10862,20210720,  115,    0
  2700, 10862,20210721,  124,    0
  2700, 10862,20210722,  127,    0
  2700, 10862,20210723,  144,    0
  2700, 10862,20210724,  146,    0
  2700, 10862,20210725,  181,    0
  2700, 10862,20210726,  203,    0
  2700, 10862,20210727,  188,    0
  2700, 10862,20210728,  172,    0
  2700, 10862,20210729,  174,    0
  2700, 10862,20210730,  135,    0
  2700, 10862,20210731,  117,    0
  2700, 10862,20210801,  116,    0
  2700, 10862,20210802,  115,    0
  2700, 10862,20210803,  123,    0
  2700, 10862,20210804,  130,    0
  2700, 10862,20210805,  149,    0
  2700, 10862,20210806,  164,    0
  2700, 10862,20210807,  186,    0
  2700, 10862,20210808,  163,    0
  2700, 10862,20210809,  162,    0
  2700, 10862,20210810,  159,    0
  2700, 10862,20210811,  161,    0
  2700, 10862,20210812,  163,    0
  2700, 10862,20210813,  154,    0
  2700, 10862,20210814,  135,    0
  2700, 10862,20210815,  122,    0
  2700, 10862,20210816,  134,    0
  2700, 10862,20210817,  134,    0
  2700, 10862,20210818,  116,    0
  2700, 10862,20210819,  118,    0
  2700, 10862,20210820,  113,    0
  2700, 10862,20210821,  115,    0
  2700, 10862,20210822,  120,    0
  2700, 10862,20210823,  120,    0
  2700, 10862,20210824,  125,    0
  2700, 10862,20210825,  120,    0
  2700, 10862,20210826,  123,    0
  2700, 10862,20210827,  129,    0
  2700, 10862,20210828,  122,    0
  2700, 10862,20210829,  125,    0
  2700, 10862,20210830,  126,    0
  2700, 10862,20210831,  122,    0
  2700, 10862,20210901,  123,    0
  2700, 10862,20210902,  117,    0
  2700, 10862,20210903,  113,    0
  2700, 10862,20210904,   94,    0
  2700, 10862,20210905,  122,    0
  2700, 10862,20210906,  133,    0
  2700, 10862,20210907,  144,    0
  2700, 10862,20210908,  150,    0
  2700, 10862,20210909,  142,    0
  2700, 10862,20210910,  129,    0
  2700, 10862,20210911,  121,    0
  2700, 10862,20210912,  107,    0
  2700, 10862,20210913,  100,    0
  2700, 10862,20210914,  101,    0
  2700, 10862,20210915,  106,    0
  2700, 10862,20210916,  120,    0
  2700, 10862,20210917,  138,    0
  2700, 10862,20210918,  136,    0
  2700, 10862,20210919,  142,    0
  2700, 10862,20210920,  125,    0
  2700, 10862,20210921,  115,    0
  2700, 10862,20210922,  124,    0
  2700, 10862,20210923,   91,    0
  2700, 10862,20210924,   99,    0
  2700, 10862,20210925,  103,    0
  2700, 10862,20210926,  167,    0
  2700, 10862,20210927,  191,    0
  2700, 10862,20210928,  127,    0
  2700, 10862,20210929,  115,    0
  2700, 10862,20210930,  124,    0
  2700, 10862,20211001,  116,    0
  2700, 10862,20211002,  112,    0
  2700, 10862,20211003,  126,    0
  2700, 10862,20211004,  114,    0
  2700, 10862,20211005,  110,    0
  2700, 10862,20211006,  100,    0
  2700, 10862,20211007,  116,    0
  2700, 10862,20211008,  142,    0
  2700, 10862,20211009,  144,    0
  2700, 10862,20211010,  104,    0
  2700, 10862,20211011,   65,    0
  2700, 10862,20211012,   63,    0
  2700, 10862,20211013,   78,    0
  2700, 10862,20211014,  105,    0
  2700, 10862,20211015,   65,    0
  2700, 10862,20211016,   50,    0
  2700, 10862,20211017,   32,    0
  2700, 10862,20211018,   39,    0
  2700, 10862,20211019,  106,    0
  2700, 10862,20211020,   88,    0
  2700, 10862,20211021,   52,    0
  2700, 10862,20211022,   60,    0
  2700, 10862,20211023,   64,    0
  2700, 10862,20211024,  109,    0
  2700, 10862,20211025,  104,    0
  2700, 10862,20211026,   89,    0
  2700, 10862,20211027,  115,    0
  2700, 10862,20211028,  118,    0
  2700, 10862,20211029,  130,    0
  2700, 10862,20211030,  112,    0
  2700, 10862,20211031,   96,    0
  2700, 10862,20211101,  104,    0
  2700, 10862,20211102,  109,    0
  2700, 10862,20211103,   77,    0
  2700, 10862,20211104,   50,    0
  2700, 10862,20211105,   66,    0
  2700, 10862,20211106,   50,    0
  2700, 10862,20211107,   54,    0
  2700, 10862,20211108,   49,    0
  2700, 10862,20211109,   94,    0
  2700, 10862,20211110,   82,    0
  2700, 10862,20211111,   62,    0
  2700, 10862,20211112,   38,    0
  2700, 10862,20211113,   46,    0
  2700, 10862,20211114,   69,    0
  2700, 10862,20211115,   91,    0
  2700, 10862,20211116,   95,    0
  2700, 10862,20211117,   60,    0
  2700, 10862,20211118,   61,    0
  2700, 10862,20211119,   77,    0
  2700, 10862,20211120,   57,    0
  2700, 10862,20211121,   31,    0
  2700, 10862,20211122,   56,    0
  2700, 10862,20211123,   77,    0
  2700, 10862,20211124,   62,    0
  2700, 10862,20211125,   13,    0
  2700, 10862,20211126,   -8,    0
  2700, 10862,20211127,  -33,    0
  2700, 10862,20211128,  -52,    0
  2700, 10862,20211129,    4,    0
  2700, 10862,20211130,    9,    0
  2700, 10862,20211201,  -14,    0
  2700, 10862,20211202,    4,    0
  2700, 10862,20211203,  -40,    0
  2700, 10862,20211204,   27,    0
  2700, 10862,20211205,   19,    0
  2700, 10862,20211206,   15,    0
  2700, 10862,20211207,   28,    0
  2700, 10862,20211208,   14,    0
  2700, 10862,20211209,   30,    0
  2700, 10862,20211210,   19,    0
  2700, 10862,20211211,   -2,    0
  2700, 10862,20211212,   61,    0
  2700, 10862,20211213,   74,    0
  2700, 10862,20211214,   68,    0
  2700, 10862,20211215,   83,    0
  2700, 10862,20211216,   78,    0
  2700, 10862,20211217,   88,    0
  2700, 10862,20211218,   76,    0
  2700, 10862,20211219,   35,    0
  2700, 10862,20211220,   15,    0
  2700, 10862,20211221,   30,    0
  2700, 10862,20211222,   10,    0
  2700, 10862,20211223,    6,    0
  2700, 10862,20211224,  -19,    0
  2700, 10862,20211225,   -6,    0
  2700, 10862,20211226,   16,    0
  2700, 10862,20211227,   -2,    0
  2700, 10862,20211228,   31,    0
  2700, 10862,20211229,   44,    0
  2700, 10862,20211230,   23,    0
  2700, 10862,20211231,   17,    0
  2700, 10862,20220101,   26,    0
  2700, 10862,20220102,   80,    0
  2700, 10862,20220103,   28,    0
  2700, 10862,20220104,   22,    0
  2700, 10862,20220105,   16,    0
  2700, 10862,20220106,    1,    0
  2700, 10862,20220107,   28,    0
  2700, 10862,20220108,   23,    0
  2700, 10862,20220109,  -22,    0
  2700, 10862,20220110,   41,    0
  2700, 10862,20220111,   59,    0
  2700, 10862,20220112,   85,    0
  2700, 10862,20220113,   78,    0
  2700, 10862,20220114,   28,    0
  2700, 10862,20220115,   45,    0
  2700, 10862,20220116,   33,    0
  2700, 10862,20220117,   22,    0
  2700, 10862,20220118,   68,    0
  2700, 10862,20220119,   26,    0
  2700, 10862,20220120,    2,    0
  2700, 10862,20220121,   44,    0
  2700, 10862,20220122,   75,    0
  2700, 10862,20220123,   82,    0
  2700, 10862,20220124,   54,    0
  2700, 10862,20220125,   43,    0
  2700, 10862,20220126,   48,    0
  2700, 10862,20220127,   41,    0
  2700, 10862,20220128,   28,    0
  2700, 10862,20220129,   50,    0
  2700, 10862,20220130,   16,    0
  2700, 10862,20220131,   -2,    0
  2700, 10862,20220201,   18,    0
  2700, 10862,20220202,    7,    0
  2700, 10862,20220203,   41,    0
  2700, 10862,20220204,   27,    0
  2700, 10862,20220205,   25,    0
  2700, 10862,20220206,   22,    0
  2700, 10862,20220207,   34,    0
  2700, 10862,20220208,   42,    0
  2700, 10862,20220209,   36,    0
  2700, 10862,20220210,    5,    0
  2700, 10862,20220211,   12,    0
  2700, 10862,20220212,   45,    0
  2700, 10862,20220213,   53,    0
  2700, 10862,20220214,   14,    0
  2700, 10862,20220215,   15,    0
  2700, 10862,20220216,   14,    0
  2700, 10862,20220217,   17,    0
  2700, 10862,20220218,   13,    0
  2700, 10862,20220219,    6,    0
  2700, 10862,20220220,   15,    0
  2700, 10862,20220221,   20,    0
  2700, 10862,20220222,   13,    0
  2700, 10862,20220223,   42,    0
  2700, 10862,20220224,   30,    0
  2700, 10862,20220225,   22,    0
  2700, 10862,20220226,   56,    0
  2700, 10862,20220227,   71,    0
  2700, 10862,20220228,   62,    0
  2700, 10862,20220301,   53,    0
  2700, 10862,20220302,   48,    0
  2700, 10862,20220303,   33,    0
  2700, 10862,20220304,   55,    0
  2700, 10862,20220305,   35,    0
  2700, 10862,20220306,   36,    0
  2700, 10862,20220307,   55,    0
  2700, 10862,20220308,   56,    0
  2700, 10862,20220309,   97,    0
  2700, 10862,20220310,   90,    0
  2700, 10862,20220311,   98,    0
  2700, 10862,20220312,  111,    0
  2700, 10862,20220313,  100,    0
  2700, 10862,20220314,   92,    0
  2700, 10862,20220315,   77,    0
  2700, 10862,20220316,   71,    0
  2700, 10862,20220317,   59,    0
  2700, 10862,20220318,   58,    0
  2700, 10862,20220319,   91,    0
  2700, 10862,20220320,   83,    0
  2700, 10862,20220321,   50,    0
  2700, 10862,20220322,   52,    0
  2700, 10862,20220323,   86,    0
  2700, 10862,20220324,   81,    0
  2700, 10862,20220325,   62,    0
  2700, 10862,20220326,   47,    0
  2700, 10862,20220327,   76,    0
  2700, 10862,20220328,   39,    0
  2700, 10862,20220329,    3,    0
  2700, 10862,20220330,   -1,    0
  2700, 10862,20220331,    5,    0
  2700, 10862,20220401,    3,    0
  2700, 10862,20220402,   13,    0
  2700, 10862,20220403,   19,    0
  2700, 10862,20220404,    6,    0
  2700, 10862,20220405,    7,    0
  2700, 10862,20220406,    6,    0
  2700, 10862,20220407,    4,    0
  2700, 10862,20220408,   18,    0
  2700, 10862,20220409,   29,    0
  2700, 10862,20220410,   35,    0
  2700, 10862,20220411,   27,    0
  2700, 10862,20220412,   33,    0
  2700, 10862,20220413,   47,    0
  2700, 10862,20220414,   51,    0
  2700, 10862,20220415,   74,    0
  2700, 10862,20220416,   80,    0
  2700, 10862,20220417,  101,    0
  2700, 10862,20220418,   83,    0
  2700, 10862,20220419,   77,    0
  2700, 10862,20220420,   70,    0
  2700, 10862,20220421,   87,    0
  2700, 10862,20220422,   76,    0
  2700, 10862,20220423,   65,    0
  2700, 10862,20220424,   78,    0
  2700, 10862,20220425,   62,    0
  2700, 10862,20220426,   45,    0
  2700, 10862,20220427,   48,    0
  2700, 10862,20220428,   55,    0
  2700, 10862,20220429,   54,    0
  2700, 10862,20220430,   55,    0
  2700, 10862,20220501,   65,    0
  2700, 10862,20220502,   50,    0
  2700, 10862,20220503,   41,    0
  2700, 10862,20220504,   65,    0
  2700, 10862,20220505,   79,    0
  2700, 10862,20220506,   87,    0
  2700, 10862,20220507,   53,    0
  2700, 10862,20220508,   62,    0
  2700, 10862,20220509,  110,    0
  2700, 10862,20220510,   97,    0
  2700, 10862,20220511,   86,    0
  2700, 10862,20220512,   72,    0
  2700, 10862,20220513,   71,    0
  2700, 10862,20220514,   72,    0
  2700, 10862,20220515,   75,    0
  2700, 10862,20220516,   72,    0
  2700, 10862,20220517,  114,    0
  2700, 10862,20220518,  130,    0
  2700, 10862,20220519,  119,    0
  2700, 10862,20220520,  109,    0
  2700, 10862,20220521,  107,    0
  2700, 10862,20220522,  120,    0
  2700, 10862,20220523,  120,    0
  2700, 10862,20220524,  111,    0
  2700, 10862,20220525,  103,    0
  2700, 10862,20220526,   91,    0
  2700, 10862,20220527,   87,    0
  2700, 10862,20220528,   69,    0
  2700, 10862,20220529,   69,    0
  2700, 10862,20220530,  109,    0
  2700, 10862,20220531,  121,    0
  2700, 10862,20220601,  101,    0
  2700, 10862,20220602,   99,    0
  2700, 10862,20220603,   86,    0
  2700, 10862,20220604,   84,    0
  2700, 10862,20220605,   92,    0
  2700, 10862,20220606,  104,    0
  2700, 10862,20220607,  103,    0
  2700, 10862,20220608,  100,    0
  2700, 10862,20220609,  122,    0
  2700, 10862,20220610,  133,    0
  2700, 10862,20220611,  144,    0
  2700, 10862,20220612,  110,    0
  2700, 10862,20220613,  101,    0
  2700, 10862,20220614,  110,    0
  2700, 10862,20220615,  117,    0
  2700, 10862,20220616,  116,    0
  2700, 10862,20220617,  131,    0
  2700, 10862,20220618,  106,    0
  2700, 10862,20220619,  124,    0
  2700, 10862,20220620,  117,    0
  2700, 10862,20220621,   99,    0
  2700, 10862,20220622,  103,    0
  2700, 10862,20220623,  132,    0
  2700, 10862,20220624,  178,    0
  2700, 10862,20220625,  197,    0
  2700, 10862,20220626,  179,    0
  2700, 10862,20220627,  154,    0
  2700, 10862,20220628,  148,    0
  2700, 10862,20220629,  162,    0
  2700, 10862,20220630,  178,    0
  2700, 10862,20220701,  198,    0
  2700, 10862,20220702,  156,    0
  2700, 10862,20220703,  131,    0
  2700, 10862,20220704,  130,    0
  2700, 10862,20220705,  102,    0
  2700, 10862,20220706,  108,    0
  2700, 10862,20220707,  106,    0
  2700, 10862,20220708,  110,    0
  2700, 10862,20220709,   97,    0
  2700, 10862,20220710,  106,    0
  2700, 10862,20220711,  155,    0
  2700, 10862,20220712,  159,    0
  2700, 10862,20220713,  116,    0
  2700, 10862,20220714,  104,    0
  2700, 10862,20220715,  107,    0
  2700, 10862,20220716,  103,    0
  2700, 10862,20220717,  125,    0
  2700, 10862,20220718,  129,    0
  2700, 10862,20220719,  171,    0
  2700, 10862,20220720,  157,    0
  2700, 10862,20220721,  121,    0
  2700, 10862,20220722,  112,    0
  2700, 10862,20220723,  141,    0
  2700, 10862,20220724,  138,    0
  2700, 10862,20220725,  151,    0
  2700, 10862,20220726,  109,    0
  2700, 10862,20220727,   97,    0
  2700, 10862,20220728,  118,    0
  2700, 10862,20220729,  125,    0
  2700, 10862,20220730,  146,    0
  2700, 10862,20220731,  123,    0
  2700, 10862,20220801,  117,    0
  2700, 10862,20220802,  135,    0
  2700, 10862,20220803,  151,    0
  2700, 10862,20220804,  116,    0
  2700, 10862,20220805,  112,    0
  2700, 10862,20220806,  107,    0
  2700, 10862,20220807,  128,    0
  2700, 10862,20220808,  136,    0
  2700, 10862,20220809,  148,    0
  2700, 10862,20220810,  163,    0
  2700, 10862,20220811,  138,    0
  2700, 10862,20220812,  131,    0
  2700, 10862,20220813,  136,    0
  2700, 10862,20220814,  156,    0
  2700, 10862,20220815,  183,    0
  2700, 10862,20220816,  144,    0
  2700, 10862,20220817,  105,    0
  2700, 10862,20220818,  120,    0
  2700, 10862,20220819,  151,    0
  2700, 10862,20220820,  150,    0
  2700, 10862,20220821,  131,    0
  2700, 10862,20220822,  121,    0
  2700, 10862,20220823,  146,    0
  2700, 10862,20220824,  175,    0
  2700, 10862,20220825,  164,    0
  2700, 10862,20220826,  136,    0
  2700, 10862,20220827,  121,    0
  2700, 10862,20220828,  109,    0
  2700, 10862,20220829,  122,    0
  2700, 10862,20220830,  125,    0
  2700, 10862,20220831,  123,    0
  2700, 10862,20220901,  126,    0
  2700, 10862,20220902,  131,    0
  2700, 10862,20220903,  131,    0
  2700, 10862,20220904,  123,    0
  2700, 10862,20220905,  129,    0
  2700, 10862,20220906,  134,    0
  2700, 10862,20220907,  125,    0
  2700, 10862,20220908,  128,    0
  2700, 10862,20220909,  125,    0
  2700, 10862,20220910,  113,    0
  2700, 10862,20220911,  122,    0
  2700, 10862,20220912,  134,    0
  2700, 10862,20220913,  119,    0
  2700, 10862,20220914,  106,    0
  2700, 10862,20220915,  107,    0
  2700, 10862,20220916,   97,    0
  2700, 10862,20220917,   94,    0
  2700, 10862,20220918,   99,    0
  2700, 10862,20220919,   89,    0
  2700, 10862,20220920,   90,    0
  2700, 10862,20220921,  133,    0
  2700, 10862,20220922,  139,    0
  2700, 10862,20220923,  113,    0
  2700, 10862,20220924,   87,    0
  2700, 10862,20220925,   94,    0
  2700, 10862,20220926,   92,    0
  2700, 10862,20220927,  104,    0
  2700, 10862,20220928,  120,    0
  2700, 10862,20220929,  110,    0
  2700, 10862,20220930,  129,    0
  2700, 10862,20221001,  129,    0
  2700, 10862,20221002,  109,    0
  2700, 10862,20221003,  112,    0
  2700, 10862,20221004,  121,    0
  2700, 10862,20221005,   99,    0
  2700, 10862,20221006,  103,    0
  2700, 10862,20221007,  104,    0
  2700, 10862,20221008,   77,    0
  2700, 10862,20221009,  113,    0
  2700, 10862,20221010,   93,    0
  2700, 10862,20221011,   69,    0
  2700, 10862,20221012,  106,    0
  2700, 10862,20221013,   84,    0
  2700, 10862,20221014,   93,    0
  2700, 10862,20221015,   73,    0
  2700, 10862,20221016,   92,    0
  2700, 10862,20221017,   91,    0
  2700, 10862,20221018,   69,    0
  2700, 10862,20221019,   53,    0
  2700, 10862,20221020,   34,    0
  2700, 10862,20221021,   30,    0
  2700, 10862,20221022,   75,    0
  2700, 10862,20221023,   78,    0
  2700, 10862,20221024,   68,    0
  2700, 10862,20221025,   81,    0
  2700, 10862,20221026,  103,    0
  2700, 10862,20221027,  126,    0
  2700, 10862,20221028,  128,    0
  2700, 10862,20221029,   96,    0
  2700, 10862,20221030,  112,    0
  2700, 10862,20221031,  124,    0
