EUROPEAN CLIMATE ASSESSMENT & DATASET (ECA&D), file created on: 16-11-2022
THESE DATA CAN BE USED FOR NON-COMMERCIAL RESEARCH AND EDUCATION PROVIDED THAT THE FOLLOWING SOURCE IS ACKNOWLEDGED: 

Klein Tank, A.M.G. and Coauthors, 2002. Daily dataset of 20th-century surface
air temperature and precipitation series for the European Climate Assessment.
Int. J. of Climatol., 22, 1441-1453.
Data and metadata available at http://www.ecad.eu

FILE FORMAT (MISSING VALUE CODE = -9999):

01-06 STAID: Station identifier
08-13 SOUID: Source identifier
15-22 DATE : Date YYYYMMDD
24-28 TG   : Mean temperature in 0.1 &#176;C
30-34 Q_TG : quality code for TG (0='valid'; 1='suspect'; 9='missing')

This is the blended series of station HORTEN II, NORWAY (STAID: 18086)
Blended and updated with sources:99076 
See files sources.txt and stations.txt for more info.

STAID, SOUID,    DATE,   TG, Q_TG
 18086, 99076,20150601,  108,    0
 18086, 99076,20150602,   87,    0
 18086, 99076,20150603,  128,    0
 18086, 99076,20150604,  129,    0
 18086, 99076,20150605,  121,    0
 18086, 99076,20150606,  132,    0
 18086, 99076,20150607,  136,    0
 18086, 99076,20150608,  131,    0
 18086, 99076,20150609,  138,    0
 18086, 99076,20150610,  145,    0
 18086, 99076,20150611,  174,    0
 18086, 99076,20150612,  169,    0
 18086, 99076,20150613,  143,    0
 18086, 99076,20150614,  138,    0
 18086, 99076,20150615,  130,    0
 18086, 99076,20150616,  138,    0
 18086, 99076,20150617,  102,    0
 18086, 99076,20150618,  123,    0
 18086, 99076,20150619,  148,    0
 18086, 99076,20150620,  175,    0
 18086, 99076,20150621,  150,    0
 18086, 99076,20150622,  141,    0
 18086, 99076,20150623,  162,    0
 18086, 99076,20150624,  152,    0
 18086, 99076,20150625,  136,    0
 18086, 99076,20150626,  149,    0
 18086, 99076,20150627,  151,    0
 18086, 99076,20150628,  140,    0
 18086, 99076,20150629,  154,    0
 18086, 99076,20150630,  180,    0
 18086, 99076,20150701,  176,    0
 18086, 99076,20150702,  190,    0
 18086, 99076,20150703,  181,    0
 18086, 99076,20150704,  164,    0
 18086, 99076,20150705,  182,    0
 18086, 99076,20150706,  171,    0
 18086, 99076,20150707,  165,    0
 18086, 99076,20150708,  141,    0
 18086, 99076,20150709,  145,    0
 18086, 99076,20150710,  158,    0
 18086, 99076,20150711,  160,    0
 18086, 99076,20150712,  163,    0
 18086, 99076,20150713,  161,    0
 18086, 99076,20150714,  168,    0
 18086, 99076,20150715,  159,    0
 18086, 99076,20150716,  155,    0
 18086, 99076,20150717,  156,    0
 18086, 99076,20150718,  149,    0
 18086, 99076,20150719,  158,    0
 18086, 99076,20150720,  169,    0
 18086, 99076,20150721,  136,    0
 18086, 99076,20150722,  172,    0
 18086, 99076,20150723,  160,    0
 18086, 99076,20150724,  145,    0
 18086, 99076,20150725,  124,    0
 18086, 99076,20150726,  117,    0
 18086, 99076,20150727,  147,    0
 18086, 99076,20150728,  140,    0
 18086, 99076,20150729,  136,    0
 18086, 99076,20150730,  162,    0
 18086, 99076,20150731,  153,    0
 18086, 99076,20150801,  146,    0
 18086, 99076,20150802,  142,    0
 18086, 99076,20150803,  145,    0
 18086, 99076,20150804,  145,    0
 18086, 99076,20150805,  168,    0
 18086, 99076,20150806,  155,    0
 18086, 99076,20150807,  158,    0
 18086, 99076,20150808,  173,    0
 18086, 99076,20150809,  150,    0
 18086, 99076,20150810,  160,    0
 18086, 99076,20150811,  167,    0
 18086, 99076,20150812,  168,    0
 18086, 99076,20150813,  164,    0
 18086, 99076,20150814,  180,    0
 18086, 99076,20150815,  190,    0
 18086, 99076,20150816,  179,    0
 18086, 99076,20150817,  183,    0
 18086, 99076,20150818,  177,    0
 18086, 99076,20150819,  183,    0
 18086, 99076,20150820,  178,    0
 18086, 99076,20150821,  170,    0
 18086, 99076,20150822,  176,    0
 18086, 99076,20150823,  185,    0
 18086, 99076,20150824,  168,    0
 18086, 99076,20150825,  162,    0
 18086, 99076,20150826,  154,    0
 18086, 99076,20150827,  156,    0
 18086, 99076,20150828,  150,    0
 18086, 99076,20150829,  152,    0
 18086, 99076,20150830,  159,    0
 18086, 99076,20150831,  152,    0
 18086, 99076,20150901,  134,    0
 18086, 99076,20150902,  135,    0
 18086, 99076,20150903,  138,    0
 18086, 99076,20150904,  127,    0
 18086, 99076,20150905,  115,    0
 18086, 99076,20150906,  120,    0
 18086, 99076,20150907,  138,    0
 18086, 99076,20150908,  144,    0
 18086, 99076,20150909,  145,    0
 18086, 99076,20150910,  142,    0
 18086, 99076,20150911,  144,    0
 18086, 99076,20150912,  137,    0
 18086, 99076,20150913,  144,    0
 18086, 99076,20150914,  145,    0
 18086, 99076,20150915,  123,    0
 18086, 99076,20150916,  114,    0
 18086, 99076,20150917,  139,    0
 18086, 99076,20150918,  153,    0
 18086, 99076,20150919,  133,    0
 18086, 99076,20150920,  118,    0
 18086, 99076,20150921,  108,    0
 18086, 99076,20150922,  109,    0
 18086, 99076,20150923,  121,    0
 18086, 99076,20150924,  127,    0
 18086, 99076,20150925,  105,    0
 18086, 99076,20150926,  108,    0
 18086, 99076,20150927,  108,    0
 18086, 99076,20150928,  106,    0
 18086, 99076,20150929,  122,    0
 18086, 99076,20150930,  132,    0
 18086, 99076,20151001,  130,    0
 18086, 99076,20151002,  121,    0
 18086, 99076,20151003,  105,    0
 18086, 99076,20151004,   91,    0
 18086, 99076,20151005,   98,    0
 18086, 99076,20151006,   91,    0
 18086, 99076,20151007,   76,    0
 18086, 99076,20151008,   77,    0
 18086, 99076,20151009,   76,    0
 18086, 99076,20151010,   82,    0
 18086, 99076,20151011,   81,    0
 18086, 99076,20151012,   78,    0
 18086, 99076,20151013,   65,    0
 18086, 99076,20151014,   47,    0
 18086, 99076,20151015,   51,    0
 18086, 99076,20151016,   37,    0
 18086, 99076,20151017,   43,    0
 18086, 99076,20151018,   58,    0
 18086, 99076,20151019,   58,    0
 18086, 99076,20151020,   59,    0
 18086, 99076,20151021,   71,    0
 18086, 99076,20151022,  107,    0
 18086, 99076,20151023,  114,    0
 18086, 99076,20151024,   93,    0
 18086, 99076,20151025,   81,    0
 18086, 99076,20151026,   75,    0
 18086, 99076,20151027,   61,    0
 18086, 99076,20151028,   68,    0
 18086, 99076,20151029,   65,    0
 18086, 99076,20151030,   64,    0
 18086, 99076,20151031,   91,    0
 18086, 99076,20151101,   92,    0
 18086, 99076,20151102,   99,    0
 18086, 99076,20151103,   83,    0
 18086, 99076,20151104,   43,    0
 18086, 99076,20151105,   51,    0
 18086, 99076,20151106,   68,    0
 18086, 99076,20151107,  103,    0
 18086, 99076,20151108,   79,    0
 18086, 99076,20151109,   76,    0
 18086, 99076,20151110,   73,    0
 18086, 99076,20151111,   71,    0
 18086, 99076,20151112,   69,    0
 18086, 99076,20151113,   74,    0
 18086, 99076,20151114,   36,    0
 18086, 99076,20151115,   50,    0
 18086, 99076,20151116,   33,    0
 18086, 99076,20151117,   42,    0
 18086, 99076,20151118,   16,    0
 18086, 99076,20151119,   -1,    0
 18086, 99076,20151120,  -22,    0
 18086, 99076,20151121,  -27,    0
 18086, 99076,20151122,  -35,    0
 18086, 99076,20151123,  -33,    0
 18086, 99076,20151124,   42,    0
 18086, 99076,20151125,    2,    0
 18086, 99076,20151126,    3,    0
 18086, 99076,20151127,   89,    0
 18086, 99076,20151128,   43,    0
 18086, 99076,20151129,   34,    0
 18086, 99076,20151130,   23,    0
 18086, 99076,20151201,   32,    0
 18086, 99076,20151202,   37,    0
 18086, 99076,20151203,   39,    0
 18086, 99076,20151204,   54,    0
 18086, 99076,20151205,   97,    0
 18086, 99076,20151206,   83,    0
 18086, 99076,20151207,   48,    0
 18086, 99076,20151208,   63,    0
 18086, 99076,20151209,   66,    0
 18086, 99076,20151210,   69,    0
 18086, 99076,20151211,   12,    0
 18086, 99076,20151212,   14,    0
 18086, 99076,20151213,   -5,    0
 18086, 99076,20151214,  -38,    0
 18086, 99076,20151215,  -54,    0
 18086, 99076,20151216,  -30,    0
 18086, 99076,20151217,    6,    0
 18086, 99076,20151218,   60,    0
 18086, 99076,20151219,   80,    0
 18086, 99076,20151220,   91,    0
 18086, 99076,20151221,   72,    0
 18086, 99076,20151222,   58,    0
 18086, 99076,20151223,   46,    0
 18086, 99076,20151224,   65,    0
 18086, 99076,20151225,   43,    0
 18086, 99076,20151226,   -5,    0
 18086, 99076,20151227,  -27,    0
 18086, 99076,20151228,   -9,    0
 18086, 99076,20151229,   -5,    0
 18086, 99076,20151230,   27,    0
 18086, 99076,20151231,   13,    0
 18086, 99076,20160101,   31,    0
 18086, 99076,20160102,  -16,    0
 18086, 99076,20160103,  -52,    0
 18086, 99076,20160104,  -64,    0
 18086, 99076,20160105,  -68,    0
 18086, 99076,20160106,  -93,    0
 18086, 99076,20160107, -104,    0
 18086, 99076,20160108,  -78,    0
 18086, 99076,20160109,  -80,    0
 18086, 99076,20160110,  -54,    0
 18086, 99076,20160111,  -16,    0
 18086, 99076,20160112,  -26,    0
 18086, 99076,20160113,  -63,    0
 18086, 99076,20160114,  -98,    0
 18086, 99076,20160115, -110,    0
 18086, 99076,20160116,  -83,    0
 18086, 99076,20160117,  -96,    0
 18086, 99076,20160118,  -79,    0
 18086, 99076,20160119,  -93,    0
 18086, 99076,20160120,  -96,    0
 18086, 99076,20160121, -105,    0
 18086, 99076,20160122,  -91,    0
 18086, 99076,20160123,  -22,    0
 18086, 99076,20160124,  -40,    0
 18086, 99076,20160125,  -15,    0
 18086, 99076,20160126,   34,    0
 18086, 99076,20160127,   37,    0
 18086, 99076,20160128,   34,    0
 18086, 99076,20160129,   41,    0
 18086, 99076,20160130,   25,    0
 18086, 99076,20160131,   19,    0
 18086, 99076,20160201,    3,    0
 18086, 99076,20160202,   26,    0
 18086, 99076,20160203,   24,    0
 18086, 99076,20160204,   14,    0
 18086, 99076,20160205,    0,    0
 18086, 99076,20160206,   39,    0
 18086, 99076,20160207,   43,    0
 18086, 99076,20160208,   38,    0
 18086, 99076,20160209,   38,    0
 18086, 99076,20160210,   10,    0
 18086, 99076,20160211,    5,    0
 18086, 99076,20160212,  -23,    0
 18086, 99076,20160213,  -39,    0
 18086, 99076,20160214,  -57,    0
 18086, 99076,20160215,  -51,    0
 18086, 99076,20160216,  -31,    0
 18086, 99076,20160217,    9,    0
 18086, 99076,20160218,  -29,    0
 18086, 99076,20160219,   -7,    0
 18086, 99076,20160220,   16,    0
 18086, 99076,20160221,   15,    0
 18086, 99076,20160222,   -2,    0
 18086, 99076,20160223,   -9,    0
 18086, 99076,20160224,   10,    0
 18086, 99076,20160225,    0,    0
 18086, 99076,20160226,   24,    0
 18086, 99076,20160227,   -1,    0
 18086, 99076,20160228,    0,    0
 18086, 99076,20160229,  -20,    0
 18086, 99076,20160301,   -3,    0
 18086, 99076,20160302,   -9,    0
 18086, 99076,20160303,    3,    0
 18086, 99076,20160304,    3,    0
 18086, 99076,20160305,    6,    0
 18086, 99076,20160306,   -2,    0
 18086, 99076,20160307,    0,    0
 18086, 99076,20160308,    8,    0
 18086, 99076,20160309,    8,    0
 18086, 99076,20160310,   18,    0
 18086, 99076,20160311,   -6,    0
 18086, 99076,20160312,    3,    0
 18086, 99076,20160313,   23,    0
 18086, 99076,20160314,   56,    0
 18086, 99076,20160315,   80,    0
 18086, 99076,20160316,   43,    0
 18086, 99076,20160317,   11,    0
 18086, 99076,20160318,   60,    0
 18086, 99076,20160319,   58,    0
 18086, 99076,20160320,   69,    0
 18086, 99076,20160321,   54,    0
 18086, 99076,20160322,   43,    0
 18086, 99076,20160323,   50,    0
 18086, 99076,20160324,   28,    0
 18086, 99076,20160325,   51,    0
 18086, 99076,20160326,   47,    0
 18086, 99076,20160327,   52,    0
 18086, 99076,20160328,   56,    0
 18086, 99076,20160329,   55,    0
 18086, 99076,20160330,   44,    0
 18086, 99076,20160331,   26,    0
 18086, 99076,20160401,   42,    0
 18086, 99076,20160402,   51,    0
 18086, 99076,20160403,   52,    0
 18086, 99076,20160404,   62,    0
 18086, 99076,20160405,   60,    0
 18086, 99076,20160406,   68,    0
 18086, 99076,20160407,   57,    0
 18086, 99076,20160408,   46,    0
 18086, 99076,20160409,   53,    0
 18086, 99076,20160410,   62,    0
 18086, 99076,20160411,   69,    0
 18086, 99076,20160412,   77,    0
 18086, 99076,20160413,   81,    0
 18086, 99076,20160414,   73,    0
 18086, 99076,20160415,   63,    0
 18086, 99076,20160416,   65,    0
 18086, 99076,20160417,   54,    0
 18086, 99076,20160418,   74,    0
 18086, 99076,20160419,   88,    0
 18086, 99076,20160420,   88,    0
 18086, 99076,20160421,   91,    0
 18086, 99076,20160422,   66,    0
 18086, 99076,20160423,   38,    0
 18086, 99076,20160424,   37,    0
 18086, 99076,20160425,   38,    0
 18086, 99076,20160426,   45,    0
 18086, 99076,20160427,   59,    0
 18086, 99076,20160428,   47,    0
 18086, 99076,20160429,   58,    0
 18086, 99076,20160430,   36,    0
 18086, 99076,20160501,   64,    0
 18086, 99076,20160502,   75,    0
 18086, 99076,20160503,   81,    0
 18086, 99076,20160504,   90,    0
 18086, 99076,20160505,   99,    0
 18086, 99076,20160506,  108,    0
 18086, 99076,20160507,  138,    0
 18086, 99076,20160508,  166,    0
 18086, 99076,20160509,  174,    0
 18086, 99076,20160510,  180,    0
 18086, 99076,20160511,  142,    0
 18086, 99076,20160512,  127,    0
 18086, 99076,20160513,   91,    0
 18086, 99076,20160514,   90,    0
 18086, 99076,20160515,  102,    0
 18086, 99076,20160516,  109,    0
 18086, 99076,20160517,  112,    0
 18086, 99076,20160518,  115,    0
 18086, 99076,20160519,  118,    0
 18086, 99076,20160520,  103,    0
 18086, 99076,20160521,  107,    0
 18086, 99076,20160522,  124,    0
 18086, 99076,20160523,  123,    0
 18086, 99076,20160524,  106,    0
 18086, 99076,20160525,  130,    0
 18086, 99076,20160526,  138,    0
 18086, 99076,20160527,  150,    0
 18086, 99076,20160528,  135,    0
 18086, 99076,20160529,  124,    0
 18086, 99076,20160530,  151,    0
 18086, 99076,20160531,  195,    0
 18086, 99076,20160601,  219,    0
 18086, 99076,20160602,  221,    0
 18086, 99076,20160603,  228,    0
 18086, 99076,20160604,  179,    0
 18086, 99076,20160605,  174,    0
 18086, 99076,20160606,  163,    0
 18086, 99076,20160607,  167,    0
 18086, 99076,20160608,  150,    0
 18086, 99076,20160609,  127,    0
 18086, 99076,20160610,  126,    0
 18086, 99076,20160611,  138,    0
 18086, 99076,20160612,  154,    0
 18086, 99076,20160613,  166,    0
 18086, 99076,20160614,  180,    0
 18086, 99076,20160615,  134,    0
 18086, 99076,20160616,  180,    0
 18086, 99076,20160617,  166,    0
 18086, 99076,20160618,  165,    0
 18086, 99076,20160619,  133,    0
 18086, 99076,20160620,  138,    0
 18086, 99076,20160621,  167,    0
 18086, 99076,20160622,  160,    0
 18086, 99076,20160623,  158,    0
 18086, 99076,20160624,  165,    0
 18086, 99076,20160625,  183,    0
 18086, 99076,20160626,  161,    0
 18086, 99076,20160627,  145,    0
 18086, 99076,20160628,  157,    0
 18086, 99076,20160629,  149,    0
 18086, 99076,20160630,  143,    0
 18086, 99076,20160701,  134,    0
 18086, 99076,20160702,  131,    0
 18086, 99076,20160703,  143,    0
 18086, 99076,20160704,  139,    0
 18086, 99076,20160705,  145,    0
 18086, 99076,20160706,  164,    0
 18086, 99076,20160707,  161,    0
 18086, 99076,20160708,  164,    0
 18086, 99076,20160709,  178,    0
 18086, 99076,20160710,  162,    0
 18086, 99076,20160711,  162,    0
 18086, 99076,20160712,  159,    0
 18086, 99076,20160713,  159,    0
 18086, 99076,20160714,  169,    0
 18086, 99076,20160715,  186,    0
 18086, 99076,20160716,  168,    0
 18086, 99076,20160717,  150,    0
 18086, 99076,20160718,  169,    0
 18086, 99076,20160719,  164,    0
 18086, 99076,20160720,  188,    0
 18086, 99076,20160721,  210,    0
 18086, 99076,20160722,  206,    0
 18086, 99076,20160723,  199,    0
 18086, 99076,20160724,  199,    0
 18086, 99076,20160725,  189,    0
 18086, 99076,20160726,  182,    0
 18086, 99076,20160727,  162,    0
 18086, 99076,20160728,  177,    0
 18086, 99076,20160729,  158,    0
 18086, 99076,20160730,  164,    0
 18086, 99076,20160731,  152,    0
 18086, 99076,20160801,  153,    0
 18086, 99076,20160802,  160,    0
 18086, 99076,20160803,  152,    0
 18086, 99076,20160804,  159,    0
 18086, 99076,20160805,  172,    0
 18086, 99076,20160806,  152,    0
 18086, 99076,20160807,  153,    0
 18086, 99076,20160808,  151,    0
 18086, 99076,20160809,  129,    0
 18086, 99076,20160810,  112,    0
 18086, 99076,20160811,  129,    0
 18086, 99076,20160812,  124,    0
 18086, 99076,20160813,  158,    0
 18086, 99076,20160814,  165,    0
 18086, 99076,20160815,  165,    0
 18086, 99076,20160816,  175,    0
 18086, 99076,20160817,  181,    0
 18086, 99076,20160818,  173,    0
 18086, 99076,20160819,  168,    0
 18086, 99076,20160820,  159,    0
 18086, 99076,20160821,  162,    0
 18086, 99076,20160822,  151,    0
 18086, 99076,20160823,  163,    0
 18086, 99076,20160824,  157,    0
 18086, 99076,20160825,  172,    0
 18086, 99076,20160826,  177,    0
 18086, 99076,20160827,  163,    0
 18086, 99076,20160828,  124,    0
 18086, 99076,20160829,  131,    0
 18086, 99076,20160830,  142,    0
 18086, 99076,20160831,  162,    0
 18086, 99076,20160901,  166,    0
 18086, 99076,20160902,  142,    0
 18086, 99076,20160903,  160,    0
 18086, 99076,20160904,  145,    0
 18086, 99076,20160905,  140,    0
 18086, 99076,20160906,  157,    0
 18086, 99076,20160907,  184,    0
 18086, 99076,20160908,  164,    0
 18086, 99076,20160909,  174,    0
 18086, 99076,20160910,  167,    0
 18086, 99076,20160911,  167,    0
 18086, 99076,20160912,  142,    0
 18086, 99076,20160913,  170,    0
 18086, 99076,20160914,  167,    0
 18086, 99076,20160915,  165,    0
 18086, 99076,20160916,  158,    0
 18086, 99076,20160917,  139,    0
 18086, 99076,20160918,  135,    0
 18086, 99076,20160919,  143,    0
 18086, 99076,20160920,  149,    0
 18086, 99076,20160921,  143,    0
 18086, 99076,20160922,  145,    0
 18086, 99076,20160923,  131,    0
 18086, 99076,20160924,  124,    0
 18086, 99076,20160925,  159,    0
 18086, 99076,20160926,  151,    0
 18086, 99076,20160927,  128,    0
 18086, 99076,20160928,  135,    0
 18086, 99076,20160929,  138,    0
 18086, 99076,20160930,  108,    0
 18086, 99076,20161001,   96,    0
 18086, 99076,20161002,   93,    0
 18086, 99076,20161003,   83,    0
 18086, 99076,20161004,   80,    0
 18086, 99076,20161005,   71,    0
 18086, 99076,20161006,   86,    0
 18086, 99076,20161007,  104,    0
 18086, 99076,20161008,   81,    0
 18086, 99076,20161009,   65,    0
 18086, 99076,20161010,   68,    0
 18086, 99076,20161011,   56,    0
 18086, 99076,20161012,   46,    0
 18086, 99076,20161013,   40,    0
 18086, 99076,20161014,   18,    0
 18086, 99076,20161015,   47,    0
 18086, 99076,20161016,   62,    0
 18086, 99076,20161017,   65,    0
 18086, 99076,20161018,   68,    0
 18086, 99076,20161019,   77,    0
 18086, 99076,20161020,   68,    0
 18086, 99076,20161021,   52,    0
 18086, 99076,20161022,   39,    0
 18086, 99076,20161023,   41,    0
 18086, 99076,20161024,   55,    0
 18086, 99076,20161025,   49,    0
 18086, 99076,20161026,   56,    0
 18086, 99076,20161027,   86,    0
 18086, 99076,20161028,   82,    0
 18086, 99076,20161029,   73,    0
 18086, 99076,20161030,   70,    0
 18086, 99076,20161031,   61,    0
 18086, 99076,20161101,   47,    0
 18086, 99076,20161102,   31,    0
 18086, 99076,20161103,   -1,    0
 18086, 99076,20161104,   -2,    0
 18086, 99076,20161105,    4,    0
 18086, 99076,20161106,  -17,    0
 18086, 99076,20161107,  -47,    0
 18086, 99076,20161108,  -36,    0
 18086, 99076,20161109,  -29,    0
 18086, 99076,20161110,  -24,    0
 18086, 99076,20161111,  -48,    0
 18086, 99076,20161112,  -38,    0
 18086, 99076,20161113,   28,    0
 18086, 99076,20161114,   51,    0
 18086, 99076,20161115,   49,    0
 18086, 99076,20161116,   47,    0
 18086, 99076,20161117,   28,    0
 18086, 99076,20161118,   43,    0
 18086, 99076,20161119,   25,    0
 18086, 99076,20161120,   24,    0
 18086, 99076,20161121,   24,    0
 18086, 99076,20161122,   35,    0
 18086, 99076,20161123,   66,    0
 18086, 99076,20161124,   42,    0
 18086, 99076,20161125,   64,    0
 18086, 99076,20161126,   68,    0
 18086, 99076,20161127,   34,    0
 18086, 99076,20161128,    0,    0
 18086, 99076,20161129,    5,    0
 18086, 99076,20161130,   32,    0
 18086, 99076,20161201,   12,    0
 18086, 99076,20161202,   21,    0
 18086, 99076,20161203,    5,    0
 18086, 99076,20161204,   15,    0
 18086, 99076,20161205,   61,    0
 18086, 99076,20161206,   10,    0
 18086, 99076,20161207,   40,    0
 18086, 99076,20161208,   91,    0
 18086, 99076,20161209,   72,    0
 18086, 99076,20161210,   20,    0
 18086, 99076,20161211,    4,    0
 18086, 99076,20161212,   -9,    0
 18086, 99076,20161213,    1,    0
 18086, 99076,20161214,  -29,    0
 18086, 99076,20161215,  -36,    0
 18086, 99076,20161216,   -1,    0
 18086, 99076,20161217,   -8,    0
 18086, 99076,20161218,  -14,    0
 18086, 99076,20161219,   -4,    0
 18086, 99076,20161220,   26,    0
 18086, 99076,20161221,   37,    0
 18086, 99076,20161222,   33,    0
 18086, 99076,20161223,   30,    0
 18086, 99076,20161224,   29,    0
 18086, 99076,20161225,   43,    0
 18086, 99076,20161226,   42,    0
 18086, 99076,20161227,   42,    0
 18086, 99076,20161228,   -3,    0
 18086, 99076,20161229,   20,    0
 18086, 99076,20161230,   58,    0
 18086, 99076,20161231,   81,    0
 18086, 99076,20170101,   33,    0
 18086, 99076,20170102,   -6,    0
 18086, 99076,20170103,    1,    0
 18086, 99076,20170104,  -18,    0
 18086, 99076,20170105,  -79,    0
 18086, 99076,20170106,  -26,    0
 18086, 99076,20170107,    6,    0
 18086, 99076,20170108,  -11,    0
 18086, 99076,20170109,   19,    0
 18086, 99076,20170110,   34,    0
 18086, 99076,20170111,   40,    0
 18086, 99076,20170112,   26,    0
 18086, 99076,20170113,  -14,    0
 18086, 99076,20170114,  -15,    0
 18086, 99076,20170115,  -38,    0
 18086, 99076,20170116,  -49,    0
 18086, 99076,20170117,  -24,    0
 18086, 99076,20170118,  -18,    0
 18086, 99076,20170119,   54,    0
 18086, 99076,20170120,   79,    0
 18086, 99076,20170121,   35,    0
 18086, 99076,20170122,   -2,    0
 18086, 99076,20170123,  -36,    0
 18086, 99076,20170124,  -31,    0
 18086, 99076,20170125,    5,    0
 18086, 99076,20170126,   20,    0
 18086, 99076,20170127,   -1,    0
 18086, 99076,20170128,   -3,    0
 18086, 99076,20170129,    0,    0
 18086, 99076,20170130,    9,    0
 18086, 99076,20170131,   -8,    0
 18086, 99076,20170201,   -1,    0
 18086, 99076,20170202,   -4,    0
 18086, 99076,20170203,   -2,    0
 18086, 99076,20170204,  -11,    0
 18086, 99076,20170205,   -2,    0
 18086, 99076,20170206,  -10,    0
 18086, 99076,20170207,  -53,    0
 18086, 99076,20170208,  -62,    0
 18086, 99076,20170209,  -51,    0
 18086, 99076,20170210,  -34,    0
 18086, 99076,20170211,  -29,    0
 18086, 99076,20170212,  -44,    0
 18086, 99076,20170213,  -42,    0
 18086, 99076,20170214,  -33,    0
 18086, 99076,20170215,  -43,    0
 18086, 99076,20170216,  -21,    0
 18086, 99076,20170217,  -24,    0
 18086, 99076,20170218,  -22,    0
 18086, 99076,20170219,   55,    0
 18086, 99076,20170220,   56,    0
 18086, 99076,20170221,   36,    0
 18086, 99076,20170222,   25,    0
 18086, 99076,20170223,    4,    0
 18086, 99076,20170224,   -8,    0
 18086, 99076,20170225,  -11,    0
 18086, 99076,20170226,  -12,    0
 18086, 99076,20170227,   25,    0
 18086, 99076,20170228,   32,    0
 18086, 99076,20170301,   14,    0
 18086, 99076,20170302,   -7,    0
 18086, 99076,20170303,   -8,    0
 18086, 99076,20170304,   -2,    0
 18086, 99076,20170305,  -17,    0
 18086, 99076,20170306,  -20,    0
 18086, 99076,20170307,  -28,    0
 18086, 99076,20170308,  -24,    0
 18086, 99076,20170309,   15,    0
 18086, 99076,20170310,   35,    0
 18086, 99076,20170311,    9,    0
 18086, 99076,20170312,   25,    0
 18086, 99076,20170313,   22,    0
 18086, 99076,20170314,   49,    0
 18086, 99076,20170315,   69,    0
 18086, 99076,20170316,   49,    0
 18086, 99076,20170317,   51,    0
 18086, 99076,20170318,   27,    0
 18086, 99076,20170319,    7,    0
 18086, 99076,20170320,   22,    0
 18086, 99076,20170321,   42,    0
 18086, 99076,20170322,   45,    0
 18086, 99076,20170323,   34,    0
 18086, 99076,20170324,   47,    0
 18086, 99076,20170325,   87,    0
 18086, 99076,20170326,   78,    0
 18086, 99076,20170327,   50,    0
 18086, 99076,20170328,   71,    0
 18086, 99076,20170329,   45,    0
 18086, 99076,20170330,   36,    0
 18086, 99076,20170331,   37,    0
 18086, 99076,20170401,   74,    0
 18086, 99076,20170402,   68,    0
 18086, 99076,20170403,   37,    0
 18086, 99076,20170404,   52,    0
 18086, 99076,20170405,   70,    0
 18086, 99076,20170406,   76,    0
 18086, 99076,20170407,  123,    0
 18086, 99076,20170408,   90,    0
 18086, 99076,20170409,   80,    0
 18086, 99076,20170410,   90,    0
 18086, 99076,20170411,   67,    0
 18086, 99076,20170412,   55,    0
 18086, 99076,20170413,   33,    0
 18086, 99076,20170414,   15,    0
 18086, 99076,20170415,    4,    0
 18086, 99076,20170416,   20,    0
 18086, 99076,20170417,   31,    0
 18086, 99076,20170418,   34,    0
 18086, 99076,20170419,   49,    0
 18086, 99076,20170420,   77,    0
 18086, 99076,20170421,   80,    0
 18086, 99076,20170422,   72,    0
 18086, 99076,20170423,   61,    0
 18086, 99076,20170424,   26,    0
 18086, 99076,20170425,   32,    0
 18086, 99076,20170426,   53,    0
 18086, 99076,20170427,   32,    0
 18086, 99076,20170428,   31,    0
 18086, 99076,20170429,   59,    0
 18086, 99076,20170430,   62,    0
 18086, 99076,20170501,   80,    0
 18086, 99076,20170502,  114,    0
 18086, 99076,20170503,  118,    0
 18086, 99076,20170504,  112,    0
 18086, 99076,20170505,  143,    0
 18086, 99076,20170506,  162,    0
 18086, 99076,20170507,   90,    0
 18086, 99076,20170508,   65,    0
 18086, 99076,20170509,   62,    0
 18086, 99076,20170510,   24,    0
 18086, 99076,20170511,   39,    0
 18086, 99076,20170512,   63,    0
 18086, 99076,20170513,   73,    0
 18086, 99076,20170514,   80,    0
 18086, 99076,20170515,   87,    0
 18086, 99076,20170516,   82,    0
 18086, 99076,20170517,   99,    0
 18086, 99076,20170518,  120,    0
 18086, 99076,20170519,  133,    0
 18086, 99076,20170520,  147,    0
 18086, 99076,20170521,  138,    0
 18086, 99076,20170522,  123,    0
 18086, 99076,20170523,  133,    0
 18086, 99076,20170524,  146,    0
 18086, 99076,20170525,  163,    0
 18086, 99076,20170526,  176,    0
 18086, 99076,20170527,  135,    0
 18086, 99076,20170528,  147,    0
 18086, 99076,20170529,  149,    0
 18086, 99076,20170530,  125,    0
 18086, 99076,20170531,  140,    0
 18086, 99076,20170601,  124,    0
 18086, 99076,20170602,  101,    0
 18086, 99076,20170603,  108,    0
 18086, 99076,20170604,  125,    0
 18086, 99076,20170605,  140,    0
 18086, 99076,20170606,  152,    0
 18086, 99076,20170607,  129,    0
 18086, 99076,20170608,  128,    0
 18086, 99076,20170609,  124,    0
 18086, 99076,20170610,  154,    0
 18086, 99076,20170611,  130,    0
 18086, 99076,20170612,  148,    0
 18086, 99076,20170613,  171,    0
 18086, 99076,20170614,  170,    0
 18086, 99076,20170615,  159,    0
 18086, 99076,20170616,  154,    0
 18086, 99076,20170617,  177,    0
 18086, 99076,20170618,  203,    0
 18086, 99076,20170619,  165,    0
 18086, 99076,20170620,  154,    0
 18086, 99076,20170621,  151,    0
 18086, 99076,20170622,  153,    0
 18086, 99076,20170623,  140,    0
 18086, 99076,20170624,  160,    0
 18086, 99076,20170625,  139,    0
 18086, 99076,20170626,  153,    0
 18086, 99076,20170627,  147,    0
 18086, 99076,20170628,  163,    0
 18086, 99076,20170629,  175,    0
 18086, 99076,20170630,  189,    0
 18086, 99076,20170701,  198,    0
 18086, 99076,20170702,  178,    0
 18086, 99076,20170703,  165,    0
 18086, 99076,20170704,  154,    0
 18086, 99076,20170705,  162,    0
 18086, 99076,20170706,  151,    0
 18086, 99076,20170707,  156,    0
 18086, 99076,20170708,  162,    0
 18086, 99076,20170709,  161,    0
 18086, 99076,20170710,  149,    0
 18086, 99076,20170711,  153,    0
 18086, 99076,20170712,  151,    0
 18086, 99076,20170713,  159,    0
 18086, 99076,20170714,  163,    0
 18086, 99076,20170715,  166,    0
 18086, 99076,20170716,  164,    0
 18086, 99076,20170717,  157,    0
 18086, 99076,20170718,  172,    0
 18086, 99076,20170719,  168,    0
 18086, 99076,20170720,  194,    0
 18086, 99076,20170721,  161,    0
 18086, 99076,20170722,  185,    0
 18086, 99076,20170723,  206,    0
 18086, 99076,20170724,  183,    0
 18086, 99076,20170725,  198,    0
 18086, 99076,20170726,  185,    0
 18086, 99076,20170727,  167,    0
 18086, 99076,20170728,  163,    0
 18086, 99076,20170729,  149,    0
 18086, 99076,20170730,  152,    0
 18086, 99076,20170731,  155,    0
 18086, 99076,20170801,  152,    0
 18086, 99076,20170802,  157,    0
 18086, 99076,20170803,  145,    0
 18086, 99076,20170804,  158,    0
 18086, 99076,20170805,  153,    0
 18086, 99076,20170806,  158,    0
 18086, 99076,20170807,  137,    0
 18086, 99076,20170808,  156,    0
 18086, 99076,20170809,  146,    0
 18086, 99076,20170810,  172,    0
 18086, 99076,20170811,  163,    0
 18086, 99076,20170812,  159,    0
 18086, 99076,20170813,  154,    0
 18086, 99076,20170814,  143,    0
 18086, 99076,20170815,  152,    0
 18086, 99076,20170816,  168,    0
 18086, 99076,20170817,  152,    0
 18086, 99076,20170818,  161,    0
 18086, 99076,20170819,  148,    0
 18086, 99076,20170820,  142,    0
 18086, 99076,20170821,  158,    0
 18086, 99076,20170822,  143,    0
 18086, 99076,20170823,  142,    0
 18086, 99076,20170824,  131,    0
 18086, 99076,20170825,  145,    0
 18086, 99076,20170826,  141,    0
 18086, 99076,20170827,  145,    0
 18086, 99076,20170828,  156,    0
 18086, 99076,20170829,  164,    0
 18086, 99076,20170830,  143,    0
 18086, 99076,20170831,  127,    0
 18086, 99076,20170901,  133,    0
 18086, 99076,20170902,  133,    0
 18086, 99076,20170903,  136,    0
 18086, 99076,20170904,  116,    0
 18086, 99076,20170905,  128,    0
 18086, 99076,20170906,  128,    0
 18086, 99076,20170907,  113,    0
 18086, 99076,20170908,  113,    0
 18086, 99076,20170909,  127,    0
 18086, 99076,20170910,  122,    0
 18086, 99076,20170911,  136,    0
 18086, 99076,20170912,  131,    0
 18086, 99076,20170913,  115,    0
 18086, 99076,20170914,  124,    0
 18086, 99076,20170915,  123,    0
 18086, 99076,20170916,  129,    0
 18086, 99076,20170917,  119,    0
 18086, 99076,20170918,  124,    0
 18086, 99076,20170919,  120,    0
 18086, 99076,20170920,   97,    0
 18086, 99076,20170921,   95,    0
 18086, 99076,20170922,  113,    0
 18086, 99076,20170923,  119,    0
 18086, 99076,20170924,  129,    0
 18086, 99076,20170925,  134,    0
 18086, 99076,20170926,  125,    0
 18086, 99076,20170927,  132,    0
 18086, 99076,20170928,  127,    0
 18086, 99076,20170929,  114,    0
 18086, 99076,20170930,  120,    0
 18086, 99076,20171001,  110,    0
 18086, 99076,20171002,  121,    0
 18086, 99076,20171003,  117,    0
 18086, 99076,20171004,   82,    0
 18086, 99076,20171005,   85,    0
 18086, 99076,20171006,  103,    0
 18086, 99076,20171007,   88,    0
 18086, 99076,20171008,   85,    0
 18086, 99076,20171009,   71,    0
 18086, 99076,20171010,   50,    0
 18086, 99076,20171011,   47,    0
 18086, 99076,20171012,   92,    0
 18086, 99076,20171013,   95,    0
 18086, 99076,20171014,  125,    0
 18086, 99076,20171015,  117,    0
 18086, 99076,20171016,  123,    0
 18086, 99076,20171017,  103,    0
 18086, 99076,20171018,   70,    0
 18086, 99076,20171019,   51,    0
 18086, 99076,20171020,   70,    0
 18086, 99076,20171021,   74,    0
 18086, 99076,20171022,   58,    0
 18086, 99076,20171023,   47,    0
 18086, 99076,20171024,   48,    0
 18086, 99076,20171025,   52,    0
 18086, 99076,20171026,   76,    0
 18086, 99076,20171027,   72,    0
 18086, 99076,20171028,   89,    0
 18086, 99076,20171029,   63,    0
 18086, 99076,20171030,   34,    0
 18086, 99076,20171031,   53,    0
 18086, 99076,20171101,   77,    0
 18086, 99076,20171102,   74,    0
 18086, 99076,20171103,   55,    0
 18086, 99076,20171104,   65,    0
 18086, 99076,20171105,   68,    0
 18086, 99076,20171106,   42,    0
 18086, 99076,20171107,   42,    0
 18086, 99076,20171108,   58,    0
 18086, 99076,20171109,   66,    0
 18086, 99076,20171110,   31,    0
 18086, 99076,20171111,   25,    0
 18086, 99076,20171112,   19,    0
 18086, 99076,20171113,   20,    0
 18086, 99076,20171114,    4,    0
 18086, 99076,20171115,   40,    0
 18086, 99076,20171116,   42,    0
 18086, 99076,20171117,   40,    0
 18086, 99076,20171118,   22,    0
 18086, 99076,20171119,    5,    0
 18086, 99076,20171120,  -15,    0
 18086, 99076,20171121,  -28,    0
 18086, 99076,20171122,  -28,    0
 18086, 99076,20171123,   61,    0
 18086, 99076,20171124,   23,    0
 18086, 99076,20171125,    6,    0
 18086, 99076,20171126,   22,    0
 18086, 99076,20171127,    5,    0
 18086, 99076,20171128,   -3,    0
 18086, 99076,20171129,    4,    0
 18086, 99076,20171130,   -6,    0
 18086, 99076,20171201,  -18,    0
 18086, 99076,20171202,  -27,    0
 18086, 99076,20171203,   24,    0
 18086, 99076,20171204,   11,    0
 18086, 99076,20171205,   29,    0
 18086, 99076,20171206,    8,    0
 18086, 99076,20171207,   65,    0
 18086, 99076,20171208,   43,    0
 18086, 99076,20171209,   30,    0
 18086, 99076,20171210,  -31,    0
 18086, 99076,20171211,  -26,    0
 18086, 99076,20171212,  -43,    0
 18086, 99076,20171213,  -55,    0
 18086, 99076,20171214,  -22,    0
 18086, 99076,20171215,   -9,    0
 18086, 99076,20171216,  -18,    0
 18086, 99076,20171217,  -57,    0
 18086, 99076,20171218,  -22,    0
 18086, 99076,20171219,  -17,    0
 18086, 99076,20171220,   -7,    0
 18086, 99076,20171221,    7,    0
 18086, 99076,20171222,   26,    0
 18086, 99076,20171223,   56,    0
 18086, 99076,20171224,   29,    0
 18086, 99076,20171225,   27,    0
 18086, 99076,20171226,   23,    0
 18086, 99076,20171227,   19,    0
 18086, 99076,20171228,    1,    0
 18086, 99076,20171229,  -20,    0
 18086, 99076,20171230,  -46,    0
 18086, 99076,20171231,  -18,    0
 18086, 99076,20180101,   25,    0
 18086, 99076,20180102,  -13,    0
 18086, 99076,20180103,    1,    0
 18086, 99076,20180104,   10,    0
 18086, 99076,20180105,   -8,    0
 18086, 99076,20180106,  -38,    0
 18086, 99076,20180107,  -30,    0
 18086, 99076,20180108,    4,    0
 18086, 99076,20180109,  -55,    0
 18086, 99076,20180110,  -43,    0
 18086, 99076,20180111,  -21,    0
 18086, 99076,20180112,  -27,    0
 18086, 99076,20180113,  -23,    0
 18086, 99076,20180114,  -20,    0
 18086, 99076,20180115,   -9,    0
 18086, 99076,20180116,   -5,    0
 18086, 99076,20180117,  -29,    0
 18086, 99076,20180118,  -32,    0
 18086, 99076,20180119,  -25,    0
 18086, 99076,20180120,  -25,    0
 18086, 99076,20180121,  -24,    0
 18086, 99076,20180122,  -38,    0
 18086, 99076,20180123,   -2,    0
 18086, 99076,20180124,   36,    0
 18086, 99076,20180125,   40,    0
 18086, 99076,20180126,   -3,    0
 18086, 99076,20180127,  -29,    0
 18086, 99076,20180128,   -2,    0
 18086, 99076,20180129,  -15,    0
 18086, 99076,20180130,  -16,    0
 18086, 99076,20180131,   14,    0
 18086, 99076,20180201,    1,    0
 18086, 99076,20180202,  -56,    0
 18086, 99076,20180203,  -67,    0
 18086, 99076,20180204,  -75,    0
 18086, 99076,20180205,  -77,    0
 18086, 99076,20180206,  -55,    0
 18086, 99076,20180207,  -42,    0
 18086, 99076,20180208,  -23,    0
 18086, 99076,20180209,    6,    0
 18086, 99076,20180210,   -8,    0
 18086, 99076,20180211,  -16,    0
 18086, 99076,20180212,  -13,    0
 18086, 99076,20180213,  -32,    0
 18086, 99076,20180214,   12,    0
 18086, 99076,20180215,    1,    0
 18086, 99076,20180216,  -13,    0
 18086, 99076,20180217,  -32,    0
 18086, 99076,20180218,  -11,    0
 18086, 99076,20180219,  -13,    0
 18086, 99076,20180220,  -39,    0
 18086, 99076,20180221,  -38,    0
 18086, 99076,20180222,  -41,    0
 18086, 99076,20180223,  -41,    0
 18086, 99076,20180224,  -36,    0
 18086, 99076,20180225,  -61,    0
 18086, 99076,20180226,  -85,    0
 18086, 99076,20180227,  -90,    0
 18086, 99076,20180228, -107,    0
 18086, 99076,20180301, -100,    0
 18086, 99076,20180302,  -72,    0
 18086, 99076,20180303,  -55,    0
 18086, 99076,20180304,  -41,    0
 18086, 99076,20180305,  -44,    0
 18086, 99076,20180306,  -36,    0
 18086, 99076,20180307,  -14,    0
 18086, 99076,20180308,  -21,    0
 18086, 99076,20180309,  -25,    0
 18086, 99076,20180310,  -33,    0
 18086, 99076,20180311,  -29,    0
 18086, 99076,20180312,  -14,    0
 18086, 99076,20180313,    5,    0
 18086, 99076,20180314,  -12,    0
 18086, 99076,20180315,  -25,    0
 18086, 99076,20180316,  -55,    0
 18086, 99076,20180317,  -63,    0
 18086, 99076,20180318,  -47,    0
 18086, 99076,20180319,    1,    0
 18086, 99076,20180320,   19,    0
 18086, 99076,20180321,   28,    0
 18086, 99076,20180322,   -9,    0
 18086, 99076,20180323,   -2,    0
 18086, 99076,20180324,   30,    0
 18086, 99076,20180325,   40,    0
 18086, 99076,20180326,   -5,    0
 18086, 99076,20180327,  -18,    0
 18086, 99076,20180328,  -24,    0
 18086, 99076,20180329,  -13,    0
 18086, 99076,20180330,  -17,    0
 18086, 99076,20180331,  -11,    0
 18086, 99076,20180401,   -5,    0
 18086, 99076,20180402,   -2,    0
 18086, 99076,20180403,   -6,    0
 18086, 99076,20180404,   25,    0
 18086, 99076,20180405,   27,    0
 18086, 99076,20180406,   52,    0
 18086, 99076,20180407,   30,    0
 18086, 99076,20180408,   24,    0
 18086, 99076,20180409,   25,    0
 18086, 99076,20180410,   36,    0
 18086, 99076,20180411,   41,    0
 18086, 99076,20180412,   56,    0
 18086, 99076,20180413,   71,    0
 18086, 99076,20180414,   96,    0
 18086, 99076,20180415,   93,    0
 18086, 99076,20180416,   60,    0
 18086, 99076,20180417,   66,    0
 18086, 99076,20180418,   94,    0
 18086, 99076,20180419,   66,    0
 18086, 99076,20180420,   72,    0
 18086, 99076,20180421,  116,    0
 18086, 99076,20180422,   72,    0
 18086, 99076,20180423,   74,    0
 18086, 99076,20180424,   78,    0
 18086, 99076,20180425,   91,    0
 18086, 99076,20180426,   84,    0
 18086, 99076,20180427,   66,    0
 18086, 99076,20180428,   65,    0
 18086, 99076,20180429,   77,    0
 18086, 99076,20180430,   77,    0
 18086, 99076,20180501,   42,    0
 18086, 99076,20180502,   80,    0
 18086, 99076,20180503,   78,    0
 18086, 99076,20180504,   87,    0
 18086, 99076,20180505,   94,    0
 18086, 99076,20180506,  121,    0
 18086, 99076,20180507,  110,    0
 18086, 99076,20180508,  132,    0
 18086, 99076,20180509,  157,    0
 18086, 99076,20180510,  168,    0
 18086, 99076,20180511,  130,    0
 18086, 99076,20180512,  123,    0
 18086, 99076,20180513,  151,    0
 18086, 99076,20180514,  191,    0
 18086, 99076,20180515,  200,    0
 18086, 99076,20180516,  188,    0
 18086, 99076,20180517,  130,    0
 18086, 99076,20180518,  145,    0
 18086, 99076,20180519,  154,    0
 18086, 99076,20180520,  157,    0
 18086, 99076,20180521,  155,    0
 18086, 99076,20180522,  165,    0
 18086, 99076,20180523,  175,    0
 18086, 99076,20180524,  190,    0
 18086, 99076,20180525,  212,    0
 18086, 99076,20180526,  212,    0
 18086, 99076,20180527,  216,    0
 18086, 99076,20180528,  169,    0
 18086, 99076,20180529,  190,    0
 18086, 99076,20180530,  233,    0
 18086, 99076,20180531,  226,    0
 18086, 99076,20180601,  207,    0
 18086, 99076,20180602,  218,    0
 18086, 99076,20180603,  216,    0
 18086, 99076,20180604,  206,    0
 18086, 99076,20180605,  140,    0
 18086, 99076,20180606,  151,    0
 18086, 99076,20180607,  199,    0
 18086, 99076,20180608,  196,    0
 18086, 99076,20180609,  192,    0
 18086, 99076,20180610,  187,    0
 18086, 99076,20180611,  162,    0
 18086, 99076,20180612,  173,    0
 18086, 99076,20180613,  159,    0
 18086, 99076,20180614,  142,    0
 18086, 99076,20180615,  143,    0
 18086, 99076,20180616,  143,    0
 18086, 99076,20180617,  138,    0
 18086, 99076,20180618,  135,    0
 18086, 99076,20180619,  155,    0
 18086, 99076,20180620,  108,    0
 18086, 99076,20180621,  126,    0
 18086, 99076,20180622,  147,    1
 18086, 99076,20180623,  167,    0
 18086, 99076,20180624,  187,    0
 18086, 99076,20180625,  233,    0
 18086, 99076,20180626,  220,    0
 18086, 99076,20180627,  214,    0
 18086, 99076,20180628,  232,    0
 18086, 99076,20180629,  187,    0
 18086, 99076,20180630,  183,    0
 18086, 99076,20180701,  204,    0
 18086, 99076,20180702,  219,    0
 18086, 99076,20180703,  235,    0
 18086, 99076,20180704,-9999,    9
 18086, 99076,20180705,-9999,    9
 18086, 99076,20180706,-9999,    9
 18086, 99076,20180707,-9999,    9
 18086, 99076,20180708,-9999,    9
 18086, 99076,20180709,-9999,    9
 18086, 99076,20180710,-9999,    9
 18086, 99076,20180711,-9999,    9
 18086, 99076,20180712,-9999,    9
 18086, 99076,20180713,-9999,    9
 18086, 99076,20180714,-9999,    9
 18086, 99076,20180715,-9999,    9
 18086, 99076,20180716,-9999,    9
 18086, 99076,20180717,-9999,    9
 18086, 99076,20180718,  209,    0
 18086, 99076,20180719,  205,    0
 18086, 99076,20180720,  196,    0
 18086, 99076,20180721,  193,    0
 18086, 99076,20180722,  199,    0
 18086, 99076,20180723,  208,    0
 18086, 99076,20180724,  206,    0
 18086, 99076,20180725,  202,    0
 18086, 99076,20180726,  230,    0
 18086, 99076,20180727,  250,    0
 18086, 99076,20180728,  248,    0
 18086, 99076,20180729,  220,    0
 18086, 99076,20180730,  211,    0
 18086, 99076,20180731,  222,    0
 18086, 99076,20180801,  200,    0
 18086, 99076,20180802,  201,    0
 18086, 99076,20180803,  211,    0
 18086, 99076,20180804,  215,    0
 18086, 99076,20180805,  198,    0
 18086, 99076,20180806,  164,    0
 18086, 99076,20180807,  177,    0
 18086, 99076,20180808,  182,    0
 18086, 99076,20180809,  199,    0
 18086, 99076,20180810,  162,    0
 18086, 99076,20180811,  146,    0
 18086, 99076,20180812,  142,    0
 18086, 99076,20180813,  160,    0
 18086, 99076,20180814,  151,    0
 18086, 99076,20180815,  162,    0
 18086, 99076,20180816,  173,    0
 18086, 99076,20180817,  160,    0
 18086, 99076,20180818,  147,    0
 18086, 99076,20180819,  158,    0
 18086, 99076,20180820,  150,    0
 18086, 99076,20180821,  153,    0
 18086, 99076,20180822,  164,    0
 18086, 99076,20180823,  153,    0
 18086, 99076,20180824,  147,    0
 18086, 99076,20180825,  134,    0
 18086, 99076,20180826,  136,    0
 18086, 99076,20180827,  134,    0
 18086, 99076,20180828,  151,    0
 18086, 99076,20180829,  149,    0
 18086, 99076,20180830,  155,    0
 18086, 99076,20180831,  151,    0
 18086, 99076,20180901,  150,    0
 18086, 99076,20180902,  150,    0
 18086, 99076,20180903,  158,    0
 18086, 99076,20180904,  157,    0
 18086, 99076,20180905,  163,    0
 18086, 99076,20180906,  154,    0
 18086, 99076,20180907,  160,    0
 18086, 99076,20180908,  139,    0
 18086, 99076,20180909,  146,    0
 18086, 99076,20180910,  149,    0
 18086, 99076,20180911,  129,    0
 18086, 99076,20180912,  130,    0
 18086, 99076,20180913,  119,    0
 18086, 99076,20180914,  122,    0
 18086, 99076,20180915,  120,    0
 18086, 99076,20180916,  103,    0
 18086, 99076,20180917,  126,    0
 18086, 99076,20180918,  159,    0
 18086, 99076,20180919,  163,    0
 18086, 99076,20180920,  134,    0
 18086, 99076,20180921,  111,    0
 18086, 99076,20180922,  113,    0
 18086, 99076,20180923,  107,    0
 18086, 99076,20180924,   89,    0
 18086, 99076,20180925,   89,    0
 18086, 99076,20180926,  132,    0
 18086, 99076,20180927,   85,    0
 18086, 99076,20180928,   84,    0
 18086, 99076,20180929,   82,    0
 18086, 99076,20180930,  101,    0
 18086, 99076,20181001,   74,    0
 18086, 99076,20181002,   53,    0
 18086, 99076,20181003,   81,    0
 18086, 99076,20181004,   78,    0
 18086, 99076,20181005,  100,    0
 18086, 99076,20181006,   74,    0
 18086, 99076,20181007,   68,    0
 18086, 99076,20181008,  113,    0
 18086, 99076,20181009,  129,    0
 18086, 99076,20181010,  132,    0
 18086, 99076,20181011,  110,    0
 18086, 99076,20181012,  112,    0
 18086, 99076,20181013,  151,    0
 18086, 99076,20181014,  133,    0
 18086, 99076,20181015,  120,    0
 18086, 99076,20181016,   78,    0
 18086, 99076,20181017,  109,    0
 18086, 99076,20181018,   88,    0
 18086, 99076,20181019,   66,    0
 18086, 99076,20181020,   76,    0
 18086, 99076,20181021,  116,    0
 18086, 99076,20181022,   83,    0
 18086, 99076,20181023,   88,    0
 18086, 99076,20181024,   60,    0
 18086, 99076,20181025,   57,    0
 18086, 99076,20181026,   33,    0
 18086, 99076,20181027,   23,    0
 18086, 99076,20181028,   11,    0
 18086, 99076,20181029,    0,    0
 18086, 99076,20181030,   21,    0
 18086, 99076,20181031,   55,    0
 18086, 99076,20181101,   66,    0
 18086, 99076,20181102,   61,    0
 18086, 99076,20181103,   56,    0
 18086, 99076,20181104,   79,    0
 18086, 99076,20181105,   67,    0
 18086, 99076,20181106,   66,    0
 18086, 99076,20181107,   67,    0
 18086, 99076,20181108,   72,    0
 18086, 99076,20181109,   73,    0
 18086, 99076,20181110,   72,    0
 18086, 99076,20181111,   86,    0
 18086, 99076,20181112,   90,    0
 18086, 99076,20181113,   69,    0
 18086, 99076,20181114,   47,    0
 18086, 99076,20181115,   94,    0
 18086, 99076,20181116,   70,    0
 18086, 99076,20181117,   48,    0
 18086, 99076,20181118,   37,    0
 18086, 99076,20181119,    6,    0
 18086, 99076,20181120,  -11,    0
 18086, 99076,20181121,   21,    0
 18086, 99076,20181122,  -17,    0
 18086, 99076,20181123,  -44,    0
 18086, 99076,20181124,  -17,    0
 18086, 99076,20181125,   -5,    0
 18086, 99076,20181126,  -43,    0
 18086, 99076,20181127,  -38,    0
 18086, 99076,20181128,  -27,    0
 18086, 99076,20181129,   42,    0
 18086, 99076,20181130,   71,    0
 18086, 99076,20181201,   51,    0
 18086, 99076,20181202,   46,    0
 18086, 99076,20181203,   48,    0
 18086, 99076,20181204,   33,    0
 18086, 99076,20181205,   -7,    0
 18086, 99076,20181206,   -9,    0
 18086, 99076,20181207,   -4,    0
 18086, 99076,20181208,   -5,    0
 18086, 99076,20181209,   -4,    0
 18086, 99076,20181210,   36,    0
 18086, 99076,20181211,   30,    0
 18086, 99076,20181212,  -30,    0
 18086, 99076,20181213,  -46,    0
 18086, 99076,20181214,  -64,    0
 18086, 99076,20181215,  -40,    0
 18086, 99076,20181216,    3,    0
 18086, 99076,20181217,  -18,    0
 18086, 99076,20181218,  -46,    0
 18086, 99076,20181219,    4,    0
 18086, 99076,20181220,    9,    0
 18086, 99076,20181221,  -11,    0
 18086, 99076,20181222,  -39,    0
 18086, 99076,20181223,  -51,    0
 18086, 99076,20181224,  -45,    0
 18086, 99076,20181225,   30,    0
 18086, 99076,20181226,   16,    0
 18086, 99076,20181227,    6,    0
 18086, 99076,20181228,  -15,    0
 18086, 99076,20181229,  -17,    0
 18086, 99076,20181230,  -10,    0
 18086, 99076,20181231,   25,    0
 18086, 99076,20190101,   39,    0
 18086, 99076,20190102,    6,    0
 18086, 99076,20190103,    2,    0
 18086, 99076,20190104,   47,    0
 18086, 99076,20190105,   25,    0
 18086, 99076,20190106,  -19,    0
 18086, 99076,20190107,   -9,    0
 18086, 99076,20190108,   14,    0
 18086, 99076,20190109,    2,    0
 18086, 99076,20190110,   -8,    0
 18086, 99076,20190111,   23,    0
 18086, 99076,20190112,  -17,    0
 18086, 99076,20190113,  -25,    0
 18086, 99076,20190114,  -12,    0
 18086, 99076,20190115,  -16,    0
 18086, 99076,20190116,  -16,    0
 18086, 99076,20190117,  -41,    0
 18086, 99076,20190118,  -26,    0
 18086, 99076,20190119,   -5,    0
 18086, 99076,20190120,  -35,    0
 18086, 99076,20190121,  -46,    0
 18086, 99076,20190122,  -48,    0
 18086, 99076,20190123,  -31,    0
 18086, 99076,20190124,  -13,    0
 18086, 99076,20190125,  -23,    0
 18086, 99076,20190126,  -45,    0
 18086, 99076,20190127,  -51,    0
 18086, 99076,20190128,  -50,    0
 18086, 99076,20190129,  -86,    0
 18086, 99076,20190130,  -76,    0
 18086, 99076,20190131,  -52,    0
 18086, 99076,20190201,  -24,    0
 18086, 99076,20190202,  -33,    0
 18086, 99076,20190203,  -40,    0
 18086, 99076,20190204,  -63,    0
 18086, 99076,20190205,  -31,    0
 18086, 99076,20190206,  -43,    0
 18086, 99076,20190207,  -43,    0
 18086, 99076,20190208,   -9,    0
 18086, 99076,20190209,   33,    0
 18086, 99076,20190210,   30,    0
 18086, 99076,20190211,   11,    0
 18086, 99076,20190212,    1,    0
 18086, 99076,20190213,   71,    0
 18086, 99076,20190214,   48,    0
 18086, 99076,20190215,   37,    0
 18086, 99076,20190216,   28,    0
 18086, 99076,20190217,   16,    0
 18086, 99076,20190218,   36,    0
 18086, 99076,20190219,   46,    0
 18086, 99076,20190220,   28,    0
 18086, 99076,20190221,   -1,    0
 18086, 99076,20190222,    6,    0
 18086, 99076,20190223,   24,    0
 18086, 99076,20190224,   41,    0
 18086, 99076,20190225,   55,    0
 18086, 99076,20190226,   54,    0
 18086, 99076,20190227,   13,    0
 18086, 99076,20190228,   53,    0
 18086, 99076,20190301,   22,    0
 18086, 99076,20190302,   10,    0
 18086, 99076,20190303,   38,    0
 18086, 99076,20190304,   20,    0
 18086, 99076,20190305,  -12,    0
 18086, 99076,20190306,  -12,    0
 18086, 99076,20190307,    5,    0
 18086, 99076,20190308,    7,    0
 18086, 99076,20190309,  -12,    0
 18086, 99076,20190310,  -16,    0
 18086, 99076,20190311,  -17,    0
 18086, 99076,20190312,  -19,    0
 18086, 99076,20190313,    7,    0
 18086, 99076,20190314,  -11,    0
 18086, 99076,20190315,    5,    0
 18086, 99076,20190316,   11,    0
 18086, 99076,20190317,   25,    0
 18086, 99076,20190318,   32,    0
 18086, 99076,20190319,   29,    0
 18086, 99076,20190320,   73,    0
 18086, 99076,20190321,   82,    0
 18086, 99076,20190322,   38,    0
 18086, 99076,20190323,   62,    0
 18086, 99076,20190324,   44,    0
 18086, 99076,20190325,   41,    0
 18086, 99076,20190326,   47,    0
 18086, 99076,20190327,   74,    0
 18086, 99076,20190328,  101,    0
 18086, 99076,20190329,   95,    0
 18086, 99076,20190330,   69,    0
 18086, 99076,20190331,   38,    0
 18086, 99076,20190401,   26,    0
 18086, 99076,20190402,   48,    0
 18086, 99076,20190403,   32,    0
 18086, 99076,20190404,   73,    0
 18086, 99076,20190405,   65,    0
 18086, 99076,20190406,   55,    0
 18086, 99076,20190407,   62,    0
 18086, 99076,20190408,   46,    0
 18086, 99076,20190409,   29,    0
 18086, 99076,20190410,   26,    0
 18086, 99076,20190411,   29,    0
 18086, 99076,20190412,   37,    0
 18086, 99076,20190413,   48,    0
 18086, 99076,20190414,   52,    0
 18086, 99076,20190415,   66,    0
 18086, 99076,20190416,   64,    0
 18086, 99076,20190417,   80,    0
 18086, 99076,20190418,  106,    0
 18086, 99076,20190419,  119,    0
 18086, 99076,20190420,   95,    0
 18086, 99076,20190421,   90,    0
 18086, 99076,20190422,   97,    0
 18086, 99076,20190423,  127,    0
 18086, 99076,20190424,  138,    0
 18086, 99076,20190425,  129,    0
 18086, 99076,20190426,  136,    0
 18086, 99076,20190427,  127,    0
 18086, 99076,20190428,  140,    0
 18086, 99076,20190429,  156,    0
 18086, 99076,20190430,  159,    0
 18086, 99076,20190501,  139,    0
 18086, 99076,20190502,   76,    0
 18086, 99076,20190503,   46,    0
 18086, 99076,20190504,   57,    0
 18086, 99076,20190505,   66,    0
 18086, 99076,20190506,   33,    0
 18086, 99076,20190507,   54,    0
 18086, 99076,20190508,   57,    0
 18086, 99076,20190509,   64,    0
 18086, 99076,20190510,   83,    0
 18086, 99076,20190511,   88,    0
 18086, 99076,20190512,   82,    0
 18086, 99076,20190513,   89,    0
 18086, 99076,20190514,   96,    0
 18086, 99076,20190515,  121,    0
 18086, 99076,20190516,  160,    0
 18086, 99076,20190517,  158,    0
 18086, 99076,20190518,  114,    0
 18086, 99076,20190519,  137,    0
 18086, 99076,20190520,  124,    0
 18086, 99076,20190521,  165,    0
 18086, 99076,20190522,  142,    0
 18086, 99076,20190523,  108,    0
 18086, 99076,20190524,  102,    0
 18086, 99076,20190525,  123,    0
 18086, 99076,20190526,  114,    0
 18086, 99076,20190527,  102,    0
 18086, 99076,20190528,  108,    0
 18086, 99076,20190529,  102,    0
 18086, 99076,20190530,   94,    0
 18086, 99076,20190531,  118,    0
 18086, 99076,20190601,  128,    0
 18086, 99076,20190602,  126,    0
 18086, 99076,20190603,  135,    0
 18086, 99076,20190604,  132,    0
 18086, 99076,20190605,  124,    0
 18086, 99076,20190606,  174,    0
 18086, 99076,20190607,  139,    0
 18086, 99076,20190608,  127,    0
 18086, 99076,20190609,  133,    0
 18086, 99076,20190610,  137,    0
 18086, 99076,20190611,  138,    0
 18086, 99076,20190612,  103,    0
 18086, 99076,20190613,  114,    0
 18086, 99076,20190614,  144,    0
 18086, 99076,20190615,  184,    0
 18086, 99076,20190616,  157,    0
 18086, 99076,20190617,  154,    0
 18086, 99076,20190618,  150,    0
 18086, 99076,20190619,  146,    0
 18086, 99076,20190620,  146,    0
 18086, 99076,20190621,  139,    0
 18086, 99076,20190622,  153,    0
 18086, 99076,20190623,  153,    0
 18086, 99076,20190624,  173,    0
 18086, 99076,20190625,  148,    0
 18086, 99076,20190626,  166,    0
 18086, 99076,20190627,  171,    0
 18086, 99076,20190628,  179,    0
 18086, 99076,20190629,  182,    0
 18086, 99076,20190630,  184,    0
 18086, 99076,20190701,  176,    0
 18086, 99076,20190702,  145,    0
 18086, 99076,20190703,  134,    0
 18086, 99076,20190704,  132,    0
 18086, 99076,20190705,  146,    0
 18086, 99076,20190706,  128,    0
 18086, 99076,20190707,  141,    0
 18086, 99076,20190708,  168,    0
 18086, 99076,20190709,  172,    0
 18086, 99076,20190710,  194,    0
 18086, 99076,20190711,  191,    0
 18086, 99076,20190712,  179,    0
 18086, 99076,20190713,  171,    0
 18086, 99076,20190714,  161,    0
 18086, 99076,20190715,  166,    0
 18086, 99076,20190716,  168,    0
 18086, 99076,20190717,  177,    0
 18086, 99076,20190718,  156,    0
 18086, 99076,20190719,  161,    0
 18086, 99076,20190720,  166,    0
 18086, 99076,20190721,  164,    0
 18086, 99076,20190722,  159,    0
 18086, 99076,20190723,  188,    0
 18086, 99076,20190724,  185,    0
 18086, 99076,20190725,  204,    0
 18086, 99076,20190726,  241,    0
 18086, 99076,20190727,  247,    0
 18086, 99076,20190728,  237,    0
 18086, 99076,20190729,  239,    0
 18086, 99076,20190730,  156,    0
 18086, 99076,20190731,  144,    0
 18086, 99076,20190801,  180,    0
 18086, 99076,20190802,  202,    0
 18086, 99076,20190803,  189,    0
 18086, 99076,20190804,  173,    0
 18086, 99076,20190805,  161,    0
 18086, 99076,20190806,  156,    0
 18086, 99076,20190807,  167,    0
 18086, 99076,20190808,  168,    0
 18086, 99076,20190809,  176,    0
 18086, 99076,20190810,  165,    0
 18086, 99076,20190811,  174,    0
 18086, 99076,20190812,  171,    0
 18086, 99076,20190813,  158,    0
 18086, 99076,20190814,  142,    0
 18086, 99076,20190815,  139,    0
 18086, 99076,20190816,  158,    0
 18086, 99076,20190817,  152,    0
 18086, 99076,20190818,  147,    0
 18086, 99076,20190819,  150,    0
 18086, 99076,20190820,  147,    0
 18086, 99076,20190821,  150,    0
 18086, 99076,20190822,  133,    0
 18086, 99076,20190823,  175,    0
 18086, 99076,20190824,  165,    0
 18086, 99076,20190825,  173,    0
 18086, 99076,20190826,  183,    0
 18086, 99076,20190827,  199,    0
 18086, 99076,20190828,  181,    0
 18086, 99076,20190829,  176,    0
 18086, 99076,20190830,  158,    0
 18086, 99076,20190831,  171,    0
 18086, 99076,20190901,  159,    0
 18086, 99076,20190902,  136,    0
 18086, 99076,20190903,  142,    0
 18086, 99076,20190904,  119,    0
 18086, 99076,20190905,  114,    0
 18086, 99076,20190906,  104,    0
 18086, 99076,20190907,  114,    0
 18086, 99076,20190908,  109,    0
 18086, 99076,20190909,  122,    0
 18086, 99076,20190910,  139,    0
 18086, 99076,20190911,  134,    0
 18086, 99076,20190912,  130,    0
 18086, 99076,20190913,  128,    0
 18086, 99076,20190914,  109,    0
 18086, 99076,20190915,  134,    0
 18086, 99076,20190916,  115,    0
 18086, 99076,20190917,   99,    0
 18086, 99076,20190918,  109,    0
 18086, 99076,20190919,   93,    0
 18086, 99076,20190920,  133,    0
 18086, 99076,20190921,  140,    0
 18086, 99076,20190922,  128,    0
 18086, 99076,20190923,  105,    0
 18086, 99076,20190924,  107,    0
 18086, 99076,20190925,  110,    0
 18086, 99076,20190926,  112,    0
 18086, 99076,20190927,  106,    0
 18086, 99076,20190928,  108,    0
 18086, 99076,20190929,  109,    0
 18086, 99076,20190930,   76,    0
 18086, 99076,20191001,   81,    0
 18086, 99076,20191002,   82,    0
 18086, 99076,20191003,   52,    0
 18086, 99076,20191004,   41,    0
 18086, 99076,20191005,   40,    0
 18086, 99076,20191006,   26,    0
 18086, 99076,20191007,   32,    0
 18086, 99076,20191008,   43,    0
 18086, 99076,20191009,   52,    0
 18086, 99076,20191010,   66,    0
 18086, 99076,20191011,   67,    0
 18086, 99076,20191012,   90,    0
 18086, 99076,20191013,   90,    0
 18086, 99076,20191014,   79,    0
 18086, 99076,20191015,   67,    0
 18086, 99076,20191016,   62,    0
 18086, 99076,20191017,   73,    0
 18086, 99076,20191018,   79,    0
 18086, 99076,20191019,   76,    0
 18086, 99076,20191020,   59,    0
 18086, 99076,20191021,   41,    0
 18086, 99076,20191022,   79,    0
 18086, 99076,20191023,   96,    0
 18086, 99076,20191024,   96,    0
 18086, 99076,20191025,   90,    0
 18086, 99076,20191026,   40,    0
 18086, 99076,20191027,   35,    0
 18086, 99076,20191028,   37,    0
 18086, 99076,20191029,   37,    0
 18086, 99076,20191030,   22,    0
 18086, 99076,20191031,   69,    0
 18086, 99076,20191101,   20,    0
 18086, 99076,20191102,   26,    0
 18086, 99076,20191103,   18,    0
 18086, 99076,20191104,    3,    0
 18086, 99076,20191105,  -13,    0
 18086, 99076,20191106,  -23,    0
 18086, 99076,20191107,  -22,    0
 18086, 99076,20191108,  -14,    0
 18086, 99076,20191109,   -4,    0
 18086, 99076,20191110,  -11,    0
 18086, 99076,20191111,  -19,    0
 18086, 99076,20191112,   22,    0
 18086, 99076,20191113,   30,    0
 18086, 99076,20191114,   27,    0
 18086, 99076,20191115,   30,    0
 18086, 99076,20191116,   25,    0
 18086, 99076,20191117,   26,    0
 18086, 99076,20191118,   23,    0
 18086, 99076,20191119,   38,    0
 18086, 99076,20191120,    9,    0
 18086, 99076,20191121,   48,    0
 18086, 99076,20191122,   55,    0
 18086, 99076,20191123,   51,    0
 18086, 99076,20191124,   31,    0
 18086, 99076,20191125,   19,    0
 18086, 99076,20191126,   12,    0
 18086, 99076,20191127,   13,    0
 18086, 99076,20191128,    1,    0
 18086, 99076,20191129,   -4,    0
 18086, 99076,20191130,  -17,    0
 18086, 99076,20191201,  -14,    0
 18086, 99076,20191202,  -28,    0
 18086, 99076,20191203,    2,    0
 18086, 99076,20191204,   21,    0
 18086, 99076,20191205,   55,    0
 18086, 99076,20191206,   44,    0
 18086, 99076,20191207,   22,    0
 18086, 99076,20191208,    9,    0
 18086, 99076,20191209,   20,    0
 18086, 99076,20191210,    1,    0
 18086, 99076,20191211,   48,    0
 18086, 99076,20191212,   39,    0
 18086, 99076,20191213,   21,    0
 18086, 99076,20191214,   19,    0
 18086, 99076,20191215,   13,    0
 18086, 99076,20191216,    2,    0
 18086, 99076,20191217,  -24,    0
 18086, 99076,20191218,  -38,    0
 18086, 99076,20191219,  -26,    0
 18086, 99076,20191220,    5,    0
 18086, 99076,20191221,   26,    0
 18086, 99076,20191222,   20,    0
 18086, 99076,20191223,   22,    0
 18086, 99076,20191224,   13,    0
 18086, 99076,20191225,   -6,    0
 18086, 99076,20191226,  -26,    0
 18086, 99076,20191227,  -37,    0
 18086, 99076,20191228,   -4,    0
 18086, 99076,20191229,   58,    0
 18086, 99076,20191230,   68,    0
 18086, 99076,20191231,   46,    0
 18086, 99076,20200101,   44,    0
 18086, 99076,20200102,   56,    0
 18086, 99076,20200103,   50,    0
 18086, 99076,20200104,   21,    0
 18086, 99076,20200105,   17,    0
 18086, 99076,20200106,   47,    0
 18086, 99076,20200107,   52,    0
 18086, 99076,20200108,   62,    0
 18086, 99076,20200109,   21,    0
 18086, 99076,20200110,   -4,    0
 18086, 99076,20200111,   49,    0
 18086, 99076,20200112,   43,    0
 18086, 99076,20200113,   19,    0
 18086, 99076,20200114,   51,    0
 18086, 99076,20200115,   59,    0
 18086, 99076,20200116,   61,    0
 18086, 99076,20200117,   58,    0
 18086, 99076,20200118,   49,    0
 18086, 99076,20200119,   37,    0
 18086, 99076,20200120,   61,    0
 18086, 99076,20200121,   61,    0
 18086, 99076,20200122,   40,    0
 18086, 99076,20200123,   41,    0
 18086, 99076,20200124,   51,    0
 18086, 99076,20200125,   41,    0
 18086, 99076,20200126,   52,    0
 18086, 99076,20200127,   47,    0
 18086, 99076,20200128,   23,    0
 18086, 99076,20200129,   14,    0
 18086, 99076,20200130,   -8,    0
 18086, 99076,20200131,    6,    0
 18086, 99076,20200201,   58,    0
 18086, 99076,20200202,   32,    0
 18086, 99076,20200203,   -6,    0
 18086, 99076,20200204,   -9,    0
 18086, 99076,20200205,   19,    0
 18086, 99076,20200206,   73,    0
 18086, 99076,20200207,   19,    0
 18086, 99076,20200208,   36,    0
 18086, 99076,20200209,   52,    0
 18086, 99076,20200210,   52,    0
 18086, 99076,20200211,   28,    0
 18086, 99076,20200212,   31,    0
 18086, 99076,20200213,   15,    0
 18086, 99076,20200214,    3,    0
 18086, 99076,20200215,   52,    0
 18086, 99076,20200216,   61,    0
 18086, 99076,20200217,   60,    0
 18086, 99076,20200218,   48,    0
 18086, 99076,20200219,   31,    0
 18086, 99076,20200220,   35,    0
 18086, 99076,20200221,   42,    0
 18086, 99076,20200222,   56,    0
 18086, 99076,20200223,   44,    0
 18086, 99076,20200224,   23,    0
 18086, 99076,20200225,    9,    0
 18086, 99076,20200226,  -17,    0
 18086, 99076,20200227,  -35,    0
 18086, 99076,20200228,   -2,    0
 18086, 99076,20200229,   -3,    0
 18086, 99076,20200301,   16,    0
 18086, 99076,20200302,   32,    0
 18086, 99076,20200303,   14,    0
 18086, 99076,20200304,    3,    0
 18086, 99076,20200305,    0,    0
 18086, 99076,20200306,  -14,    0
 18086, 99076,20200307,   -8,    0
 18086, 99076,20200308,   50,    0
 18086, 99076,20200309,   46,    0
 18086, 99076,20200310,   32,    0
 18086, 99076,20200311,   52,    0
 18086, 99076,20200312,   34,    0
 18086, 99076,20200313,   13,    0
 18086, 99076,20200314,    2,    0
 18086, 99076,20200315,   47,    0
 18086, 99076,20200316,   44,    0
 18086, 99076,20200317,   71,    0
 18086, 99076,20200318,   62,    0
 18086, 99076,20200319,   50,    0
 18086, 99076,20200320,   33,    0
 18086, 99076,20200321,   22,    0
 18086, 99076,20200322,   20,    0
 18086, 99076,20200323,   31,    0
 18086, 99076,20200324,   40,    0
 18086, 99076,20200325,   58,    0
 18086, 99076,20200326,   56,    0
 18086, 99076,20200327,   45,    0
 18086, 99076,20200328,   41,    0
 18086, 99076,20200329,   21,    0
 18086, 99076,20200330,   30,    0
 18086, 99076,20200331,   61,    0
 18086, 99076,20200401,   73,    0
 18086, 99076,20200402,   44,    0
 18086, 99076,20200403,   40,    0
 18086, 99076,20200404,   29,    0
 18086, 99076,20200405,   52,    0
 18086, 99076,20200406,   70,    0
 18086, 99076,20200407,   96,    0
 18086, 99076,20200408,   79,    0
 18086, 99076,20200409,   69,    0
 18086, 99076,20200410,   56,    0
 18086, 99076,20200411,   40,    0
 18086, 99076,20200412,   73,    0
 18086, 99076,20200413,   40,    0
 18086, 99076,20200414,   46,    0
 18086, 99076,20200415,  113,    0
 18086, 99076,20200416,   84,    0
 18086, 99076,20200417,   64,    0
 18086, 99076,20200418,   69,    0
 18086, 99076,20200419,   92,    0
 18086, 99076,20200420,  120,    0
 18086, 99076,20200421,  136,    0
 18086, 99076,20200422,  136,    0
 18086, 99076,20200423,  128,    0
 18086, 99076,20200424,   97,    0
 18086, 99076,20200425,   92,    0
 18086, 99076,20200426,   86,    0
 18086, 99076,20200427,   58,    0
 18086, 99076,20200428,   40,    0
 18086, 99076,20200429,   58,    0
 18086, 99076,20200430,   47,    0
 18086, 99076,20200501,   59,    0
 18086, 99076,20200502,   87,    0
 18086, 99076,20200503,   91,    0
 18086, 99076,20200504,   75,    0
 18086, 99076,20200505,   83,    0
 18086, 99076,20200506,  112,    0
 18086, 99076,20200507,   92,    0
 18086, 99076,20200508,  108,    0
 18086, 99076,20200509,   98,    0
 18086, 99076,20200510,   47,    0
 18086, 99076,20200511,   56,    0
 18086, 99076,20200512,   46,    0
 18086, 99076,20200513,   57,    0
 18086, 99076,20200514,   64,    0
 18086, 99076,20200515,   79,    0
 18086, 99076,20200516,   68,    0
 18086, 99076,20200517,   89,    0
 18086, 99076,20200518,   94,    0
 18086, 99076,20200519,  106,    0
 18086, 99076,20200520,  110,    0
 18086, 99076,20200521,  109,    0
 18086, 99076,20200522,  118,    0
 18086, 99076,20200523,  103,    0
 18086, 99076,20200524,  111,    0
 18086, 99076,20200525,  143,    0
 18086, 99076,20200526,  117,    0
 18086, 99076,20200527,  136,    0
 18086, 99076,20200528,  134,    0
 18086, 99076,20200529,  151,    0
 18086, 99076,20200530,  173,    0
 18086, 99076,20200531,  185,    0
 18086, 99076,20200601,  197,    0
 18086, 99076,20200602,  170,    0
 18086, 99076,20200603,  156,    0
 18086, 99076,20200604,  150,    0
 18086, 99076,20200605,  115,    0
 18086, 99076,20200606,  102,    0
 18086, 99076,20200607,  117,    0
 18086, 99076,20200608,  114,    0
 18086, 99076,20200609,  138,    0
 18086, 99076,20200610,  151,    0
 18086, 99076,20200611,  192,    0
 18086, 99076,20200612,  208,    0
 18086, 99076,20200613,  201,    0
 18086, 99076,20200614,  203,    0
 18086, 99076,20200615,  222,    0
 18086, 99076,20200616,  224,    0
 18086, 99076,20200617,  214,    0
 18086, 99076,20200618,  225,    0
 18086, 99076,20200619,  236,    0
 18086, 99076,20200620,  209,    0
 18086, 99076,20200621,  171,    0
 18086, 99076,20200622,  169,    0
 18086, 99076,20200623,  190,    0
 18086, 99076,20200624,  197,    0
 18086, 99076,20200625,  206,    0
 18086, 99076,20200626,  224,    0
 18086, 99076,20200627,  228,    0
 18086, 99076,20200628,  180,    0
 18086, 99076,20200629,  153,    0
 18086, 99076,20200630,  146,    0
 18086, 99076,20200701,  145,    0
 18086, 99076,20200702,  146,    0
 18086, 99076,20200703,  129,    0
 18086, 99076,20200704,  137,    0
 18086, 99076,20200705,  145,    0
 18086, 99076,20200706,  136,    0
 18086, 99076,20200707,  111,    0
 18086, 99076,20200708,  132,    0
 18086, 99076,20200709,  143,    0
 18086, 99076,20200710,  140,    0
 18086, 99076,20200711,  156,    0
 18086, 99076,20200712,  153,    0
 18086, 99076,20200713,  157,    0
 18086, 99076,20200714,  138,    0
 18086, 99076,20200715,  165,    0
 18086, 99076,20200716,  157,    0
 18086, 99076,20200717,  162,    0
 18086, 99076,20200718,  159,    0
 18086, 99076,20200719,  154,    0
 18086, 99076,20200720,  158,    0
 18086, 99076,20200721,  140,    0
 18086, 99076,20200722,  148,    0
 18086, 99076,20200723,  144,    0
 18086, 99076,20200724,  145,    0
 18086, 99076,20200725,  156,    0
 18086, 99076,20200726,  155,    0
 18086, 99076,20200727,  158,    0
 18086, 99076,20200728,  144,    0
 18086, 99076,20200729,  141,    0
 18086, 99076,20200730,  184,    0
 18086, 99076,20200731,  197,    0
 18086, 99076,20200801,  190,    0
 18086, 99076,20200802,  165,    0
 18086, 99076,20200803,  160,    0
 18086, 99076,20200804,  157,    0
 18086, 99076,20200805,  142,    0
 18086, 99076,20200806,  173,    0
 18086, 99076,20200807,  178,    0
 18086, 99076,20200808,  181,    0
 18086, 99076,20200809,  191,    0
 18086, 99076,20200810,  181,    0
 18086, 99076,20200811,  195,    0
 18086, 99076,20200812,  199,    0
 18086, 99076,20200813,  188,    0
 18086, 99076,20200814,  188,    0
 18086, 99076,20200815,  176,    0
 18086, 99076,20200816,  173,    0
 18086, 99076,20200817,  199,    0
 18086, 99076,20200818,  206,    0
 18086, 99076,20200819,  191,    0
 18086, 99076,20200820,  188,    0
 18086, 99076,20200821,  179,    0
 18086, 99076,20200822,  178,    0
 18086, 99076,20200823,  156,    0
 18086, 99076,20200824,  134,    0
 18086, 99076,20200825,  133,    0
 18086, 99076,20200826,  134,    0
 18086, 99076,20200827,  141,    0
 18086, 99076,20200828,  137,    0
 18086, 99076,20200829,  141,    0
 18086, 99076,20200830,  133,    0
 18086, 99076,20200831,  131,    0
 18086, 99076,20200901,  138,    0
 18086, 99076,20200902,  147,    0
 18086, 99076,20200903,  136,    0
 18086, 99076,20200904,  152,    0
 18086, 99076,20200905,  125,    0
 18086, 99076,20200906,  121,    0
 18086, 99076,20200907,  122,    0
 18086, 99076,20200908,  153,    0
 18086, 99076,20200909,  130,    0
 18086, 99076,20200910,  118,    0
 18086, 99076,20200911,  107,    0
 18086, 99076,20200912,  129,    0
 18086, 99076,20200913,  125,    0
 18086, 99076,20200914,  168,    0
 18086, 99076,20200915,  144,    0
 18086, 99076,20200916,  134,    0
 18086, 99076,20200917,  112,    0
 18086, 99076,20200918,  156,    0
 18086, 99076,20200919,  135,    0
 18086, 99076,20200920,  126,    0
 18086, 99076,20200921,  143,    0
 18086, 99076,20200922,  126,    0
 18086, 99076,20200923,  146,    0
 18086, 99076,20200924,  133,    0
 18086, 99076,20200925,   95,    0
 18086, 99076,20200926,   83,    0
 18086, 99076,20200927,  111,    0
 18086, 99076,20200928,  121,    0
 18086, 99076,20200929,  127,    0
 18086, 99076,20200930,  127,    0
 18086, 99076,20201001,  119,    0
 18086, 99076,20201002,  126,    0
 18086, 99076,20201003,  128,    0
 18086, 99076,20201004,  133,    0
 18086, 99076,20201005,  125,    0
 18086, 99076,20201006,  109,    0
 18086, 99076,20201007,  106,    0
 18086, 99076,20201008,  102,    0
 18086, 99076,20201009,   96,    0
 18086, 99076,20201010,   77,    0
 18086, 99076,20201011,   93,    0
 18086, 99076,20201012,   81,    0
 18086, 99076,20201013,   70,    0
 18086, 99076,20201014,   67,    0
 18086, 99076,20201015,   74,    0
 18086, 99076,20201016,   76,    0
 18086, 99076,20201017,   62,    0
 18086, 99076,20201018,   62,    0
 18086, 99076,20201019,   47,    0
 18086, 99076,20201020,   31,    0
 18086, 99076,20201021,   52,    0
 18086, 99076,20201022,   66,    0
 18086, 99076,20201023,   62,    0
 18086, 99076,20201024,   70,    0
 18086, 99076,20201025,  102,    0
 18086, 99076,20201026,   89,    0
 18086, 99076,20201027,   89,    0
 18086, 99076,20201028,   87,    0
 18086, 99076,20201029,   68,    0
 18086, 99076,20201030,   48,    0
 18086, 99076,20201031,   70,    0
 18086, 99076,20201101,  103,    0
 18086, 99076,20201102,  111,    0
 18086, 99076,20201103,   75,    0
 18086, 99076,20201104,   64,    0
 18086, 99076,20201105,  104,    0
 18086, 99076,20201106,  128,    0
 18086, 99076,20201107,   62,    0
 18086, 99076,20201108,   29,    0
 18086, 99076,20201109,   22,    0
 18086, 99076,20201110,   39,    0
 18086, 99076,20201111,   60,    0
 18086, 99076,20201112,   51,    0
 18086, 99076,20201113,   56,    0
 18086, 99076,20201114,   73,    0
 18086, 99076,20201115,   92,    0
 18086, 99076,20201116,   87,    0
 18086, 99076,20201117,   86,    0
 18086, 99076,20201118,  107,    0
 18086, 99076,20201119,   46,    0
 18086, 99076,20201120,   25,    0
 18086, 99076,20201121,   65,    0
 18086, 99076,20201122,   55,    0
 18086, 99076,20201123,   55,    0
 18086, 99076,20201124,   78,    0
 18086, 99076,20201125,   96,    0
 18086, 99076,20201126,   36,    0
 18086, 99076,20201127,  -10,    0
 18086, 99076,20201128,  -10,    0
 18086, 99076,20201129,  -26,    0
 18086, 99076,20201130,   24,    0
 18086, 99076,20201201,   21,    0
 18086, 99076,20201202,   20,    0
 18086, 99076,20201203,   19,    0
 18086, 99076,20201204,   13,    0
 18086, 99076,20201205,   24,    0
 18086, 99076,20201206,   33,    0
 18086, 99076,20201207,   50,    0
 18086, 99076,20201208,   35,    0
 18086, 99076,20201209,   27,    0
 18086, 99076,20201210,   21,    0
 18086, 99076,20201211,   15,    0
 18086, 99076,20201212,   21,    0
 18086, 99076,20201213,   23,    0
 18086, 99076,20201214,   28,    0
 18086, 99076,20201215,   19,    0
 18086, 99076,20201216,   -7,    0
 18086, 99076,20201217,   36,    0
 18086, 99076,20201218,   26,    0
 18086, 99076,20201219,   66,    0
 18086, 99076,20201220,   72,    0
 18086, 99076,20201221,   48,    0
 18086, 99076,20201222,   37,    0
 18086, 99076,20201223,   23,    0
 18086, 99076,20201224,    4,    0
 18086, 99076,20201225,   -7,    0
 18086, 99076,20201226,   11,    0
 18086, 99076,20201227,   39,    0
 18086, 99076,20201228,    8,    0
 18086, 99076,20201229,   24,    0
 18086, 99076,20201230,   17,    0
 18086, 99076,20201231,    4,    0
 18086, 99076,20210101,   -2,    0
 18086, 99076,20210102,    7,    0
 18086, 99076,20210103,   -2,    0
 18086, 99076,20210104,  -27,    0
 18086, 99076,20210105,  -48,    0
 18086, 99076,20210106,  -73,    0
 18086, 99076,20210107,  -55,    0
 18086, 99076,20210108,  -52,    0
 18086, 99076,20210109,  -54,    0
 18086, 99076,20210110,   -9,    0
 18086, 99076,20210111,  -47,    0
 18086, 99076,20210112,  -47,    0
 18086, 99076,20210113,  -32,    0
 18086, 99076,20210114,  -52,    0
 18086, 99076,20210115,  -90,    0
 18086, 99076,20210116,  -92,    0
 18086, 99076,20210117,  -62,    0
 18086, 99076,20210118,  -34,    0
 18086, 99076,20210119,  -16,    0
 18086, 99076,20210120,    4,    0
 18086, 99076,20210121,   30,    0
 18086, 99076,20210122,   31,    0
 18086, 99076,20210123,   18,    0
 18086, 99076,20210124,  -14,    0
 18086, 99076,20210125,  -49,    0
 18086, 99076,20210126,  -73,    0
 18086, 99076,20210127,  -74,    0
 18086, 99076,20210128,  -83,    0
 18086, 99076,20210129,  -99,    0
 18086, 99076,20210130, -105,    0
 18086, 99076,20210131,  -80,    0
 18086, 99076,20210201,  -75,    0
 18086, 99076,20210202,  -70,    0
 18086, 99076,20210203,  -66,    0
 18086, 99076,20210204,  -87,    0
 18086, 99076,20210205,  -81,    0
 18086, 99076,20210206,  -63,    0
 18086, 99076,20210207,  -66,    0
 18086, 99076,20210208,  -51,    0
 18086, 99076,20210209,  -55,    0
 18086, 99076,20210210,  -73,    0
 18086, 99076,20210211,  -83,    0
 18086, 99076,20210212,  -84,    0
 18086, 99076,20210213,  -89,    0
 18086, 99076,20210214,  -93,    0
 18086, 99076,20210215,  -58,    0
 18086, 99076,20210216,  -32,    0
 18086, 99076,20210217,  -21,    0
 18086, 99076,20210218,  -16,    0
 18086, 99076,20210219,    2,    0
 18086, 99076,20210220,   16,    0
 18086, 99076,20210221,   14,    0
 18086, 99076,20210222,   17,    0
 18086, 99076,20210223,-9999,    9
 18086, 99076,20210224,-9999,    9
 18086, 99076,20210225,   38,    0
 18086, 99076,20210226,   69,    0
 18086, 99076,20210227,   42,    0
 18086, 99076,20210228,   53,    0
 18086, 99076,20210301,   34,    0
 18086, 99076,20210302,   62,    0
 18086, 99076,20210303,  -17,    0
 18086, 99076,20210304,   15,    0
 18086, 99076,20210305,   12,    0
 18086, 99076,20210306,   38,    0
 18086, 99076,20210307,   21,    0
 18086, 99076,20210308,   -4,    0
 18086, 99076,20210309,   22,    0
 18086, 99076,20210310,   -8,    0
 18086, 99076,20210311,    1,    0
 18086, 99076,20210312,   30,    0
 18086, 99076,20210313,   14,    0
 18086, 99076,20210314,   22,    0
 18086, 99076,20210315,   38,    0
 18086, 99076,20210316,   31,    0
 18086, 99076,20210317,   15,    0
 18086, 99076,20210318,   33,    0
 18086, 99076,20210319,    9,    0
 18086, 99076,20210320,   32,    0
 18086, 99076,20210321,   48,    0
 18086, 99076,20210322,   69,    0
 18086, 99076,20210323,   59,    0
 18086, 99076,20210324,   65,    0
 18086, 99076,20210325,   56,    0
 18086, 99076,20210326,   44,    0
 18086, 99076,20210327,   46,    0
 18086, 99076,20210328,   41,    0
 18086, 99076,20210329,   81,    0
 18086, 99076,20210330,  120,    0
 18086, 99076,20210331,   62,    0
 18086, 99076,20210401,   48,    0
 18086, 99076,20210402,   63,    0
 18086, 99076,20210403,   47,    0
 18086, 99076,20210404,   59,    0
 18086, 99076,20210405,   25,    0
 18086, 99076,20210406,   45,    0
 18086, 99076,20210407,   42,    0
 18086, 99076,20210408,   33,    0
 18086, 99076,20210409,   54,    0
 18086, 99076,20210410,   44,    0
 18086, 99076,20210411,   25,    0
 18086, 99076,20210412,   14,    0
 18086, 99076,20210413,   30,    0
 18086, 99076,20210414,   52,    0
 18086, 99076,20210415,   70,    0
 18086, 99076,20210416,   73,    0
 18086, 99076,20210417,   96,    0
 18086, 99076,20210418,  108,    0
 18086, 99076,20210419,  112,    0
 18086, 99076,20210420,   92,    0
 18086, 99076,20210421,   71,    0
 18086, 99076,20210422,   65,    0
 18086, 99076,20210423,   61,    0
 18086, 99076,20210424,   49,    0
 18086, 99076,20210425,   49,    0
 18086, 99076,20210426,   53,    0
 18086, 99076,20210427,   62,    0
 18086, 99076,20210428,   66,    0
 18086, 99076,20210429,   72,    0
 18086, 99076,20210430,   71,    0
 18086, 99076,20210501,   68,    0
 18086, 99076,20210502,   72,    0
 18086, 99076,20210503,   61,    0
 18086, 99076,20210504,   51,    0
 18086, 99076,20210505,   34,    0
 18086, 99076,20210506,   58,    0
 18086, 99076,20210507,   69,    0
 18086, 99076,20210508,   71,    0
 18086, 99076,20210509,   59,    0
 18086, 99076,20210510,   74,    0
 18086, 99076,20210511,   95,    0
 18086, 99076,20210512,   91,    0
 18086, 99076,20210513,  132,    0
 18086, 99076,20210514,  139,    0
 18086, 99076,20210515,  104,    0
 18086, 99076,20210516,   93,    0
 18086, 99076,20210517,   87,    0
 18086, 99076,20210518,   94,    0
 18086, 99076,20210519,   99,    0
 18086, 99076,20210520,  111,    0
 18086, 99076,20210521,  102,    0
 18086, 99076,20210522,  106,    0
 18086, 99076,20210523,  103,    0
 18086, 99076,20210524,  104,    0
 18086, 99076,20210525,  117,    0
 18086, 99076,20210526,   99,    0
 18086, 99076,20210527,  129,    0
 18086, 99076,20210528,  153,    0
 18086, 99076,20210529,  183,    0
 18086, 99076,20210530,  173,    0
 18086, 99076,20210531,  132,    0
 18086, 99076,20210601,  172,    0
 18086, 99076,20210602,  179,    0
 18086, 99076,20210603,  184,    0
 18086, 99076,20210604,  190,    0
 18086, 99076,20210605,  196,    0
 18086, 99076,20210606,  182,    0
 18086, 99076,20210607,  149,    0
 18086, 99076,20210608,  147,    0
 18086, 99076,20210609,  151,    0
 18086, 99076,20210610,  163,    0
 18086, 99076,20210611,  170,    0
 18086, 99076,20210612,  166,    0
 18086, 99076,20210613,  165,    0
 18086, 99076,20210614,  148,    0
 18086, 99076,20210615,  160,    0
 18086, 99076,20210616,  146,    0
 18086, 99076,20210617,  170,    0
 18086, 99076,20210618,  168,    0
 18086, 99076,20210619,  168,    0
 18086, 99076,20210620,  148,    0
 18086, 99076,20210621,  142,    0
 18086, 99076,20210622,  141,    0
 18086, 99076,20210623,  167,    0
 18086, 99076,20210624,  147,    0
 18086, 99076,20210625,  151,    0
 18086, 99076,20210626,  170,    0
 18086, 99076,20210627,  147,    0
 18086, 99076,20210628,  150,    0
 18086, 99076,20210629,  152,    0
 18086, 99076,20210630,  183,    0
 18086, 99076,20210701,  182,    0
 18086, 99076,20210702,  213,    0
 18086, 99076,20210703,  232,    0
 18086, 99076,20210704,  205,    0
 18086, 99076,20210705,  197,    0
 18086, 99076,20210706,  179,    0
 18086, 99076,20210707,  175,    0
 18086, 99076,20210708,  172,    0
 18086, 99076,20210709,  188,    0
 18086, 99076,20210710,  162,    0
 18086, 99076,20210711,  179,    0
 18086, 99076,20210712,  191,    0
 18086, 99076,20210713,  212,    0
 18086, 99076,20210714,  216,    0
 18086, 99076,20210715,  224,    0
 18086, 99076,20210716,  217,    0
 18086, 99076,20210717,  222,    0
 18086, 99076,20210718,  189,    0
 18086, 99076,20210719,  181,    0
 18086, 99076,20210720,  195,    0
 18086, 99076,20210721,  180,    0
 18086, 99076,20210722,  193,    0
 18086, 99076,20210723,  206,    0
 18086, 99076,20210724,  215,    0
 18086, 99076,20210725,  226,    0
 18086, 99076,20210726,  212,    0
 18086, 99076,20210727,  177,    0
 18086, 99076,20210728,  187,    0
 18086, 99076,20210729,  150,    0
 18086, 99076,20210730,  189,    0
 18086, 99076,20210731,  169,    0
 18086, 99076,20210801,  150,    0
 18086, 99076,20210802,  153,    0
 18086, 99076,20210803,  147,    0
 18086, 99076,20210804,  161,    0
 18086, 99076,20210805,  163,    0
 18086, 99076,20210806,  180,    0
 18086, 99076,20210807,  169,    0
 18086, 99076,20210808,  167,    0
 18086, 99076,20210809,  160,    0
 18086, 99076,20210810,  168,    0
 18086, 99076,20210811,  168,    0
 18086, 99076,20210812,  179,    0
 18086, 99076,20210813,  163,    0
 18086, 99076,20210814,  148,    0
 18086, 99076,20210815,  155,    0
 18086, 99076,20210816,  148,    0
 18086, 99076,20210817,  170,    0
 18086, 99076,20210818,  157,    0
 18086, 99076,20210819,  159,    0
 18086, 99076,20210820,  153,    0
 18086, 99076,20210821,  153,    0
 18086, 99076,20210822,  148,    0
 18086, 99076,20210823,  155,    0
 18086, 99076,20210824,  165,    0
 18086, 99076,20210825,  189,    0
 18086, 99076,20210826,  147,    0
 18086, 99076,20210827,  151,    0
 18086, 99076,20210828,  166,    0
 18086, 99076,20210829,  182,    0
 18086, 99076,20210830,  182,    0
 18086, 99076,20210831,  182,    0
 18086, 99076,20210901,  176,    0
 18086, 99076,20210902,  182,    0
 18086, 99076,20210903,  157,    0
 18086, 99076,20210904,  124,    0
 18086, 99076,20210905,  147,    0
 18086, 99076,20210906,  149,    0
 18086, 99076,20210907,  167,    0
 18086, 99076,20210908,  187,    0
 18086, 99076,20210909,  171,    0
 18086, 99076,20210910,  165,    0
 18086, 99076,20210911,  163,    0
 18086, 99076,20210912,  160,    0
 18086, 99076,20210913,  132,    0
 18086, 99076,20210914,  130,    0
 18086, 99076,20210915,  135,    0
 18086, 99076,20210916,  110,    0
 18086, 99076,20210917,  104,    0
 18086, 99076,20210918,  108,    0
 18086, 99076,20210919,  105,    0
 18086, 99076,20210920,   96,    0
 18086, 99076,20210921,  120,    0
 18086, 99076,20210922,  136,    0
 18086, 99076,20210923,  115,    0
 18086, 99076,20210924,  110,    0
 18086, 99076,20210925,  130,    0
 18086, 99076,20210926,  119,    0
 18086, 99076,20210927,  125,    0
 18086, 99076,20210928,  134,    0
 18086, 99076,20210929,  110,    0
 18086, 99076,20210930,  108,    0
 18086, 99076,20211001,  121,    0
 18086, 99076,20211002,  119,    0
 18086, 99076,20211003,  120,    0
 18086, 99076,20211004,  126,    0
 18086, 99076,20211005,  120,    0
 18086, 99076,20211006,  106,    0
 18086, 99076,20211007,  113,    0
 18086, 99076,20211008,  130,    0
 18086, 99076,20211009,  129,    0
 18086, 99076,20211010,  104,    0
 18086, 99076,20211011,   90,    0
 18086, 99076,20211012,   75,    0
 18086, 99076,20211013,   63,    0
 18086, 99076,20211014,  102,    0
 18086, 99076,20211015,   91,    0
 18086, 99076,20211016,   74,    0
 18086, 99076,20211017,   58,    0
 18086, 99076,20211018,   36,    0
 18086, 99076,20211019,   30,    0
 18086, 99076,20211020,   86,    0
 18086, 99076,20211021,   79,    0
 18086, 99076,20211022,   68,    0
 18086, 99076,20211023,   72,    0
 18086, 99076,20211024,   90,    0
 18086, 99076,20211025,   99,    0
 18086, 99076,20211026,   82,    0
 18086, 99076,20211027,  117,    0
 18086, 99076,20211028,  121,    0
 18086, 99076,20211029,  108,    0
 18086, 99076,20211030,  110,    0
 18086, 99076,20211031,   97,    0
 18086, 99076,20211101,  104,    0
 18086, 99076,20211102,   93,    0
 18086, 99076,20211103,   71,    0
 18086, 99076,20211104,   28,    0
 18086, 99076,20211105,   37,    0
 18086, 99076,20211106,   55,    0
 18086, 99076,20211107,   39,    0
 18086, 99076,20211108,   29,    0
 18086, 99076,20211109,   83,    0
 18086, 99076,20211110,   79,    0
 18086, 99076,20211111,   64,    0
 18086, 99076,20211112,   40,    0
 18086, 99076,20211113,   38,    0
 18086, 99076,20211114,   15,    0
 18086, 99076,20211115,   43,    0
 18086, 99076,20211116,   76,    0
 18086, 99076,20211117,   65,    0
 18086, 99076,20211118,   44,    0
 18086, 99076,20211119,  107,    0
 18086, 99076,20211120,   68,    0
 18086, 99076,20211121,   36,    0
 18086, 99076,20211122,   21,    0
 18086, 99076,20211123,   44,    0
 18086, 99076,20211124,   62,    0
 18086, 99076,20211125,   21,    0
 18086, 99076,20211126,  -14,    0
 18086, 99076,20211127,  -23,    0
 18086, 99076,20211128,  -25,    0
 18086, 99076,20211129,  -47,    0
 18086, 99076,20211130,  -45,    0
 18086, 99076,20211201,  -64,    0
 18086, 99076,20211202,  -49,    0
 18086, 99076,20211203,  -67,    0
 18086, 99076,20211204,  -47,    0
 18086, 99076,20211205,  -56,    0
 18086, 99076,20211206,  -82,    0
 18086, 99076,20211207,  -66,    0
 18086, 99076,20211208,  -29,    0
 18086, 99076,20211209,   -7,    0
 18086, 99076,20211210,   -8,    0
 18086, 99076,20211211,    5,    0
 18086, 99076,20211212,   14,    0
 18086, 99076,20211213,   29,    0
 18086, 99076,20211214,   18,    0
 18086, 99076,20211215,   54,    0
 18086, 99076,20211216,   67,    0
 18086, 99076,20211217,   29,    0
 18086, 99076,20211218,   81,    0
 18086, 99076,20211219,   45,    0
 18086, 99076,20211220,   12,    0
 18086, 99076,20211221,  -28,    0
 18086, 99076,20211222,  -16,    0
 18086, 99076,20211223,  -40,    0
 18086, 99076,20211224,  -50,    0
 18086, 99076,20211225,  -25,    0
 18086, 99076,20211226,  -34,    0
 18086, 99076,20211227,  -64,    0
 18086, 99076,20211228,  -46,    0
 18086, 99076,20211229,  -45,    0
 18086, 99076,20211230,  -10,    0
 18086, 99076,20211231,  -34,    0
 18086, 99076,20220101,  -16,    0
 18086, 99076,20220102,    4,    0
 18086, 99076,20220103,   22,    0
 18086, 99076,20220104,   -5,    0
 18086, 99076,20220105,  -25,    0
 18086, 99076,20220106,  -45,    0
 18086, 99076,20220107,  -51,    0
 18086, 99076,20220108,  -33,    0
 18086, 99076,20220109,  -12,    0
 18086, 99076,20220110,   -5,    0
 18086, 99076,20220111,   21,    0
 18086, 99076,20220112,   33,    0
 18086, 99076,20220113,   73,    0
 18086, 99076,20220114,   49,    0
 18086, 99076,20220115,    6,    0
 18086, 99076,20220116,   35,    0
 18086, 99076,20220117,   18,    0
 18086, 99076,20220118,   32,    0
 18086, 99076,20220119,   36,    0
 18086, 99076,20220120,    0,    0
 18086, 99076,20220121,   18,    0
 18086, 99076,20220122,   15,    0
 18086, 99076,20220123,    4,    0
 18086, 99076,20220124,   39,    0
 18086, 99076,20220125,   34,    0
 18086, 99076,20220126,   46,    0
 18086, 99076,20220127,   48,    0
 18086, 99076,20220128,   23,    0
 18086, 99076,20220129,   59,    0
 18086, 99076,20220130,   37,    0
 18086, 99076,20220131,  -23,    0
 18086, 99076,20220201,  -34,    0
 18086, 99076,20220202,  -28,    0
 18086, 99076,20220203,  -25,    0
 18086, 99076,20220204,   20,    0
 18086, 99076,20220205,   20,    0
 18086, 99076,20220206,   14,    0
 18086, 99076,20220207,   40,    0
 18086, 99076,20220208,   47,    0
 18086, 99076,20220209,   34,    0
 18086, 99076,20220210,   24,    0
 18086, 99076,20220211,    5,    0
 18086, 99076,20220212,   31,    0
 18086, 99076,20220213,   51,    0
 18086, 99076,20220214,   21,    0
 18086, 99076,20220215,   30,    0
 18086, 99076,20220216,   23,    0
 18086, 99076,20220217,   17,    0
 18086, 99076,20220218,   27,    0
 18086, 99076,20220219,   10,    0
 18086, 99076,20220220,   -7,    0
 18086, 99076,20220221,    3,    0
 18086, 99076,20220222,   -9,    0
 18086, 99076,20220223,   16,    0
 18086, 99076,20220224,   24,    0
 18086, 99076,20220225,   18,    0
 18086, 99076,20220226,   17,    0
 18086, 99076,20220227,   36,    0
 18086, 99076,20220228,   24,    0
 18086, 99076,20220301,   46,    0
 18086, 99076,20220302,   54,    0
 18086, 99076,20220303,   23,    0
 18086, 99076,20220304,    2,    0
 18086, 99076,20220305,   10,    0
 18086, 99076,20220306,   28,    0
 18086, 99076,20220307,   30,    0
 18086, 99076,20220308,    1,    0
 18086, 99076,20220309,  -18,    0
 18086, 99076,20220310,   13,    0
 18086, 99076,20220311,   15,    0
 18086, 99076,20220312,    8,    0
 18086, 99076,20220313,   16,    0
 18086, 99076,20220314,   29,    0
 18086, 99076,20220315,   17,    0
 18086, 99076,20220316,   18,    0
 18086, 99076,20220317,   22,    0
 18086, 99076,20220318,   52,    0
 18086, 99076,20220319,   31,    0
 18086, 99076,20220320,   37,    0
 18086, 99076,20220321,   32,    0
 18086, 99076,20220322,   53,    0
 18086, 99076,20220323,   34,    0
 18086, 99076,20220324,   51,    0
 18086, 99076,20220325,  100,    0
 18086, 99076,20220326,   77,    0
 18086, 99076,20220327,   90,    0
 18086, 99076,20220328,   75,    0
 18086, 99076,20220329,   19,    0
 18086, 99076,20220330,    8,    0
 18086, 99076,20220331,   13,    0
 18086, 99076,20220401,    8,    0
 18086, 99076,20220402,   19,    0
 18086, 99076,20220403,   50,    0
 18086, 99076,20220404,   25,    0
 18086, 99076,20220405,   21,    0
 18086, 99076,20220406,   11,    0
 18086, 99076,20220407,   12,    0
 18086, 99076,20220408,   22,    0
 18086, 99076,20220409,   50,    0
 18086, 99076,20220410,   73,    0
 18086, 99076,20220411,   57,    0
 18086, 99076,20220412,   50,    0
 18086, 99076,20220413,   41,    0
 18086, 99076,20220414,   49,    0
 18086, 99076,20220415,   81,    0
 18086, 99076,20220416,   72,    0
 18086, 99076,20220417,   44,    0
 18086, 99076,20220418,   51,    0
 18086, 99076,20220419,   94,    0
 18086, 99076,20220420,  121,    0
 18086, 99076,20220421,  123,    0
 18086, 99076,20220422,  133,    0
 18086, 99076,20220423,  101,    0
 18086, 99076,20220424,   81,    0
 18086, 99076,20220425,  101,    0
 18086, 99076,20220426,   83,    0
 18086, 99076,20220427,   62,    0
 18086, 99076,20220428,   93,    0
 18086, 99076,20220429,   89,    0
 18086, 99076,20220430,   98,    0
 18086, 99076,20220501,  106,    0
 18086, 99076,20220502,  109,    0
 18086, 99076,20220503,   81,    0
 18086, 99076,20220504,   81,    0
 18086, 99076,20220505,  109,    0
 18086, 99076,20220506,  115,    0
 18086, 99076,20220507,  117,    0
 18086, 99076,20220508,   94,    0
 18086, 99076,20220509,  109,    0
 18086, 99076,20220510,  100,    0
 18086, 99076,20220511,   95,    0
 18086, 99076,20220512,  114,    0
 18086, 99076,20220513,  106,    0
 18086, 99076,20220514,  122,    0
 18086, 99076,20220515,  127,    0
 18086, 99076,20220516,  122,    0
 18086, 99076,20220517,  121,    0
 18086, 99076,20220518,  113,    0
 18086, 99076,20220519,  116,    0
 18086, 99076,20220520,  133,    0
 18086, 99076,20220521,  109,    0
 18086, 99076,20220522,  125,    0
 18086, 99076,20220523,  130,    0
 18086, 99076,20220524,  119,    0
 18086, 99076,20220525,  121,    0
 18086, 99076,20220526,  130,    0
 18086, 99076,20220527,  107,    0
 18086, 99076,20220528,  136,    0
 18086, 99076,20220529,  114,    0
 18086, 99076,20220530,  123,    0
 18086, 99076,20220531,  126,    0
 18086, 99076,20220601,  127,    0
 18086, 99076,20220602,  123,    0
 18086, 99076,20220603,  137,    0
 18086, 99076,20220604,  154,    0
 18086, 99076,20220605,  161,    0
 18086, 99076,20220606,  175,    0
 18086, 99076,20220607,  152,    0
 18086, 99076,20220608,  143,    0
 18086, 99076,20220609,  142,    0
 18086, 99076,20220610,  154,    0
 18086, 99076,20220611,  147,    0
 18086, 99076,20220612,  143,    0
 18086, 99076,20220613,  155,    0
 18086, 99076,20220614,  170,    0
 18086, 99076,20220615,  169,    0
 18086, 99076,20220616,  171,    0
 18086, 99076,20220617,  160,    0
 18086, 99076,20220618,  166,    0
 18086, 99076,20220619,  134,    0
 18086, 99076,20220620,  165,    0
 18086, 99076,20220621,  168,    0
 18086, 99076,20220622,  169,    0
 18086, 99076,20220623,  178,    0
 18086, 99076,20220624,  201,    0
 18086, 99076,20220625,  205,    0
 18086, 99076,20220626,  185,    0
 18086, 99076,20220627,  175,    0
 18086, 99076,20220628,  179,    0
 18086, 99076,20220629,  175,    0
 18086, 99076,20220630,  208,    0
 18086, 99076,20220701,  203,    0
 18086, 99076,20220702,  171,    0
 18086, 99076,20220703,  156,    0
 18086, 99076,20220704,  155,    0
 18086, 99076,20220705,  151,    0
 18086, 99076,20220706,  152,    0
 18086, 99076,20220707,  172,    0
 18086, 99076,20220708,  179,    0
 18086, 99076,20220709,  167,    0
 18086, 99076,20220710,  172,    0
 18086, 99076,20220711,  174,    0
 18086, 99076,20220712,  168,    0
 18086, 99076,20220713,  176,    0
 18086, 99076,20220714,  155,    0
 18086, 99076,20220715,  151,    0
 18086, 99076,20220716,  166,    0
 18086, 99076,20220717,  176,    0
 18086, 99076,20220718,  172,    0
 18086, 99076,20220719,  189,    0
 18086, 99076,20220720,  199,    0
 18086, 99076,20220721,  197,    0
 18086, 99076,20220722,  161,    0
 18086, 99076,20220723,  166,    0
 18086, 99076,20220724,  159,    0
 18086, 99076,20220725,  163,    0
 18086, 99076,20220726,  176,    0
 18086, 99076,20220727,  176,    0
 18086, 99076,20220728,  168,    0
 18086, 99076,20220729,  176,    0
 18086, 99076,20220730,  174,    0
 18086, 99076,20220731,  170,    0
 18086, 99076,20220801,  175,    0
 18086, 99076,20220802,  145,    0
 18086, 99076,20220803,  177,    0
 18086, 99076,20220804,  159,    0
 18086, 99076,20220805,  163,    0
 18086, 99076,20220806,  157,    0
 18086, 99076,20220807,  147,    0
 18086, 99076,20220808,  157,    0
 18086, 99076,20220809,  157,    0
 18086, 99076,20220810,  180,    0
 18086, 99076,20220811,  200,    0
 18086, 99076,20220812,  181,    0
 18086, 99076,20220813,  185,    0
 18086, 99076,20220814,  206,    0
 18086, 99076,20220815,  216,    0
 18086, 99076,20220816,  196,    0
 18086, 99076,20220817,  198,    0
 18086, 99076,20220818,  171,    0
 18086, 99076,20220819,  181,    0
 18086, 99076,20220820,  183,    0
 18086, 99076,20220821,  152,    0
 18086, 99076,20220822,  150,    0
 18086, 99076,20220823,  166,    0
 18086, 99076,20220824,  171,    0
 18086, 99076,20220825,  197,    0
 18086, 99076,20220826,  177,    0
 18086, 99076,20220827,  186,    0
 18086, 99076,20220828,  169,    0
 18086, 99076,20220829,  159,    0
 18086, 99076,20220830,  144,    0
 18086, 99076,20220831,  149,    0
 18086, 99076,20220901,  148,    0
 18086, 99076,20220902,  141,    0
 18086, 99076,20220903,  134,    0
 18086, 99076,20220904,  136,    0
 18086, 99076,20220905,  150,    0
 18086, 99076,20220906,  146,    0
 18086, 99076,20220907,  145,    0
 18086, 99076,20220908,  141,    0
 18086, 99076,20220909,  132,    0
 18086, 99076,20220910,  120,    0
 18086, 99076,20220911,  134,    0
 18086, 99076,20220912,  140,    0
 18086, 99076,20220913,  131,    0
 18086, 99076,20220914,  128,    0
 18086, 99076,20220915,  131,    0
 18086, 99076,20220916,  140,    0
 18086, 99076,20220917,  139,    0
 18086, 99076,20220918,  129,    0
 18086, 99076,20220919,  123,    0
 18086, 99076,20220920,  106,    0
 18086, 99076,20220921,   97,    0
 18086, 99076,20220922,  114,    0
 18086, 99076,20220923,  124,    0
 18086, 99076,20220924,  112,    0
 18086, 99076,20220925,  100,    0
 18086, 99076,20220926,  101,    0
 18086, 99076,20220927,  109,    0
 18086, 99076,20220928,  118,    0
 18086, 99076,20220929,   94,    0
 18086, 99076,20220930,   90,    0
 18086, 99076,20221001,  103,    0
 18086, 99076,20221002,  102,    0
 18086, 99076,20221003,  109,    0
 18086, 99076,20221004,  103,    0
 18086, 99076,20221005,  134,    0
 18086, 99076,20221006,  112,    0
 18086, 99076,20221007,  121,    0
 18086, 99076,20221008,   95,    0
 18086, 99076,20221009,   96,    0
 18086, 99076,20221010,  101,    0
 18086, 99076,20221011,   75,    0
 18086, 99076,20221012,   86,    0
 18086, 99076,20221013,  103,    0
 18086, 99076,20221014,   88,    0
 18086, 99076,20221015,  103,    0
 18086, 99076,20221016,   70,    0
 18086, 99076,20221017,   69,    0
 18086, 99076,20221018,   74,    0
 18086, 99076,20221019,   54,    0
 18086, 99076,20221020,   37,    0
 18086, 99076,20221021,   48,    0
 18086, 99076,20221022,   52,    0
 18086, 99076,20221023,   47,    0
 18086, 99076,20221024,   68,    0
 18086, 99076,20221025,   79,    0
 18086, 99076,20221026,   58,    0
 18086, 99076,20221027,  111,    0
 18086, 99076,20221028,  119,    0
 18086, 99076,20221029,  110,    0
 18086, 99076,20221030,   67,    0
 18086, 99076,20221031,  102,    0
