EUROPEAN CLIMATE ASSESSMENT & DATASET (ECA&D), file created on: 16-11-2022
THESE DATA CAN BE USED FOR NON-COMMERCIAL RESEARCH AND EDUCATION PROVIDED THAT THE FOLLOWING SOURCE IS ACKNOWLEDGED: 

Klein Tank, A.M.G. and Coauthors, 2002. Daily dataset of 20th-century surface
air temperature and precipitation series for the European Climate Assessment.
Int. J. of Climatol., 22, 1441-1453.
Data and metadata available at http://www.ecad.eu

FILE FORMAT (MISSING VALUE CODE = -9999):

01-06 STAID: Station identifier
08-13 SOUID: Source identifier
15-22 DATE : Date YYYYMMDD
24-28 TG   : Mean temperature in 0.1 &#176;C
30-34 Q_TG : quality code for TG (0='valid'; 1='suspect'; 9='missing')

This is the blended series of station SISOVATNET, NORWAY (STAID: 18323)
Blended and updated with sources:99746 
See files sources.txt and stations.txt for more info.

STAID, SOUID,    DATE,   TG, Q_TG
 18323, 99746,20161201,-9999,    9
 18323, 99746,20161202,-9999,    9
 18323, 99746,20161203,-9999,    9
 18323, 99746,20161204,-9999,    9
 18323, 99746,20161205,-9999,    9
 18323, 99746,20161206,-9999,    9
 18323, 99746,20161207,-9999,    9
 18323, 99746,20161208,-9999,    9
 18323, 99746,20161209,-9999,    9
 18323, 99746,20161210,-9999,    9
 18323, 99746,20161211,-9999,    9
 18323, 99746,20161212,-9999,    9
 18323, 99746,20161213,-9999,    9
 18323, 99746,20161214,-9999,    9
 18323, 99746,20161215,-9999,    9
 18323, 99746,20161216,-9999,    9
 18323, 99746,20161217,-9999,    9
 18323, 99746,20161218,-9999,    9
 18323, 99746,20161219,-9999,    9
 18323, 99746,20161220,-9999,    9
 18323, 99746,20161221,-9999,    9
 18323, 99746,20161222,  -39,    0
 18323, 99746,20161223,  -51,    0
 18323, 99746,20161224,  -50,    0
 18323, 99746,20161225,  -78,    0
 18323, 99746,20161226,  -48,    0
 18323, 99746,20161227,  -55,    0
 18323, 99746,20161228,  -37,    0
 18323, 99746,20161229,  -36,    0
 18323, 99746,20161230,  -33,    0
 18323, 99746,20161231,  -50,    0
 18323, 99746,20170101,  -80,    0
 18323, 99746,20170102, -122,    0
 18323, 99746,20170103, -135,    0
 18323, 99746,20170104, -193,    0
 18323, 99746,20170105, -162,    0
 18323, 99746,20170106,  -50,    0
 18323, 99746,20170107,  -50,    0
 18323, 99746,20170108,  -37,    0
 18323, 99746,20170109,  -63,    0
 18323, 99746,20170110,  -43,    0
 18323, 99746,20170111,  -48,    0
 18323, 99746,20170112,  -66,    0
 18323, 99746,20170113, -111,    0
 18323, 99746,20170114,  -90,    0
 18323, 99746,20170115,  -96,    0
 18323, 99746,20170116, -123,    0
 18323, 99746,20170117,  -39,    0
 18323, 99746,20170118,  -29,    0
 18323, 99746,20170119,  -76,    0
 18323, 99746,20170120,  -76,    0
 18323, 99746,20170121,  -79,    0
 18323, 99746,20170122,  -33,    0
 18323, 99746,20170123,  -47,    0
 18323, 99746,20170124,  -77,    0
 18323, 99746,20170125,  -16,    0
 18323, 99746,20170126,   -5,    0
 18323, 99746,20170127,   -8,    0
 18323, 99746,20170128,  -19,    0
 18323, 99746,20170129,  -12,    0
 18323, 99746,20170130,  -57,    0
 18323, 99746,20170131,  -57,    0
 18323, 99746,20170201,  -69,    0
 18323, 99746,20170202,  -89,    0
 18323, 99746,20170203, -105,    0
 18323, 99746,20170204,  -83,    0
 18323, 99746,20170205,  -70,    0
 18323, 99746,20170206,  -98,    0
 18323, 99746,20170207, -108,    0
 18323, 99746,20170208, -149,    0
 18323, 99746,20170209, -138,    0
 18323, 99746,20170210, -174,    0
 18323, 99746,20170211, -113,    0
 18323, 99746,20170212,  -26,    0
 18323, 99746,20170213,  -10,    0
 18323, 99746,20170214,  -19,    0
 18323, 99746,20170215,  -36,    0
 18323, 99746,20170216,  -20,    0
 18323, 99746,20170217,  -51,    0
 18323, 99746,20170218,  -81,    0
 18323, 99746,20170219,  -91,    0
 18323, 99746,20170220, -111,    0
 18323, 99746,20170221, -140,    0
 18323, 99746,20170222, -143,    0
 18323, 99746,20170223, -126,    0
 18323, 99746,20170224,  -99,    0
 18323, 99746,20170225, -105,    0
 18323, 99746,20170226, -149,    0
 18323, 99746,20170227, -104,    0
 18323, 99746,20170228,  -73,    0
 18323, 99746,20170301,  -67,    0
 18323, 99746,20170302,  -95,    0
 18323, 99746,20170303, -170,    0
 18323, 99746,20170304, -180,    0
 18323, 99746,20170305, -157,    0
 18323, 99746,20170306, -129,    0
 18323, 99746,20170307,  -77,    0
 18323, 99746,20170308,  -83,    0
 18323, 99746,20170309, -147,    0
 18323, 99746,20170310,  -61,    0
 18323, 99746,20170311,  -57,    0
 18323, 99746,20170312,  -35,    0
 18323, 99746,20170313,  -12,    0
 18323, 99746,20170314,  -19,    0
 18323, 99746,20170315,  -39,    0
 18323, 99746,20170316,  -57,    0
 18323, 99746,20170317,  -44,    0
 18323, 99746,20170318,  -91,    0
 18323, 99746,20170319,  -96,    0
 18323, 99746,20170320,  -59,    0
 18323, 99746,20170321,  -44,    0
 18323, 99746,20170322,  -56,    0
 18323, 99746,20170323,  -88,    0
 18323, 99746,20170324,  -73,    0
 18323, 99746,20170325,  -36,    0
 18323, 99746,20170326,  -44,    0
 18323, 99746,20170327,  -64,    0
 18323, 99746,20170328, -100,    0
 18323, 99746,20170329, -101,    0
 18323, 99746,20170330, -101,    0
 18323, 99746,20170331, -137,    0
 18323, 99746,20170401, -111,    0
 18323, 99746,20170402,  -90,    0
 18323, 99746,20170403,  -31,    0
 18323, 99746,20170404,  -23,    0
 18323, 99746,20170405,  -32,    0
 18323, 99746,20170406,  -58,    0
 18323, 99746,20170407,  -81,    0
 18323, 99746,20170408,  -64,    0
 18323, 99746,20170409,  -36,    0
 18323, 99746,20170410,  -25,    0
 18323, 99746,20170411,  -23,    0
 18323, 99746,20170412,  -23,    0
 18323, 99746,20170413,  -27,    0
 18323, 99746,20170414,  -39,    0
 18323, 99746,20170415,  -51,    0
 18323, 99746,20170416,  -58,    0
 18323, 99746,20170417,  -63,    0
 18323, 99746,20170418,  -66,    0
 18323, 99746,20170419,  -54,    0
 18323, 99746,20170420,  -44,    0
 18323, 99746,20170421,  -39,    0
 18323, 99746,20170422,  -36,    0
 18323, 99746,20170423,  -35,    0
 18323, 99746,20170424,  -34,    0
 18323, 99746,20170425,  -33,    0
 18323, 99746,20170426,-9999,    9
 18323, 99746,20170427,-9999,    9
 18323, 99746,20170428,-9999,    9
 18323, 99746,20170429,  -42,    0
 18323, 99746,20170430,  -44,    0
 18323, 99746,20170501,  -22,    0
 18323, 99746,20170502,  -16,    0
 18323, 99746,20170503,  -10,    0
 18323, 99746,20170504,  -18,    0
 18323, 99746,20170505,    7,    0
 18323, 99746,20170506,  -26,    0
 18323, 99746,20170507,  -54,    0
 18323, 99746,20170508,  -64,    0
 18323, 99746,20170509,  -68,    0
 18323, 99746,20170510,  -67,    0
 18323, 99746,20170511,  -56,    0
 18323, 99746,20170512,  -30,    0
 18323, 99746,20170513,  -37,    0
 18323, 99746,20170514,  -21,    0
 18323, 99746,20170515,  -10,    0
 18323, 99746,20170516,   21,    0
 18323, 99746,20170517,   20,    0
 18323, 99746,20170518,   24,    0
 18323, 99746,20170519,   17,    0
 18323, 99746,20170520,   17,    0
 18323, 99746,20170521,    8,    0
 18323, 99746,20170522,    3,    0
 18323, 99746,20170523,    4,    0
 18323, 99746,20170524,   -2,    0
 18323, 99746,20170525,    6,    0
 18323, 99746,20170526,  -23,    0
 18323, 99746,20170527,   -5,    0
 18323, 99746,20170528,   13,    0
 18323, 99746,20170529,  -25,    0
 18323, 99746,20170530,  -36,    0
 18323, 99746,20170531,  -25,    0
 18323, 99746,20170601,  -20,    0
 18323, 99746,20170602,   -8,    0
 18323, 99746,20170603,  -18,    0
 18323, 99746,20170604,   11,    0
 18323, 99746,20170605,   36,    0
 18323, 99746,20170606,   57,    0
 18323, 99746,20170607,   86,    0
 18323, 99746,20170608,   97,    0
 18323, 99746,20170609,   76,    0
 18323, 99746,20170610,   38,    0
 18323, 99746,20170611,   69,    0
 18323, 99746,20170612,   72,    0
 18323, 99746,20170613,   33,    0
 18323, 99746,20170614,   22,    0
 18323, 99746,20170615,   47,    0
 18323, 99746,20170616,   39,    0
 18323, 99746,20170617,   33,    0
 18323, 99746,20170618,   36,    0
 18323, 99746,20170619,   40,    0
 18323, 99746,20170620,   44,    0
 18323, 99746,20170621,   34,    0
 18323, 99746,20170622,   31,    0
 18323, 99746,20170623,   56,    0
 18323, 99746,20170624,   60,    0
 18323, 99746,20170625,   46,    0
 18323, 99746,20170626,   57,    0
 18323, 99746,20170627,   25,    0
 18323, 99746,20170628,   30,    0
 18323, 99746,20170629,   38,    0
 18323, 99746,20170630,   73,    0
 18323, 99746,20170701,  106,    0
 18323, 99746,20170702,   70,    0
 18323, 99746,20170703,   32,    0
 18323, 99746,20170704,   32,    0
 18323, 99746,20170705,   20,    0
 18323, 99746,20170706,   26,    0
 18323, 99746,20170707,   42,    0
 18323, 99746,20170708,   83,    0
 18323, 99746,20170709,   73,    0
 18323, 99746,20170710,   44,    0
 18323, 99746,20170711,   60,    0
 18323, 99746,20170712,   45,    0
 18323, 99746,20170713,   46,    0
 18323, 99746,20170714,   41,    0
 18323, 99746,20170715,   40,    0
 18323, 99746,20170716,   76,    0
 18323, 99746,20170717,   46,    0
 18323, 99746,20170718,   54,    0
 18323, 99746,20170719,   42,    0
 18323, 99746,20170720,   55,    0
 18323, 99746,20170721,   68,    0
 18323, 99746,20170722,   70,    0
 18323, 99746,20170723,   77,    0
 18323, 99746,20170724,   78,    0
 18323, 99746,20170725,   76,    0
 18323, 99746,20170726,   81,    0
 18323, 99746,20170727,  105,    0
 18323, 99746,20170728,  113,    0
 18323, 99746,20170729,   97,    0
 18323, 99746,20170730,   81,    0
 18323, 99746,20170731,   85,    0
 18323, 99746,20170801,   75,    0
 18323, 99746,20170802,   85,    0
 18323, 99746,20170803,   80,    0
 18323, 99746,20170804,   91,    0
 18323, 99746,20170805,   75,    0
 18323, 99746,20170806,   80,    0
 18323, 99746,20170807,   72,    0
 18323, 99746,20170808,   82,    0
 18323, 99746,20170809,   69,    0
 18323, 99746,20170810,   85,    0
 18323, 99746,20170811,   81,    0
 18323, 99746,20170812,   81,    0
 18323, 99746,20170813,   58,    0
 18323, 99746,20170814,   35,    0
 18323, 99746,20170815,   63,    0
 18323, 99746,20170816,   86,    0
 18323, 99746,20170817,   90,    0
 18323, 99746,20170818,  108,    0
 18323, 99746,20170819,  101,    0
 18323, 99746,20170820,   77,    0
 18323, 99746,20170821,   42,    0
 18323, 99746,20170822,   37,    0
 18323, 99746,20170823,   35,    0
 18323, 99746,20170824,   42,    0
 18323, 99746,20170825,   35,    0
 18323, 99746,20170826,   30,    0
 18323, 99746,20170827,   38,    0
 18323, 99746,20170828,   74,    0
 18323, 99746,20170829,   83,    0
 18323, 99746,20170830,   59,    0
 18323, 99746,20170831,   46,    0
 18323, 99746,20170901,   43,    0
 18323, 99746,20170902,   55,    0
 18323, 99746,20170903,   80,    0
 18323, 99746,20170904,   90,    0
 18323, 99746,20170905,   84,    0
 18323, 99746,20170906,   80,    0
 18323, 99746,20170907,   84,    0
 18323, 99746,20170908,   63,    0
 18323, 99746,20170909,   54,    0
 18323, 99746,20170910,   68,    0
 18323, 99746,20170911,   80,    0
 18323, 99746,20170912,   83,    0
 18323, 99746,20170913,   73,    0
 18323, 99746,20170914,   64,    0
 18323, 99746,20170915,   45,    0
 18323, 99746,20170916,   37,    0
 18323, 99746,20170917,   37,    0
 18323, 99746,20170918,   57,    0
 18323, 99746,20170919,   32,    0
 18323, 99746,20170920,   22,    0
 18323, 99746,20170921,   35,    0
 18323, 99746,20170922,   68,    0
 18323, 99746,20170923,   66,    0
 18323, 99746,20170924,   67,    0
 18323, 99746,20170925,   54,    0
 18323, 99746,20170926,   58,    0
 18323, 99746,20170927,   61,    0
 18323, 99746,20170928,   87,    0
 18323, 99746,20170929,  114,    0
 18323, 99746,20170930,  112,    0
 18323, 99746,20171001,   65,    0
 18323, 99746,20171002,   54,    0
 18323, 99746,20171003,   58,    0
 18323, 99746,20171004,   43,    0
 18323, 99746,20171005,   30,    0
 18323, 99746,20171006,   17,    0
 18323, 99746,20171007,    9,    0
 18323, 99746,20171008,    7,    0
 18323, 99746,20171009,   -7,    0
 18323, 99746,20171010,    4,    0
 18323, 99746,20171011,   18,    0
 18323, 99746,20171012,   16,    0
 18323, 99746,20171013,   11,    0
 18323, 99746,20171014,   21,    0
 18323, 99746,20171015,   24,    0
 18323, 99746,20171016,   22,    0
 18323, 99746,20171017,   15,    0
 18323, 99746,20171018,    4,    0
 18323, 99746,20171019,   -8,    0
 18323, 99746,20171020,  -38,    0
 18323, 99746,20171021,  -34,    0
 18323, 99746,20171022,  -16,    0
 18323, 99746,20171023,  -28,    0
 18323, 99746,20171024,  -16,    0
 18323, 99746,20171025,    5,    0
 18323, 99746,20171026,   -4,    0
 18323, 99746,20171027,   11,    0
 18323, 99746,20171028,  -20,    0
 18323, 99746,20171029,  -33,    0
 18323, 99746,20171030,  -48,    0
 18323, 99746,20171031,  -34,    0
 18323, 99746,20171101,  -13,    0
 18323, 99746,20171102,  -23,    0
 18323, 99746,20171103,   15,    0
 18323, 99746,20171104,   11,    0
 18323, 99746,20171105,   16,    0
 18323, 99746,20171106,  -11,    0
 18323, 99746,20171107,    5,    0
 18323, 99746,20171108,   27,    0
 18323, 99746,20171109,   11,    0
 18323, 99746,20171110,  -10,    0
 18323, 99746,20171111,  -12,    0
 18323, 99746,20171112,  -35,    0
 18323, 99746,20171113,  -16,    0
 18323, 99746,20171114,  -35,    0
 18323, 99746,20171115,  -33,    0
 18323, 99746,20171116,  -15,    0
 18323, 99746,20171117,  -29,    0
 18323, 99746,20171118,  -43,    0
 18323, 99746,20171119,  -92,    0
 18323, 99746,20171120,  -90,    0
 18323, 99746,20171121,  -74,    0
 18323, 99746,20171122,  -69,    0
 18323, 99746,20171123,  -32,    0
 18323, 99746,20171124,  -14,    0
 18323, 99746,20171125,  -23,    0
 18323, 99746,20171126,  -49,    0
 18323, 99746,20171127,  -37,    0
 18323, 99746,20171128,  -43,    0
 18323, 99746,20171129, -104,    0
 18323, 99746,20171130, -132,    0
 18323, 99746,20171201,  -72,    0
 18323, 99746,20171202,  -23,    0
 18323, 99746,20171203,  -35,    0
 18323, 99746,20171204,  -63,    0
 18323, 99746,20171205,  -49,    0
 18323, 99746,20171206,  -67,    0
 18323, 99746,20171207,  -51,    0
 18323, 99746,20171208,  -47,    0
 18323, 99746,20171209,  -23,    0
 18323, 99746,20171210,  -13,    0
 18323, 99746,20171211,  -46,    0
 18323, 99746,20171212,  -84,    0
 18323, 99746,20171213,  -98,    0
 18323, 99746,20171214,  -51,    0
 18323, 99746,20171215,  -86,    0
 18323, 99746,20171216,  -52,    0
 18323, 99746,20171217,  -40,    0
 18323, 99746,20171218,  -76,    0
 18323, 99746,20171219,    9,    0
 18323, 99746,20171220,    3,    0
 18323, 99746,20171221,  -20,    0
 18323, 99746,20171222,  -43,    0
 18323, 99746,20171223,  -54,    0
 18323, 99746,20171224,  -39,    0
 18323, 99746,20171225,  -78,    1
 18323, 99746,20171226, -145,    0
 18323, 99746,20171227, -111,    0
 18323, 99746,20171228, -127,    0
 18323, 99746,20171229,  -69,    0
 18323, 99746,20171230,  -65,    0
 18323, 99746,20171231,  -61,    0
 18323, 99746,20180101,  -60,    0
 18323, 99746,20180102,  -57,    0
 18323, 99746,20180103,  -97,    0
 18323, 99746,20180104, -104,    0
 18323, 99746,20180105, -102,    0
 18323, 99746,20180106,  -99,    0
 18323, 99746,20180107,  -80,    0
 18323, 99746,20180108,  -56,    0
 18323, 99746,20180109,    1,    0
 18323, 99746,20180110,  -69,    0
 18323, 99746,20180111,  -24,    0
 18323, 99746,20180112,  -13,    0
 18323, 99746,20180113,  -49,    0
 18323, 99746,20180114,  -42,    0
 18323, 99746,20180115,  -65,    0
 18323, 99746,20180116,  -57,    0
 18323, 99746,20180117,  -86,    0
 18323, 99746,20180118, -111,    0
 18323, 99746,20180119, -102,    0
 18323, 99746,20180120, -110,    0
 18323, 99746,20180121, -166,    0
 18323, 99746,20180122, -159,    0
 18323, 99746,20180123, -115,    0
 18323, 99746,20180124,  -60,    0
 18323, 99746,20180125,  -83,    0
 18323, 99746,20180126,  -68,    0
 18323, 99746,20180127, -142,    0
 18323, 99746,20180128,  -67,    0
 18323, 99746,20180129,  -55,    0
 18323, 99746,20180130,  -73,    0
 18323, 99746,20180131,  -63,    0
 18323, 99746,20180201,  -90,    0
 18323, 99746,20180202, -138,    0
 18323, 99746,20180203, -122,    0
 18323, 99746,20180204, -103,    0
 18323, 99746,20180205,  -21,    0
 18323, 99746,20180206,  -68,    0
 18323, 99746,20180207, -124,    0
 18323, 99746,20180208,  -53,    0
 18323, 99746,20180209,  -42,    0
 18323, 99746,20180210,  -33,    0
 18323, 99746,20180211,  -54,    0
 18323, 99746,20180212,  -74,    0
 18323, 99746,20180213,  -60,    0
 18323, 99746,20180214,  -62,    0
 18323, 99746,20180215,  -55,    0
 18323, 99746,20180216,  -58,    0
 18323, 99746,20180217, -108,    0
 18323, 99746,20180218,  -70,    0
 18323, 99746,20180219,  -77,    0
 18323, 99746,20180220, -113,    0
 18323, 99746,20180221, -177,    0
 18323, 99746,20180222, -179,    0
 18323, 99746,20180223, -116,    0
 18323, 99746,20180224, -113,    0
 18323, 99746,20180225, -146,    0
 18323, 99746,20180226, -147,    0
 18323, 99746,20180227, -162,    0
 18323, 99746,20180228, -117,    0
 18323, 99746,20180301,  -82,    0
 18323, 99746,20180302, -148,    0
 18323, 99746,20180303, -130,    0
 18323, 99746,20180304, -112,    0
 18323, 99746,20180305, -120,    0
 18323, 99746,20180306, -124,    0
 18323, 99746,20180307, -122,    0
 18323, 99746,20180308, -135,    0
 18323, 99746,20180309, -125,    0
 18323, 99746,20180310, -113,    0
 18323, 99746,20180311, -107,    0
 18323, 99746,20180312,  -95,    0
 18323, 99746,20180313, -150,    0
 18323, 99746,20180314, -163,    0
 18323, 99746,20180315, -180,    0
 18323, 99746,20180316, -178,    0
 18323, 99746,20180317,  -74,    0
 18323, 99746,20180318,  -51,    0
 18323, 99746,20180319,  -59,    0
 18323, 99746,20180320,  -72,    0
 18323, 99746,20180321,  -36,    0
 18323, 99746,20180322, -109,    0
 18323, 99746,20180323, -108,    0
 18323, 99746,20180324, -104,    0
 18323, 99746,20180325, -133,    0
 18323, 99746,20180326, -107,    0
 18323, 99746,20180327,  -69,    0
 18323, 99746,20180328,  -64,    0
 18323, 99746,20180329,  -44,    0
 18323, 99746,20180330,  -51,    0
 18323, 99746,20180331,  -55,    0
 18323, 99746,20180401,  -80,    0
 18323, 99746,20180402, -111,    0
 18323, 99746,20180403, -147,    0
 18323, 99746,20180404,  -72,    0
 18323, 99746,20180405,  -37,    0
 18323, 99746,20180406,  -43,    0
 18323, 99746,20180407,  -41,    0
 18323, 99746,20180408,  -78,    0
 18323, 99746,20180409,  -54,    0
 18323, 99746,20180410,  -35,    0
 18323, 99746,20180411,  -81,    0
 18323, 99746,20180412,  -66,    0
 18323, 99746,20180413,   -1,    0
 18323, 99746,20180414,  -12,    0
 18323, 99746,20180415,  -17,    0
 18323, 99746,20180416,   -8,    0
 18323, 99746,20180417,   -1,    0
 18323, 99746,20180418,   14,    0
 18323, 99746,20180419,   29,    0
 18323, 99746,20180420,   27,    0
 18323, 99746,20180421,   21,    0
 18323, 99746,20180422,    7,    0
 18323, 99746,20180423,   32,    0
 18323, 99746,20180424,   15,    0
 18323, 99746,20180425,   14,    0
 18323, 99746,20180426,   -5,    0
 18323, 99746,20180427,    0,    0
 18323, 99746,20180428,    7,    0
 18323, 99746,20180429,   -1,    0
 18323, 99746,20180430,  -22,    0
 18323, 99746,20180501,    7,    0
 18323, 99746,20180502,   30,    0
 18323, 99746,20180503,   37,    0
 18323, 99746,20180504,   35,    0
 18323, 99746,20180505,   40,    0
 18323, 99746,20180506,   25,    0
 18323, 99746,20180507,   10,    0
 18323, 99746,20180508,   38,    0
 18323, 99746,20180509,   90,    0
 18323, 99746,20180510,  124,    0
 18323, 99746,20180511,   69,    0
 18323, 99746,20180512,   75,    0
 18323, 99746,20180513,   76,    0
 18323, 99746,20180514,   79,    0
 18323, 99746,20180515,   86,    0
 18323, 99746,20180516,   73,    0
 18323, 99746,20180517,   25,    0
 18323, 99746,20180518,   18,    0
 18323, 99746,20180519,   28,    0
 18323, 99746,20180520,   62,    0
 18323, 99746,20180521,   58,    0
 18323, 99746,20180522,   37,    0
 18323, 99746,20180523,   22,    0
 18323, 99746,20180524,   75,    0
 18323, 99746,20180525,   67,    0
 18323, 99746,20180526,   25,    0
 18323, 99746,20180527,   49,    0
 18323, 99746,20180528,  122,    0
 18323, 99746,20180529,   40,    0
 18323, 99746,20180530,   48,    0
 18323, 99746,20180531,  109,    0
 18323, 99746,20180601,   53,    0
 18323, 99746,20180602,   29,    0
 18323, 99746,20180603,   21,    0
 18323, 99746,20180604,   -8,    0
 18323, 99746,20180605,    0,    0
 18323, 99746,20180606,    0,    0
 18323, 99746,20180607,    3,    0
 18323, 99746,20180608,   20,    0
 18323, 99746,20180609,   36,    0
 18323, 99746,20180610,   33,    0
 18323, 99746,20180611,   18,    0
 18323, 99746,20180612,   24,    0
 18323, 99746,20180613,   34,    0
 18323, 99746,20180614,   88,    0
 18323, 99746,20180615,   88,    0
 18323, 99746,20180616,   63,    0
 18323, 99746,20180617,   96,    0
 18323, 99746,20180618,   84,    0
 18323, 99746,20180619,   48,    0
 18323, 99746,20180620,   56,    0
 18323, 99746,20180621,   38,    0
 18323, 99746,20180622,   50,    0
 18323, 99746,20180623,   33,    0
 18323, 99746,20180624,   53,    0
 18323, 99746,20180625,   75,    0
 18323, 99746,20180626,   58,    0
 18323, 99746,20180627,   34,    0
 18323, 99746,20180628,   47,    0
 18323, 99746,20180629,   28,    0
 18323, 99746,20180630,   47,    0
 18323, 99746,20180701,  122,    0
 18323, 99746,20180702,  150,    0
 18323, 99746,20180703,   71,    0
 18323, 99746,20180704,   58,    0
 18323, 99746,20180705,  121,    0
 18323, 99746,20180706,   80,    0
 18323, 99746,20180707,   63,    0
 18323, 99746,20180708,   89,    0
 18323, 99746,20180709,   83,    0
 18323, 99746,20180710,  112,    0
 18323, 99746,20180711,  147,    0
 18323, 99746,20180712,  135,    0
 18323, 99746,20180713,   89,    0
 18323, 99746,20180714,   80,    0
 18323, 99746,20180715,  108,    0
 18323, 99746,20180716,  173,    0
 18323, 99746,20180717,  215,    0
 18323, 99746,20180718,  208,    0
 18323, 99746,20180719,  126,    0
 18323, 99746,20180720,  136,    0
 18323, 99746,20180721,  159,    0
 18323, 99746,20180722,  124,    0
 18323, 99746,20180723,  108,    0
 18323, 99746,20180724,  135,    0
 18323, 99746,20180725,  112,    0
 18323, 99746,20180726,  113,    0
 18323, 99746,20180727,  184,    0
 18323, 99746,20180728,  197,    0
 18323, 99746,20180729,  207,    0
 18323, 99746,20180730,  208,    0
 18323, 99746,20180731,  202,    0
 18323, 99746,20180801,  180,    0
 18323, 99746,20180802,  146,    0
 18323, 99746,20180803,  117,    0
 18323, 99746,20180804,   87,    0
 18323, 99746,20180805,   90,    0
 18323, 99746,20180806,   87,    0
 18323, 99746,20180807,  101,    0
 18323, 99746,20180808,  159,    0
 18323, 99746,20180809,  117,    0
 18323, 99746,20180810,  111,    0
 18323, 99746,20180811,  107,    0
 18323, 99746,20180812,   69,    0
 18323, 99746,20180813,   51,    0
 18323, 99746,20180814,   66,    0
 18323, 99746,20180815,  111,    0
 18323, 99746,20180816,  125,    0
 18323, 99746,20180817,  110,    0
 18323, 99746,20180818,  103,    0
 18323, 99746,20180819,   73,    0
 18323, 99746,20180820,   54,    0
 18323, 99746,20180821,   44,    0
 18323, 99746,20180822,   71,    0
 18323, 99746,20180823,   78,    0
 18323, 99746,20180824,   88,    0
 18323, 99746,20180825,   70,    0
 18323, 99746,20180826,   60,    0
 18323, 99746,20180827,   56,    0
 18323, 99746,20180828,   86,    0
 18323, 99746,20180829,  121,    0
 18323, 99746,20180830,   81,    0
 18323, 99746,20180831,   57,    0
 18323, 99746,20180901,  103,    0
 18323, 99746,20180902,  104,    0
 18323, 99746,20180903,  103,    0
 18323, 99746,20180904,   58,    0
 18323, 99746,20180905,   91,    0
 18323, 99746,20180906,  100,    0
 18323, 99746,20180907,  106,    0
 18323, 99746,20180908,  122,    0
 18323, 99746,20180909,  128,    0
 18323, 99746,20180910,  127,    0
 18323, 99746,20180911,   96,    0
 18323, 99746,20180912,   79,    0
 18323, 99746,20180913,   61,    0
 18323, 99746,20180914,   57,    0
 18323, 99746,20180915,   50,    0
 18323, 99746,20180916,   41,    0
 18323, 99746,20180917,   46,    0
 18323, 99746,20180918,   59,    0
 18323, 99746,20180919,   89,    0
 18323, 99746,20180920,   77,    0
 18323, 99746,20180921,   66,    0
 18323, 99746,20180922,   65,    0
 18323, 99746,20180923,   11,    0
 18323, 99746,20180924,  -13,    0
 18323, 99746,20180925,    8,    0
 18323, 99746,20180926,   15,    0
 18323, 99746,20180927,  -13,    0
 18323, 99746,20180928,  -16,    0
 18323, 99746,20180929,    8,    0
 18323, 99746,20180930,   18,    0
 18323, 99746,20181001,   18,    0
 18323, 99746,20181002,    6,    0
 18323, 99746,20181003,   -1,    0
 18323, 99746,20181004,   -3,    0
 18323, 99746,20181005,    3,    0
 18323, 99746,20181006,  -13,    0
 18323, 99746,20181007,  -14,    0
 18323, 99746,20181008,    8,    0
 18323, 99746,20181009,   12,    0
 18323, 99746,20181010,   16,    0
 18323, 99746,20181011,   50,    0
 18323, 99746,20181012,   50,    0
 18323, 99746,20181013,   69,    0
 18323, 99746,20181014,   84,    0
 18323, 99746,20181015,   29,    0
 18323, 99746,20181016,   31,    0
 18323, 99746,20181017,   49,    0
 18323, 99746,20181018,   26,    0
 18323, 99746,20181019,   26,    0
 18323, 99746,20181020,   34,    0
 18323, 99746,20181021,   26,    0
 18323, 99746,20181022,   -7,    0
 18323, 99746,20181023,  -19,    0
 18323, 99746,20181024,  -21,    0
 18323, 99746,20181025,  -52,    0
 18323, 99746,20181026,  -63,    0
 18323, 99746,20181027,  -64,    0
 18323, 99746,20181028,  -58,    0
 18323, 99746,20181029,  -53,    0
 18323, 99746,20181030,  -40,    0
 18323, 99746,20181031,   17,    0
 18323, 99746,20181101,   25,    0
 18323, 99746,20181102,   36,    0
 18323, 99746,20181103,    3,    0
 18323, 99746,20181104,   40,    0
 18323, 99746,20181105,   45,    0
 18323, 99746,20181106,   45,    0
 18323, 99746,20181107,   30,    0
 18323, 99746,20181108,   17,    0
 18323, 99746,20181109,   21,    0
 18323, 99746,20181110,   41,    0
 18323, 99746,20181111,   38,    0
 18323, 99746,20181112,   31,    0
 18323, 99746,20181113,   14,    0
 18323, 99746,20181114,   34,    0
 18323, 99746,20181115,   44,    0
 18323, 99746,20181116,   51,    0
 18323, 99746,20181117,   21,    0
 18323, 99746,20181118,    6,    0
 18323, 99746,20181119,   -3,    0
 18323, 99746,20181120,    0,    0
 18323, 99746,20181121,  -35,    0
 18323, 99746,20181122,  -28,    0
 18323, 99746,20181123,  -23,    0
 18323, 99746,20181124,  -26,    0
 18323, 99746,20181125,  -36,    0
 18323, 99746,20181126,  -60,    0
 18323, 99746,20181127,  -48,    0
 18323, 99746,20181128,  -15,    0
 18323, 99746,20181129,  -18,    0
 18323, 99746,20181130,   16,    0
 18323, 99746,20181201,   21,    0
 18323, 99746,20181202,    5,    0
 18323, 99746,20181203,    3,    0
 18323, 99746,20181204,  -20,    0
 18323, 99746,20181205,  -37,    0
 18323, 99746,20181206,  -40,    0
 18323, 99746,20181207,  -79,    0
 18323, 99746,20181208,  -42,    0
 18323, 99746,20181209,  -41,    0
 18323, 99746,20181210,  -31,    0
 18323, 99746,20181211,  -44,    0
 18323, 99746,20181212,  -43,    0
 18323, 99746,20181213,  -22,    0
 18323, 99746,20181214,  -19,    0
 18323, 99746,20181215,  -60,    0
 18323, 99746,20181216,  -68,    0
 18323, 99746,20181217,  -85,    0
 18323, 99746,20181218,  -61,    0
 18323, 99746,20181219,  -45,    0
 18323, 99746,20181220,  -32,    0
 18323, 99746,20181221,  -48,    0
 18323, 99746,20181222, -109,    0
 18323, 99746,20181223,  -49,    0
 18323, 99746,20181224,  -33,    0
 18323, 99746,20181225,  -21,    0
 18323, 99746,20181226,  -24,    0
 18323, 99746,20181227,   -5,    0
 18323, 99746,20181228,  -12,    0
 18323, 99746,20181229,  -23,    0
 18323, 99746,20181230,  -47,    0
 18323, 99746,20181231,  -32,    0
 18323, 99746,20190101,  -54,    0
 18323, 99746,20190102,  -87,    0
 18323, 99746,20190103,  -23,    0
 18323, 99746,20190104,  -11,    0
 18323, 99746,20190105,  -11,    0
 18323, 99746,20190106,    3,    0
 18323, 99746,20190107,  -32,    0
 18323, 99746,20190108,  -35,    0
 18323, 99746,20190109,  -37,    0
 18323, 99746,20190110,  -22,    0
 18323, 99746,20190111,  -29,    0
 18323, 99746,20190112,  -64,    0
 18323, 99746,20190113,  -98,    0
 18323, 99746,20190114, -146,    0
 18323, 99746,20190115, -144,    0
 18323, 99746,20190116, -169,    0
 18323, 99746,20190117, -161,    0
 18323, 99746,20190118,  -86,    0
 18323, 99746,20190119,  -96,    0
 18323, 99746,20190120, -122,    0
 18323, 99746,20190121, -141,    0
 18323, 99746,20190122, -176,    0
 18323, 99746,20190123, -100,    0
 18323, 99746,20190124, -103,    0
 18323, 99746,20190125,  -94,    0
 18323, 99746,20190126, -109,    0
 18323, 99746,20190127, -132,    0
 18323, 99746,20190128, -112,    0
 18323, 99746,20190129, -120,    0
 18323, 99746,20190130, -118,    0
 18323, 99746,20190131, -116,    0
 18323, 99746,20190201,  -45,    0
 18323, 99746,20190202,  -81,    0
 18323, 99746,20190203,  -96,    0
 18323, 99746,20190204, -125,    0
 18323, 99746,20190205, -148,    0
 18323, 99746,20190206, -194,    0
 18323, 99746,20190207, -151,    0
 18323, 99746,20190208,  -57,    0
 18323, 99746,20190209,  -90,    0
 18323, 99746,20190210,  -70,    0
 18323, 99746,20190211,  -51,    0
 18323, 99746,20190212,  -72,    0
 18323, 99746,20190213,  -49,    0
 18323, 99746,20190214,   -3,    0
 18323, 99746,20190215,  -10,    0
 18323, 99746,20190216,  -13,    0
 18323, 99746,20190217,  -55,    0
 18323, 99746,20190218,  -17,    0
 18323, 99746,20190219,  -27,    0
 18323, 99746,20190220, -150,    0
 18323, 99746,20190221, -131,    0
 18323, 99746,20190222,   -8,    0
 18323, 99746,20190223,   31,    0
 18323, 99746,20190224,    5,    0
 18323, 99746,20190225,  -15,    0
 18323, 99746,20190226,  -10,    0
 18323, 99746,20190227,   -4,    0
 18323, 99746,20190228,  -77,    0
 18323, 99746,20190301,  -62,    0
 18323, 99746,20190302, -126,    0
 18323, 99746,20190303, -208,    0
 18323, 99746,20190304, -169,    0
 18323, 99746,20190305, -175,    0
 18323, 99746,20190306,  -70,    0
 18323, 99746,20190307,  -87,    0
 18323, 99746,20190308, -101,    0
 18323, 99746,20190309, -109,    0
 18323, 99746,20190310, -117,    0
 18323, 99746,20190311, -194,    0
 18323, 99746,20190312, -161,    0
 18323, 99746,20190313,  -74,    0
 18323, 99746,20190314,  -57,    0
 18323, 99746,20190315,  -50,    0
 18323, 99746,20190316,  -76,    0
 18323, 99746,20190317,  -82,    0
 18323, 99746,20190318,  -64,    0
 18323, 99746,20190319,  -51,    0
 18323, 99746,20190320,  -14,    0
 18323, 99746,20190321,  -28,    0
 18323, 99746,20190322,  -22,    0
 18323, 99746,20190323,  -11,    0
 18323, 99746,20190324,  -39,    0
 18323, 99746,20190325,  -64,    0
 18323, 99746,20190326, -104,    0
 18323, 99746,20190327,  -23,    0
 18323, 99746,20190328,    1,    0
 18323, 99746,20190329,  -32,    0
 18323, 99746,20190330,  -54,    0
 18323, 99746,20190331,  -49,    0
 18323, 99746,20190401,  -29,    0
 18323, 99746,20190402,  -24,    0
 18323, 99746,20190403,  -58,    0
 18323, 99746,20190404,  -46,    0
 18323, 99746,20190405,  -67,    0
 18323, 99746,20190406,  -43,    0
 18323, 99746,20190407,  -61,    0
 18323, 99746,20190408,  -94,    0
 18323, 99746,20190409, -104,    0
 18323, 99746,20190410, -137,    0
 18323, 99746,20190411, -103,    0
 18323, 99746,20190412,  -31,    0
 18323, 99746,20190413,  -16,    0
 18323, 99746,20190414,  -15,    0
 18323, 99746,20190415,  -23,    0
 18323, 99746,20190416,  -53,    0
 18323, 99746,20190417,  -51,    0
 18323, 99746,20190418,  -18,    0
 18323, 99746,20190419,   30,    0
 18323, 99746,20190420,   60,    0
 18323, 99746,20190421,   12,    0
 18323, 99746,20190422,   38,    0
 18323, 99746,20190423,   73,    0
 18323, 99746,20190424,   46,    0
 18323, 99746,20190425,   83,    0
 18323, 99746,20190426,   52,    0
 18323, 99746,20190427,   53,    0
 18323, 99746,20190428,   28,    0
 18323, 99746,20190429,   25,    0
 18323, 99746,20190430,   -6,    0
 18323, 99746,20190501,  -17,    0
 18323, 99746,20190502,  -52,    0
 18323, 99746,20190503,  -55,    0
 18323, 99746,20190504,  -44,    0
 18323, 99746,20190505,  -58,    0
 18323, 99746,20190506,  -27,    0
 18323, 99746,20190507,   13,    0
 18323, 99746,20190508,    1,    0
 18323, 99746,20190509,   20,    0
 18323, 99746,20190510,   59,    0
 18323, 99746,20190511,   55,    0
 18323, 99746,20190512,  -11,    0
 18323, 99746,20190513,  -15,    0
 18323, 99746,20190514,   -6,    0
 18323, 99746,20190515,   -4,    0
 18323, 99746,20190516,   22,    0
 18323, 99746,20190517,   21,    0
 18323, 99746,20190518,   42,    0
 18323, 99746,20190519,   60,    0
 18323, 99746,20190520,   50,    0
 18323, 99746,20190521,   55,    0
 18323, 99746,20190522,   59,    0
 18323, 99746,20190523,   38,    0
 18323, 99746,20190524,   36,    0
 18323, 99746,20190525,   31,    0
 18323, 99746,20190526,    3,    0
 18323, 99746,20190527,   23,    0
 18323, 99746,20190528,    7,    0
 18323, 99746,20190529,   18,    0
 18323, 99746,20190530,   20,    0
 18323, 99746,20190531,   12,    0
 18323, 99746,20190601,    0,    0
 18323, 99746,20190602,   12,    0
 18323, 99746,20190603,   55,    0
 18323, 99746,20190604,   48,    0
 18323, 99746,20190605,   72,    0
 18323, 99746,20190606,  102,    0
 18323, 99746,20190607,  145,    0
 18323, 99746,20190608,   45,    0
 18323, 99746,20190609,   79,    0
 18323, 99746,20190610,   38,    0
 18323, 99746,20190611,   38,    0
 18323, 99746,20190612,   61,    0
 18323, 99746,20190613,   96,    0
 18323, 99746,20190614,   70,    0
 18323, 99746,20190615,   82,    0
 18323, 99746,20190616,   60,    0
 18323, 99746,20190617,   70,    0
 18323, 99746,20190618,   53,    0
 18323, 99746,20190619,   53,    0
 18323, 99746,20190620,   77,    0
 18323, 99746,20190621,   64,    0
 18323, 99746,20190622,   49,    0
 18323, 99746,20190623,   55,    0
 18323, 99746,20190624,   44,    0
 18323, 99746,20190625,   50,    0
 18323, 99746,20190626,   45,    0
 18323, 99746,20190627,   36,    0
 18323, 99746,20190628,   40,    0
 18323, 99746,20190629,   29,    0
 18323, 99746,20190630,   47,    0
 18323, 99746,20190701,   42,    0
 18323, 99746,20190702,   44,    0
 18323, 99746,20190703,   63,    0
 18323, 99746,20190704,   60,    0
 18323, 99746,20190705,   63,    0
 18323, 99746,20190706,   50,    0
 18323, 99746,20190707,   80,    0
 18323, 99746,20190708,  105,    0
 18323, 99746,20190709,  108,    0
 18323, 99746,20190710,   98,    0
 18323, 99746,20190711,   93,    0
 18323, 99746,20190712,   95,    0
 18323, 99746,20190713,   73,    0
 18323, 99746,20190714,   67,    0
 18323, 99746,20190715,   62,    0
 18323, 99746,20190716,   70,    0
 18323, 99746,20190717,   72,    0
 18323, 99746,20190718,  126,    0
 18323, 99746,20190719,  143,    0
 18323, 99746,20190720,  115,    0
 18323, 99746,20190721,  160,    0
 18323, 99746,20190722,  133,    0
 18323, 99746,20190723,  144,    0
 18323, 99746,20190724,  129,    0
 18323, 99746,20190725,  169,    0
 18323, 99746,20190726,  153,    0
 18323, 99746,20190727,  163,    0
 18323, 99746,20190728,  162,    0
 18323, 99746,20190729,  124,    0
 18323, 99746,20190730,   99,    0
 18323, 99746,20190731,  128,    0
 18323, 99746,20190801,  111,    0
 18323, 99746,20190802,   99,    0
 18323, 99746,20190803,   87,    0
 18323, 99746,20190804,   88,    0
 18323, 99746,20190805,   81,    0
 18323, 99746,20190806,  115,    0
 18323, 99746,20190807,  123,    0
 18323, 99746,20190808,  107,    0
 18323, 99746,20190809,  106,    0
 18323, 99746,20190810,  125,    0
 18323, 99746,20190811,  136,    0
 18323, 99746,20190812,  145,    0
 18323, 99746,20190813,  134,    0
 18323, 99746,20190814,   96,    0
 18323, 99746,20190815,   73,    0
 18323, 99746,20190816,   96,    0
 18323, 99746,20190817,  119,    0
 18323, 99746,20190818,  118,    0
 18323, 99746,20190819,  119,    0
 18323, 99746,20190820,  107,    0
 18323, 99746,20190821,   92,    0
 18323, 99746,20190822,   84,    0
 18323, 99746,20190823,  103,    0
 18323, 99746,20190824,   94,    0
 18323, 99746,20190825,   98,    0
 18323, 99746,20190826,   96,    0
 18323, 99746,20190827,  154,    0
 18323, 99746,20190828,  183,    0
 18323, 99746,20190829,  160,    0
 18323, 99746,20190830,  105,    0
 18323, 99746,20190831,  120,    0
 18323, 99746,20190901,  129,    0
 18323, 99746,20190902,   74,    0
 18323, 99746,20190903,   70,    0
 18323, 99746,20190904,   55,    0
 18323, 99746,20190905,   49,    0
 18323, 99746,20190906,   40,    0
 18323, 99746,20190907,   46,    0
 18323, 99746,20190908,   63,    0
 18323, 99746,20190909,  101,    0
 18323, 99746,20190910,  120,    0
 18323, 99746,20190911,  129,    0
 18323, 99746,20190912,   70,    0
 18323, 99746,20190913,   33,    0
 18323, 99746,20190914,   33,    0
 18323, 99746,20190915,   50,    0
 18323, 99746,20190916,   48,    0
 18323, 99746,20190917,   39,    0
 18323, 99746,20190918,   19,    0
 18323, 99746,20190919,   -3,    0
 18323, 99746,20190920,    8,    0
 18323, 99746,20190921,    3,    0
 18323, 99746,20190922,    9,    0
 18323, 99746,20190923,   17,    0
 18323, 99746,20190924,   37,    0
 18323, 99746,20190925,   52,    0
 18323, 99746,20190926,   76,    0
 18323, 99746,20190927,   81,    0
 18323, 99746,20190928,   65,    0
 18323, 99746,20190929,   23,    0
 18323, 99746,20190930,    3,    0
 18323, 99746,20191001,   28,    0
 18323, 99746,20191002,    4,    0
 18323, 99746,20191003,  -16,    0
 18323, 99746,20191004,  -26,    0
 18323, 99746,20191005,  -11,    0
 18323, 99746,20191006,    7,    0
 18323, 99746,20191007,    8,    0
 18323, 99746,20191008,   -3,    0
 18323, 99746,20191009,  -25,    0
 18323, 99746,20191010,  -16,    0
 18323, 99746,20191011,   -3,    0
 18323, 99746,20191012,  -18,    0
 18323, 99746,20191013,  -23,    0
 18323, 99746,20191014,  -22,    0
 18323, 99746,20191015,   -9,    0
 18323, 99746,20191016,  -21,    0
 18323, 99746,20191017,   -4,    0
 18323, 99746,20191018,   -3,    0
 18323, 99746,20191019,  -26,    0
 18323, 99746,20191020,  -47,    0
 18323, 99746,20191021,  -13,    0
 18323, 99746,20191022,    9,    0
 18323, 99746,20191023,   -3,    0
 18323, 99746,20191024,   22,    0
 18323, 99746,20191025,   31,    0
 18323, 99746,20191026,   -9,    0
 18323, 99746,20191027,  -38,    0
 18323, 99746,20191028,  -41,    0
 18323, 99746,20191029,  -52,    0
 18323, 99746,20191030,  -22,    0
 18323, 99746,20191031,  -25,    0
 18323, 99746,20191101,  -36,    0
 18323, 99746,20191102,  -64,    0
 18323, 99746,20191103,  -45,    0
 18323, 99746,20191104,  -40,    0
 18323, 99746,20191105,  -62,    0
 18323, 99746,20191106,  -81,    0
 18323, 99746,20191107,  -76,    0
 18323, 99746,20191108, -105,    0
 18323, 99746,20191109, -114,    0
 18323, 99746,20191110, -105,    0
 18323, 99746,20191111,  -73,    0
 18323, 99746,20191112,  -44,    0
 18323, 99746,20191113,  -10,    0
 18323, 99746,20191114,  -11,    0
 18323, 99746,20191115,  -18,    0
 18323, 99746,20191116,  -12,    0
 18323, 99746,20191117,  -27,    0
 18323, 99746,20191118,  -11,    0
 18323, 99746,20191119,   21,    0
 18323, 99746,20191120,   16,    0
 18323, 99746,20191121,   -4,    0
 18323, 99746,20191122,   14,    0
 18323, 99746,20191123,   12,    0
 18323, 99746,20191124,    5,    0
 18323, 99746,20191125,   -7,    0
 18323, 99746,20191126,  -45,    0
 18323, 99746,20191127,  -68,    0
 18323, 99746,20191128,  -85,    0
 18323, 99746,20191129,  -81,    0
 18323, 99746,20191130,  -82,    0
 18323, 99746,20191201,  -59,    0
 18323, 99746,20191202,  -48,    0
 18323, 99746,20191203,   -7,    0
 18323, 99746,20191204,   24,    0
 18323, 99746,20191205,  -12,    0
 18323, 99746,20191206,  -19,    0
 18323, 99746,20191207,  -17,    0
 18323, 99746,20191208,  -63,    0
 18323, 99746,20191209,  -89,    0
 18323, 99746,20191210,  -82,    0
 18323, 99746,20191211,  -27,    0
 18323, 99746,20191212,  -15,    0
 18323, 99746,20191213,  -19,    0
 18323, 99746,20191214,  -15,    0
 18323, 99746,20191215,  -14,    0
 18323, 99746,20191216,  -49,    0
 18323, 99746,20191217,  -41,    0
 18323, 99746,20191218,  -27,    0
 18323, 99746,20191219,  -22,    0
 18323, 99746,20191220,  -66,    0
 18323, 99746,20191221,  -18,    0
 18323, 99746,20191222,    9,    0
 18323, 99746,20191223,  -35,    0
 18323, 99746,20191224,  -32,    0
 18323, 99746,20191225,  -86,    0
 18323, 99746,20191226, -125,    0
 18323, 99746,20191227,  -95,    0
 18323, 99746,20191228,  -19,    0
 18323, 99746,20191229,   20,    0
 18323, 99746,20191230,   -7,    0
 18323, 99746,20191231,  -39,    0
 18323, 99746,20200101,    0,    0
 18323, 99746,20200102,   14,    0
 18323, 99746,20200103,  -37,    0
 18323, 99746,20200104,  -59,    0
 18323, 99746,20200105,  -51,    0
 18323, 99746,20200106,   11,    0
 18323, 99746,20200107,   17,    0
 18323, 99746,20200108,  -10,    0
 18323, 99746,20200109,  -29,    0
 18323, 99746,20200110,  -16,    0
 18323, 99746,20200111,  -14,    0
 18323, 99746,20200112,  -23,    0
 18323, 99746,20200113,  -24,    0
 18323, 99746,20200114,  -23,    0
 18323, 99746,20200115,  -39,    0
 18323, 99746,20200116,  -35,    0
 18323, 99746,20200117,  -11,    0
 18323, 99746,20200118,  -39,    0
 18323, 99746,20200119,  -55,    0
 18323, 99746,20200120,   -2,    0
 18323, 99746,20200121,  -41,    0
 18323, 99746,20200122,  -42,    0
 18323, 99746,20200123,  -22,    0
 18323, 99746,20200124,  -48,    0
 18323, 99746,20200125,  -52,    0
 18323, 99746,20200126,  -93,    0
 18323, 99746,20200127,  -90,    0
 18323, 99746,20200128,  -81,    0
 18323, 99746,20200129,  -54,    0
 18323, 99746,20200130,  -50,    0
 18323, 99746,20200131,  -42,    0
 18323, 99746,20200201,  -21,    0
 18323, 99746,20200202,  -37,    0
 18323, 99746,20200203,  -94,    0
 18323, 99746,20200204,  -95,    0
 18323, 99746,20200205,  -85,    0
 18323, 99746,20200206,  -70,    0
 18323, 99746,20200207,    3,    0
 18323, 99746,20200208,  -23,    0
 18323, 99746,20200209,   -5,    0
 18323, 99746,20200210,  -23,    0
 18323, 99746,20200211,  -22,    0
 18323, 99746,20200212,  -40,    0
 18323, 99746,20200213,  -70,    0
 18323, 99746,20200214,  -57,    0
 18323, 99746,20200215,  -42,    0
 18323, 99746,20200216,  -22,    0
 18323, 99746,20200217,  -21,    0
 18323, 99746,20200218,  -29,    0
 18323, 99746,20200219, -134,    0
 18323, 99746,20200220,  -69,    0
 18323, 99746,20200221,  -13,    0
 18323, 99746,20200222,  -17,    0
 18323, 99746,20200223,  -36,    0
 18323, 99746,20200224,  -61,    0
 18323, 99746,20200225,  -86,    0
 18323, 99746,20200226,  -87,    0
 18323, 99746,20200227,  -65,    0
 18323, 99746,20200228,  -75,    0
 18323, 99746,20200229,  -84,    0
 18323, 99746,20200301, -112,    0
 18323, 99746,20200302, -115,    0
 18323, 99746,20200303, -101,    0
 18323, 99746,20200304,  -46,    0
 18323, 99746,20200305,  -79,    0
 18323, 99746,20200306,  -39,    0
 18323, 99746,20200307,  -18,    0
 18323, 99746,20200308,  -22,    0
 18323, 99746,20200309,    6,    0
 18323, 99746,20200310,  -20,    0
 18323, 99746,20200311,  -20,    0
 18323, 99746,20200312,  -49,    0
 18323, 99746,20200313, -100,    0
 18323, 99746,20200314,  -78,    0
 18323, 99746,20200315,  -44,    0
 18323, 99746,20200316,  -50,    0
 18323, 99746,20200317,  -26,    0
 18323, 99746,20200318,  -22,    0
 18323, 99746,20200319,  -85,    0
 18323, 99746,20200320,  -76,    0
 18323, 99746,20200321,  -62,    0
 18323, 99746,20200322,  -28,    0
 18323, 99746,20200323,   -4,    0
 18323, 99746,20200324,    1,    0
 18323, 99746,20200325,  -17,    0
 18323, 99746,20200326,  -14,    0
 18323, 99746,20200327,  -20,    0
 18323, 99746,20200328,  -83,    0
 18323, 99746,20200329,  -92,    0
 18323, 99746,20200330,  -82,    0
 18323, 99746,20200331,  -26,    0
 18323, 99746,20200401,  -69,    0
 18323, 99746,20200402,  -71,    0
 18323, 99746,20200403,  -82,    0
 18323, 99746,20200404,  -80,    0
 18323, 99746,20200405,  -84,    0
 18323, 99746,20200406,  -24,    0
 18323, 99746,20200407,    4,    0
 18323, 99746,20200408,  -13,    0
 18323, 99746,20200409,  -47,    0
 18323, 99746,20200410,  -59,    0
 18323, 99746,20200411,  -54,    0
 18323, 99746,20200412,  -45,    0
 18323, 99746,20200413,  -42,    0
 18323, 99746,20200414,  -28,    0
 18323, 99746,20200415,  -27,    0
 18323, 99746,20200416,  -35,    0
 18323, 99746,20200417,  -35,    0
 18323, 99746,20200418,   -7,    0
 18323, 99746,20200419,    2,    0
 18323, 99746,20200420,    9,    0
 18323, 99746,20200421,    2,    0
 18323, 99746,20200422,   -4,    0
 18323, 99746,20200423,   -6,    0
 18323, 99746,20200424,  -20,    0
 18323, 99746,20200425,  -31,    0
 18323, 99746,20200426,  -21,    0
 18323, 99746,20200427,  -33,    0
 18323, 99746,20200428,  -51,    0
 18323, 99746,20200429,  -32,    0
 18323, 99746,20200430,  -15,    0
 18323, 99746,20200501,   -5,    0
 18323, 99746,20200502,    7,    0
 18323, 99746,20200503,   -8,    0
 18323, 99746,20200504,  -13,    0
 18323, 99746,20200505,   -7,    0
 18323, 99746,20200506,  -21,    0
 18323, 99746,20200507,  -37,    0
 18323, 99746,20200508,  -34,    0
 18323, 99746,20200509,  -48,    0
 18323, 99746,20200510,  -50,    0
 18323, 99746,20200511,  -46,    0
 18323, 99746,20200512,  -36,    0
 18323, 99746,20200513,  -43,    0
 18323, 99746,20200514,  -43,    0
 18323, 99746,20200515,  -38,    0
 18323, 99746,20200516,  -23,    0
 18323, 99746,20200517,  -25,    0
 18323, 99746,20200518,  -16,    0
 18323, 99746,20200519,  -46,    0
 18323, 99746,20200520,    1,    0
 18323, 99746,20200521,    4,    0
 18323, 99746,20200522,   34,    0
 18323, 99746,20200523,   64,    0
 18323, 99746,20200524,   48,    0
 18323, 99746,20200525,   44,    0
 18323, 99746,20200526,   47,    0
 18323, 99746,20200527,   23,    0
 18323, 99746,20200528,   13,    0
 18323, 99746,20200529,   19,    0
 18323, 99746,20200530,   22,    0
 18323, 99746,20200531,   37,    0
 18323, 99746,20200601,   53,    0
 18323, 99746,20200602,   57,    0
 18323, 99746,20200603,   43,    0
 18323, 99746,20200604,   92,    0
 18323, 99746,20200605,   88,    0
 18323, 99746,20200606,   73,    0
 18323, 99746,20200607,   47,    0
 18323, 99746,20200608,   19,    0
 18323, 99746,20200609,   27,    0
 18323, 99746,20200610,   36,    0
 18323, 99746,20200611,   39,    0
 18323, 99746,20200612,   56,    0
 18323, 99746,20200613,  138,    0
 18323, 99746,20200614,  103,    0
 18323, 99746,20200615,   46,    0
 18323, 99746,20200616,   41,    0
 18323, 99746,20200617,   64,    0
 18323, 99746,20200618,   81,    0
 18323, 99746,20200619,   71,    0
 18323, 99746,20200620,  111,    0
 18323, 99746,20200621,   76,    0
 18323, 99746,20200622,   76,    0
 18323, 99746,20200623,   81,    0
 18323, 99746,20200624,   77,    0
 18323, 99746,20200625,   99,    0
 18323, 99746,20200626,   72,    0
 18323, 99746,20200627,  107,    0
 18323, 99746,20200628,  135,    0
 18323, 99746,20200629,   95,    0
 18323, 99746,20200630,   52,    0
 18323, 99746,20200701,   30,    0
 18323, 99746,20200702,   35,    0
 18323, 99746,20200703,   48,    0
 18323, 99746,20200704,   56,    0
 18323, 99746,20200705,   62,    0
 18323, 99746,20200706,   82,    0
 18323, 99746,20200707,   54,    0
 18323, 99746,20200708,   51,    0
 18323, 99746,20200709,   62,    0
 18323, 99746,20200710,   54,    0
 18323, 99746,20200711,   63,    0
 18323, 99746,20200712,   71,    0
 18323, 99746,20200713,   80,    0
 18323, 99746,20200714,   92,    0
 18323, 99746,20200715,  118,    0
 18323, 99746,20200716,  117,    0
 18323, 99746,20200717,  122,    0
 18323, 99746,20200718,  106,    0
 18323, 99746,20200719,   73,    0
 18323, 99746,20200720,   58,    0
 18323, 99746,20200721,   56,    0
 18323, 99746,20200722,   61,    0
 18323, 99746,20200723,   59,    0
 18323, 99746,20200724,   75,    0
 18323, 99746,20200725,   78,    0
 18323, 99746,20200726,  123,    0
 18323, 99746,20200727,  138,    0
 18323, 99746,20200728,  122,    0
 18323, 99746,20200729,  118,    0
 18323, 99746,20200730,  117,    0
 18323, 99746,20200731,   98,    0
 18323, 99746,20200801,   97,    0
 18323, 99746,20200802,  147,    0
 18323, 99746,20200803,  134,    0
 18323, 99746,20200804,   85,    0
 18323, 99746,20200805,   94,    0
 18323, 99746,20200806,  107,    0
 18323, 99746,20200807,  114,    0
 18323, 99746,20200808,  140,    0
 18323, 99746,20200809,   74,    0
 18323, 99746,20200810,   87,    0
 18323, 99746,20200811,  105,    0
 18323, 99746,20200812,   86,    0
 18323, 99746,20200813,   92,    0
 18323, 99746,20200814,  100,    0
 18323, 99746,20200815,   80,    0
 18323, 99746,20200816,   47,    0
 18323, 99746,20200817,   50,    0
 18323, 99746,20200818,   78,    0
 18323, 99746,20200819,   66,    0
 18323, 99746,20200820,   64,    0
 18323, 99746,20200821,  142,    0
 18323, 99746,20200822,  136,    0
 18323, 99746,20200823,   83,    0
 18323, 99746,20200824,   56,    0
 18323, 99746,20200825,   62,    0
 18323, 99746,20200826,   52,    0
 18323, 99746,20200827,   40,    0
 18323, 99746,20200828,   48,    0
 18323, 99746,20200829,   53,    0
 18323, 99746,20200830,   36,    0
 18323, 99746,20200831,   41,    0
 18323, 99746,20200901,   85,    0
 18323, 99746,20200902,  114,    0
 18323, 99746,20200903,  114,    0
 18323, 99746,20200904,  103,    0
 18323, 99746,20200905,   80,    0
 18323, 99746,20200906,   68,    0
 18323, 99746,20200907,   78,    0
 18323, 99746,20200908,   76,    0
 18323, 99746,20200909,   55,    0
 18323, 99746,20200910,   38,    0
 18323, 99746,20200911,   48,    0
 18323, 99746,20200912,   67,    0
 18323, 99746,20200913,   49,    0
 18323, 99746,20200914,   46,    0
 18323, 99746,20200915,   37,    0
 18323, 99746,20200916,   26,    0
 18323, 99746,20200917,   28,    0
 18323, 99746,20200918,   41,    0
 18323, 99746,20200919,   28,    0
 18323, 99746,20200920,   34,    0
 18323, 99746,20200921,   40,    0
 18323, 99746,20200922,   11,    0
 18323, 99746,20200923,   47,    0
 18323, 99746,20200924,   24,    0
 18323, 99746,20200925,   48,    0
 18323, 99746,20200926,   13,    0
 18323, 99746,20200927,   45,    0
 18323, 99746,20200928,   92,    0
 18323, 99746,20200929,   87,    0
 18323, 99746,20200930,   93,    0
 18323, 99746,20201001,   90,    0
 18323, 99746,20201002,   93,    0
 18323, 99746,20201003,   86,    0
 18323, 99746,20201004,   88,    0
 18323, 99746,20201005,   85,    0
 18323, 99746,20201006,   82,    0
 18323, 99746,20201007,   86,    0
 18323, 99746,20201008,   84,    0
 18323, 99746,20201009,   61,    0
 18323, 99746,20201010,   51,    0
 18323, 99746,20201011,   47,    0
 18323, 99746,20201012,   26,    0
 18323, 99746,20201013,   10,    0
 18323, 99746,20201014,   18,    0
 18323, 99746,20201015,    7,    0
 18323, 99746,20201016,   13,    0
 18323, 99746,20201017,   -9,    0
 18323, 99746,20201018,  -37,    0
 18323, 99746,20201019,  -31,    0
 18323, 99746,20201020,  -20,    0
 18323, 99746,20201021,  -22,    0
 18323, 99746,20201022,  -36,    0
 18323, 99746,20201023,  -27,    0
 18323, 99746,20201024,  -23,    0
 18323, 99746,20201025,   -1,    0
 18323, 99746,20201026,   22,    0
 18323, 99746,20201027,   20,    0
 18323, 99746,20201028,   -6,    0
 18323, 99746,20201029,  -16,    0
 18323, 99746,20201030,  -31,    0
 18323, 99746,20201031,   10,    0
 18323, 99746,20201101,   45,    0
 18323, 99746,20201102,   49,    0
 18323, 99746,20201103,   20,    0
 18323, 99746,20201104,   14,    0
 18323, 99746,20201105,    2,    0
 18323, 99746,20201106,   20,    0
 18323, 99746,20201107,   -1,    0
 18323, 99746,20201108,  -10,    0
 18323, 99746,20201109,  -10,    0
 18323, 99746,20201110,    0,    0
 18323, 99746,20201111,   43,    0
 18323, 99746,20201112,   41,    0
 18323, 99746,20201113,   16,    0
 18323, 99746,20201114,   23,    0
 18323, 99746,20201115,   34,    0
 18323, 99746,20201116,   54,    0
 18323, 99746,20201117,   45,    0
 18323, 99746,20201118,  -10,    0
 18323, 99746,20201119,  -68,    0
 18323, 99746,20201120,  -41,    0
 18323, 99746,20201121,  -23,    0
 18323, 99746,20201122,    3,    0
 18323, 99746,20201123,  -13,    0
 18323, 99746,20201124,  -23,    0
 18323, 99746,20201125,  -10,    0
 18323, 99746,20201126,  -16,    0
 18323, 99746,20201127,   10,    0
 18323, 99746,20201128,   20,    0
 18323, 99746,20201129,   17,    0
 18323, 99746,20201130,   -6,    0
 18323, 99746,20201201,  -36,    0
 18323, 99746,20201202,   -3,    0
 18323, 99746,20201203,  -14,    0
 18323, 99746,20201204,  -13,    0
 18323, 99746,20201205,  -18,    0
 18323, 99746,20201206,  -16,    0
 18323, 99746,20201207,   -6,    0
 18323, 99746,20201208,    8,    0
 18323, 99746,20201209,  -14,    0
 18323, 99746,20201210,  -16,    0
 18323, 99746,20201211,  -10,    0
 18323, 99746,20201212,  -41,    0
 18323, 99746,20201213,  -27,    0
 18323, 99746,20201214,  -13,    0
 18323, 99746,20201215,  -27,    0
 18323, 99746,20201216,  -28,    0
 18323, 99746,20201217,  -43,    0
 18323, 99746,20201218,  -43,    0
 18323, 99746,20201219,  -15,    0
 18323, 99746,20201220,   14,    0
 18323, 99746,20201221,   11,    0
 18323, 99746,20201222,    2,    0
 18323, 99746,20201223,  -13,    0
 18323, 99746,20201224,  -39,    0
 18323, 99746,20201225,  -73,    0
 18323, 99746,20201226,  -70,    0
 18323, 99746,20201227,  -48,    0
 18323, 99746,20201228,    0,    0
 18323, 99746,20201229,  -11,    0
 18323, 99746,20201230,  -29,    0
 18323, 99746,20201231,  -35,    0
 18323, 99746,20210101,  -39,    0
 18323, 99746,20210102,  -43,    0
 18323, 99746,20210103,  -28,    0
 18323, 99746,20210104,  -16,    0
 18323, 99746,20210105,   -6,    0
 18323, 99746,20210106,    1,    0
 18323, 99746,20210107,  -71,    0
 18323, 99746,20210108, -133,    0
 18323, 99746,20210109,  -94,    0
 18323, 99746,20210110,  -65,    0
 18323, 99746,20210111,  -95,    0
 18323, 99746,20210112,  -72,    0
 18323, 99746,20210113,  -82,    0
 18323, 99746,20210114,  -66,    0
 18323, 99746,20210115,  -34,    0
 18323, 99746,20210116,  -63,    0
 18323, 99746,20210117,  -98,    0
 18323, 99746,20210118, -136,    0
 18323, 99746,20210119,  -82,    0
 18323, 99746,20210120,  -88,    0
 18323, 99746,20210121, -100,    0
 18323, 99746,20210122, -102,    0
 18323, 99746,20210123,  -99,    0
 18323, 99746,20210124, -128,    0
 18323, 99746,20210125, -120,    0
 18323, 99746,20210126, -110,    0
 18323, 99746,20210127, -137,    0
 18323, 99746,20210128, -131,    0
 18323, 99746,20210129, -162,    0
 18323, 99746,20210130, -157,    0
 18323, 99746,20210131, -118,    0
 18323, 99746,20210201, -133,    0
 18323, 99746,20210202, -127,    0
 18323, 99746,20210203, -132,    0
 18323, 99746,20210204, -129,    0
 18323, 99746,20210205,  -95,    0
 18323, 99746,20210206,  -78,    0
 18323, 99746,20210207,  -71,    0
 18323, 99746,20210208,  -74,    0
 18323, 99746,20210209, -135,    0
 18323, 99746,20210210, -178,    0
 18323, 99746,20210211,  -72,    0
 18323, 99746,20210212,  -47,    0
 18323, 99746,20210213,  -68,    0
 18323, 99746,20210214,  -74,    0
 18323, 99746,20210215,  -61,    0
 18323, 99746,20210216,  -89,    0
 18323, 99746,20210217,  -79,    0
 18323, 99746,20210218, -134,    0
 18323, 99746,20210219,  -98,    0
 18323, 99746,20210220,  -72,    0
 18323, 99746,20210221,  -89,    0
 18323, 99746,20210222,  -55,    0
 18323, 99746,20210223,  -55,    0
 18323, 99746,20210224,   -1,    0
 18323, 99746,20210225,   11,    0
 18323, 99746,20210226,  -13,    0
 18323, 99746,20210227,   -4,    0
 18323, 99746,20210228,   15,    0
 18323, 99746,20210301,  -20,    0
 18323, 99746,20210302,  -25,    0
 18323, 99746,20210303,  -47,    0
 18323, 99746,20210304,  -77,    0
 18323, 99746,20210305,  -86,    0
 18323, 99746,20210306,  -90,    0
 18323, 99746,20210307,  -95,    0
 18323, 99746,20210308,  -72,    0
 18323, 99746,20210309, -112,    0
 18323, 99746,20210310, -110,    0
 18323, 99746,20210311,  -76,    0
 18323, 99746,20210312,  -51,    0
 18323, 99746,20210313,  -42,    0
 18323, 99746,20210314,  -41,    0
 18323, 99746,20210315,  -33,    0
 18323, 99746,20210316,  -98,    0
 18323, 99746,20210317,  -64,    0
 18323, 99746,20210318, -123,    0
 18323, 99746,20210319,  -39,    0
 18323, 99746,20210320,  -16,    0
 18323, 99746,20210321,  -70,    0
 18323, 99746,20210322,  -21,    0
 18323, 99746,20210323,   -1,    0
 18323, 99746,20210324,    1,    0
 18323, 99746,20210325,  -27,    0
 18323, 99746,20210326,    1,    0
 18323, 99746,20210327,   10,    0
 18323, 99746,20210328,   -3,    0
 18323, 99746,20210329,    2,    0
 18323, 99746,20210330,  -11,    0
 18323, 99746,20210331,  -14,    0
 18323, 99746,20210401,  -20,    0
 18323, 99746,20210402,  -38,    0
 18323, 99746,20210403,  -20,    0
 18323, 99746,20210404,  -27,    0
 18323, 99746,20210405,  -52,    0
 18323, 99746,20210406,  -32,    0
 18323, 99746,20210407,  -51,    0
 18323, 99746,20210408,  -71,    0
 18323, 99746,20210409,  -75,    0
 18323, 99746,20210410,  -54,    0
 18323, 99746,20210411,  -31,    0
 18323, 99746,20210412,  -53,    0
 18323, 99746,20210413,  -93,    0
 18323, 99746,20210414,  -39,    0
 18323, 99746,20210415,   -1,    0
 18323, 99746,20210416,    3,    0
 18323, 99746,20210417,  -12,    0
 18323, 99746,20210418,    0,    0
 18323, 99746,20210419,   37,    0
 18323, 99746,20210420,   57,    0
 18323, 99746,20210421,  -24,    0
 18323, 99746,20210422,  -41,    0
 18323, 99746,20210423,  -37,    0
 18323, 99746,20210424,  -37,    0
 18323, 99746,20210425,  -33,    0
 18323, 99746,20210426,  -32,    0
 18323, 99746,20210427,  -37,    0
 18323, 99746,20210428,  -32,    0
 18323, 99746,20210429,  -42,    0
 18323, 99746,20210430,  -45,    0
 18323, 99746,20210501,  -44,    0
 18323, 99746,20210502,  -40,    0
 18323, 99746,20210503,  -52,    0
 18323, 99746,20210504,  -29,    0
 18323, 99746,20210505,  -12,    0
 18323, 99746,20210506,  -64,    0
 18323, 99746,20210507,  -62,    0
 18323, 99746,20210508,  -25,    0
 18323, 99746,20210509,  -17,    0
 18323, 99746,20210510,  -12,    0
 18323, 99746,20210511,   30,    0
 18323, 99746,20210512,   67,    0
 18323, 99746,20210513,   29,    0
 18323, 99746,20210514,   38,    0
 18323, 99746,20210515,   41,    0
 18323, 99746,20210516,   60,    0
 18323, 99746,20210517,   68,    0
 18323, 99746,20210518,   64,    0
 18323, 99746,20210519,   48,    0
 18323, 99746,20210520,   22,    0
 18323, 99746,20210521,   35,    0
 18323, 99746,20210522,   23,    0
 18323, 99746,20210523,    7,    0
 18323, 99746,20210524,   27,    0
 18323, 99746,20210525,   32,    0
 18323, 99746,20210526,   56,    0
 18323, 99746,20210527,   49,    0
 18323, 99746,20210528,   21,    0
 18323, 99746,20210529,   22,    0
 18323, 99746,20210530,   25,    0
 18323, 99746,20210531,   33,    0
 18323, 99746,20210601,   51,    0
 18323, 99746,20210602,   95,    0
 18323, 99746,20210603,   90,    0
 18323, 99746,20210604,   79,    0
 18323, 99746,20210605,   69,    0
 18323, 99746,20210606,   77,    0
 18323, 99746,20210607,   51,    0
 18323, 99746,20210608,   70,    0
 18323, 99746,20210609,   78,    0
 18323, 99746,20210610,  123,    0
 18323, 99746,20210611,  110,    0
 18323, 99746,20210612,   57,    0
 18323, 99746,20210613,   33,    0
 18323, 99746,20210614,   46,    0
 18323, 99746,20210615,   28,    0
 18323, 99746,20210616,   18,    0
 18323, 99746,20210617,   78,    0
 18323, 99746,20210618,   56,    0
 18323, 99746,20210619,   50,    0
 18323, 99746,20210620,   69,    0
 18323, 99746,20210621,   90,    0
 18323, 99746,20210622,   58,    0
 18323, 99746,20210623,   96,    0
 18323, 99746,20210624,   82,    0
 18323, 99746,20210625,   52,    0
 18323, 99746,20210626,   66,    0
 18323, 99746,20210627,   69,    0
 18323, 99746,20210628,   63,    0
 18323, 99746,20210629,   43,    0
 18323, 99746,20210630,   47,    0
 18323, 99746,20210701,  112,    0
 18323, 99746,20210702,  125,    0
 18323, 99746,20210703,  140,    0
 18323, 99746,20210704,  160,    0
 18323, 99746,20210705,  185,    0
 18323, 99746,20210706,  174,    0
 18323, 99746,20210707,  166,    0
 18323, 99746,20210708,  104,    0
 18323, 99746,20210709,  124,    0
 18323, 99746,20210710,  149,    0
 18323, 99746,20210711,  153,    0
 18323, 99746,20210712,  122,    0
 18323, 99746,20210713,  113,    0
 18323, 99746,20210714,  119,    0
 18323, 99746,20210715,  122,    0
 18323, 99746,20210716,   73,    0
 18323, 99746,20210717,   82,    0
 18323, 99746,20210718,   59,    0
 18323, 99746,20210719,   49,    0
 18323, 99746,20210720,   34,    0
 18323, 99746,20210721,   55,    0
 18323, 99746,20210722,   54,    0
 18323, 99746,20210723,   49,    0
 18323, 99746,20210724,   77,    0
 18323, 99746,20210725,  114,    0
 18323, 99746,20210726,  137,    0
 18323, 99746,20210727,  158,    0
 18323, 99746,20210728,  162,    0
 18323, 99746,20210729,  150,    0
 18323, 99746,20210730,  135,    0
 18323, 99746,20210731,   76,    0
 18323, 99746,20210801,   43,    0
 18323, 99746,20210802,   41,    0
 18323, 99746,20210803,   50,    0
 18323, 99746,20210804,   65,    0
 18323, 99746,20210805,   95,    0
 18323, 99746,20210806,  140,    0
 18323, 99746,20210807,  144,    0
 18323, 99746,20210808,  126,    0
 18323, 99746,20210809,  129,    0
 18323, 99746,20210810,  102,    0
 18323, 99746,20210811,   88,    0
 18323, 99746,20210812,   88,    0
 18323, 99746,20210813,  100,    0
 18323, 99746,20210814,   92,    0
 18323, 99746,20210815,   82,    0
 18323, 99746,20210816,   86,    0
 18323, 99746,20210817,   98,    0
 18323, 99746,20210818,   93,    0
 18323, 99746,20210819,   98,    0
 18323, 99746,20210820,   75,    0
 18323, 99746,20210821,   52,    0
 18323, 99746,20210822,   39,    0
 18323, 99746,20210823,   53,    0
 18323, 99746,20210824,   65,    0
 18323, 99746,20210825,   68,    0
 18323, 99746,20210826,   79,    0
 18323, 99746,20210827,   87,    0
 18323, 99746,20210828,   88,    0
 18323, 99746,20210829,   78,    0
 18323, 99746,20210830,   69,    0
 18323, 99746,20210831,   51,    0
 18323, 99746,20210901,   29,    0
 18323, 99746,20210902,   24,    0
 18323, 99746,20210903,   26,    0
 18323, 99746,20210904,   25,    0
 18323, 99746,20210905,   50,    0
 18323, 99746,20210906,   72,    0
 18323, 99746,20210907,   79,    0
 18323, 99746,20210908,   53,    0
 18323, 99746,20210909,   39,    0
 18323, 99746,20210910,   40,    0
 18323, 99746,20210911,   65,    0
 18323, 99746,20210912,   57,    0
 18323, 99746,20210913,    8,    0
 18323, 99746,20210914,   19,    0
 18323, 99746,20210915,   40,    0
 18323, 99746,20210916,   53,    0
 18323, 99746,20210917,   54,    0
 18323, 99746,20210918,   45,    0
 18323, 99746,20210919,   52,    0
 18323, 99746,20210920,   37,    0
 18323, 99746,20210921,   37,    0
 18323, 99746,20210922,   69,    0
 18323, 99746,20210923,   58,    0
 18323, 99746,20210924,   40,    0
 18323, 99746,20210925,   31,    0
 18323, 99746,20210926,   66,    0
 18323, 99746,20210927,  126,    0
 18323, 99746,20210928,   97,    0
 18323, 99746,20210929,   76,    0
 18323, 99746,20210930,   62,    0
 18323, 99746,20211001,   68,    0
 18323, 99746,20211002,   92,    0
 18323, 99746,20211003,   81,    0
 18323, 99746,20211004,  106,    0
 18323, 99746,20211005,   78,    0
 18323, 99746,20211006,   58,    0
 18323, 99746,20211007,   26,    0
 18323, 99746,20211008,   45,    0
 18323, 99746,20211009,   72,    0
 18323, 99746,20211010,   65,    0
 18323, 99746,20211011,   30,    0
 18323, 99746,20211012,    0,    0
 18323, 99746,20211013,  -12,    0
 18323, 99746,20211014,   -6,    0
 18323, 99746,20211015,  -17,    0
 18323, 99746,20211016,  -23,    0
 18323, 99746,20211017,  -10,    0
 18323, 99746,20211018,  -30,    0
 18323, 99746,20211019,  -34,    0
 18323, 99746,20211020,  -13,    0
 18323, 99746,20211021,  -19,    0
 18323, 99746,20211022,  -21,    0
 18323, 99746,20211023,  -46,    0
 18323, 99746,20211024,  -14,    0
 18323, 99746,20211025,   26,    0
 18323, 99746,20211026,   27,    0
 18323, 99746,20211027,    4,    0
 18323, 99746,20211028,   27,    0
 18323, 99746,20211029,   29,    0
 18323, 99746,20211030,   47,    0
 18323, 99746,20211031,   47,    0
 18323, 99746,20211101,   46,    0
 18323, 99746,20211102,   52,    0
 18323, 99746,20211103,   40,    0
 18323, 99746,20211104,   23,    0
 18323, 99746,20211105,    1,    0
 18323, 99746,20211106,  -15,    0
 18323, 99746,20211107,  -36,    0
 18323, 99746,20211108,  -47,    0
 18323, 99746,20211109,  -24,    0
 18323, 99746,20211110,   -2,    0
 18323, 99746,20211111,    7,    0
 18323, 99746,20211112,  -13,    0
 18323, 99746,20211113,  -27,    0
 18323, 99746,20211114,  -25,    0
 18323, 99746,20211115,    7,    0
 18323, 99746,20211116,   25,    0
 18323, 99746,20211117,   19,    0
 18323, 99746,20211118,  -15,    0
 18323, 99746,20211119,  -13,    0
 18323, 99746,20211120,  -24,    0
 18323, 99746,20211121,  -64,    0
 18323, 99746,20211122,  -63,    0
 18323, 99746,20211123,  -25,    0
 18323, 99746,20211124,  -64,    0
 18323, 99746,20211125,  -95,    0
 18323, 99746,20211126,  -93,    0
 18323, 99746,20211127, -123,    0
 18323, 99746,20211128,  -92,    0
 18323, 99746,20211129,  -88,    0
 18323, 99746,20211130, -107,    0
 18323, 99746,20211201, -122,    0
 18323, 99746,20211202,  -76,    0
 18323, 99746,20211203,  -83,    0
 18323, 99746,20211204, -104,    0
 18323, 99746,20211205, -141,    0
 18323, 99746,20211206, -149,    0
 18323, 99746,20211207, -118,    0
 18323, 99746,20211208, -121,    0
 18323, 99746,20211209,  -86,    0
 18323, 99746,20211210,  -40,    0
 18323, 99746,20211211,  -53,    0
 18323, 99746,20211212,  -30,    0
 18323, 99746,20211213,  -25,    0
 18323, 99746,20211214,   -1,    0
 18323, 99746,20211215,   -7,    0
 18323, 99746,20211216,  -10,    0
 18323, 99746,20211217,    2,    0
 18323, 99746,20211218,  -11,    0
 18323, 99746,20211219,  -25,    0
 18323, 99746,20211220, -137,    0
 18323, 99746,20211221, -152,    0
 18323, 99746,20211222, -161,    0
 18323, 99746,20211223, -115,    0
 18323, 99746,20211224,  -99,    0
 18323, 99746,20211225,  -91,    0
 18323, 99746,20211226, -194,    0
 18323, 99746,20211227, -183,    0
 18323, 99746,20211228, -103,    0
 18323, 99746,20211229, -108,    0
 18323, 99746,20211230,  -51,    0
 18323, 99746,20211231,  -97,    0
 18323, 99746,20220101, -149,    0
 18323, 99746,20220102,  -63,    0
 18323, 99746,20220103,  -50,    0
 18323, 99746,20220104,  -84,    0
 18323, 99746,20220105,  -88,    0
 18323, 99746,20220106,  -91,    0
 18323, 99746,20220107, -149,    0
 18323, 99746,20220108, -176,    0
 18323, 99746,20220109, -157,    0
 18323, 99746,20220110, -152,    0
 18323, 99746,20220111,  -25,    0
 18323, 99746,20220112,  -12,    0
 18323, 99746,20220113,  -37,    0
 18323, 99746,20220114,  -33,    0
 18323, 99746,20220115,  -37,    0
 18323, 99746,20220116,  -36,    0
 18323, 99746,20220117,  -64,    0
 18323, 99746,20220118,   -9,    0
 18323, 99746,20220119,  -32,    0
 18323, 99746,20220120,  -62,    0
 18323, 99746,20220121,  -90,    0
 18323, 99746,20220122,  -12,    0
 18323, 99746,20220123,   20,    0
 18323, 99746,20220124,  -42,    0
 18323, 99746,20220125,  -58,    0
 18323, 99746,20220126,  -37,    0
 18323, 99746,20220127,  -72,    0
 18323, 99746,20220128,  -83,    0
 18323, 99746,20220129,  -63,    0
 18323, 99746,20220130,  -88,    0
 18323, 99746,20220131, -150,    0
 18323, 99746,20220201,  -88,    0
 18323, 99746,20220202, -101,    0
 18323, 99746,20220203, -109,    0
 18323, 99746,20220204, -100,    0
 18323, 99746,20220205,  -37,    0
 18323, 99746,20220206,  -49,    0
 18323, 99746,20220207,  -67,    0
 18323, 99746,20220208,  -46,    0
 18323, 99746,20220209,  -42,    0
 18323, 99746,20220210,  -40,    0
 18323, 99746,20220211,  -79,    0
 18323, 99746,20220212,  -73,    0
 18323, 99746,20220213,  -68,    0
 18323, 99746,20220214,  -88,    0
 18323, 99746,20220215, -114,    0
 18323, 99746,20220216,  -73,    0
 18323, 99746,20220217,  -72,    0
 18323, 99746,20220218,  -88,    0
 18323, 99746,20220219,  -80,    0
 18323, 99746,20220220,  -84,    0
 18323, 99746,20220221,  -97,    0
 18323, 99746,20220222, -145,    0
 18323, 99746,20220223,  -83,    0
 18323, 99746,20220224,  -31,    0
 18323, 99746,20220225,  -59,    0
 18323, 99746,20220226,  -53,    0
 18323, 99746,20220227,   10,    0
 18323, 99746,20220228,   -6,    0
 18323, 99746,20220301,   -9,    0
 18323, 99746,20220302,  -19,    0
 18323, 99746,20220303,  -45,    0
 18323, 99746,20220304,  -47,    0
 18323, 99746,20220305,  -22,    0
 18323, 99746,20220306,  -25,    0
 18323, 99746,20220307,  -38,    0
 18323, 99746,20220308,  -23,    0
 18323, 99746,20220309,  -31,    0
 18323, 99746,20220310,    1,    0
 18323, 99746,20220311,   19,    0
 18323, 99746,20220312,    7,    0
 18323, 99746,20220313,  -16,    0
 18323, 99746,20220314,  -20,    0
 18323, 99746,20220315,   11,    0
 18323, 99746,20220316,   -5,    0
 18323, 99746,20220317,   21,    0
 18323, 99746,20220318,   -9,    0
 18323, 99746,20220319,   19,    0
 18323, 99746,20220320,   36,    0
 18323, 99746,20220321,    5,    0
 18323, 99746,20220322,   -2,    0
 18323, 99746,20220323,   13,    0
 18323, 99746,20220324,  -25,    0
 18323, 99746,20220325,  -37,    0
 18323, 99746,20220326,  -66,    0
 18323, 99746,20220327,  -54,    0
 18323, 99746,20220328, -103,    0
 18323, 99746,20220329, -115,    0
 18323, 99746,20220330,  -67,    0
 18323, 99746,20220331, -130,    0
 18323, 99746,20220401, -121,    0
 18323, 99746,20220402,  -63,    0
 18323, 99746,20220403,  -66,    0
 18323, 99746,20220404, -101,    0
 18323, 99746,20220405, -116,    0
 18323, 99746,20220406,  -57,    0
 18323, 99746,20220407,  -63,    0
 18323, 99746,20220408,  -59,    0
 18323, 99746,20220409,  -16,    0
 18323, 99746,20220410,  -31,    0
 18323, 99746,20220411,  -73,    0
 18323, 99746,20220412,  -16,    0
 18323, 99746,20220413,  -26,    0
 18323, 99746,20220414,  -45,    0
 18323, 99746,20220415,  -66,    0
 18323, 99746,20220416,   13,    0
 18323, 99746,20220417,   21,    0
 18323, 99746,20220418,   30,    0
 18323, 99746,20220419,   43,    0
 18323, 99746,20220420,    3,    0
 18323, 99746,20220421,   -1,    0
 18323, 99746,20220422,    5,    0
 18323, 99746,20220423,   -3,    0
 18323, 99746,20220424,    3,    0
 18323, 99746,20220425,  -20,    0
 18323, 99746,20220426,  -69,    0
 18323, 99746,20220427,  -63,    0
 18323, 99746,20220428,  -59,    0
 18323, 99746,20220429,  -39,    0
 18323, 99746,20220430,  -33,    0
 18323, 99746,20220501,  -17,    0
 18323, 99746,20220502,  -36,    0
 18323, 99746,20220503,  -47,    0
 18323, 99746,20220504,  -38,    0
 18323, 99746,20220505,   -3,    0
 18323, 99746,20220506,   27,    0
 18323, 99746,20220507,  -21,    0
 18323, 99746,20220508,  -30,    0
 18323, 99746,20220509,    8,    0
 18323, 99746,20220510,   33,    0
 18323, 99746,20220511,   23,    0
 18323, 99746,20220512,   25,    0
 18323, 99746,20220513,   24,    0
 18323, 99746,20220514,   20,    0
 18323, 99746,20220515,    1,    0
 18323, 99746,20220516,  -19,    0
 18323, 99746,20220517,  -16,    0
 18323, 99746,20220518,    9,    0
 18323, 99746,20220519,   33,    0
 18323, 99746,20220520,   47,    0
 18323, 99746,20220521,   48,    0
 18323, 99746,20220522,   27,    0
 18323, 99746,20220523,   80,    0
 18323, 99746,20220524,   99,    0
 18323, 99746,20220525,   85,    0
 18323, 99746,20220526,   63,    0
 18323, 99746,20220527,   50,    0
 18323, 99746,20220528,   28,    0
 18323, 99746,20220529,   56,    0
 18323, 99746,20220530,   60,    0
 18323, 99746,20220531,   89,    0
 18323, 99746,20220601,   71,    0
 18323, 99746,20220602,   85,    0
 18323, 99746,20220603,   57,    0
 18323, 99746,20220604,   38,    0
 18323, 99746,20220605,    5,    0
 18323, 99746,20220606,   31,    0
 18323, 99746,20220607,   11,    0
 18323, 99746,20220608,   26,    0
 18323, 99746,20220609,   31,    0
 18323, 99746,20220610,   36,    0
 18323, 99746,20220611,   76,    0
 18323, 99746,20220612,   54,    0
 18323, 99746,20220613,   65,    0
 18323, 99746,20220614,   57,    0
 18323, 99746,20220615,   33,    0
 18323, 99746,20220616,   52,    0
 18323, 99746,20220617,   58,    0
 18323, 99746,20220618,   68,    0
 18323, 99746,20220619,   51,    0
 18323, 99746,20220620,   60,    0
 18323, 99746,20220621,   51,    0
 18323, 99746,20220622,   51,    0
 18323, 99746,20220623,   63,    0
 18323, 99746,20220624,   70,    0
 18323, 99746,20220625,  113,    0
 18323, 99746,20220626,  111,    0
 18323, 99746,20220627,  153,    0
 18323, 99746,20220628,  180,    0
 18323, 99746,20220629,  117,    0
 18323, 99746,20220630,  116,    0
 18323, 99746,20220701,  175,    0
 18323, 99746,20220702,  164,    0
 18323, 99746,20220703,  103,    0
 18323, 99746,20220704,  114,    0
 18323, 99746,20220705,  104,    0
 18323, 99746,20220706,   67,    0
 18323, 99746,20220707,   59,    0
 18323, 99746,20220708,   66,    0
 18323, 99746,20220709,   88,    0
 18323, 99746,20220710,   80,    0
 18323, 99746,20220711,  100,    0
 18323, 99746,20220712,  131,    0
 18323, 99746,20220713,   95,    0
 18323, 99746,20220714,   68,    0
 18323, 99746,20220715,   61,    0
 18323, 99746,20220716,   57,    0
 18323, 99746,20220717,   56,    0
 18323, 99746,20220718,   73,    0
 18323, 99746,20220719,   76,    0
 18323, 99746,20220720,  120,    0
 18323, 99746,20220721,   99,    0
 18323, 99746,20220722,   68,    0
 18323, 99746,20220723,   68,    0
 18323, 99746,20220724,   89,    0
 18323, 99746,20220725,  117,    0
 18323, 99746,20220726,  116,    0
 18323, 99746,20220727,   67,    0
 18323, 99746,20220728,   58,    0
 18323, 99746,20220729,   87,    0
 18323, 99746,20220730,  116,    0
 18323, 99746,20220731,  133,    0
 18323, 99746,20220801,  107,    0
 18323, 99746,20220802,   61,    0
 18323, 99746,20220803,  105,    0
 18323, 99746,20220804,  114,    0
 18323, 99746,20220805,   81,    0
 18323, 99746,20220806,   78,    0
 18323, 99746,20220807,   56,    0
 18323, 99746,20220808,   82,    0
 18323, 99746,20220809,   93,    0
 18323, 99746,20220810,  105,    0
 18323, 99746,20220811,   66,    0
 18323, 99746,20220812,   55,    0
 18323, 99746,20220813,   74,    0
 18323, 99746,20220814,   98,    0
 18323, 99746,20220815,  154,    0
 18323, 99746,20220816,  157,    0
 18323, 99746,20220817,   86,    0
 18323, 99746,20220818,   90,    0
 18323, 99746,20220819,  129,    0
 18323, 99746,20220820,  142,    0
 18323, 99746,20220821,  133,    0
 18323, 99746,20220822,   89,    0
 18323, 99746,20220823,   61,    0
 18323, 99746,20220824,  116,    0
 18323, 99746,20220825,  134,    0
 18323, 99746,20220826,  149,    0
 18323, 99746,20220827,   82,    0
 18323, 99746,20220828,   58,    0
 18323, 99746,20220829,   57,    0
 18323, 99746,20220830,   54,    0
 18323, 99746,20220831,   45,    0
 18323, 99746,20220901,   55,    0
 18323, 99746,20220902,   57,    0
 18323, 99746,20220903,   59,    0
 18323, 99746,20220904,   67,    0
 18323, 99746,20220905,   61,    0
 18323, 99746,20220906,   44,    0
 18323, 99746,20220907,   61,    0
 18323, 99746,20220908,   74,    0
 18323, 99746,20220909,   64,    0
 18323, 99746,20220910,   58,    0
 18323, 99746,20220911,   49,    0
 18323, 99746,20220912,   63,    0
 18323, 99746,20220913,   86,    0
 18323, 99746,20220914,   87,    0
 18323, 99746,20220915,   72,    0
 18323, 99746,20220916,   73,    0
 18323, 99746,20220917,   70,    0
 18323, 99746,20220918,   51,    0
 18323, 99746,20220919,   52,    0
 18323, 99746,20220920,   28,    0
 18323, 99746,20220921,   54,    0
 18323, 99746,20220922,   95,    0
 18323, 99746,20220923,   74,    0
 18323, 99746,20220924,   59,    0
 18323, 99746,20220925,   73,    0
 18323, 99746,20220926,   75,    0
 18323, 99746,20220927,   65,    0
 18323, 99746,20220928,   62,    0
 18323, 99746,20220929,   58,    0
 18323, 99746,20220930,   29,    0
 18323, 99746,20221001,   40,    0
 18323, 99746,20221002,   57,    0
 18323, 99746,20221003,   62,    0
 18323, 99746,20221004,   55,    0
 18323, 99746,20221005,   46,    0
 18323, 99746,20221006,   37,    0
 18323, 99746,20221007,   37,    0
 18323, 99746,20221008,   21,    0
 18323, 99746,20221009,   18,    0
 18323, 99746,20221010,   53,    0
 18323, 99746,20221011,   25,    0
 18323, 99746,20221012,    4,    0
 18323, 99746,20221013,   31,    0
 18323, 99746,20221014,   20,    0
 18323, 99746,20221015,   43,    0
 18323, 99746,20221016,   23,    0
 18323, 99746,20221017,    9,    0
 18323, 99746,20221018,   -7,    0
 18323, 99746,20221019,   15,    0
 18323, 99746,20221020,   17,    0
 18323, 99746,20221021,   13,    0
 18323, 99746,20221022,   -7,    0
 18323, 99746,20221023,  -26,    0
 18323, 99746,20221024,  -35,    0
 18323, 99746,20221025,    1,    0
 18323, 99746,20221026,   15,    0
 18323, 99746,20221027,   18,    0
 18323, 99746,20221028,   38,    0
 18323, 99746,20221029,   -4,    0
 18323, 99746,20221030,    5,    0
 18323, 99746,20221031,   22,    0
