EUROPEAN CLIMATE ASSESSMENT & DATASET (ECA&D), file created on: 16-11-2022
THESE DATA CAN BE USED FOR NON-COMMERCIAL RESEARCH AND EDUCATION PROVIDED THAT THE FOLLOWING SOURCE IS ACKNOWLEDGED: 

Klein Tank, A.M.G. and Coauthors, 2002. Daily dataset of 20th-century surface
air temperature and precipitation series for the European Climate Assessment.
Int. J. of Climatol., 22, 1441-1453.
Data and metadata available at http://www.ecad.eu

FILE FORMAT (MISSING VALUE CODE = -9999):

01-06 STAID: Station identifier
08-13 SOUID: Source identifier
15-22 DATE : Date YYYYMMDD
24-28 TG   : Mean temperature in 0.1 &#176;C
30-34 Q_TG : quality code for TG (0='valid'; 1='suspect'; 9='missing')

This is the blended series of station TRYSIL - NORDRE KANKEN, NORWAY (STAID: 18052)
Blended and updated with sources:99463 
See files sources.txt and stations.txt for more info.

STAID, SOUID,    DATE,   TG, Q_TG
 18052, 99463,20181012,   56,    0
 18052, 99463,20181013,  100,    0
 18052, 99463,20181014,   97,    0
 18052, 99463,20181015,   42,    0
 18052, 99463,20181016,   25,    0
 18052, 99463,20181017,   45,    0
 18052, 99463,20181018,   22,    0
 18052, 99463,20181019,   16,    0
 18052, 99463,20181020,   18,    0
 18052, 99463,20181021,   40,    0
 18052, 99463,20181022,   -6,    0
 18052, 99463,20181023,  -27,    0
 18052, 99463,20181024,  -27,    0
 18052, 99463,20181025,  -26,    0
 18052, 99463,20181026,  -48,    0
 18052, 99463,20181027,  -64,    0
 18052, 99463,20181028,  -74,    0
 18052, 99463,20181029,  -78,    0
 18052, 99463,20181030,  -42,    0
 18052, 99463,20181031,   -1,    0
 18052, 99463,20181101,  -11,    0
 18052, 99463,20181102,    3,    0
 18052, 99463,20181103,  -11,    0
 18052, 99463,20181104,    9,    0
 18052, 99463,20181105,    8,    0
 18052, 99463,20181106,   16,    0
 18052, 99463,20181107,   10,    0
 18052, 99463,20181108,   12,    0
 18052, 99463,20181109,    0,    0
 18052, 99463,20181110,    5,    0
 18052, 99463,20181111,   21,    0
 18052, 99463,20181112,   19,    0
 18052, 99463,20181113,    2,    0
 18052, 99463,20181114,    2,    0
 18052, 99463,20181115,   34,    0
 18052, 99463,20181116,   11,    0
 18052, 99463,20181117,   25,    0
 18052, 99463,20181118,   -8,    0
 18052, 99463,20181119,  -15,    0
 18052, 99463,20181120,    0,    0
 18052, 99463,20181121,  -38,    0
 18052, 99463,20181122,   10,    0
 18052, 99463,20181123,  -13,    0
 18052, 99463,20181124,  -56,    0
 18052, 99463,20181125,  -57,    0
 18052, 99463,20181126,  -54,    0
 18052, 99463,20181127,  -71,    0
 18052, 99463,20181128,  -88,    0
 18052, 99463,20181129,  -52,    0
 18052, 99463,20181130,  -10,    0
 18052, 99463,20181201,  -13,    0
 18052, 99463,20181202,  -24,    0
 18052, 99463,20181203,  -22,    0
 18052, 99463,20181204,  -49,    0
 18052, 99463,20181205,  -79,    0
 18052, 99463,20181206,  -61,    0
 18052, 99463,20181207,  -61,    0
 18052, 99463,20181208,  -57,    0
 18052, 99463,20181209,  -56,    0
 18052, 99463,20181210,  -39,    0
 18052, 99463,20181211,  -42,    0
 18052, 99463,20181212,  -59,    0
 18052, 99463,20181213,  -67,    0
 18052, 99463,20181214,  -75,    0
 18052, 99463,20181215,  -87,    0
 18052, 99463,20181216,  -86,    0
 18052, 99463,20181217,  -80,    0
 18052, 99463,20181218,  -74,    0
 18052, 99463,20181219,  -76,    0
 18052, 99463,20181220,  -59,    0
 18052, 99463,20181221,  -84,    0
 18052, 99463,20181222, -107,    0
 18052, 99463,20181223,  -89,    0
 18052, 99463,20181224,  -59,    0
 18052, 99463,20181225,  -13,    0
 18052, 99463,20181226,    2,    0
 18052, 99463,20181227,   -3,    0
 18052, 99463,20181228,   -5,    0
 18052, 99463,20181229,  -18,    0
 18052, 99463,20181230,  -44,    0
 18052, 99463,20181231,  -37,    0
 18052, 99463,20190101,  -42,    0
 18052, 99463,20190102,  -65,    0
 18052, 99463,20190103,  -20,    0
 18052, 99463,20190104,   11,    0
 18052, 99463,20190105,    0,    0
 18052, 99463,20190106,    7,    0
 18052, 99463,20190107,  -49,    0
 18052, 99463,20190108,  -59,    0
 18052, 99463,20190109,  -71,    0
 18052, 99463,20190110,  -39,    0
 18052, 99463,20190111,  -40,    0
 18052, 99463,20190112,  -56,    0
 18052, 99463,20190113,  -76,    0
 18052, 99463,20190114,  -89,    0
 18052, 99463,20190115, -106,    0
 18052, 99463,20190116, -114,    0
 18052, 99463,20190117, -116,    0
 18052, 99463,20190118,  -98,    0
 18052, 99463,20190119,  -86,    0
 18052, 99463,20190120, -103,    0
 18052, 99463,20190121,  -95,    0
 18052, 99463,20190122,  -95,    0
 18052, 99463,20190123,  -80,    0
 18052, 99463,20190124,  -92,    0
 18052, 99463,20190125,  -94,    0
 18052, 99463,20190126, -117,    0
 18052, 99463,20190127, -139,    0
 18052, 99463,20190128, -117,    0
 18052, 99463,20190129, -113,    0
 18052, 99463,20190130,  -95,    0
 18052, 99463,20190131, -121,    0
 18052, 99463,20190201, -100,    0
 18052, 99463,20190202, -120,    0
 18052, 99463,20190203, -106,    0
 18052, 99463,20190204,  -78,    0
 18052, 99463,20190205,  -81,    0
 18052, 99463,20190206,  -88,    0
 18052, 99463,20190207,  -60,    0
 18052, 99463,20190208,  -63,    0
 18052, 99463,20190209,  -32,    0
 18052, 99463,20190210,  -46,    0
 18052, 99463,20190211,  -78,    0
 18052, 99463,20190212,  -74,    0
 18052, 99463,20190213,  -16,    0
 18052, 99463,20190214,    5,    0
 18052, 99463,20190215,   20,    0
 18052, 99463,20190216,  -25,    0
 18052, 99463,20190217,  -46,    0
 18052, 99463,20190218,  -14,    0
 18052, 99463,20190219,  -24,    0
 18052, 99463,20190220,  -60,    0
 18052, 99463,20190221,  -87,    0
 18052, 99463,20190222,  -59,    0
 18052, 99463,20190223,   24,    0
 18052, 99463,20190224,    4,    0
 18052, 99463,20190225,    3,    0
 18052, 99463,20190226,   26,    0
 18052, 99463,20190227,   10,    0
 18052, 99463,20190228,  -38,    0
 18052, 99463,20190301,  -59,    0
 18052, 99463,20190302,  -43,    0
 18052, 99463,20190303,  -71,    0
 18052, 99463,20190304,  -64,    0
 18052, 99463,20190305, -117,    0
 18052, 99463,20190306,  -92,    0
 18052, 99463,20190307,  -58,    0
 18052, 99463,20190308,  -80,    0
 18052, 99463,20190309, -104,    0
 18052, 99463,20190310, -112,    0
 18052, 99463,20190311, -110,    0
 18052, 99463,20190312, -107,    0
 18052, 99463,20190313,  -75,    0
 18052, 99463,20190314,  -63,    0
 18052, 99463,20190315,  -64,    0
 18052, 99463,20190316,  -77,    0
 18052, 99463,20190317,  -61,    0
 18052, 99463,20190318,  -68,    0
 18052, 99463,20190319,  -56,    0
 18052, 99463,20190320,  -31,    0
 18052, 99463,20190321,  -11,    0
 18052, 99463,20190322,  -20,    0
 18052, 99463,20190323,  -23,    0
 18052, 99463,20190324,  -34,    0
 18052, 99463,20190325,  -48,    0
 18052, 99463,20190326,  -52,    0
 18052, 99463,20190327,    2,    0
 18052, 99463,20190328,   22,    0
 18052, 99463,20190329,   25,    0
 18052, 99463,20190330,  -12,    0
 18052, 99463,20190331,  -61,    0
 18052, 99463,20190401,  -51,    0
 18052, 99463,20190402,  -39,    0
 18052, 99463,20190403,  -18,    0
 18052, 99463,20190404,   19,    0
 18052, 99463,20190405,  -40,    0
 18052, 99463,20190406,  -37,    0
 18052, 99463,20190407,  -36,    0
 18052, 99463,20190408,  -67,    0
 18052, 99463,20190409,  -79,    0
 18052, 99463,20190410,  -79,    0
 18052, 99463,20190411,  -56,    0
 18052, 99463,20190412,  -29,    0
 18052, 99463,20190413,  -10,    0
 18052, 99463,20190414,   10,    0
 18052, 99463,20190415,   22,    0
 18052, 99463,20190416,   14,    0
 18052, 99463,20190417,   21,    0
 18052, 99463,20190418,   41,    0
 18052, 99463,20190419,   81,    0
 18052, 99463,20190420,   68,    0
 18052, 99463,20190421,   70,    0
 18052, 99463,20190422,   84,    0
 18052, 99463,20190423,   79,    0
 18052, 99463,20190424,   61,    0
 18052, 99463,20190425,   62,    0
 18052, 99463,20190426,   61,    0
 18052, 99463,20190427,   72,    0
 18052, 99463,20190428,   78,    0
 18052, 99463,20190429,   97,    0
 18052, 99463,20190430,   77,    0
 18052, 99463,20190501,   20,    0
 18052, 99463,20190502,  -39,    0
 18052, 99463,20190503,  -48,    0
 18052, 99463,20190504,  -33,    0
 18052, 99463,20190505,  -19,    0
 18052, 99463,20190506,  -45,    0
 18052, 99463,20190507,  -42,    0
 18052, 99463,20190508,  -22,    0
 18052, 99463,20190509,  -12,    0
 18052, 99463,20190510,    9,    0
 18052, 99463,20190511,    5,    0
 18052, 99463,20190512,  -22,    0
 18052, 99463,20190513,   -9,    0
 18052, 99463,20190514,   32,    0
 18052, 99463,20190515,   80,    0
 18052, 99463,20190516,  104,    0
 18052, 99463,20190517,  111,    0
 18052, 99463,20190518,   73,    0
 18052, 99463,20190519,   60,    0
 18052, 99463,20190520,   97,    0
 18052, 99463,20190521,  133,    0
 18052, 99463,20190522,  107,    0
 18052, 99463,20190523,   68,    0
 18052, 99463,20190524,   37,    0
 18052, 99463,20190525,   57,    0
 18052, 99463,20190526,   12,    0
 18052, 99463,20190527,   11,    0
 18052, 99463,20190528,   12,    0
 18052, 99463,20190529,    3,    0
 18052, 99463,20190530,    9,    0
 18052, 99463,20190531,   41,    0
 18052, 99463,20190601,   35,    0
 18052, 99463,20190602,   65,    0
 18052, 99463,20190603,   77,    0
 18052, 99463,20190604,   80,    0
 18052, 99463,20190605,   89,    0
 18052, 99463,20190606,  157,    0
 18052, 99463,20190607,  136,    0
 18052, 99463,20190608,  117,    0
 18052, 99463,20190609,   72,    0
 18052, 99463,20190610,   82,    0
 18052, 99463,20190611,   93,    0
 18052, 99463,20190612,   57,    0
 18052, 99463,20190613,   54,    0
 18052, 99463,20190614,   99,    0
 18052, 99463,20190615,  131,    0
 18052, 99463,20190616,  140,    0
 18052, 99463,20190617,  114,    0
 18052, 99463,20190618,   94,    0
 18052, 99463,20190619,  101,    0
 18052, 99463,20190620,  112,    0
 18052, 99463,20190621,   90,    0
 18052, 99463,20190622,   77,    0
 18052, 99463,20190623,   90,    0
 18052, 99463,20190624,  101,    0
 18052, 99463,20190625,   90,    0
 18052, 99463,20190626,   93,    0
 18052, 99463,20190627,   80,    0
 18052, 99463,20190628,  113,    0
 18052, 99463,20190629,  153,    0
 18052, 99463,20190630,  130,    0
 18052, 99463,20190701,   90,    0
 18052, 99463,20190702,   55,    0
 18052, 99463,20190703,   42,    0
 18052, 99463,20190704,   22,    0
 18052, 99463,20190705,   48,    0
 18052, 99463,20190706,   65,    0
 18052, 99463,20190707,   72,    0
 18052, 99463,20190708,   59,    0
 18052, 99463,20190709,  100,    0
 18052, 99463,20190710,  136,    0
 18052, 99463,20190711,  151,    0
 18052, 99463,20190712,  150,    0
 18052, 99463,20190713,  132,    0
 18052, 99463,20190714,  118,    0
 18052, 99463,20190715,   62,    0
 18052, 99463,20190716,   81,    0
 18052, 99463,20190717,  121,    0
 18052, 99463,20190718,  128,    0
 18052, 99463,20190719,  110,    0
 18052, 99463,20190720,  120,    0
 18052, 99463,20190721,  109,    0
 18052, 99463,20190722,  115,    0
 18052, 99463,20190723,  139,    0
 18052, 99463,20190724,  180,    0
 18052, 99463,20190725,  186,    0
 18052, 99463,20190726,  216,    0
 18052, 99463,20190727,  201,    0
 18052, 99463,20190728,  206,    0
 18052, 99463,20190729,  178,    0
 18052, 99463,20190730,   69,    0
 18052, 99463,20190731,  100,    0
 18052, 99463,20190801,  134,    0
 18052, 99463,20190802,  140,    0
 18052, 99463,20190803,  133,    0
 18052, 99463,20190804,  120,    0
 18052, 99463,20190805,  117,    0
 18052, 99463,20190806,  110,    0
 18052, 99463,20190807,  106,    0
 18052, 99463,20190808,  109,    0
 18052, 99463,20190809,  119,    0
 18052, 99463,20190810,  101,    0
 18052, 99463,20190811,  111,    0
 18052, 99463,20190812,  106,    0
 18052, 99463,20190813,   74,    0
 18052, 99463,20190814,   66,    0
 18052, 99463,20190815,   87,    0
 18052, 99463,20190816,   88,    0
 18052, 99463,20190817,   84,    0
 18052, 99463,20190818,   89,    0
 18052, 99463,20190819,   80,    0
 18052, 99463,20190820,   82,    0
 18052, 99463,20190821,   94,    0
 18052, 99463,20190822,   72,    0
 18052, 99463,20190823,   88,    0
 18052, 99463,20190824,  114,    0
 18052, 99463,20190825,  128,    0
 18052, 99463,20190826,  145,    0
 18052, 99463,20190827,  156,    0
 18052, 99463,20190828,  144,    0
 18052, 99463,20190829,  121,    0
 18052, 99463,20190830,   88,    0
 18052, 99463,20190831,  105,    0
 18052, 99463,20190901,  104,    0
 18052, 99463,20190902,   65,    0
 18052, 99463,20190903,   49,    0
 18052, 99463,20190904,   47,    0
 18052, 99463,20190905,   46,    0
 18052, 99463,20190906,   42,    0
 18052, 99463,20190907,   38,    0
 18052, 99463,20190908,   47,    0
 18052, 99463,20190909,   60,    0
 18052, 99463,20190910,   89,    0
 18052, 99463,20190911,   80,    0
 18052, 99463,20190912,   63,    0
 18052, 99463,20190913,   48,    0
 18052, 99463,20190914,   34,    0
 18052, 99463,20190915,   45,    0
 18052, 99463,20190916,   34,    0
 18052, 99463,20190917,   13,    0
 18052, 99463,20190918,   20,    0
 18052, 99463,20190919,   10,    0
 18052, 99463,20190920,   58,    0
 18052, 99463,20190921,  108,    0
 18052, 99463,20190922,   60,    0
 18052, 99463,20190923,   23,    0
 18052, 99463,20190924,   29,    0
 18052, 99463,20190925,   24,    0
 18052, 99463,20190926,   24,    0
 18052, 99463,20190927,   27,    0
 18052, 99463,20190928,   55,    0
 18052, 99463,20190929,   46,    0
 18052, 99463,20190930,  -14,    0
 18052, 99463,20191001,  -16,    0
 18052, 99463,20191002,   -2,    0
 18052, 99463,20191003,  -29,    0
 18052, 99463,20191004,  -48,    0
 18052, 99463,20191005,  -51,    0
 18052, 99463,20191006,  -40,    0
 18052, 99463,20191007,  -24,    0
 18052, 99463,20191008,  -34,    0
 18052, 99463,20191009,  -20,    0
 18052, 99463,20191010,    5,    0
 18052, 99463,20191011,    5,    0
 18052, 99463,20191012,    3,    0
 18052, 99463,20191013,   -5,    0
 18052, 99463,20191014,   -3,    0
 18052, 99463,20191015,    0,    0
 18052, 99463,20191016,   -6,    0
 18052, 99463,20191017,   -7,    0
 18052, 99463,20191018,    7,    0
 18052, 99463,20191019,   -5,    0
 18052, 99463,20191020,  -27,    0
 18052, 99463,20191021,  -27,    0
 18052, 99463,20191022,    0,    0
 18052, 99463,20191023,   27,    0
 18052, 99463,20191024,   23,    0
 18052, 99463,20191025,   15,    0
 18052, 99463,20191026,  -20,    0
 18052, 99463,20191027,  -34,    0
 18052, 99463,20191028,  -34,    0
 18052, 99463,20191029,  -29,    0
 18052, 99463,20191030,  -18,    0
 18052, 99463,20191031,  -10,    0
 18052, 99463,20191101,  -25,    0
 18052, 99463,20191102,  -42,    0
 18052, 99463,20191103,  -72,    0
 18052, 99463,20191104,  -80,    0
 18052, 99463,20191105,  -57,    0
 18052, 99463,20191106,  -94,    0
 18052, 99463,20191107,  -92,    0
 18052, 99463,20191108,  -86,    0
 18052, 99463,20191109,  -84,    0
 18052, 99463,20191110, -102,    0
 18052, 99463,20191111, -101,    0
 18052, 99463,20191112,  -38,    0
 18052, 99463,20191113,  -27,    0
 18052, 99463,20191114,  -45,    0
 18052, 99463,20191115,  -37,    0
 18052, 99463,20191116,  -38,    0
 18052, 99463,20191117,  -26,    0
 18052, 99463,20191118,  -21,    0
 18052, 99463,20191119,   -5,    0
 18052, 99463,20191120,  -35,    0
 18052, 99463,20191121,  -13,    0
 18052, 99463,20191122,  -14,    0
 18052, 99463,20191123,  -20,    0
 18052, 99463,20191124,  -21,    0
 18052, 99463,20191125,   -6,    0
 18052, 99463,20191126,  -26,    0
 18052, 99463,20191127,  -54,    0
 18052, 99463,20191128,  -69,    0
 18052, 99463,20191129,  -77,    0
 18052, 99463,20191130,  -83,    0
 18052, 99463,20191201,  -72,    0
 18052, 99463,20191202,  -78,    0
 18052, 99463,20191203,  -24,    0
 18052, 99463,20191204,   22,    0
 18052, 99463,20191205,  -23,    0
 18052, 99463,20191206,  -23,    0
 18052, 99463,20191207,  -47,    0
 18052, 99463,20191208,  -69,    0
 18052, 99463,20191209,  -66,    0
 18052, 99463,20191210,  -87,    0
 18052, 99463,20191211,  -27,    0
 18052, 99463,20191212,  -28,    0
 18052, 99463,20191213,  -42,    0
 18052, 99463,20191214,  -39,    0
 18052, 99463,20191215,  -38,    0
 18052, 99463,20191216,  -53,    0
 18052, 99463,20191217,  -61,    0
 18052, 99463,20191218,  -56,    0
 18052, 99463,20191219,  -47,    0
 18052, 99463,20191220,  -12,    0
 18052, 99463,20191221,  -24,    0
 18052, 99463,20191222,  -34,    0
 18052, 99463,20191223,  -29,    0
 18052, 99463,20191224,  -33,    0
 18052, 99463,20191225,  -47,    0
 18052, 99463,20191226,  -56,    0
 18052, 99463,20191227,  -77,    0
 18052, 99463,20191228,  -85,    0
 18052, 99463,20191229,  -11,    0
 18052, 99463,20191230,   -3,    0
 18052, 99463,20191231,  -39,    0
 18052, 99463,20200101,  -17,    0
 18052, 99463,20200102,  -13,    0
 18052, 99463,20200103,  -44,    0
 18052, 99463,20200104,  -69,    0
 18052, 99463,20200105,  -60,    0
 18052, 99463,20200106,    3,    0
 18052, 99463,20200107,  -18,    0
 18052, 99463,20200108,  -16,    0
 18052, 99463,20200109,  -41,    0
 18052, 99463,20200110,  -34,    0
 18052, 99463,20200111,  -26,    0
 18052, 99463,20200112,  -36,    0
 18052, 99463,20200113,  -54,    0
 18052, 99463,20200114,  -27,    0
 18052, 99463,20200115,  -30,    0
 18052, 99463,20200116,  -21,    0
 18052, 99463,20200117,  -11,    0
 18052, 99463,20200118,  -19,    0
 18052, 99463,20200119,  -46,    0
 18052, 99463,20200120,    0,    0
 18052, 99463,20200121,  -14,    0
 18052, 99463,20200122,  -50,    0
 18052, 99463,20200123,  -21,    0
 18052, 99463,20200124,  -28,    0
 18052, 99463,20200125,  -36,    0
 18052, 99463,20200126,  -21,    0
 18052, 99463,20200127,  -19,    0
 18052, 99463,20200128,  -34,    0
 18052, 99463,20200129,  -39,    0
 18052, 99463,20200130,  -48,    0
 18052, 99463,20200131,  -58,    0
 18052, 99463,20200201,  -21,    0
 18052, 99463,20200202,  -54,    0
 18052, 99463,20200203,  -75,    0
 18052, 99463,20200204,  -83,    0
 18052, 99463,20200205,  -45,    0
 18052, 99463,20200206,    0,    0
 18052, 99463,20200207,   10,    0
 18052, 99463,20200208,  -31,    0
 18052, 99463,20200209,  -27,    0
 18052, 99463,20200210,  -30,    0
 18052, 99463,20200211,  -57,    0
 18052, 99463,20200212,  -54,    0
 18052, 99463,20200213,  -66,    0
 18052, 99463,20200214,  -69,    0
 18052, 99463,20200215,  -28,    0
 18052, 99463,20200216,  -14,    0
 18052, 99463,20200217,  -22,    0
 18052, 99463,20200218,  -28,    0
 18052, 99463,20200219,  -42,    0
 18052, 99463,20200220,  -43,    0
 18052, 99463,20200221,  -34,    0
 18052, 99463,20200222,  -27,    0
 18052, 99463,20200223,  -53,    0
 18052, 99463,20200224,  -68,    0
 18052, 99463,20200225,  -87,    0
 18052, 99463,20200226, -120,    0
 18052, 99463,20200227, -114,    0
 18052, 99463,20200228,  -90,    0
 18052, 99463,20200229,  -82,    0
 18052, 99463,20200301,  -78,    0
 18052, 99463,20200302,  -32,    0
 18052, 99463,20200303,  -59,    0
 18052, 99463,20200304,  -66,    0
 18052, 99463,20200305,  -65,    0
 18052, 99463,20200306,  -69,    0
 18052, 99463,20200307,  -70,    0
 18052, 99463,20200308,  -24,    0
 18052, 99463,20200309,  -17,    0
 18052, 99463,20200310,  -28,    0
 18052, 99463,20200311,  -31,    0
 18052, 99463,20200312,  -50,    0
 18052, 99463,20200313,  -99,    0
 18052, 99463,20200314,  -94,    0
 18052, 99463,20200315,  -30,    0
 18052, 99463,20200316,  -57,    0
 18052, 99463,20200317,  -25,    0
 18052, 99463,20200318,  -32,    0
 18052, 99463,20200319,  -42,    0
 18052, 99463,20200320,  -69,    0
 18052, 99463,20200321,  -55,    0
 18052, 99463,20200322,  -60,    0
 18052, 99463,20200323,  -48,    0
 18052, 99463,20200324,  -38,    0
 18052, 99463,20200325,   -7,    0
 18052, 99463,20200326,    6,    0
 18052, 99463,20200327,   -4,    0
 18052, 99463,20200328,  -65,    0
 18052, 99463,20200329,  -76,    0
 18052, 99463,20200330,  -75,    0
 18052, 99463,20200331,  -27,    0
 18052, 99463,20200401,  -14,    0
 18052, 99463,20200402,  -50,    0
 18052, 99463,20200403,  -69,    0
 18052, 99463,20200404,  -67,    0
 18052, 99463,20200405,  -25,    0
 18052, 99463,20200406,   16,    0
 18052, 99463,20200407,   18,    0
 18052, 99463,20200408,   -2,    0
 18052, 99463,20200409,  -31,    0
 18052, 99463,20200410,  -25,    0
 18052, 99463,20200411,  -23,    0
 18052, 99463,20200412,  -17,    0
 18052, 99463,20200413,  -69,    0
 18052, 99463,20200414,  -36,    0
 18052, 99463,20200415,   13,    0
 18052, 99463,20200416,  -33,    0
 18052, 99463,20200417,  -39,    0
 18052, 99463,20200418,  -25,    0
 18052, 99463,20200419,    4,    0
 18052, 99463,20200420,   41,    0
 18052, 99463,20200421,   68,    0
 18052, 99463,20200422,   66,    0
 18052, 99463,20200423,   35,    0
 18052, 99463,20200424,   -8,    0
 18052, 99463,20200425,   -5,    0
 18052, 99463,20200426,  -15,    0
 18052, 99463,20200427,  -25,    0
 18052, 99463,20200428,  -32,    0
 18052, 99463,20200429,  -24,    0
 18052, 99463,20200430,  -23,    0
 18052, 99463,20200501,  -17,    0
 18052, 99463,20200502,    4,    0
 18052, 99463,20200503,   -3,    0
 18052, 99463,20200504,  -23,    0
 18052, 99463,20200505,   -2,    0
 18052, 99463,20200506,   12,    0
 18052, 99463,20200507,   -1,    0
 18052, 99463,20200508,   10,    0
 18052, 99463,20200509,    6,    0
 18052, 99463,20200510,  -47,    0
 18052, 99463,20200511,  -47,    0
 18052, 99463,20200512,  -47,    0
 18052, 99463,20200513,  -39,    0
 18052, 99463,20200514,  -32,    0
 18052, 99463,20200515,  -23,    0
 18052, 99463,20200516,  -23,    0
 18052, 99463,20200517,   -7,    0
 18052, 99463,20200518,   -1,    0
 18052, 99463,20200519,  -10,    0
 18052, 99463,20200520,   20,    0
 18052, 99463,20200521,   59,    0
 18052, 99463,20200522,   48,    0
 18052, 99463,20200523,   23,    0
 18052, 99463,20200524,   30,    0
 18052, 99463,20200525,   72,    0
 18052, 99463,20200526,   75,    0
 18052, 99463,20200527,   48,    0
 18052, 99463,20200528,   48,    0
 18052, 99463,20200529,   71,    0
 18052, 99463,20200530,   99,    0
 18052, 99463,20200531,  141,    0
 18052, 99463,20200601,  159,    0
 18052, 99463,20200602,  158,    0
 18052, 99463,20200603,   99,    0
 18052, 99463,20200604,   95,    0
 18052, 99463,20200605,   74,    0
 18052, 99463,20200606,   49,    0
 18052, 99463,20200607,   45,    0
 18052, 99463,20200608,   44,    0
 18052, 99463,20200609,   69,    0
 18052, 99463,20200610,  101,    0
 18052, 99463,20200611,  138,    0
 18052, 99463,20200612,  152,    0
 18052, 99463,20200613,  146,    0
 18052, 99463,20200614,  148,    0
 18052, 99463,20200615,  186,    0
 18052, 99463,20200616,  179,    0
 18052, 99463,20200617,  142,    0
 18052, 99463,20200618,  173,    0
 18052, 99463,20200619,  191,    0
 18052, 99463,20200620,  173,    0
 18052, 99463,20200621,  160,    0
 18052, 99463,20200622,  116,    0
 18052, 99463,20200623,  163,    0
 18052, 99463,20200624,  196,    0
 18052, 99463,20200625,  204,    0
 18052, 99463,20200626,  188,    0
 18052, 99463,20200627,  203,    0
 18052, 99463,20200628,  136,    0
 18052, 99463,20200629,  102,    0
 18052, 99463,20200630,   83,    0
 18052, 99463,20200701,   58,    0
 18052, 99463,20200702,   43,    0
 18052, 99463,20200703,   38,    0
 18052, 99463,20200704,   60,    0
 18052, 99463,20200705,   73,    0
 18052, 99463,20200706,   47,    0
 18052, 99463,20200707,   52,    0
 18052, 99463,20200708,   52,    0
 18052, 99463,20200709,   67,    0
 18052, 99463,20200710,   71,    0
 18052, 99463,20200711,   75,    0
 18052, 99463,20200712,   69,    0
 18052, 99463,20200713,   71,    0
 18052, 99463,20200714,   74,    0
 18052, 99463,20200715,   92,    0
 18052, 99463,20200716,  114,    0
 18052, 99463,20200717,  107,    0
 18052, 99463,20200718,  103,    0
 18052, 99463,20200719,  104,    0
 18052, 99463,20200720,   87,    0
 18052, 99463,20200721,   60,    0
 18052, 99463,20200722,   51,    0
 18052, 99463,20200723,   55,    0
 18052, 99463,20200724,   52,    0
 18052, 99463,20200725,   84,    0
 18052, 99463,20200726,   91,    0
 18052, 99463,20200727,  101,    0
 18052, 99463,20200728,   87,    0
 18052, 99463,20200729,   74,    0
 18052, 99463,20200730,   98,    0
 18052, 99463,20200731,  135,    0
 18052, 99463,20200801,  149,    0
 18052, 99463,20200802,  117,    0
 18052, 99463,20200803,   76,    0
 18052, 99463,20200804,   87,    0
 18052, 99463,20200805,   79,    0
 18052, 99463,20200806,  128,    0
 18052, 99463,20200807,  147,    0
 18052, 99463,20200808,  155,    0
 18052, 99463,20200809,  113,    0
 18052, 99463,20200810,  130,    0
 18052, 99463,20200811,  151,    0
 18052, 99463,20200812,  162,    0
 18052, 99463,20200813,  152,    0
 18052, 99463,20200814,  151,    0
 18052, 99463,20200815,  174,    0
 18052, 99463,20200816,  170,    0
 18052, 99463,20200817,  162,    0
 18052, 99463,20200818,  172,    0
 18052, 99463,20200819,  151,    0
 18052, 99463,20200820,  124,    0
 18052, 99463,20200821,  120,    0
 18052, 99463,20200822,  107,    0
 18052, 99463,20200823,   74,    0
 18052, 99463,20200824,   50,    0
 18052, 99463,20200825,   64,    0
 18052, 99463,20200826,   73,    0
 18052, 99463,20200827,   67,    0
 18052, 99463,20200828,   68,    0
 18052, 99463,20200829,   74,    0
 18052, 99463,20200830,   47,    0
 18052, 99463,20200831,   52,    0
 18052, 99463,20200901,   85,    0
 18052, 99463,20200902,   92,    0
 18052, 99463,20200903,   71,    0
 18052, 99463,20200904,   77,    0
 18052, 99463,20200905,   56,    0
 18052, 99463,20200906,   44,    0
 18052, 99463,20200907,   58,    0
 18052, 99463,20200908,   72,    0
 18052, 99463,20200909,   49,    0
 18052, 99463,20200910,   34,    0
 18052, 99463,20200911,   44,    0
 18052, 99463,20200912,   43,    0
 18052, 99463,20200913,   43,    0
 18052, 99463,20200914,   93,    0
 18052, 99463,20200915,  103,    0
 18052, 99463,20200916,   36,    0
 18052, 99463,20200917,   38,    0
 18052, 99463,20200918,   92,    0
 18052, 99463,20200919,   64,    0
 18052, 99463,20200920,   73,    0
 18052, 99463,20200921,   81,    0
 18052, 99463,20200922,   65,    0
 18052, 99463,20200923,   73,    0
 18052, 99463,20200924,   54,    0
 18052, 99463,20200925,   28,    0
 18052, 99463,20200926,   13,    0
 18052, 99463,20200927,   54,    0
 18052, 99463,20200928,   95,    0
 18052, 99463,20200929,   71,    0
 18052, 99463,20200930,   58,    0
 18052, 99463,20201001,   53,    0
 18052, 99463,20201002,   50,    0
 18052, 99463,20201003,   49,    0
 18052, 99463,20201004,   67,    0
 18052, 99463,20201005,   64,    0
 18052, 99463,20201006,   54,    0
 18052, 99463,20201007,   55,    0
 18052, 99463,20201008,   45,    0
 18052, 99463,20201009,   31,    0
 18052, 99463,20201010,   23,    0
 18052, 99463,20201011,   18,    0
 18052, 99463,20201012,   16,    0
 18052, 99463,20201013,    5,    0
 18052, 99463,20201014,   -8,    0
 18052, 99463,20201015,   19,    0
 18052, 99463,20201016,   16,    0
 18052, 99463,20201017,   10,    0
 18052, 99463,20201018,  -30,    0
 18052, 99463,20201019,  -33,    0
 18052, 99463,20201020,  -41,    0
 18052, 99463,20201021,   11,    0
 18052, 99463,20201022,    7,    0
 18052, 99463,20201023,  -40,    0
 18052, 99463,20201024,  -22,    0
 18052, 99463,20201025,   26,    0
 18052, 99463,20201026,   17,    0
 18052, 99463,20201027,   16,    0
 18052, 99463,20201028,   16,    0
 18052, 99463,20201029,    8,    0
 18052, 99463,20201030,   -3,    0
 18052, 99463,20201031,    1,    0
 18052, 99463,20201101,   31,    0
 18052, 99463,20201102,   43,    0
 18052, 99463,20201103,    8,    0
 18052, 99463,20201104,   -6,    0
 18052, 99463,20201105,   33,    0
 18052, 99463,20201106,   69,    0
 18052, 99463,20201107,   50,    0
 18052, 99463,20201108,   18,    0
 18052, 99463,20201109,   29,    0
 18052, 99463,20201110,   37,    0
 18052, 99463,20201111,   -5,    0
 18052, 99463,20201112,  -10,    0
 18052, 99463,20201113,  -18,    0
 18052, 99463,20201114,    2,    0
 18052, 99463,20201115,   16,    0
 18052, 99463,20201116,   29,    0
 18052, 99463,20201117,   11,    0
 18052, 99463,20201118,   39,    0
 18052, 99463,20201119,  -53,    0
 18052, 99463,20201120,  -59,    0
 18052, 99463,20201121,  -27,    0
 18052, 99463,20201122,  -26,    0
 18052, 99463,20201123,  -33,    0
 18052, 99463,20201124,  -13,    0
 18052, 99463,20201125,   17,    0
 18052, 99463,20201126,  -19,    0
 18052, 99463,20201127,  -27,    0
 18052, 99463,20201128,  -40,    0
 18052, 99463,20201129,  -23,    0
 18052, 99463,20201130,  -34,    0
 18052, 99463,20201201,  -40,    0
 18052, 99463,20201202,  -44,    0
 18052, 99463,20201203,  -52,    0
 18052, 99463,20201204,  -47,    0
 18052, 99463,20201205,  -31,    0
 18052, 99463,20201206,  -18,    0
 18052, 99463,20201207,  -13,    0
 18052, 99463,20201208,  -29,    0
 18052, 99463,20201209,  -40,    0
 18052, 99463,20201210,  -39,    0
 18052, 99463,20201211,  -58,    0
 18052, 99463,20201212,  -52,    0
 18052, 99463,20201213,  -30,    0
 18052, 99463,20201214,  -46,    0
 18052, 99463,20201215,  -19,    0
 18052, 99463,20201216,  -20,    0
 18052, 99463,20201217,  -24,    0
 18052, 99463,20201218,  -18,    0
 18052, 99463,20201219,    7,    0
 18052, 99463,20201220,    2,    0
 18052, 99463,20201221,  -15,    0
 18052, 99463,20201222,  -28,    0
 18052, 99463,20201223,  -37,    0
 18052, 99463,20201224,  -61,    0
 18052, 99463,20201225,  -73,    0
 18052, 99463,20201226,  -74,    0
 18052, 99463,20201227,  -34,    0
 18052, 99463,20201228,  -39,    0
 18052, 99463,20201229,  -34,    0
 18052, 99463,20201230,  -48,    0
 18052, 99463,20201231,  -71,    0
 18052, 99463,20210101,  -54,    0
 18052, 99463,20210102,  -57,    0
 18052, 99463,20210103,  -82,    0
 18052, 99463,20210104,  -85,    0
 18052, 99463,20210105,  -89,    0
 18052, 99463,20210106, -108,    0
 18052, 99463,20210107, -116,    0
 18052, 99463,20210108,  -97,    0
 18052, 99463,20210109, -103,    0
 18052, 99463,20210110,  -88,    0
 18052, 99463,20210111, -102,    0
 18052, 99463,20210112, -126,    0
 18052, 99463,20210113, -126,    0
 18052, 99463,20210114, -128,    0
 18052, 99463,20210115, -116,    0
 18052, 99463,20210116,  -83,    0
 18052, 99463,20210117, -100,    0
 18052, 99463,20210118,  -69,    0
 18052, 99463,20210119,  -67,    0
 18052, 99463,20210120,  -64,    0
 18052, 99463,20210121,  -48,    0
 18052, 99463,20210122,  -32,    0
 18052, 99463,20210123,  -45,    0
 18052, 99463,20210124,  -76,    0
 18052, 99463,20210125,  -94,    0
 18052, 99463,20210126,  -85,    0
 18052, 99463,20210127,  -89,    0
 18052, 99463,20210128, -102,    0
 18052, 99463,20210129, -114,    0
 18052, 99463,20210130,  -93,    0
 18052, 99463,20210131,  -99,    0
 18052, 99463,20210201, -106,    0
 18052, 99463,20210202, -117,    0
 18052, 99463,20210203, -145,    0
 18052, 99463,20210204, -169,    0
 18052, 99463,20210205, -137,    0
 18052, 99463,20210206, -133,    0
 18052, 99463,20210207, -138,    0
 18052, 99463,20210208, -126,    0
 18052, 99463,20210209, -139,    0
 18052, 99463,20210210, -138,    0
 18052, 99463,20210211, -154,    0
 18052, 99463,20210212, -121,    0
 18052, 99463,20210213,  -95,    0
 18052, 99463,20210214,  -82,    0
 18052, 99463,20210215,  -92,    0
 18052, 99463,20210216,  -97,    0
 18052, 99463,20210217, -112,    0
 18052, 99463,20210218,  -99,    0
 18052, 99463,20210219,  -61,    0
 18052, 99463,20210220,  -23,    0
 18052, 99463,20210221,    2,    0
 18052, 99463,20210222,    2,    0
 18052, 99463,20210223,  -11,    0
 18052, 99463,20210224,   -5,    0
 18052, 99463,20210225,   -5,    0
 18052, 99463,20210226,  -13,    0
 18052, 99463,20210227,    2,    0
 18052, 99463,20210228,   26,    0
 18052, 99463,20210301,   10,    0
 18052, 99463,20210302,    5,    0
 18052, 99463,20210303,  -21,    0
 18052, 99463,20210304,  -79,    0
 18052, 99463,20210305,  -68,    0
 18052, 99463,20210306,  -45,    0
 18052, 99463,20210307,  -89,    0
 18052, 99463,20210308,  -76,    0
 18052, 99463,20210309,  -66,    0
 18052, 99463,20210310, -119,    0
 18052, 99463,20210311,  -74,    0
 18052, 99463,20210312,  -42,    0
 18052, 99463,20210313,  -49,    0
 18052, 99463,20210314,  -54,    0
 18052, 99463,20210315,  -50,    0
 18052, 99463,20210316,  -70,    0
 18052, 99463,20210317,  -71,    0
 18052, 99463,20210318,  -43,    0
 18052, 99463,20210319,  -57,    0
 18052, 99463,20210320,   -5,    0
 18052, 99463,20210321,  -55,    0
 18052, 99463,20210322,   -2,    0
 18052, 99463,20210323,   22,    0
 18052, 99463,20210324,   -8,    0
 18052, 99463,20210325,  -17,    0
 18052, 99463,20210326,  -17,    0
 18052, 99463,20210327,   -8,    0
 18052, 99463,20210328,  -20,    0
 18052, 99463,20210329,    2,    0
 18052, 99463,20210330,   17,    0
 18052, 99463,20210331,  -26,    0
 18052, 99463,20210401,  -25,    0
 18052, 99463,20210402,  -38,    0
 18052, 99463,20210403,  -23,    0
 18052, 99463,20210404,  -13,    0
 18052, 99463,20210405,  -74,    0
 18052, 99463,20210406,  -48,    0
 18052, 99463,20210407,  -52,    0
 18052, 99463,20210408,  -63,    0
 18052, 99463,20210409,  -47,    0
 18052, 99463,20210410,  -49,    0
 18052, 99463,20210411,  -31,    0
 18052, 99463,20210412,  -53,    0
 18052, 99463,20210413,  -58,    0
 18052, 99463,20210414,  -38,    0
 18052, 99463,20210415,  -17,    0
 18052, 99463,20210416,   -1,    0
 18052, 99463,20210417,   24,    0
 18052, 99463,20210418,   44,    0
 18052, 99463,20210419,   53,    0
 18052, 99463,20210420,   45,    0
 18052, 99463,20210421,  -26,    0
 18052, 99463,20210422,  -47,    0
 18052, 99463,20210423,  -51,    0
 18052, 99463,20210424,  -56,    0
 18052, 99463,20210425,  -54,    0
 18052, 99463,20210426,  -40,    0
 18052, 99463,20210427,  -42,    0
 18052, 99463,20210428,  -31,    0
 18052, 99463,20210429,  -25,    0
 18052, 99463,20210430,  -38,    0
 18052, 99463,20210501,  -22,    0
 18052, 99463,20210502,   -5,    0
 18052, 99463,20210503,  -12,    0
 18052, 99463,20210504,  -25,    0
 18052, 99463,20210505,  -39,    0
 18052, 99463,20210506,  -43,    0
 18052, 99463,20210507,  -22,    0
 18052, 99463,20210508,   -1,    0
 18052, 99463,20210509,  -13,    0
 18052, 99463,20210510,   42,    0
 18052, 99463,20210511,   44,    0
 18052, 99463,20210512,   55,    0
 18052, 99463,20210513,   88,    0
 18052, 99463,20210514,   95,    0
 18052, 99463,20210515,   31,    0
 18052, 99463,20210516,   23,    0
 18052, 99463,20210517,   22,    0
 18052, 99463,20210518,   29,    0
 18052, 99463,20210519,   51,    0
 18052, 99463,20210520,   34,    0
 18052, 99463,20210521,   39,    0
 18052, 99463,20210522,   48,    0
 18052, 99463,20210523,   23,    0
 18052, 99463,20210524,   28,    0
 18052, 99463,20210525,   45,    0
 18052, 99463,20210526,   51,    0
 18052, 99463,20210527,   42,    0
 18052, 99463,20210528,   77,    0
 18052, 99463,20210529,  111,    0
 18052, 99463,20210530,  158,    0
 18052, 99463,20210531,  132,    0
 18052, 99463,20210601,  132,    0
 18052, 99463,20210602,  121,    0
 18052, 99463,20210603,  131,    0
 18052, 99463,20210604,  133,    0
 18052, 99463,20210605,  154,    0
 18052, 99463,20210606,  155,    0
 18052, 99463,20210607,  125,    0
 18052, 99463,20210608,  126,    0
 18052, 99463,20210609,  127,    0
 18052, 99463,20210610,  141,    0
 18052, 99463,20210611,  124,    0
 18052, 99463,20210612,   79,    0
 18052, 99463,20210613,   84,    0
 18052, 99463,20210614,   74,    0
 18052, 99463,20210615,   70,    0
 18052, 99463,20210616,   72,    0
 18052, 99463,20210617,  118,    0
 18052, 99463,20210618,  128,    0
 18052, 99463,20210619,   71,    0
 18052, 99463,20210620,   85,    0
 18052, 99463,20210621,  103,    0
 18052, 99463,20210622,   66,    0
 18052, 99463,20210623,  111,    0
 18052, 99463,20210624,  145,    0
 18052, 99463,20210625,  148,    0
 18052, 99463,20210626,  137,    0
 18052, 99463,20210627,  132,    0
 18052, 99463,20210628,  143,    0
 18052, 99463,20210629,  132,    0
 18052, 99463,20210630,  103,    0
 18052, 99463,20210701,  142,    0
 18052, 99463,20210702,  175,    0
 18052, 99463,20210703,  197,    0
 18052, 99463,20210704,  165,    0
 18052, 99463,20210705,  141,    0
 18052, 99463,20210706,  134,    0
 18052, 99463,20210707,  115,    0
 18052, 99463,20210708,  114,    0
 18052, 99463,20210709,  142,    0
 18052, 99463,20210710,  122,    0
 18052, 99463,20210711,  134,    0
 18052, 99463,20210712,  132,    0
 18052, 99463,20210713,  163,    0
 18052, 99463,20210714,  154,    0
 18052, 99463,20210715,  155,    0
 18052, 99463,20210716,  138,    0
 18052, 99463,20210717,  148,    0
 18052, 99463,20210718,   89,    0
 18052, 99463,20210719,  101,    0
 18052, 99463,20210720,   98,    0
 18052, 99463,20210721,  101,    0
 18052, 99463,20210722,  144,    0
 18052, 99463,20210723,  119,    0
 18052, 99463,20210724,  166,    0
 18052, 99463,20210725,  187,    0
 18052, 99463,20210726,  177,    0
 18052, 99463,20210727,  145,    0
 18052, 99463,20210728,  127,    0
 18052, 99463,20210729,  106,    0
 18052, 99463,20210730,  110,    0
 18052, 99463,20210731,   79,    0
 18052, 99463,20210801,   71,    0
 18052, 99463,20210802,   58,    0
 18052, 99463,20210803,   67,    0
 18052, 99463,20210804,  103,    0
 18052, 99463,20210805,  109,    0
 18052, 99463,20210806,  120,    0
 18052, 99463,20210807,   97,    0
 18052, 99463,20210808,  106,    0
 18052, 99463,20210809,  120,    0
 18052, 99463,20210810,  114,    0
 18052, 99463,20210811,  122,    0
 18052, 99463,20210812,  129,    0
 18052, 99463,20210813,  110,    0
 18052, 99463,20210814,   68,    0
 18052, 99463,20210815,   70,    0
 18052, 99463,20210816,   78,    0
 18052, 99463,20210817,   78,    0
 18052, 99463,20210818,   68,    0
 18052, 99463,20210819,   61,    0
 18052, 99463,20210820,   58,    0
 18052, 99463,20210821,   62,    0
 18052, 99463,20210822,   71,    0
 18052, 99463,20210823,   97,    0
 18052, 99463,20210824,   99,    0
 18052, 99463,20210825,   69,    0
 18052, 99463,20210826,   45,    0
 18052, 99463,20210827,   65,    0
 18052, 99463,20210828,  105,    0
 18052, 99463,20210829,  126,    0
 18052, 99463,20210830,  123,    0
 18052, 99463,20210831,   86,    0
 18052, 99463,20210901,   79,    0
 18052, 99463,20210902,   92,    0
 18052, 99463,20210903,   43,    0
 18052, 99463,20210904,   45,    0
 18052, 99463,20210905,   82,    0
 18052, 99463,20210906,   85,    0
 18052, 99463,20210907,  101,    0
 18052, 99463,20210908,  139,    0
 18052, 99463,20210909,  133,    0
 18052, 99463,20210910,  100,    0
 18052, 99463,20210911,  107,    0
 18052, 99463,20210912,   72,    0
 18052, 99463,20210913,   51,    0
 18052, 99463,20210914,   60,    0
 18052, 99463,20210915,   65,    0
 18052, 99463,20210916,   33,    0
 18052, 99463,20210917,   19,    0
 18052, 99463,20210918,   20,    0
 18052, 99463,20210919,   19,    0
 18052, 99463,20210920,    6,    0
 18052, 99463,20210921,   35,    0
 18052, 99463,20210922,   65,    0
 18052, 99463,20210923,   47,    0
 18052, 99463,20210924,   15,    0
 18052, 99463,20210925,   55,    0
 18052, 99463,20210926,   78,    0
 18052, 99463,20210927,   54,    0
 18052, 99463,20210928,   56,    0
 18052, 99463,20210929,   51,    0
 18052, 99463,20210930,   38,    0
 18052, 99463,20211001,   51,    0
 18052, 99463,20211002,   55,    0
 18052, 99463,20211003,   68,    0
 18052, 99463,20211004,   52,    0
 18052, 99463,20211005,   53,    0
 18052, 99463,20211006,   38,    0
 18052, 99463,20211007,   42,    0
 18052, 99463,20211008,   69,    0
 18052, 99463,20211009,   85,    0
 18052, 99463,20211010,   46,    0
 18052, 99463,20211011,   11,    0
 18052, 99463,20211012,   -6,    0
 18052, 99463,20211013,  -15,    0
 18052, 99463,20211014,   21,    0
 18052, 99463,20211015,   -9,    0
 18052, 99463,20211016,  -11,    0
 18052, 99463,20211017,  -25,    0
 18052, 99463,20211018,  -22,    0
 18052, 99463,20211019,  -21,    0
 18052, 99463,20211020,   32,    0
 18052, 99463,20211021,   -6,    0
 18052, 99463,20211022,  -20,    0
 18052, 99463,20211023,  -12,    0
 18052, 99463,20211024,    6,    0
 18052, 99463,20211025,   34,    0
 18052, 99463,20211026,   18,    0
 18052, 99463,20211027,   28,    0
 18052, 99463,20211028,   63,    0
 18052, 99463,20211029,   44,    0
 18052, 99463,20211030,   38,    0
 18052, 99463,20211031,   27,    0
 18052, 99463,20211101,   31,    0
 18052, 99463,20211102,   22,    0
 18052, 99463,20211103,    2,    0
 18052, 99463,20211104,   -7,    0
 18052, 99463,20211105,  -11,    0
 18052, 99463,20211106,  -27,    0
 18052, 99463,20211107,  -45,    0
 18052, 99463,20211108,  -61,    0
 18052, 99463,20211109,  -15,    0
 18052, 99463,20211110,   -4,    0
 18052, 99463,20211111,  -15,    0
 18052, 99463,20211112,  -25,    0
 18052, 99463,20211113,  -24,    0
 18052, 99463,20211114,  -10,    0
 18052, 99463,20211115,  -32,    0
 18052, 99463,20211116,    4,    0
 18052, 99463,20211117,   -6,    0
 18052, 99463,20211118,  -28,    0
 18052, 99463,20211119,    6,    0
 18052, 99463,20211120,  -23,    0
 18052, 99463,20211121,  -57,    0
 18052, 99463,20211122,  -47,    0
 18052, 99463,20211123,   -9,    0
 18052, 99463,20211124,    1,    0
 18052, 99463,20211125,  -60,    0
 18052, 99463,20211126,  -82,    0
 18052, 99463,20211127,  -97,    0
 18052, 99463,20211128, -105,    0
 18052, 99463,20211129, -107,    0
 18052, 99463,20211130, -116,    0
 18052, 99463,20211201,  -93,    0
 18052, 99463,20211202, -111,    0
 18052, 99463,20211203, -150,    0
 18052, 99463,20211204, -119,    0
 18052, 99463,20211205, -148,    0
 18052, 99463,20211206, -171,    0
 18052, 99463,20211207, -138,    0
 18052, 99463,20211208, -118,    0
 18052, 99463,20211209,  -80,    0
 18052, 99463,20211210,  -70,    0
 18052, 99463,20211211,  -47,    0
 18052, 99463,20211212,  -50,    0
 18052, 99463,20211213,  -30,    0
 18052, 99463,20211214,  -38,    0
 18052, 99463,20211215,  -14,    0
 18052, 99463,20211216,  -19,    0
 18052, 99463,20211217,   14,    0
 18052, 99463,20211218,   23,    0
 18052, 99463,20211219,  -38,    0
 18052, 99463,20211220,  -59,    0
 18052, 99463,20211221,  -79,    0
 18052, 99463,20211222,  -83,    0
 18052, 99463,20211223,  -81,    0
 18052, 99463,20211224, -139,    0
 18052, 99463,20211225,  -88,    0
 18052, 99463,20211226,  -69,    0
 18052, 99463,20211227,  -79,    0
 18052, 99463,20211228, -110,    0
 18052, 99463,20211229,  -48,    0
 18052, 99463,20211230,  -61,    0
 18052, 99463,20211231,  -22,    0
 18052, 99463,20220101,  -70,    0
 18052, 99463,20220102,  -38,    0
 18052, 99463,20220103,  -29,    0
 18052, 99463,20220104,  -82,    0
 18052, 99463,20220105, -103,    0
 18052, 99463,20220106, -104,    0
 18052, 99463,20220107, -115,    0
 18052, 99463,20220108,  -99,    0
 18052, 99463,20220109,  -83,    0
 18052, 99463,20220110,  -85,    0
 18052, 99463,20220111,  -48,    0
 18052, 99463,20220112,  -28,    0
 18052, 99463,20220113,   24,    0
 18052, 99463,20220114,  -53,    0
 18052, 99463,20220115,  -52,    0
 18052, 99463,20220116,  -53,    0
 18052, 99463,20220117,  -63,    0
 18052, 99463,20220118,  -15,    0
 18052, 99463,20220119,  -44,    0
 18052, 99463,20220120,  -95,    0
 18052, 99463,20220121,  -52,    0
 18052, 99463,20220122,  -14,    0
 18052, 99463,20220123,   13,    0
 18052, 99463,20220124,  -18,    0
 18052, 99463,20220125,  -51,    0
 18052, 99463,20220126,  -35,    0
 18052, 99463,20220127,  -39,    0
 18052, 99463,20220128,  -69,    0
 18052, 99463,20220129,  -34,    0
 18052, 99463,20220130,  -65,    0
 18052, 99463,20220131,  -99,    0
 18052, 99463,20220201, -124,    0
 18052, 99463,20220202, -109,    0
 18052, 99463,20220203,  -96,    0
 18052, 99463,20220204,  -57,    0
 18052, 99463,20220205,  -72,    0
 18052, 99463,20220206,  -69,    0
 18052, 99463,20220207,  -50,    0
 18052, 99463,20220208,  -46,    0
 18052, 99463,20220209,  -55,    0
 18052, 99463,20220210,  -63,    0
 18052, 99463,20220211,  -93,    0
 18052, 99463,20220212,  -47,    0
 18052, 99463,20220213,  -18,    0
 18052, 99463,20220214,  -50,    0
 18052, 99463,20220215,  -70,    0
 18052, 99463,20220216,  -49,    0
 18052, 99463,20220217,  -71,    0
 18052, 99463,20220218,  -73,    0
 18052, 99463,20220219,  -81,    0
 18052, 99463,20220220,  -91,    0
 18052, 99463,20220221,  -89,    0
 18052, 99463,20220222,  -98,    0
 18052, 99463,20220223,  -61,    0
 18052, 99463,20220224,  -54,    0
 18052, 99463,20220225,  -70,    0
 18052, 99463,20220226,  -69,    0
 18052, 99463,20220227,  -37,    0
 18052, 99463,20220228,  -52,    0
 18052, 99463,20220301,  -34,    0
 18052, 99463,20220302,  -36,    0
 18052, 99463,20220303,  -44,    0
 18052, 99463,20220304,  -51,    0
 18052, 99463,20220305,  -54,    0
 18052, 99463,20220306,  -43,    0
 18052, 99463,20220307,  -14,    0
 18052, 99463,20220308,   17,    0
 18052, 99463,20220309,  -15,    0
 18052, 99463,20220310,  -47,    0
 18052, 99463,20220311,  -45,    0
 18052, 99463,20220312,  -23,    0
 18052, 99463,20220313,  -12,    0
 18052, 99463,20220314,    1,    0
 18052, 99463,20220315,   -9,    0
 18052, 99463,20220316,  -21,    0
 18052, 99463,20220317,  -29,    0
 18052, 99463,20220318,  -29,    0
 18052, 99463,20220319,   24,    0
 18052, 99463,20220320,   55,    0
 18052, 99463,20220321,   -7,    0
 18052, 99463,20220322,  -27,    0
 18052, 99463,20220323,   14,    0
 18052, 99463,20220324,   36,    0
 18052, 99463,20220325,   24,    0
 18052, 99463,20220326,  -45,    0
 18052, 99463,20220327,   -5,    0
 18052, 99463,20220328,  -31,    0
 18052, 99463,20220329,  -83,    0
 18052, 99463,20220330,  -85,    0
 18052, 99463,20220331,  -80,    0
 18052, 99463,20220401,  -79,    0
 18052, 99463,20220402,  -60,    0
 18052, 99463,20220403,  -47,    0
 18052, 99463,20220404,  -73,    0
 18052, 99463,20220405,  -91,    0
 18052, 99463,20220406,  -63,    0
 18052, 99463,20220407,  -63,    0
 18052, 99463,20220408,  -93,    0
 18052, 99463,20220409,  -54,    0
 18052, 99463,20220410,  -22,    0
 18052, 99463,20220411,  -34,    0
 18052, 99463,20220412,  -21,    0
 18052, 99463,20220413,  -21,    0
 18052, 99463,20220414,  -11,    0
 18052, 99463,20220415,   12,    0
 18052, 99463,20220416,   37,    0
 18052, 99463,20220417,   49,    0
 18052, 99463,20220418,   67,    0
 18052, 99463,20220419,   68,    0
 18052, 99463,20220420,   86,    0
 18052, 99463,20220421,   72,    0
 18052, 99463,20220422,   46,    0
 18052, 99463,20220423,    6,    0
 18052, 99463,20220424,    7,    0
 18052, 99463,20220425,   12,    0
 18052, 99463,20220426,  -29,    0
 18052, 99463,20220427,  -35,    0
 18052, 99463,20220428,  -11,    0
 18052, 99463,20220429,  -17,    0
 18052, 99463,20220430,    1,    0
 18052, 99463,20220501,   20,    0
 18052, 99463,20220502,    5,    0
 18052, 99463,20220503,  -28,    0
 18052, 99463,20220504,   -2,    0
 18052, 99463,20220505,   41,    0
 18052, 99463,20220506,   58,    0
 18052, 99463,20220507,    8,    0
 18052, 99463,20220508,    7,    0
 18052, 99463,20220509,   51,    0
 18052, 99463,20220510,   29,    0
 18052, 99463,20220511,   28,    0
 18052, 99463,20220512,   32,    0
 18052, 99463,20220513,   35,    0
 18052, 99463,20220514,   34,    0
 18052, 99463,20220515,   25,    0
 18052, 99463,20220516,   11,    0
 18052, 99463,20220517,   43,    0
 18052, 99463,20220518,   72,    0
 18052, 99463,20220519,   95,    0
 18052, 99463,20220520,   60,    0
 18052, 99463,20220521,   53,    0
 18052, 99463,20220522,   65,    0
 18052, 99463,20220523,   68,    0
 18052, 99463,20220524,   76,    0
 18052, 99463,20220525,   53,    0
 18052, 99463,20220526,   37,    0
 18052, 99463,20220527,   12,    0
 18052, 99463,20220528,   31,    0
 18052, 99463,20220529,   12,    0
 18052, 99463,20220530,   72,    0
 18052, 99463,20220531,   58,    0
 18052, 99463,20220601,   58,    0
 18052, 99463,20220602,   73,    0
 18052, 99463,20220603,   68,    0
 18052, 99463,20220604,   84,    0
 18052, 99463,20220605,   93,    0
 18052, 99463,20220606,  113,    0
 18052, 99463,20220607,  125,    0
 18052, 99463,20220608,   83,    0
 18052, 99463,20220609,   99,    0
 18052, 99463,20220610,  107,    0
 18052, 99463,20220611,   86,    0
 18052, 99463,20220612,   82,    0
 18052, 99463,20220613,   88,    0
 18052, 99463,20220614,   92,    0
 18052, 99463,20220615,   98,    0
 18052, 99463,20220616,   91,    0
 18052, 99463,20220617,  102,    0
 18052, 99463,20220618,   84,    0
 18052, 99463,20220619,   88,    0
 18052, 99463,20220620,  104,    0
 18052, 99463,20220621,  102,    0
 18052, 99463,20220622,   90,    0
 18052, 99463,20220623,  130,    0
 18052, 99463,20220624,  160,    0
 18052, 99463,20220625,  178,    0
 18052, 99463,20220626,  167,    0
 18052, 99463,20220627,  163,    0
 18052, 99463,20220628,  126,    0
 18052, 99463,20220629,  146,    0
 18052, 99463,20220630,  168,    0
 18052, 99463,20220701,  145,    0
 18052, 99463,20220702,  124,    0
 18052, 99463,20220703,   91,    0
 18052, 99463,20220704,   78,    0
 18052, 99463,20220705,   73,    0
 18052, 99463,20220706,   70,    0
 18052, 99463,20220707,   83,    0
 18052, 99463,20220708,   87,    0
 18052, 99463,20220709,   70,    0
 18052, 99463,20220710,   76,    0
 18052, 99463,20220711,  114,    0
 18052, 99463,20220712,  140,    0
 18052, 99463,20220713,  108,    0
 18052, 99463,20220714,   59,    0
 18052, 99463,20220715,   52,    0
 18052, 99463,20220716,   62,    0
 18052, 99463,20220717,   85,    0
 18052, 99463,20220718,  108,    0
 18052, 99463,20220719,  132,    0
 18052, 99463,20220720,  179,    0
 18052, 99463,20220721,  164,    0
 18052, 99463,20220722,  106,    0
 18052, 99463,20220723,  111,    0
 18052, 99463,20220724,  112,    0
 18052, 99463,20220725,  108,    0
 18052, 99463,20220726,   97,    0
 18052, 99463,20220727,   71,    0
 18052, 99463,20220728,   82,    0
 18052, 99463,20220729,  128,    0
 18052, 99463,20220730,  126,    0
 18052, 99463,20220731,  113,    0
 18052, 99463,20220801,   77,    0
 18052, 99463,20220802,   70,    0
 18052, 99463,20220803,  110,    0
 18052, 99463,20220804,  104,    0
 18052, 99463,20220805,  106,    0
 18052, 99463,20220806,   76,    0
 18052, 99463,20220807,   80,    0
 18052, 99463,20220808,  119,    0
 18052, 99463,20220809,  119,    0
 18052, 99463,20220810,  137,    0
 18052, 99463,20220811,  140,    0
 18052, 99463,20220812,  153,    0
 18052, 99463,20220813,  168,    0
 18052, 99463,20220814,  170,    0
 18052, 99463,20220815,  165,    0
 18052, 99463,20220816,  142,    0
 18052, 99463,20220817,  113,    0
 18052, 99463,20220818,   92,    0
 18052, 99463,20220819,  139,    0
 18052, 99463,20220820,  131,    0
 18052, 99463,20220821,   94,    0
 18052, 99463,20220822,   87,    0
 18052, 99463,20220823,  116,    0
 18052, 99463,20220824,  122,    0
 18052, 99463,20220825,  143,    0
 18052, 99463,20220826,  121,    0
 18052, 99463,20220827,  117,    0
 18052, 99463,20220828,   90,    0
 18052, 99463,20220829,   64,    0
 18052, 99463,20220830,   61,    0
 18052, 99463,20220831,   69,    0
 18052, 99463,20220901,   64,    0
 18052, 99463,20220902,   42,    0
 18052, 99463,20220903,   54,    0
 18052, 99463,20220904,   44,    0
 18052, 99463,20220905,   75,    0
 18052, 99463,20220906,  103,    0
 18052, 99463,20220907,   84,    0
 18052, 99463,20220908,   58,    0
 18052, 99463,20220909,   49,    0
 18052, 99463,20220910,   57,    0
 18052, 99463,20220911,   74,    0
 18052, 99463,20220912,   71,    0
 18052, 99463,20220913,   69,    0
 18052, 99463,20220914,   50,    0
 18052, 99463,20220915,   43,    0
 18052, 99463,20220916,   49,    0
 18052, 99463,20220917,   45,    0
 18052, 99463,20220918,   40,    0
 18052, 99463,20220919,   29,    0
 18052, 99463,20220920,   31,    0
 18052, 99463,20220921,   61,    0
 18052, 99463,20220922,   47,    0
 18052, 99463,20220923,   61,    0
 18052, 99463,20220924,   46,    0
 18052, 99463,20220925,   36,    0
 18052, 99463,20220926,   28,    0
 18052, 99463,20220927,   45,    0
 18052, 99463,20220928,   43,    0
 18052, 99463,20220929,   18,    0
 18052, 99463,20220930,   21,    0
 18052, 99463,20221001,   36,    0
 18052, 99463,20221002,   40,    0
 18052, 99463,20221003,   47,    0
 18052, 99463,20221004,   53,    0
 18052, 99463,20221005,   69,    0
 18052, 99463,20221006,   32,    0
 18052, 99463,20221007,   42,    0
 18052, 99463,20221008,   20,    0
 18052, 99463,20221009,   19,    0
 18052, 99463,20221010,   30,    0
 18052, 99463,20221011,    9,    0
 18052, 99463,20221012,   14,    0
 18052, 99463,20221013,   40,    0
 18052, 99463,20221014,   25,    0
 18052, 99463,20221015,   22,    0
 18052, 99463,20221016,   13,    0
 18052, 99463,20221017,   12,    0
 18052, 99463,20221018,   -3,    0
 18052, 99463,20221019,   -5,    0
 18052, 99463,20221020,    9,    0
 18052, 99463,20221021,   -9,    0
 18052, 99463,20221022,   -3,    0
 18052, 99463,20221023,   14,    0
 18052, 99463,20221024,   -4,    0
 18052, 99463,20221025,   23,    0
 18052, 99463,20221026,   45,    0
 18052, 99463,20221027,   39,    0
 18052, 99463,20221028,   48,    0
 18052, 99463,20221029,   47,    0
 18052, 99463,20221030,   42,    0
 18052, 99463,20221031,   37,    0
