EUROPEAN CLIMATE ASSESSMENT & DATASET (ECA&D), file created on: 16-11-2022
THESE DATA CAN BE USED FOR NON-COMMERCIAL RESEARCH AND EDUCATION PROVIDED THAT THE FOLLOWING SOURCE IS ACKNOWLEDGED: 

Klein Tank, A.M.G. and Coauthors, 2002. Daily dataset of 20th-century surface
air temperature and precipitation series for the European Climate Assessment.
Int. J. of Climatol., 22, 1441-1453.
Data and metadata available at http://www.ecad.eu

FILE FORMAT (MISSING VALUE CODE = -9999):

01-06 STAID: Station identifier
08-13 SOUID: Source identifier
15-22 DATE : Date YYYYMMDD
24-28 TG   : Mean temperature in 0.1 &#176;C
30-34 Q_TG : quality code for TG (0='valid'; 1='suspect'; 9='missing')

This is the blended series of station PANTA DE DARNIUS - BOADELLA, SPAIN (STAID: 11346)
Blended and updated with sources:73100 
See files sources.txt and stations.txt for more info.

STAID, SOUID,    DATE,   TG, Q_TG
 11346, 73100,20160101,   95,    0
 11346, 73100,20160102,   76,    0
 11346, 73100,20160103,   74,    0
 11346, 73100,20160104,   92,    0
 11346, 73100,20160105,   69,    0
 11346, 73100,20160106,   66,    0
 11346, 73100,20160107,   92,    0
 11346, 73100,20160108,  112,    0
 11346, 73100,20160109,  101,    0
 11346, 73100,20160110,  127,    0
 11346, 73100,20160111,  128,    0
 11346, 73100,20160112,   79,    0
 11346, 73100,20160113,   59,    0
 11346, 73100,20160114,   74,    0
 11346, 73100,20160115,   79,    0
 11346, 73100,20160116,   65,    0
 11346, 73100,20160117,   61,    0
 11346, 73100,20160118,   47,    0
 11346, 73100,20160119,   53,    0
 11346, 73100,20160120,   71,    0
 11346, 73100,20160121,   75,    0
 11346, 73100,20160122,   86,    0
 11346, 73100,20160123,  102,    0
 11346, 73100,20160124,   85,    0
 11346, 73100,20160125,  107,    0
 11346, 73100,20160126,  106,    0
 11346, 73100,20160127,  101,    0
 11346, 73100,20160128,   91,    0
 11346, 73100,20160129,   98,    0
 11346, 73100,20160130,   94,    0
 11346, 73100,20160131,   86,    0
 11346, 73100,20160201,  114,    0
 11346, 73100,20160202,  108,    0
 11346, 73100,20160203,  104,    0
 11346, 73100,20160204,   86,    0
 11346, 73100,20160205,   83,    0
 11346, 73100,20160206,   99,    0
 11346, 73100,20160207,   96,    0
 11346, 73100,20160208,   91,    0
 11346, 73100,20160209,   95,    0
 11346, 73100,20160210,   83,    0
 11346, 73100,20160211,   76,    0
 11346, 73100,20160212,  109,    0
 11346, 73100,20160213,  122,    0
 11346, 73100,20160214,   95,    0
 11346, 73100,20160215,   82,    0
 11346, 73100,20160216,   58,    0
 11346, 73100,20160217,   36,    0
 11346, 73100,20160218,   55,    0
 11346, 73100,20160219,   64,    0
 11346, 73100,20160220,   73,    0
 11346, 73100,20160221,  102,    0
 11346, 73100,20160222,  116,    0
 11346, 73100,20160223,  101,    0
 11346, 73100,20160224,  100,    0
 11346, 73100,20160225,  104,    0
 11346, 73100,20160226,   71,    0
 11346, 73100,20160227,   77,    0
 11346, 73100,20160228,   79,    0
 11346, 73100,20160229,  117,    0
 11346, 73100,20160301,  106,    0
 11346, 73100,20160302,  112,    0
 11346, 73100,20160303,  103,    0
 11346, 73100,20160304,  107,    0
 11346, 73100,20160305,   81,    0
 11346, 73100,20160306,   70,    0
 11346, 73100,20160307,   72,    0
 11346, 73100,20160308,   80,    0
 11346, 73100,20160309,   67,    0
 11346, 73100,20160310,  100,    0
 11346, 73100,20160311,  105,    0
 11346, 73100,20160312,   96,    0
 11346, 73100,20160313,   82,    0
 11346, 73100,20160314,   90,    0
 11346, 73100,20160315,   93,    0
 11346, 73100,20160316,   83,    0
 11346, 73100,20160317,   65,    0
 11346, 73100,20160318,   82,    0
 11346, 73100,20160319,   96,    0
 11346, 73100,20160320,  100,    0
 11346, 73100,20160321,  120,    0
 11346, 73100,20160322,  138,    0
 11346, 73100,20160323,  130,    0
 11346, 73100,20160324,  130,    0
 11346, 73100,20160325,  103,    0
 11346, 73100,20160326,  123,    0
 11346, 73100,20160327,  101,    0
 11346, 73100,20160328,  112,    0
 11346, 73100,20160329,  121,    0
 11346, 73100,20160330,  132,    0
 11346, 73100,20160331,  130,    0
 11346, 73100,20160401,  116,    0
 11346, 73100,20160402,  111,    0
 11346, 73100,20160403,  135,    0
 11346, 73100,20160404,  126,    0
 11346, 73100,20160405,  120,    0
 11346, 73100,20160406,  146,    0
 11346, 73100,20160407,  129,    0
 11346, 73100,20160408,  109,    0
 11346, 73100,20160409,  126,    0
 11346, 73100,20160410,  135,    0
 11346, 73100,20160411,  154,    0
 11346, 73100,20160412,  146,    0
 11346, 73100,20160413,  131,    0
 11346, 73100,20160414,  155,    0
 11346, 73100,20160415,  148,    0
 11346, 73100,20160416,  160,    0
 11346, 73100,20160417,  151,    0
 11346, 73100,20160418,  128,    0
 11346, 73100,20160419,  141,    0
 11346, 73100,20160420,  151,    0
 11346, 73100,20160421,  128,    0
 11346, 73100,20160422,  128,    0
 11346, 73100,20160423,  129,    0
 11346, 73100,20160424,  129,    0
 11346, 73100,20160425,  130,    0
 11346, 73100,20160426,  123,    0
 11346, 73100,20160427,  113,    0
 11346, 73100,20160428,  122,    0
 11346, 73100,20160429,  127,    0
 11346, 73100,20160430,  112,    0
 11346, 73100,20160501,  126,    0
 11346, 73100,20160502,  168,    0
 11346, 73100,20160503,  163,    0
 11346, 73100,20160504,  163,    0
 11346, 73100,20160505,  149,    0
 11346, 73100,20160506,  145,    0
 11346, 73100,20160507,  151,    0
 11346, 73100,20160508,  132,    0
 11346, 73100,20160509,  141,    0
 11346, 73100,20160510,  147,    0
 11346, 73100,20160511,  135,    0
 11346, 73100,20160512,  139,    0
 11346, 73100,20160513,  149,    0
 11346, 73100,20160514,  168,    0
 11346, 73100,20160515,  171,    0
 11346, 73100,20160516,  171,    0
 11346, 73100,20160517,  160,    0
 11346, 73100,20160518,  159,    0
 11346, 73100,20160519,  161,    0
 11346, 73100,20160520,  179,    0
 11346, 73100,20160521,  196,    0
 11346, 73100,20160522,  156,    0
 11346, 73100,20160523,  147,    0
 11346, 73100,20160524,  172,    0
 11346, 73100,20160525,  175,    0
 11346, 73100,20160526,  184,    0
 11346, 73100,20160527,  189,    0
 11346, 73100,20160528,  171,    0
 11346, 73100,20160529,  160,    0
 11346, 73100,20160530,  148,    0
 11346, 73100,20160531,  155,    0
 11346, 73100,20160601,  158,    0
 11346, 73100,20160602,  176,    0
 11346, 73100,20160603,  188,    0
 11346, 73100,20160604,  179,    0
 11346, 73100,20160605,  193,    0
 11346, 73100,20160606,  200,    0
 11346, 73100,20160607,  220,    0
 11346, 73100,20160608,  237,    0
 11346, 73100,20160609,  251,    0
 11346, 73100,20160610,  223,    0
 11346, 73100,20160611,  196,    0
 11346, 73100,20160612,  207,    0
 11346, 73100,20160613,  202,    0
 11346, 73100,20160614,  197,    0
 11346, 73100,20160615,  191,    0
 11346, 73100,20160616,  168,    0
 11346, 73100,20160617,  165,    0
 11346, 73100,20160618,  164,    0
 11346, 73100,20160619,  202,    0
 11346, 73100,20160620,  212,    0
 11346, 73100,20160621,  231,    0
 11346, 73100,20160622,  236,    0
 11346, 73100,20160623,  244,    0
 11346, 73100,20160624,  242,    0
 11346, 73100,20160625,  233,    0
 11346, 73100,20160626,  214,    0
 11346, 73100,20160627,  234,    0
 11346, 73100,20160628,  236,    0
 11346, 73100,20160629,  249,    0
 11346, 73100,20160630,  227,    0
 11346, 73100,20160701,  238,    0
 11346, 73100,20160702,  226,    0
 11346, 73100,20160703,  237,    0
 11346, 73100,20160704,  249,    0
 11346, 73100,20160705,  259,    0
 11346, 73100,20160706,  259,    0
 11346, 73100,20160707,  263,    0
 11346, 73100,20160708,  244,    0
 11346, 73100,20160709,  265,    0
 11346, 73100,20160710,  278,    0
 11346, 73100,20160711,  270,    0
 11346, 73100,20160712,  231,    0
 11346, 73100,20160713,  210,    0
 11346, 73100,20160714,  201,    0
 11346, 73100,20160715,  230,    0
 11346, 73100,20160716,  229,    0
 11346, 73100,20160717,  234,    0
 11346, 73100,20160718,  241,    0
 11346, 73100,20160719,  244,    0
 11346, 73100,20160720,  242,    0
 11346, 73100,20160721,  255,    0
 11346, 73100,20160722,  240,    0
 11346, 73100,20160723,  257,    0
 11346, 73100,20160724,  272,    0
 11346, 73100,20160725,  277,    0
 11346, 73100,20160726,  267,    0
 11346, 73100,20160727,  263,    0
 11346, 73100,20160728,  252,    0
 11346, 73100,20160729,  252,    0
 11346, 73100,20160730,  274,    0
 11346, 73100,20160731,  247,    0
 11346, 73100,20160801,  239,    0
 11346, 73100,20160802,  247,    0
 11346, 73100,20160803,  259,    0
 11346, 73100,20160804,  261,    0
 11346, 73100,20160805,  233,    0
 11346, 73100,20160806,  254,    0
 11346, 73100,20160807,  265,    0
 11346, 73100,20160808,  275,    0
 11346, 73100,20160809,  234,    0
 11346, 73100,20160810,  230,    0
 11346, 73100,20160811,  224,    0
 11346, 73100,20160812,  225,    0
 11346, 73100,20160813,  226,    0
 11346, 73100,20160814,  224,    0
 11346, 73100,20160815,  238,    0
 11346, 73100,20160816,  235,    0
 11346, 73100,20160817,  239,    0
 11346, 73100,20160818,  244,    0
 11346, 73100,20160819,  241,    0
 11346, 73100,20160820,  229,    0
 11346, 73100,20160821,  231,    0
 11346, 73100,20160822,  239,    0
 11346, 73100,20160823,  234,    0
 11346, 73100,20160824,  240,    0
 11346, 73100,20160825,  238,    0
 11346, 73100,20160826,  233,    0
 11346, 73100,20160827,  232,    0
 11346, 73100,20160828,  239,    0
 11346, 73100,20160829,  226,    0
 11346, 73100,20160830,  236,    0
 11346, 73100,20160831,  234,    0
 11346, 73100,20160901,  253,    0
 11346, 73100,20160902,  257,    0
 11346, 73100,20160903,  261,    0
 11346, 73100,20160904,  270,    0
 11346, 73100,20160905,  276,    0
 11346, 73100,20160906,  274,    0
 11346, 73100,20160907,  229,    0
 11346, 73100,20160908,  233,    0
 11346, 73100,20160909,  240,    0
 11346, 73100,20160910,  236,    0
 11346, 73100,20160911,  241,    0
 11346, 73100,20160912,  245,    0
 11346, 73100,20160913,  239,    0
 11346, 73100,20160914,  180,    0
 11346, 73100,20160915,  184,    0
 11346, 73100,20160916,  203,    0
 11346, 73100,20160917,  190,    0
 11346, 73100,20160918,  190,    0
 11346, 73100,20160919,  212,    0
 11346, 73100,20160920,  214,    0
 11346, 73100,20160921,  201,    0
 11346, 73100,20160922,  194,    0
 11346, 73100,20160923,  196,    0
 11346, 73100,20160924,  196,    0
 11346, 73100,20160925,  174,    0
 11346, 73100,20160926,  183,    0
 11346, 73100,20160927,  205,    0
 11346, 73100,20160928,  209,    0
 11346, 73100,20160929,  184,    0
 11346, 73100,20160930,  190,    0
 11346, 73100,20161001,  191,    0
 11346, 73100,20161002,  182,    0
 11346, 73100,20161003,  182,    0
 11346, 73100,20161004,  180,    0
 11346, 73100,20161005,  182,    0
 11346, 73100,20161006,  151,    0
 11346, 73100,20161007,  163,    0
 11346, 73100,20161008,  169,    0
 11346, 73100,20161009,  166,    0
 11346, 73100,20161010,  156,    0
 11346, 73100,20161011,  146,    0
 11346, 73100,20161012,  138,    0
 11346, 73100,20161013,  157,    0
 11346, 73100,20161014,  138,    0
 11346, 73100,20161015,  149,    0
 11346, 73100,20161016,  159,    0
 11346, 73100,20161017,  158,    0
 11346, 73100,20161018,  175,    0
 11346, 73100,20161019,  163,    0
 11346, 73100,20161020,  139,    0
 11346, 73100,20161021,  130,    0
 11346, 73100,20161022,  113,    0
 11346, 73100,20161023,  181,    0
 11346, 73100,20161024,  181,    0
 11346, 73100,20161025,  176,    0
 11346, 73100,20161026,  186,    0
 11346, 73100,20161027,  160,    0
 11346, 73100,20161028,  135,    0
 11346, 73100,20161029,  132,    0
 11346, 73100,20161030,  130,    0
 11346, 73100,20161031,  132,    0
 11346, 73100,20161101,  147,    0
 11346, 73100,20161102,  140,    0
 11346, 73100,20161103,  131,    0
 11346, 73100,20161104,  137,    0
 11346, 73100,20161105,  159,    0
 11346, 73100,20161106,   99,    0
 11346, 73100,20161107,   86,    0
 11346, 73100,20161108,   77,    0
 11346, 73100,20161109,  100,    0
 11346, 73100,20161110,  102,    0
 11346, 73100,20161111,  109,    0
 11346, 73100,20161112,  104,    0
 11346, 73100,20161113,  120,    0
 11346, 73100,20161114,  121,    0
 11346, 73100,20161115,  100,    0
 11346, 73100,20161116,   91,    0
 11346, 73100,20161117,  102,    0
 11346, 73100,20161118,  113,    0
 11346, 73100,20161119,  119,    0
 11346, 73100,20161120,  155,    0
 11346, 73100,20161121,  160,    0
 11346, 73100,20161122,  145,    0
 11346, 73100,20161123,  142,    0
 11346, 73100,20161124,  111,    0
 11346, 73100,20161125,   85,    0
 11346, 73100,20161126,   95,    0
 11346, 73100,20161127,  114,    0
 11346, 73100,20161128,   97,    0
 11346, 73100,20161129,   88,    0
 11346, 73100,20161130,   92,    0
 11346, 73100,20161201,   71,    0
 11346, 73100,20161202,   74,    0
 11346, 73100,20161203,   73,    0
 11346, 73100,20161204,  111,    0
 11346, 73100,20161205,  123,    0
 11346, 73100,20161206,  110,    0
 11346, 73100,20161207,   92,    0
 11346, 73100,20161208,   93,    0
 11346, 73100,20161209,   79,    0
 11346, 73100,20161210,   77,    0
 11346, 73100,20161211,   87,    0
 11346, 73100,20161212,   92,    0
 11346, 73100,20161213,   80,    0
 11346, 73100,20161214,   85,    0
 11346, 73100,20161215,   86,    0
 11346, 73100,20161216,   90,    0
 11346, 73100,20161217,   94,    0
 11346, 73100,20161218,   69,    0
 11346, 73100,20161219,   57,    0
 11346, 73100,20161220,   82,    0
 11346, 73100,20161221,  110,    0
 11346, 73100,20161222,   83,    0
 11346, 73100,20161223,  104,    0
 11346, 73100,20161224,   99,    0
 11346, 73100,20161225,   89,    0
 11346, 73100,20161226,   89,    0
 11346, 73100,20161227,   89,    0
 11346, 73100,20161228,   65,    0
 11346, 73100,20161229,   67,    0
 11346, 73100,20161230,   84,    0
 11346, 73100,20161231,   67,    0
 11346, 73100,20170101,   51,    0
 11346, 73100,20170102,   55,    0
 11346, 73100,20170103,   54,    0
 11346, 73100,20170104,   55,    0
 11346, 73100,20170105,   60,    0
 11346, 73100,20170106,   53,    0
 11346, 73100,20170107,   33,    0
 11346, 73100,20170108,  106,    0
 11346, 73100,20170109,   58,    0
 11346, 73100,20170110,   68,    0
 11346, 73100,20170111,   85,    0
 11346, 73100,20170112,   84,    0
 11346, 73100,20170113,   69,    0
 11346, 73100,20170114,   52,    0
 11346, 73100,20170115,   70,    0
 11346, 73100,20170116,   74,    0
 11346, 73100,20170117,   27,    0
 11346, 73100,20170118,   11,    0
 11346, 73100,20170119,   32,    0
 11346, 73100,20170120,   58,    0
 11346, 73100,20170121,   71,    0
 11346, 73100,20170122,   61,    0
 11346, 73100,20170123,   80,    0
 11346, 73100,20170124,   88,    0
 11346, 73100,20170125,   36,    0
 11346, 73100,20170126,   49,    0
 11346, 73100,20170127,   87,    0
 11346, 73100,20170128,   88,    0
 11346, 73100,20170129,   76,    0
 11346, 73100,20170130,   71,    0
 11346, 73100,20170131,   92,    0
 11346, 73100,20170201,  100,    0
 11346, 73100,20170202,  119,    0
 11346, 73100,20170203,   95,    0
 11346, 73100,20170204,  125,    0
 11346, 73100,20170205,   90,    0
 11346, 73100,20170206,  107,    0
 11346, 73100,20170207,  116,    0
 11346, 73100,20170208,   93,    0
 11346, 73100,20170209,   83,    0
 11346, 73100,20170210,   58,    0
 11346, 73100,20170211,   84,    0
 11346, 73100,20170212,  114,    0
 11346, 73100,20170213,  116,    0
 11346, 73100,20170214,  120,    0
 11346, 73100,20170215,  111,    0
 11346, 73100,20170216,  105,    0
 11346, 73100,20170217,  106,    0
 11346, 73100,20170218,   89,    0
 11346, 73100,20170219,   92,    0
 11346, 73100,20170220,   94,    0
 11346, 73100,20170221,  109,    0
 11346, 73100,20170222,  110,    0
 11346, 73100,20170223,  102,    0
 11346, 73100,20170224,  107,    0
 11346, 73100,20170225,   89,    0
 11346, 73100,20170226,   86,    0
 11346, 73100,20170227,   94,    0
 11346, 73100,20170228,   86,    0
 11346, 73100,20170301,   93,    0
 11346, 73100,20170302,  112,    0
 11346, 73100,20170303,  108,    0
 11346, 73100,20170304,   82,    0
 11346, 73100,20170305,   89,    0
 11346, 73100,20170306,  134,    0
 11346, 73100,20170307,  124,    0
 11346, 73100,20170308,  122,    0
 11346, 73100,20170309,  136,    0
 11346, 73100,20170310,  144,    0
 11346, 73100,20170311,  129,    0
 11346, 73100,20170312,  122,    0
 11346, 73100,20170313,  137,    0
 11346, 73100,20170314,  160,    0
 11346, 73100,20170315,  132,    0
 11346, 73100,20170316,  123,    0
 11346, 73100,20170317,  132,    0
 11346, 73100,20170318,  131,    0
 11346, 73100,20170319,  158,    0
 11346, 73100,20170320,  137,    0
 11346, 73100,20170321,  115,    0
 11346, 73100,20170322,  130,    0
 11346, 73100,20170323,  121,    0
 11346, 73100,20170324,   85,    0
 11346, 73100,20170325,  103,    0
 11346, 73100,20170326,  112,    0
 11346, 73100,20170327,  109,    0
 11346, 73100,20170328,  124,    0
 11346, 73100,20170329,  146,    0
 11346, 73100,20170330,  148,    0
 11346, 73100,20170331,  133,    0
 11346, 73100,20170401,  108,    0
 11346, 73100,20170402,  125,    0
 11346, 73100,20170403,  163,    0
 11346, 73100,20170404,  170,    0
 11346, 73100,20170405,  161,    0
 11346, 73100,20170406,  170,    0
 11346, 73100,20170407,  147,    0
 11346, 73100,20170408,  153,    0
 11346, 73100,20170409,  146,    0
 11346, 73100,20170410,  162,    0
 11346, 73100,20170411,  166,    0
 11346, 73100,20170412,  157,    0
 11346, 73100,20170413,  175,    0
 11346, 73100,20170414,  179,    0
 11346, 73100,20170415,  149,    0
 11346, 73100,20170416,  159,    0
 11346, 73100,20170417,  167,    0
 11346, 73100,20170418,  160,    0
 11346, 73100,20170419,  140,    0
 11346, 73100,20170420,  112,    0
 11346, 73100,20170421,  114,    0
 11346, 73100,20170422,  133,    0
 11346, 73100,20170423,  156,    0
 11346, 73100,20170424,  148,    0
 11346, 73100,20170425,  166,    0
 11346, 73100,20170426,  103,    0
 11346, 73100,20170427,   96,    0
 11346, 73100,20170428,  118,    0
 11346, 73100,20170429,  121,    0
 11346, 73100,20170430,  134,    0
 11346, 73100,20170501,  115,    0
 11346, 73100,20170502,  127,    0
 11346, 73100,20170503,  120,    0
 11346, 73100,20170504,  143,    0
 11346, 73100,20170505,  148,    0
 11346, 73100,20170506,  155,    0
 11346, 73100,20170507,  173,    0
 11346, 73100,20170508,  180,    0
 11346, 73100,20170509,  155,    0
 11346, 73100,20170510,  162,    0
 11346, 73100,20170511,  175,    0
 11346, 73100,20170512,  177,    0
 11346, 73100,20170513,  170,    0
 11346, 73100,20170514,  188,    0
 11346, 73100,20170515,  208,    0
 11346, 73100,20170516,  207,    0
 11346, 73100,20170517,  209,    0
 11346, 73100,20170518,  169,    0
 11346, 73100,20170519,  137,    0
 11346, 73100,20170520,  158,    0
 11346, 73100,20170521,  174,    0
 11346, 73100,20170522,  186,    0
 11346, 73100,20170523,  214,    0
 11346, 73100,20170524,  231,    0
 11346, 73100,20170525,  234,    0
 11346, 73100,20170526,  200,    0
 11346, 73100,20170527,  208,    0
 11346, 73100,20170528,  207,    0
 11346, 73100,20170529,  217,    0
 11346, 73100,20170530,  198,    0
 11346, 73100,20170531,  203,    0
 11346, 73100,20170601,  209,    0
 11346, 73100,20170602,  208,    0
 11346, 73100,20170603,  208,    0
 11346, 73100,20170604,  187,    0
 11346, 73100,20170605,  205,    0
 11346, 73100,20170606,  196,    0
 11346, 73100,20170607,  194,    0
 11346, 73100,20170608,  200,    0
 11346, 73100,20170609,  219,    0
 11346, 73100,20170610,  246,    0
 11346, 73100,20170611,  259,    0
 11346, 73100,20170612,  266,    0
 11346, 73100,20170613,  268,    0
 11346, 73100,20170614,  262,    0
 11346, 73100,20170615,  266,    0
 11346, 73100,20170616,  275,    0
 11346, 73100,20170617,  280,    0
 11346, 73100,20170618,  264,    0
 11346, 73100,20170619,  250,    0
 11346, 73100,20170620,  262,    0
 11346, 73100,20170621,  260,    0
 11346, 73100,20170622,  264,    0
 11346, 73100,20170623,  269,    0
 11346, 73100,20170624,  266,    0
 11346, 73100,20170625,  244,    0
 11346, 73100,20170626,  251,    0
 11346, 73100,20170627,  247,    0
 11346, 73100,20170628,  186,    0
 11346, 73100,20170629,  167,    0
 11346, 73100,20170630,  169,    0
 11346, 73100,20170701,  185,    0
 11346, 73100,20170702,  214,    0
 11346, 73100,20170703,  238,    0
 11346, 73100,20170704,  233,    0
 11346, 73100,20170705,  228,    0
 11346, 73100,20170706,  243,    0
 11346, 73100,20170707,  254,    0
 11346, 73100,20170708,  242,    0
 11346, 73100,20170709,  226,    0
 11346, 73100,20170710,  229,    0
 11346, 73100,20170711,  233,    0
 11346, 73100,20170712,  256,    0
 11346, 73100,20170713,  250,    0
 11346, 73100,20170714,  250,    0
 11346, 73100,20170715,  259,    0
 11346, 73100,20170716,  256,    0
 11346, 73100,20170717,  242,    0
 11346, 73100,20170718,  245,    0
 11346, 73100,20170719,  258,    0
 11346, 73100,20170720,  246,    0
 11346, 73100,20170721,  229,    0
 11346, 73100,20170722,  244,    0
 11346, 73100,20170723,  236,    0
 11346, 73100,20170724,  229,    0
 11346, 73100,20170725,  229,    0
 11346, 73100,20170726,  234,    0
 11346, 73100,20170727,  247,    0
 11346, 73100,20170728,  246,    0
 11346, 73100,20170729,  255,    0
 11346, 73100,20170730,  246,    0
 11346, 73100,20170731,  251,    0
 11346, 73100,20170801,  258,    0
 11346, 73100,20170802,  268,    0
 11346, 73100,20170803,  280,    0
 11346, 73100,20170804,  301,    0
 11346, 73100,20170805,  286,    0
 11346, 73100,20170806,  245,    0
 11346, 73100,20170807,  257,    0
 11346, 73100,20170808,  215,    0
 11346, 73100,20170809,  200,    0
 11346, 73100,20170810,  197,    0
 11346, 73100,20170811,  195,    0
 11346, 73100,20170812,  220,    0
 11346, 73100,20170813,  232,    0
 11346, 73100,20170814,  242,    0
 11346, 73100,20170815,  230,    0
 11346, 73100,20170816,  245,    0
 11346, 73100,20170817,  261,    0
 11346, 73100,20170818,  263,    0
 11346, 73100,20170819,  236,    0
 11346, 73100,20170820,  240,    0
 11346, 73100,20170821,  232,    0
 11346, 73100,20170822,  246,    0
 11346, 73100,20170823,  255,    0
 11346, 73100,20170824,  257,    0
 11346, 73100,20170825,  255,    0
 11346, 73100,20170826,  248,    0
 11346, 73100,20170827,  251,    0
 11346, 73100,20170828,  254,    0
 11346, 73100,20170829,  254,    0
 11346, 73100,20170830,  264,    0
 11346, 73100,20170831,  182,    0
 11346, 73100,20170901,  198,    0
 11346, 73100,20170902,  210,    0
 11346, 73100,20170903,  200,    0
 11346, 73100,20170904,  218,    0
 11346, 73100,20170905,  247,    0
 11346, 73100,20170906,  223,    0
 11346, 73100,20170907,  199,    0
 11346, 73100,20170908,  194,    0
 11346, 73100,20170909,  149,    0
 11346, 73100,20170910,  182,    0
 11346, 73100,20170911,  193,    0
 11346, 73100,20170912,  195,    0
 11346, 73100,20170913,  205,    0
 11346, 73100,20170914,  184,    0
 11346, 73100,20170915,  128,    0
 11346, 73100,20170916,  130,    0
 11346, 73100,20170917,  149,    0
 11346, 73100,20170918,  156,    0
 11346, 73100,20170919,  167,    0
 11346, 73100,20170920,  172,    0
 11346, 73100,20170921,  170,    0
 11346, 73100,20170922,  179,    0
 11346, 73100,20170923,  176,    0
 11346, 73100,20170924,  191,    0
 11346, 73100,20170925,  184,    0
 11346, 73100,20170926,  179,    0
 11346, 73100,20170927,  179,    0
 11346, 73100,20170928,  186,    0
 11346, 73100,20170929,  194,    0
 11346, 73100,20170930,  167,    0
 11346, 73100,20171001,  176,    0
 11346, 73100,20171002,  188,    0
 11346, 73100,20171003,  205,    0
 11346, 73100,20171004,  188,    0
 11346, 73100,20171005,  202,    0
 11346, 73100,20171006,  185,    0
 11346, 73100,20171007,  152,    0
 11346, 73100,20171008,  164,    0
 11346, 73100,20171009,  167,    0
 11346, 73100,20171010,  175,    0
 11346, 73100,20171011,  176,    0
 11346, 73100,20171012,  170,    0
 11346, 73100,20171013,  176,    0
 11346, 73100,20171014,  181,    0
 11346, 73100,20171015,  195,    0
 11346, 73100,20171016,  189,    0
 11346, 73100,20171017,  175,    0
 11346, 73100,20171018,  180,    0
 11346, 73100,20171019,  161,    0
 11346, 73100,20171020,  175,    0
 11346, 73100,20171021,  177,    0
 11346, 73100,20171022,  158,    0
 11346, 73100,20171023,  155,    0
 11346, 73100,20171024,  168,    0
 11346, 73100,20171025,  158,    0
 11346, 73100,20171026,  149,    0
 11346, 73100,20171027,  173,    0
 11346, 73100,20171028,  170,    0
 11346, 73100,20171029,  140,    0
 11346, 73100,20171030,  148,    0
 11346, 73100,20171031,  115,    0
 11346, 73100,20171101,  124,    0
 11346, 73100,20171102,  136,    0
 11346, 73100,20171103,  154,    0
 11346, 73100,20171104,  154,    0
 11346, 73100,20171105,  135,    0
 11346, 73100,20171106,  111,    0
 11346, 73100,20171107,  100,    0
 11346, 73100,20171108,   83,    0
 11346, 73100,20171109,   82,    0
 11346, 73100,20171110,  126,    0
 11346, 73100,20171111,  142,    0
 11346, 73100,20171112,  124,    0
 11346, 73100,20171113,  101,    0
 11346, 73100,20171114,  104,    0
 11346, 73100,20171115,   81,    0
 11346, 73100,20171116,   76,    0
 11346, 73100,20171117,  119,    0
 11346, 73100,20171118,  101,    0
 11346, 73100,20171119,   92,    0
 11346, 73100,20171120,  104,    0
 11346, 73100,20171121,  112,    0
 11346, 73100,20171122,   95,    0
 11346, 73100,20171123,   99,    0
 11346, 73100,20171124,  108,    0
 11346, 73100,20171125,  108,    0
 11346, 73100,20171126,   88,    0
 11346, 73100,20171127,   61,    0
 11346, 73100,20171128,   61,    0
 11346, 73100,20171129,   64,    0
 11346, 73100,20171130,   53,    0
 11346, 73100,20171201,   46,    0
 11346, 73100,20171202,   48,    0
 11346, 73100,20171203,   70,    0
 11346, 73100,20171204,   59,    0
 11346, 73100,20171205,   46,    0
 11346, 73100,20171206,   61,    0
 11346, 73100,20171207,   55,    0
 11346, 73100,20171208,   60,    0
 11346, 73100,20171209,   60,    0
 11346, 73100,20171210,   79,    0
 11346, 73100,20171211,  116,    0
 11346, 73100,20171212,   51,    0
 11346, 73100,20171213,   41,    0
 11346, 73100,20171214,   90,    0
 11346, 73100,20171215,   63,    0
 11346, 73100,20171216,   71,    0
 11346, 73100,20171217,   90,    0
 11346, 73100,20171218,   61,    0
 11346, 73100,20171219,   72,    0
 11346, 73100,20171220,   65,    0
 11346, 73100,20171221,   96,    0
 11346, 73100,20171222,  102,    0
 11346, 73100,20171223,   78,    0
 11346, 73100,20171224,   57,    0
 11346, 73100,20171225,   76,    0
 11346, 73100,20171226,   72,    0
 11346, 73100,20171227,   66,    0
 11346, 73100,20171228,   56,    0
 11346, 73100,20171229,   42,    0
 11346, 73100,20171230,   93,    0
 11346, 73100,20171231,   99,    0
 11346, 73100,20180101,   97,    0
 11346, 73100,20180102,   81,    0
 11346, 73100,20180103,  122,    0
 11346, 73100,20180104,  120,    0
 11346, 73100,20180105,  101,    0
 11346, 73100,20180106,   86,    0
 11346, 73100,20180107,  104,    0
 11346, 73100,20180108,   72,    0
 11346, 73100,20180109,   75,    0
 11346, 73100,20180110,   66,    0
 11346, 73100,20180111,   81,    0
 11346, 73100,20180112,   71,    0
 11346, 73100,20180113,   61,    0
 11346, 73100,20180114,   78,    0
 11346, 73100,20180115,   81,    0
 11346, 73100,20180116,   83,    0
 11346, 73100,20180117,   89,    0
 11346, 73100,20180118,   68,    0
 11346, 73100,20180119,   75,    0
 11346, 73100,20180120,   77,    0
 11346, 73100,20180121,  133,    0
 11346, 73100,20180122,   94,    0
 11346, 73100,20180123,  100,    0
 11346, 73100,20180124,   96,    0
 11346, 73100,20180125,  102,    0
 11346, 73100,20180126,   82,    0
 11346, 73100,20180127,   95,    0
 11346, 73100,20180128,   88,    0
 11346, 73100,20180129,   74,    0
 11346, 73100,20180130,   78,    0
 11346, 73100,20180131,   87,    0
 11346, 73100,20180201,   58,    0
 11346, 73100,20180202,   71,    0
 11346, 73100,20180203,   67,    0
 11346, 73100,20180204,   50,    0
 11346, 73100,20180205,   63,    0
 11346, 73100,20180206,   54,    0
 11346, 73100,20180207,   43,    0
 11346, 73100,20180208,   13,    0
 11346, 73100,20180209,   24,    0
 11346, 73100,20180210,   53,    0
 11346, 73100,20180211,   59,    0
 11346, 73100,20180212,   72,    0
 11346, 73100,20180213,   40,    0
 11346, 73100,20180214,   63,    0
 11346, 73100,20180215,  103,    0
 11346, 73100,20180216,   99,    0
 11346, 73100,20180217,   95,    0
 11346, 73100,20180218,   81,    0
 11346, 73100,20180219,   88,    0
 11346, 73100,20180220,  101,    0
 11346, 73100,20180221,   79,    0
 11346, 73100,20180222,   47,    0
 11346, 73100,20180223,   39,    0
 11346, 73100,20180224,   47,    0
 11346, 73100,20180225,   82,    0
 11346, 73100,20180226,   53,    0
 11346, 73100,20180227,   10,    0
 11346, 73100,20180228,   24,    0
 11346, 73100,20180301,   92,    0
 11346, 73100,20180302,  111,    0
 11346, 73100,20180303,  102,    0
 11346, 73100,20180304,   98,    0
 11346, 73100,20180305,   84,    0
 11346, 73100,20180306,   91,    0
 11346, 73100,20180307,   85,    0
 11346, 73100,20180308,   92,    0
 11346, 73100,20180309,  101,    0
 11346, 73100,20180310,  146,    0
 11346, 73100,20180311,  143,    0
 11346, 73100,20180312,   98,    0
 11346, 73100,20180313,   86,    0
 11346, 73100,20180314,  116,    0
 11346, 73100,20180315,  141,    0
 11346, 73100,20180316,   88,    0
 11346, 73100,20180317,   81,    0
 11346, 73100,20180318,   76,    0
 11346, 73100,20180319,   69,    0
 11346, 73100,20180320,   77,    0
 11346, 73100,20180321,   77,    0
 11346, 73100,20180322,   93,    0
 11346, 73100,20180323,  100,    0
 11346, 73100,20180324,   64,    0
 11346, 73100,20180325,   85,    0
 11346, 73100,20180326,  100,    0
 11346, 73100,20180327,  107,    0
 11346, 73100,20180328,  126,    0
 11346, 73100,20180329,  109,    0
 11346, 73100,20180330,   99,    0
 11346, 73100,20180331,   94,    0
 11346, 73100,20180401,   91,    0
 11346, 73100,20180402,  113,    0
 11346, 73100,20180403,  130,    0
 11346, 73100,20180404,  142,    0
 11346, 73100,20180405,  126,    0
 11346, 73100,20180406,  129,    0
 11346, 73100,20180407,  127,    0
 11346, 73100,20180408,  106,    0
 11346, 73100,20180409,  130,    0
 11346, 73100,20180410,  112,    0
 11346, 73100,20180411,   96,    0
 11346, 73100,20180412,   92,    0
 11346, 73100,20180413,   99,    0
 11346, 73100,20180414,  118,    0
 11346, 73100,20180415,  151,    0
 11346, 73100,20180416,  147,    0
 11346, 73100,20180417,  162,    0
 11346, 73100,20180418,  175,    0
 11346, 73100,20180419,  170,    0
 11346, 73100,20180420,  163,    0
 11346, 73100,20180421,  175,    0
 11346, 73100,20180422,  169,    0
 11346, 73100,20180423,  172,    0
 11346, 73100,20180424,  191,    0
 11346, 73100,20180425,  193,    0
 11346, 73100,20180426,  169,    0
 11346, 73100,20180427,  161,    0
 11346, 73100,20180428,  169,    0
 11346, 73100,20180429,  125,    0
 11346, 73100,20180430,  123,    0
 11346, 73100,20180501,  119,    0
 11346, 73100,20180502,  148,    0
 11346, 73100,20180503,  160,    0
 11346, 73100,20180504,  179,    0
 11346, 73100,20180505,  180,    0
 11346, 73100,20180506,  175,    0
 11346, 73100,20180507,-9999,    9
 11346, 73100,20180508,-9999,    9
 11346, 73100,20180509,  174,    0
 11346, 73100,20180510,  170,    0
 11346, 73100,20180511,  186,    0
 11346, 73100,20180512,  151,    0
 11346, 73100,20180513,  110,    0
 11346, 73100,20180514,  112,    0
 11346, 73100,20180515,  147,    0
 11346, 73100,20180516,  168,    0
 11346, 73100,20180517,  172,    0
 11346, 73100,20180518,  175,    0
 11346, 73100,20180519,  169,    0
 11346, 73100,20180520,  182,    0
 11346, 73100,20180521,  174,    0
 11346, 73100,20180522,  163,    0
 11346, 73100,20180523,  178,    0
 11346, 73100,20180524,  187,    0
 11346, 73100,20180525,  188,    0
 11346, 73100,20180526,  192,    0
 11346, 73100,20180527,  200,    0
 11346, 73100,20180528,  192,    0
 11346, 73100,20180529,  191,    0
 11346, 73100,20180530,  174,    0
 11346, 73100,20180531,  183,    0
 11346, 73100,20180601,  190,    0
 11346, 73100,20180602,  199,    0
 11346, 73100,20180603,  175,    0
 11346, 73100,20180604,  181,    0
 11346, 73100,20180605,  180,    0
 11346, 73100,20180606,  170,    0
 11346, 73100,20180607,  181,    0
 11346, 73100,20180608,  207,    0
 11346, 73100,20180609,  222,    0
 11346, 73100,20180610,  202,    0
 11346, 73100,20180611,  194,    0
 11346, 73100,20180612,  197,    0
 11346, 73100,20180613,  219,    0
 11346, 73100,20180614,  220,    0
 11346, 73100,20180615,  200,    0
 11346, 73100,20180616,  212,    0
 11346, 73100,20180617,  203,    0
 11346, 73100,20180618,  223,    0
 11346, 73100,20180619,  246,    0
 11346, 73100,20180620,  242,    0
 11346, 73100,20180621,  262,    0
 11346, 73100,20180622,  261,    0
 11346, 73100,20180623,  234,    0
 11346, 73100,20180624,  225,    0
 11346, 73100,20180625,  231,    0
 11346, 73100,20180626,  231,    0
 11346, 73100,20180627,  253,    0
 11346, 73100,20180628,  238,    0
 11346, 73100,20180629,  235,    0
 11346, 73100,20180630,  235,    0
 11346, 73100,20180701,  231,    0
 11346, 73100,20180702,  238,    0
 11346, 73100,20180703,  263,    0
 11346, 73100,20180704,  258,    0
 11346, 73100,20180705,  233,    0
 11346, 73100,20180706,  231,    0
 11346, 73100,20180707,  241,    0
 11346, 73100,20180708,  265,    0
 11346, 73100,20180709,  265,    0
 11346, 73100,20180710,  260,    0
 11346, 73100,20180711,  242,    0
 11346, 73100,20180712,  221,    0
 11346, 73100,20180713,  246,    0
 11346, 73100,20180714,  260,    0
 11346, 73100,20180715,  259,    0
 11346, 73100,20180716,  233,    0
 11346, 73100,20180717,  244,    0
 11346, 73100,20180718,  251,    0
 11346, 73100,20180719,  255,    0
 11346, 73100,20180720,  257,    0
 11346, 73100,20180721,  226,    0
 11346, 73100,20180722,  232,    0
 11346, 73100,20180723,  260,    0
 11346, 73100,20180724,  239,    0
 11346, 73100,20180725,  265,    0
 11346, 73100,20180726,  269,    0
 11346, 73100,20180727,  287,    0
 11346, 73100,20180728,  254,    0
 11346, 73100,20180729,  251,    0
 11346, 73100,20180730,  271,    0
 11346, 73100,20180731,  284,    0
 11346, 73100,20180801,  287,    0
 11346, 73100,20180802,  295,    0
 11346, 73100,20180803,  294,    0
 11346, 73100,20180804,  311,    0
 11346, 73100,20180805,  309,    0
 11346, 73100,20180806,  273,    0
 11346, 73100,20180807,  273,    0
 11346, 73100,20180808,  253,    0
 11346, 73100,20180809,  236,    0
 11346, 73100,20180810,  227,    0
 11346, 73100,20180811,  238,    0
 11346, 73100,20180812,  252,    0
 11346, 73100,20180813,  237,    0
 11346, 73100,20180814,  234,    0
 11346, 73100,20180815,  253,    0
 11346, 73100,20180816,  247,    0
 11346, 73100,20180817,  218,    0
 11346, 73100,20180818,  235,    0
 11346, 73100,20180819,  271,    0
 11346, 73100,20180820,  270,    0
 11346, 73100,20180821,  266,    0
 11346, 73100,20180822,  258,    0
 11346, 73100,20180823,  243,    0
 11346, 73100,20180824,  244,    0
 11346, 73100,20180825,  205,    0
 11346, 73100,20180826,  213,    0
 11346, 73100,20180827,  229,    0
 11346, 73100,20180828,  252,    0
 11346, 73100,20180829,  244,    0
 11346, 73100,20180830,  231,    0
 11346, 73100,20180831,  223,    0
 11346, 73100,20180901,  230,    0
 11346, 73100,20180902,  213,    0
 11346, 73100,20180903,  206,    0
 11346, 73100,20180904,  225,    0
 11346, 73100,20180905,  209,    0
 11346, 73100,20180906,  200,    0
 11346, 73100,20180907,  211,    0
 11346, 73100,20180908,  212,    0
 11346, 73100,20180909,  215,    0
 11346, 73100,20180910,  229,    0
 11346, 73100,20180911,  230,    0
 11346, 73100,20180912,  219,    0
 11346, 73100,20180913,  229,    0
 11346, 73100,20180914,  218,    0
 11346, 73100,20180915,  219,    0
 11346, 73100,20180916,  223,    0
 11346, 73100,20180917,  215,    0
 11346, 73100,20180918,  213,    0
 11346, 73100,20180919,  228,    0
 11346, 73100,20180920,  238,    0
 11346, 73100,20180921,  245,    0
 11346, 73100,20180922,  234,    0
 11346, 73100,20180923,  250,    0
 11346, 73100,20180924,  204,    0
 11346, 73100,20180925,  184,    0
 11346, 73100,20180926,  175,    0
 11346, 73100,20180927,  169,    0
 11346, 73100,20180928,  219,    0
 11346, 73100,20180929,  196,    0
 11346, 73100,20180930,  195,    0
 11346, 73100,20181001,  175,    0
 11346, 73100,20181002,  193,    0
 11346, 73100,20181003,  221,    0
 11346, 73100,20181004,  184,    0
 11346, 73100,20181005,  179,    0
 11346, 73100,20181006,  189,    0
 11346, 73100,20181007,  153,    0
 11346, 73100,20181008,  157,    0
 11346, 73100,20181009,  173,    0
 11346, 73100,20181010,  166,    0
 11346, 73100,20181011,  184,    0
 11346, 73100,20181012,  191,    0
 11346, 73100,20181013,  202,    0
 11346, 73100,20181014,  186,    0
 11346, 73100,20181015,  170,    0
 11346, 73100,20181016,  171,    0
 11346, 73100,20181017,  165,    0
 11346, 73100,20181018,  172,    0
 11346, 73100,20181019,  190,    0
 11346, 73100,20181020,  176,    0
 11346, 73100,20181021,  178,    0
 11346, 73100,20181022,  176,    0
 11346, 73100,20181023,  174,    0
 11346, 73100,20181024,  235,    0
 11346, 73100,20181025,  180,    0
 11346, 73100,20181026,  151,    0
 11346, 73100,20181027,  107,    0
 11346, 73100,20181028,   77,    0
 11346, 73100,20181029,   81,    0
 11346, 73100,20181030,  107,    0
 11346, 73100,20181031,  102,    0
 11346, 73100,20181101,  107,    0
 11346, 73100,20181102,  122,    0
 11346, 73100,20181103,  137,    0
 11346, 73100,20181104,  147,    0
 11346, 73100,20181105,  148,    0
 11346, 73100,20181106,  117,    0
 11346, 73100,20181107,  116,    0
 11346, 73100,20181108,  143,    0
 11346, 73100,20181109,  122,    0
 11346, 73100,20181110,  111,    0
 11346, 73100,20181111,  146,    0
 11346, 73100,20181112,  162,    0
 11346, 73100,20181113,  154,    0
 11346, 73100,20181114,  159,    0
 11346, 73100,20181115,  144,    0
 11346, 73100,20181116,  133,    0
 11346, 73100,20181117,  112,    0
 11346, 73100,20181118,   95,    0
 11346, 73100,20181119,   95,    0
 11346, 73100,20181120,   97,    0
 11346, 73100,20181121,   98,    0
 11346, 73100,20181122,  107,    0
 11346, 73100,20181123,   94,    0
 11346, 73100,20181124,   96,    0
 11346, 73100,20181125,   79,    0
 11346, 73100,20181126,   98,    0
 11346, 73100,20181127,  102,    0
 11346, 73100,20181128,  101,    0
 11346, 73100,20181129,   92,    0
 11346, 73100,20181130,  104,    0
 11346, 73100,20181201,   95,    0
 11346, 73100,20181202,  110,    0
 11346, 73100,20181203,  114,    0
 11346, 73100,20181204,  125,    0
 11346, 73100,20181205,  119,    0
 11346, 73100,20181206,  118,    0
 11346, 73100,20181207,   97,    0
 11346, 73100,20181208,  100,    0
 11346, 73100,20181209,  100,    0
 11346, 73100,20181210,   78,    0
 11346, 73100,20181211,   75,    0
 11346, 73100,20181212,   87,    0
 11346, 73100,20181213,   85,    0
 11346, 73100,20181214,   84,    0
 11346, 73100,20181215,   84,    0
 11346, 73100,20181216,   86,    0
 11346, 73100,20181217,   87,    0
 11346, 73100,20181218,   65,    0
 11346, 73100,20181219,   95,    0
 11346, 73100,20181220,   81,    0
 11346, 73100,20181221,   74,    0
 11346, 73100,20181222,  113,    0
 11346, 73100,20181223,  114,    0
 11346, 73100,20181224,  132,    0
 11346, 73100,20181225,   97,    0
 11346, 73100,20181226,   79,    0
 11346, 73100,20181227,   78,    0
 11346, 73100,20181228,   77,    0
 11346, 73100,20181229,   79,    0
 11346, 73100,20181230,  123,    0
 11346, 73100,20181231,  146,    0
 11346, 73100,20190101,   85,    0
 11346, 73100,20190102,   97,    0
 11346, 73100,20190103,  111,    0
 11346, 73100,20190104,  123,    0
 11346, 73100,20190105,  168,    0
 11346, 73100,20190106,  208,    0
 11346, 73100,20190107,-9999,    9
 11346, 73100,20190108,-9999,    9
 11346, 73100,20190109,-9999,    9
 11346, 73100,20190110,-9999,    9
 11346, 73100,20190111,-9999,    9
 11346, 73100,20190112,-9999,    9
 11346, 73100,20190113,-9999,    9
 11346, 73100,20190114,-9999,    9
 11346, 73100,20190115,-9999,    9
 11346, 73100,20190116,-9999,    9
 11346, 73100,20190117,-9999,    9
 11346, 73100,20190118,-9999,    9
 11346, 73100,20190119,-9999,    9
 11346, 73100,20190120,-9999,    9
 11346, 73100,20190121,-9999,    9
 11346, 73100,20190122,-9999,    9
 11346, 73100,20190123,-9999,    9
 11346, 73100,20190124,-9999,    9
 11346, 73100,20190125,-9999,    9
 11346, 73100,20190126,-9999,    9
 11346, 73100,20190127,-9999,    9
 11346, 73100,20190128,-9999,    9
 11346, 73100,20190129,-9999,    9
 11346, 73100,20190130,-9999,    9
 11346, 73100,20190131,-9999,    9
 11346, 73100,20190201,   82,    0
 11346, 73100,20190202,   72,    0
 11346, 73100,20190203,  106,    0
 11346, 73100,20190204,  113,    0
 11346, 73100,20190205,  140,    0
 11346, 73100,20190206,  211,    0
 11346, 73100,20190207,-9999,    9
 11346, 73100,20190208,-9999,    9
 11346, 73100,20190209,-9999,    9
 11346, 73100,20190210,-9999,    9
 11346, 73100,20190211,-9999,    9
 11346, 73100,20190212,-9999,    9
 11346, 73100,20190213,-9999,    9
 11346, 73100,20190214,-9999,    9
 11346, 73100,20190215,-9999,    9
 11346, 73100,20190216,-9999,    9
 11346, 73100,20190217,-9999,    9
 11346, 73100,20190218,-9999,    9
 11346, 73100,20190219,-9999,    9
 11346, 73100,20190220,-9999,    9
 11346, 73100,20190221,-9999,    9
 11346, 73100,20190222,-9999,    9
 11346, 73100,20190223,-9999,    9
 11346, 73100,20190224,-9999,    9
 11346, 73100,20190225,-9999,    9
 11346, 73100,20190226,-9999,    9
 11346, 73100,20190227,-9999,    9
 11346, 73100,20190228,-9999,    9
 11346, 73100,20190301,   95,    0
 11346, 73100,20190302,   67,    0
 11346, 73100,20190303,  117,    0
 11346, 73100,20190304,   85,    0
 11346, 73100,20190305,  120,    0
 11346, 73100,20190306,  203,    0
 11346, 73100,20190307,-9999,    9
 11346, 73100,20190308,-9999,    9
 11346, 73100,20190309,-9999,    9
 11346, 73100,20190310,-9999,    9
 11346, 73100,20190311,-9999,    9
 11346, 73100,20190312,-9999,    9
 11346, 73100,20190313,-9999,    9
 11346, 73100,20190314,-9999,    9
 11346, 73100,20190315,-9999,    9
 11346, 73100,20190316,-9999,    9
 11346, 73100,20190317,-9999,    9
 11346, 73100,20190318,-9999,    9
 11346, 73100,20190319,-9999,    9
 11346, 73100,20190320,-9999,    9
 11346, 73100,20190321,-9999,    9
 11346, 73100,20190322,-9999,    9
 11346, 73100,20190323,-9999,    9
 11346, 73100,20190324,-9999,    9
 11346, 73100,20190325,-9999,    9
 11346, 73100,20190326,-9999,    9
 11346, 73100,20190327,-9999,    9
 11346, 73100,20190328,-9999,    9
 11346, 73100,20190329,-9999,    9
 11346, 73100,20190330,-9999,    9
 11346, 73100,20190331,-9999,    9
 11346, 73100,20190401,   69,    0
 11346, 73100,20190402,   79,    0
 11346, 73100,20190403,  113,    0
 11346, 73100,20190404,   84,    0
 11346, 73100,20190405,  145,    0
 11346, 73100,20190406,  214,    0
 11346, 73100,20190407,-9999,    9
 11346, 73100,20190408,-9999,    9
 11346, 73100,20190409,-9999,    9
 11346, 73100,20190410,-9999,    9
 11346, 73100,20190411,-9999,    9
 11346, 73100,20190412,-9999,    9
 11346, 73100,20190413,-9999,    9
 11346, 73100,20190414,-9999,    9
 11346, 73100,20190415,-9999,    9
 11346, 73100,20190416,-9999,    9
 11346, 73100,20190417,-9999,    9
 11346, 73100,20190418,-9999,    9
 11346, 73100,20190419,-9999,    9
 11346, 73100,20190420,-9999,    9
 11346, 73100,20190421,-9999,    9
 11346, 73100,20190422,-9999,    9
 11346, 73100,20190423,-9999,    9
 11346, 73100,20190424,-9999,    9
 11346, 73100,20190425,-9999,    9
 11346, 73100,20190426,-9999,    9
 11346, 73100,20190427,-9999,    9
 11346, 73100,20190428,-9999,    9
 11346, 73100,20190429,-9999,    9
 11346, 73100,20190430,-9999,    9
 11346, 73100,20190501,  123,    0
 11346, 73100,20190502,   80,    0
 11346, 73100,20190503,  118,    0
 11346, 73100,20190504,  104,    0
 11346, 73100,20190505,  123,    0
 11346, 73100,20190506,  175,    0
 11346, 73100,20190507,-9999,    9
 11346, 73100,20190508,-9999,    9
 11346, 73100,20190509,-9999,    9
 11346, 73100,20190510,-9999,    9
 11346, 73100,20190511,-9999,    9
 11346, 73100,20190512,-9999,    9
 11346, 73100,20190513,-9999,    9
 11346, 73100,20190514,-9999,    9
 11346, 73100,20190515,-9999,    9
 11346, 73100,20190516,-9999,    9
 11346, 73100,20190517,-9999,    9
 11346, 73100,20190518,-9999,    9
 11346, 73100,20190519,-9999,    9
 11346, 73100,20190520,-9999,    9
 11346, 73100,20190521,-9999,    9
 11346, 73100,20190522,-9999,    9
 11346, 73100,20190523,-9999,    9
 11346, 73100,20190524,-9999,    9
 11346, 73100,20190525,-9999,    9
 11346, 73100,20190526,-9999,    9
 11346, 73100,20190527,-9999,    9
 11346, 73100,20190528,-9999,    9
 11346, 73100,20190529,-9999,    9
 11346, 73100,20190530,-9999,    9
 11346, 73100,20190531,-9999,    9
 11346, 73100,20190601,  134,    0
 11346, 73100,20190602,   94,    0
 11346, 73100,20190603,  122,    0
 11346, 73100,20190604,  104,    0
 11346, 73100,20190605,  136,    0
 11346, 73100,20190606,  172,    0
 11346, 73100,20190607,-9999,    9
 11346, 73100,20190608,-9999,    9
 11346, 73100,20190609,-9999,    9
 11346, 73100,20190610,-9999,    9
 11346, 73100,20190611,-9999,    9
 11346, 73100,20190612,-9999,    9
 11346, 73100,20190613,-9999,    9
 11346, 73100,20190614,-9999,    9
 11346, 73100,20190615,-9999,    9
 11346, 73100,20190616,-9999,    9
 11346, 73100,20190617,-9999,    9
 11346, 73100,20190618,-9999,    9
 11346, 73100,20190619,-9999,    9
 11346, 73100,20190620,-9999,    9
 11346, 73100,20190621,-9999,    9
 11346, 73100,20190622,-9999,    9
 11346, 73100,20190623,-9999,    9
 11346, 73100,20190624,-9999,    9
 11346, 73100,20190625,-9999,    9
 11346, 73100,20190626,-9999,    9
 11346, 73100,20190627,-9999,    9
 11346, 73100,20190628,-9999,    9
 11346, 73100,20190629,-9999,    9
 11346, 73100,20190630,-9999,    9
 11346, 73100,20190701,  264,    0
 11346, 73100,20190702,  272,    0
 11346, 73100,20190703,  258,    0
 11346, 73100,20190704,  270,    0
 11346, 73100,20190705,  266,    0
 11346, 73100,20190706,  275,    0
 11346, 73100,20190707,  275,    0
 11346, 73100,20190708,  271,    0
 11346, 73100,20190709,  229,    0
 11346, 73100,20190710,  259,    0
 11346, 73100,20190711,  268,    0
 11346, 73100,20190712,  276,    0
 11346, 73100,20190713,  279,    0
 11346, 73100,20190714,  266,    0
 11346, 73100,20190715,  267,    0
 11346, 73100,20190716,  259,    0
 11346, 73100,20190717,  256,    0
 11346, 73100,20190718,  250,    0
 11346, 73100,20190719,  239,    0
 11346, 73100,20190720,  245,    0
 11346, 73100,20190721,  257,    0
 11346, 73100,20190722,  283,    0
 11346, 73100,20190723,  270,    0
 11346, 73100,20190724,  272,    0
 11346, 73100,20190725,  265,    0
 11346, 73100,20190726,  257,    0
 11346, 73100,20190727,  205,    0
 11346, 73100,20190728,  222,    0
 11346, 73100,20190729,  240,    0
 11346, 73100,20190730,  234,    0
 11346, 73100,20190731,  234,    0
 11346, 73100,20190801,  247,    0
 11346, 73100,20190802,  252,    0
 11346, 73100,20190803,  260,    0
 11346, 73100,20190804,  273,    0
 11346, 73100,20190805,  261,    0
 11346, 73100,20190806,  257,    0
 11346, 73100,20190807,  253,    0
 11346, 73100,20190808,  269,    0
 11346, 73100,20190809,  280,    0
 11346, 73100,20190810,  279,    0
 11346, 73100,20190811,  257,    0
 11346, 73100,20190812,  226,    0
 11346, 73100,20190813,  217,    0
 11346, 73100,20190814,  232,    0
 11346, 73100,20190815,  234,    0
 11346, 73100,20190816,  240,    0
 11346, 73100,20190817,  256,    0
 11346, 73100,20190818,  263,    0
 11346, 73100,20190819,  242,    0
 11346, 73100,20190820,  221,    0
 11346, 73100,20190821,  240,    0
 11346, 73100,20190822,  253,    0
 11346, 73100,20190823,  244,    0
 11346, 73100,20190824,  240,    0
 11346, 73100,20190825,  248,    0
 11346, 73100,20190826,  247,    0
 11346, 73100,20190827,  226,    0
 11346, 73100,20190828,  249,    0
 11346, 73100,20190829,  262,    0
 11346, 73100,20190830,  279,    0
 11346, 73100,20190831,  259,    0
 11346, 73100,20190901,  235,    0
 11346, 73100,20190902,  220,    0
 11346, 73100,20190903,  224,    0
 11346, 73100,20190904,  239,    0
 11346, 73100,20190905,  222,    0
 11346, 73100,20190906,  209,    0
 11346, 73100,20190907,  213,    0
 11346, 73100,20190908,  206,    0
 11346, 73100,20190909,  204,    0
 11346, 73100,20190910,  163,    0
 11346, 73100,20190911,  213,    0
 11346, 73100,20190912,  240,    0
 11346, 73100,20190913,  222,    0
 11346, 73100,20190914,  228,    0
 11346, 73100,20190915,  222,    0
 11346, 73100,20190916,  227,    0
 11346, 73100,20190917,  238,    0
 11346, 73100,20190918,  240,    0
 11346, 73100,20190919,  212,    0
 11346, 73100,20190920,  206,    0
 11346, 73100,20190921,  185,    0
 11346, 73100,20190922,  191,    0
 11346, 73100,20190923,  204,    0
 11346, 73100,20190924,  205,    0
 11346, 73100,20190925,  188,    0
 11346, 73100,20190926,  197,    0
 11346, 73100,20190927,  211,    0
 11346, 73100,20190928,  203,    0
 11346, 73100,20190929,  199,    0
 11346, 73100,20190930,  204,    0
 11346, 73100,20191001,  213,    0
 11346, 73100,20191002,-9999,    9
 11346, 73100,20191003,  189,    0
 11346, 73100,20191004,  184,    0
 11346, 73100,20191005,  188,    0
 11346, 73100,20191006,  182,    0
 11346, 73100,20191007,  182,    0
 11346, 73100,20191008,  185,    0
 11346, 73100,20191009,  174,    0
 11346, 73100,20191010,  180,    0
 11346, 73100,20191011,  178,    0
 11346, 73100,20191012,  203,    0
 11346, 73100,20191013,  205,    0
 11346, 73100,20191014,  204,    0
 11346, 73100,20191015,  169,    0
 11346, 73100,20191016,  156,    0
 11346, 73100,20191017,  166,    0
 11346, 73100,20191018,  172,    0
 11346, 73100,20191019,  199,    0
 11346, 73100,20191020,  192,    0
 11346, 73100,20191021,  139,    0
 11346, 73100,20191022,  152,    0
 11346, 73100,20191023,  147,    0
 11346, 73100,20191024,  139,    0
 11346, 73100,20191025,  157,    0
 11346, 73100,20191026,  154,    0
 11346, 73100,20191027,  161,    0
 11346, 73100,20191028,  165,    0
 11346, 73100,20191029,  162,    0
 11346, 73100,20191030,  166,    0
 11346, 73100,20191031,  164,    0
 11346, 73100,20191101,  152,    0
 11346, 73100,20191102,  161,    0
 11346, 73100,20191103,  151,    0
 11346, 73100,20191104,  144,    0
 11346, 73100,20191105,  114,    0
 11346, 73100,20191106,  118,    0
 11346, 73100,20191107,   93,    0
 11346, 73100,20191108,   89,    0
 11346, 73100,20191109,  101,    0
 11346, 73100,20191110,  109,    0
 11346, 73100,20191111,  114,    0
 11346, 73100,20191112,  116,    0
 11346, 73100,20191113,   92,    0
 11346, 73100,20191114,   65,    0
 11346, 73100,20191115,   64,    0
 11346, 73100,20191116,   64,    0
 11346, 73100,20191117,   73,    0
 11346, 73100,20191118,   75,    0
 11346, 73100,20191119,   60,    0
 11346, 73100,20191120,   70,    0
 11346, 73100,20191121,   76,    0
 11346, 73100,20191122,  100,    0
 11346, 73100,20191123,  122,    0
 11346, 73100,20191124,  108,    0
 11346, 73100,20191125,  108,    0
 11346, 73100,20191126,  103,    0
 11346, 73100,20191127,  136,    0
 11346, 73100,20191128,  114,    0
 11346, 73100,20191129,  117,    0
 11346, 73100,20191130,  108,    0
 11346, 73100,20191201,  104,    0
 11346, 73100,20191202,  109,    0
 11346, 73100,20191203,   94,    0
 11346, 73100,20191204,   88,    0
 11346, 73100,20191205,  106,    0
 11346, 73100,20191206,   97,    0
 11346, 73100,20191207,   93,    0
 11346, 73100,20191208,   90,    0
 11346, 73100,20191209,  103,    0
 11346, 73100,20191210,   95,    0
 11346, 73100,20191211,   76,    0
 11346, 73100,20191212,   83,    0
 11346, 73100,20191213,  107,    0
 11346, 73100,20191214,  105,    0
 11346, 73100,20191215,   93,    0
 11346, 73100,20191216,   93,    0
 11346, 73100,20191217,  123,    0
 11346, 73100,20191218,  123,    0
 11346, 73100,20191219,  118,    0
 11346, 73100,20191220,  141,    0
 11346, 73100,20191221,  122,    0
 11346, 73100,20191222,  115,    0
 11346, 73100,20191223,  104,    0
 11346, 73100,20191224,  105,    0
 11346, 73100,20191225,  116,    0
 11346, 73100,20191226,  107,    0
 11346, 73100,20191227,  105,    0
 11346, 73100,20191228,   84,    0
 11346, 73100,20191229,   70,    0
 11346, 73100,20191230,   71,    0
 11346, 73100,20191231,   81,    0
 11346, 73100,20200101,   71,    0
 11346, 73100,20200102,   68,    0
 11346, 73100,20200103,   72,    0
 11346, 73100,20200104,   86,    0
 11346, 73100,20200105,  104,    0
 11346, 73100,20200106,   74,    0
 11346, 73100,20200107,   84,    0
 11346, 73100,20200108,  106,    0
 11346, 73100,20200109,   77,    0
 11346, 73100,20200110,  102,    0
 11346, 73100,20200111,   75,    0
 11346, 73100,20200112,   55,    0
 11346, 73100,20200113,   56,    0
 11346, 73100,20200114,   57,    0
 11346, 73100,20200115,   57,    0
 11346, 73100,20200116,   73,    0
 11346, 73100,20200117,   76,    0
 11346, 73100,20200118,   73,    0
 11346, 73100,20200119,   82,    0
 11346, 73100,20200120,   53,    0
 11346, 73100,20200121,   73,    0
 11346, 73100,20200122,  118,    0
 11346, 73100,20200123,  115,    0
 11346, 73100,20200124,   83,    0
 11346, 73100,20200125,   85,    0
 11346, 73100,20200126,   87,    0
 11346, 73100,20200127,   74,    0
 11346, 73100,20200128,   89,    0
 11346, 73100,20200129,   94,    0
 11346, 73100,20200130,   96,    0
 11346, 73100,20200131,  125,    0
 11346, 73100,20200201,  117,    0
 11346, 73100,20200202,  134,    0
 11346, 73100,20200203,  149,    0
 11346, 73100,20200204,  118,    0
 11346, 73100,20200205,   98,    0
 11346, 73100,20200206,   76,    0
 11346, 73100,20200207,   79,    0
 11346, 73100,20200208,   94,    0
 11346, 73100,20200209,   97,    0
 11346, 73100,20200210,  117,    0
 11346, 73100,20200211,  110,    0
 11346, 73100,20200212,   99,    0
 11346, 73100,20200213,   96,    0
 11346, 73100,20200214,  111,    0
 11346, 73100,20200215,  102,    0
 11346, 73100,20200216,  124,    0
 11346, 73100,20200217,  121,    0
 11346, 73100,20200218,  110,    0
 11346, 73100,20200219,   94,    0
 11346, 73100,20200220,   95,    0
 11346, 73100,20200221,  108,    0
 11346, 73100,20200222,  105,    0
 11346, 73100,20200223,  123,    0
 11346, 73100,20200224,  130,    0
 11346, 73100,20200225,  109,    0
 11346, 73100,20200226,  101,    0
 11346, 73100,20200227,  106,    0
 11346, 73100,20200228,  117,    0
 11346, 73100,20200229,  140,    0
 11346, 73100,20200301,  124,    0
 11346, 73100,20200302,  117,    0
 11346, 73100,20200303,   80,    0
 11346, 73100,20200304,   95,    0
 11346, 73100,20200305,  102,    0
 11346, 73100,20200306,   90,    0
 11346, 73100,20200307,  108,    0
 11346, 73100,20200308,  104,    0
 11346, 73100,20200309,  116,    0
 11346, 73100,20200310,  116,    0
 11346, 73100,20200311,  129,    0
 11346, 73100,20200312,  146,    0
 11346, 73100,20200313,  134,    0
 11346, 73100,20200314,  116,    0
 11346, 73100,20200315,  117,    0
 11346, 73100,20200316,  112,    0
 11346, 73100,20200317,  115,    0
 11346, 73100,20200318,  120,    0
 11346, 73100,20200319,  111,    0
 11346, 73100,20200320,  103,    0
 11346, 73100,20200321,  108,    0
 11346, 73100,20200322,  119,    0
 11346, 73100,20200323,  106,    0
 11346, 73100,20200324,   95,    0
 11346, 73100,20200325,   84,    0
 11346, 73100,20200326,   54,    0
 11346, 73100,20200327,   92,    0
 11346, 73100,20200328,  128,    0
 11346, 73100,20200329,  132,    0
 11346, 73100,20200330,   74,    0
 11346, 73100,20200331,   97,    0
 11346, 73100,20200401,   89,    0
 11346, 73100,20200402,   90,    0
 11346, 73100,20200403,  124,    0
 11346, 73100,20200404,  115,    0
 11346, 73100,20200405,  115,    0
 11346, 73100,20200406,  116,    0
 11346, 73100,20200407,  129,    0
 11346, 73100,20200408,  135,    0
 11346, 73100,20200409,  135,    0
 11346, 73100,20200410,  137,    0
 11346, 73100,20200411,  139,    0
 11346, 73100,20200412,  139,    0
 11346, 73100,20200413,  112,    0
 11346, 73100,20200414,  153,    0
 11346, 73100,20200415,  128,    0
 11346, 73100,20200416,  144,    0
 11346, 73100,20200417,  149,    0
 11346, 73100,20200418,  155,    0
 11346, 73100,20200419,  151,    0
 11346, 73100,20200420,  148,    0
 11346, 73100,20200421,  130,    0
 11346, 73100,20200422,  116,    0
 11346, 73100,20200423,  150,    0
 11346, 73100,20200424,  164,    0
 11346, 73100,20200425,  156,    0
 11346, 73100,20200426,  150,    0
 11346, 73100,20200427,  165,    0
 11346, 73100,20200428,  140,    0
 11346, 73100,20200429,  163,    0
 11346, 73100,20200430,  150,    0
 11346, 73100,20200501,  169,    0
 11346, 73100,20200502,  188,    0
 11346, 73100,20200503,  194,    0
 11346, 73100,20200504,  201,    0
 11346, 73100,20200505,  199,    0
 11346, 73100,20200506,  219,    0
 11346, 73100,20200507,  196,    0
 11346, 73100,20200508,  194,    0
 11346, 73100,20200509,  170,    0
 11346, 73100,20200510,  162,    0
 11346, 73100,20200511,  155,    0
 11346, 73100,20200512,  156,    0
 11346, 73100,20200513,  173,    0
 11346, 73100,20200514,  154,    0
 11346, 73100,20200515,  155,    0
 11346, 73100,20200516,  169,    0
 11346, 73100,20200517,  194,    0
 11346, 73100,20200518,  202,    0
 11346, 73100,20200519,  227,    0
 11346, 73100,20200520,  226,    0
 11346, 73100,20200521,  235,    0
 11346, 73100,20200522,  232,    0
 11346, 73100,20200523,  203,    0
 11346, 73100,20200524,  195,    0
 11346, 73100,20200525,  208,    0
 11346, 73100,20200526,  222,    0
 11346, 73100,20200527,  204,    0
 11346, 73100,20200528,  200,    0
 11346, 73100,20200529,  206,    0
 11346, 73100,20200530,  186,    0
 11346, 73100,20200531,  191,    0
 11346, 73100,20200601,  189,    0
 11346, 73100,20200602,  200,    0
 11346, 73100,20200603,  198,    0
 11346, 73100,20200604,  153,    0
 11346, 73100,20200605,  180,    0
 11346, 73100,20200606,  181,    0
 11346, 73100,20200607,  149,    0
 11346, 73100,20200608,  163,    0
 11346, 73100,20200609,  165,    0
 11346, 73100,20200610,  170,    0
 11346, 73100,20200611,  178,    0
 11346, 73100,20200612,  213,    0
 11346, 73100,20200613,  178,    0
 11346, 73100,20200614,  194,    0
 11346, 73100,20200615,  192,    0
 11346, 73100,20200616,  179,    0
 11346, 73100,20200617,  163,    0
 11346, 73100,20200618,  166,    0
 11346, 73100,20200619,  190,    0
 11346, 73100,20200620,  215,    0
 11346, 73100,20200621,  231,    0
 11346, 73100,20200622,  233,    0
 11346, 73100,20200623,  230,    0
 11346, 73100,20200624,  230,    0
 11346, 73100,20200625,  228,    0
 11346, 73100,20200626,  242,    0
 11346, 73100,20200627,  235,    0
 11346, 73100,20200628,  247,    0
 11346, 73100,20200629,  226,    0
 11346, 73100,20200630,  240,    0
 11346, 73100,20200701,  258,    0
 11346, 73100,20200702,  216,    0
 11346, 73100,20200703,  206,    0
 11346, 73100,20200704,  227,    0
 11346, 73100,20200705,  246,    0
 11346, 73100,20200706,  237,    0
 11346, 73100,20200707,  237,    0
 11346, 73100,20200708,  234,    0
 11346, 73100,20200709,  254,    0
 11346, 73100,20200710,  246,    0
 11346, 73100,20200711,  235,    0
 11346, 73100,20200712,  231,    0
 11346, 73100,20200713,  242,    0
 11346, 73100,20200714,  226,    0
 11346, 73100,20200715,  216,    0
 11346, 73100,20200716,  215,    0
 11346, 73100,20200717,  238,    0
 11346, 73100,20200718,  241,    0
 11346, 73100,20200719,  243,    0
 11346, 73100,20200720,  251,    0
 11346, 73100,20200721,  250,    0
 11346, 73100,20200722,  259,    0
 11346, 73100,20200723,  251,    0
 11346, 73100,20200724,  246,    0
 11346, 73100,20200725,  246,    0
 11346, 73100,20200726,  256,    0
 11346, 73100,20200727,  266,    0
 11346, 73100,20200728,  262,    0
 11346, 73100,20200729,  266,    0
 11346, 73100,20200730,  270,    0
 11346, 73100,20200731,  273,    0
 11346, 73100,20200801,  283,    0
 11346, 73100,20200802,  248,    0
 11346, 73100,20200803,  239,    0
 11346, 73100,20200804,  240,    0
 11346, 73100,20200805,  242,    0
 11346, 73100,20200806,  253,    0
 11346, 73100,20200807,  258,    0
 11346, 73100,20200808,  269,    0
 11346, 73100,20200809,  260,    0
 11346, 73100,20200810,  263,    0
 11346, 73100,20200811,  267,    0
 11346, 73100,20200812,  254,    0
 11346, 73100,20200813,  247,    0
 11346, 73100,20200814,  233,    0
 11346, 73100,20200815,  251,    0
 11346, 73100,20200816,  243,    0
 11346, 73100,20200817,  238,    0
 11346, 73100,20200818,  247,    0
 11346, 73100,20200819,  262,    0
 11346, 73100,20200820,  271,    0
 11346, 73100,20200821,  260,    0
 11346, 73100,20200822,  259,    0
 11346, 73100,20200823,  247,    0
 11346, 73100,20200824,  242,    0
 11346, 73100,20200825,  256,    0
 11346, 73100,20200826,  253,    0
 11346, 73100,20200827,  261,    0
 11346, 73100,20200828,  217,    0
 11346, 73100,20200829,  181,    0
 11346, 73100,20200830,  184,    0
 11346, 73100,20200831,  202,    0
 11346, 73100,20200901,  202,    0
 11346, 73100,20200902,  213,    0
 11346, 73100,20200903,  210,    0
 11346, 73100,20200904,  220,    0
 11346, 73100,20200905,  227,    0
 11346, 73100,20200906,  199,    0
 11346, 73100,20200907,  212,    0
 11346, 73100,20200908,  210,    0
 11346, 73100,20200909,  200,    0
 11346, 73100,20200910,  222,    0
 11346, 73100,20200911,  249,    0
 11346, 73100,20200912,  244,    0
 11346, 73100,20200913,  239,    0
 11346, 73100,20200914,  224,    0
 11346, 73100,20200915,  222,    0
 11346, 73100,20200916,  235,    0
 11346, 73100,20200917,  235,    0
 11346, 73100,20200918,  207,    0
 11346, 73100,20200919,  209,    0
 11346, 73100,20200920,  210,    0
 11346, 73100,20200921,  184,    0
 11346, 73100,20200922,  184,    0
 11346, 73100,20200923,  199,    0
 11346, 73100,20200924,  199,    0
 11346, 73100,20200925,  160,    0
 11346, 73100,20200926,  144,    0
 11346, 73100,20200927,  138,    0
 11346, 73100,20200928,  157,    0
 11346, 73100,20200929,  155,    0
 11346, 73100,20200930,  168,    0
 11346, 73100,20201001,  178,    0
 11346, 73100,20201002,  142,    0
 11346, 73100,20201003,  129,    0
 11346, 73100,20201004,  131,    0
 11346, 73100,20201005,  143,    0
 11346, 73100,20201006,  168,    0
 11346, 73100,20201007,  175,    0
 11346, 73100,20201008,  171,    0
 11346, 73100,20201009,  180,    0
 11346, 73100,20201010,  166,    0
 11346, 73100,20201011,  148,    0
 11346, 73100,20201012,  150,    0
 11346, 73100,20201013,  133,    0
 11346, 73100,20201014,  104,    0
 11346, 73100,20201015,  113,    0
 11346, 73100,20201016,  121,    0
 11346, 73100,20201017,  111,    0
 11346, 73100,20201018,  123,    0
 11346, 73100,20201019,  150,    0
 11346, 73100,20201020,  165,    0
 11346, 73100,20201021,  183,    0
 11346, 73100,20201022,  173,    0
 11346, 73100,20201023,  173,    0
 11346, 73100,20201024,  147,    0
 11346, 73100,20201025,  137,    0
 11346, 73100,20201026,  122,    0
 11346, 73100,20201027,  119,    0
 11346, 73100,20201028,  150,    0
 11346, 73100,20201029,  148,    0
 11346, 73100,20201030,  150,    0
 11346, 73100,20201031,  137,    0
 11346, 73100,20201101,  125,    0
 11346, 73100,20201102,  141,    0
 11346, 73100,20201103,  141,    0
 11346, 73100,20201104,  114,    0
 11346, 73100,20201105,  128,    0
 11346, 73100,20201106,  149,    0
 11346, 73100,20201107,  152,    0
 11346, 73100,20201108,  136,    0
 11346, 73100,20201109,  128,    0
 11346, 73100,20201110,  135,    0
 11346, 73100,20201111,  125,    0
 11346, 73100,20201112,  120,    0
 11346, 73100,20201113,  124,    0
 11346, 73100,20201114,  131,    0
 11346, 73100,20201115,  139,    0
 11346, 73100,20201116,  143,    0
 11346, 73100,20201117,  117,    0
 11346, 73100,20201118,  116,    0
 11346, 73100,20201119,  132,    0
 11346, 73100,20201120,  118,    0
 11346, 73100,20201121,   85,    0
 11346, 73100,20201122,   76,    0
 11346, 73100,20201123,   84,    0
 11346, 73100,20201124,   87,    0
 11346, 73100,20201125,  113,    0
 11346, 73100,20201126,  127,    0
 11346, 73100,20201127,  132,    0
 11346, 73100,20201128,  119,    0
 11346, 73100,20201129,  125,    0
 11346, 73100,20201130,   94,    0
 11346, 73100,20201201,   90,    0
 11346, 73100,20201202,   91,    0
 11346, 73100,20201203,   74,    0
 11346, 73100,20201204,   71,    0
 11346, 73100,20201205,   56,    0
 11346, 73100,20201206,   61,    0
 11346, 73100,20201207,   59,    0
 11346, 73100,20201208,   79,    0
 11346, 73100,20201209,   75,    0
 11346, 73100,20201210,   73,    0
 11346, 73100,20201211,   82,    0
 11346, 73100,20201212,  100,    0
 11346, 73100,20201213,   81,    0
 11346, 73100,20201214,   87,    0
 11346, 73100,20201215,  107,    0
 11346, 73100,20201216,   88,    0
 11346, 73100,20201217,  100,    0
 11346, 73100,20201218,  122,    0
 11346, 73100,20201219,  110,    0
 11346, 73100,20201220,  103,    0
 11346, 73100,20201221,   93,    0
 11346, 73100,20201222,   98,    0
 11346, 73100,20201223,   89,    0
 11346, 73100,20201224,   96,    0
 11346, 73100,20201225,   70,    0
 11346, 73100,20201226,   60,    0
 11346, 73100,20201227,   28,    0
 11346, 73100,20201228,   60,    0
 11346, 73100,20201229,   55,    0
 11346, 73100,20201230,   56,    0
 11346, 73100,20201231,   63,    0
 11346, 73100,20210101,   59,    0
 11346, 73100,20210102,   35,    0
 11346, 73100,20210103,   31,    0
 11346, 73100,20210104,   31,    0
 11346, 73100,20210105,   22,    0
 11346, 73100,20210106,   24,    0
 11346, 73100,20210107,   26,    0
 11346, 73100,20210108,   49,    0
 11346, 73100,20210109,   31,    0
 11346, 73100,20210110,   39,    0
 11346, 73100,20210111,   29,    0
 11346, 73100,20210112,   40,    0
 11346, 73100,20210113,   73,    0
 11346, 73100,20210114,   64,    0
 11346, 73100,20210115,   89,    0
 11346, 73100,20210116,   72,    0
 11346, 73100,20210117,   80,    0
 11346, 73100,20210118,   57,    0
 11346, 73100,20210119,   54,    0
 11346, 73100,20210120,   84,    0
 11346, 73100,20210121,   80,    0
 11346, 73100,20210122,   92,    0
 11346, 73100,20210123,   64,    0
 11346, 73100,20210124,   81,    0
 11346, 73100,20210125,   72,    0
 11346, 73100,20210126,   68,    0
 11346, 73100,20210127,  101,    0
 11346, 73100,20210128,  111,    0
 11346, 73100,20210129,  117,    0
 11346, 73100,20210130,   89,    0
 11346, 73100,20210131,  107,    0
 11346, 73100,20210201,  105,    0
 11346, 73100,20210202,  109,    0
 11346, 73100,20210203,  106,    0
 11346, 73100,20210204,  105,    0
 11346, 73100,20210205,  112,    0
 11346, 73100,20210206,  123,    0
 11346, 73100,20210207,   73,    0
 11346, 73100,20210208,   69,    0
 11346, 73100,20210209,   88,    0
 11346, 73100,20210210,   85,    0
 11346, 73100,20210211,   92,    0
 11346, 73100,20210212,   84,    0
 11346, 73100,20210213,  107,    0
 11346, 73100,20210214,   63,    0
 11346, 73100,20210215,   76,    0
 11346, 73100,20210216,   87,    0
 11346, 73100,20210217,  106,    0
 11346, 73100,20210218,  101,    0
 11346, 73100,20210219,  104,    0
 11346, 73100,20210220,  103,    0
 11346, 73100,20210221,  111,    0
 11346, 73100,20210222,  122,    0
 11346, 73100,20210223,  130,    0
 11346, 73100,20210224,  124,    0
 11346, 73100,20210225,  112,    0
 11346, 73100,20210226,  126,    0
 11346, 73100,20210227,  118,    0
 11346, 73100,20210228,  110,    0
 11346, 73100,20210301,  110,    0
 11346, 73100,20210302,  109,    0
 11346, 73100,20210303,  109,    0
 11346, 73100,20210304,  116,    0
 11346, 73100,20210305,  115,    0
 11346, 73100,20210306,  104,    0
 11346, 73100,20210307,  106,    0
 11346, 73100,20210308,  119,    0
 11346, 73100,20210309,  115,    0
 11346, 73100,20210310,   88,    0
 11346, 73100,20210311,  127,    0
 11346, 73100,20210312,   95,    0
 11346, 73100,20210313,  101,    0
 11346, 73100,20210314,   98,    0
 11346, 73100,20210315,  108,    0
 11346, 73100,20210316,  132,    0
 11346, 73100,20210317,  126,    0
 11346, 73100,20210318,   97,    0
 11346, 73100,20210319,   79,    0
 11346, 73100,20210320,   92,    0
 11346, 73100,20210321,  123,    0
 11346, 73100,20210322,  128,    0
 11346, 73100,20210323,  101,    0
 11346, 73100,20210324,  115,    0
 11346, 73100,20210325,  120,    0
 11346, 73100,20210326,  127,    0
 11346, 73100,20210327,  125,    0
 11346, 73100,20210328,  116,    0
 11346, 73100,20210329,  118,    0
 11346, 73100,20210330,  125,    0
 11346, 73100,20210331,  118,    0
 11346, 73100,20210401,  125,    0
 11346, 73100,20210402,  142,    0
 11346, 73100,20210403,  167,    0
 11346, 73100,20210404,  136,    0
 11346, 73100,20210405,  136,    0
 11346, 73100,20210406,  119,    0
 11346, 73100,20210407,   89,    0
 11346, 73100,20210408,  100,    0
 11346, 73100,20210409,  101,    0
 11346, 73100,20210410,  107,    0
 11346, 73100,20210411,  113,    0
 11346, 73100,20210412,  113,    0
 11346, 73100,20210413,  111,    0
 11346, 73100,20210414,  108,    0
 11346, 73100,20210415,   99,    0
 11346, 73100,20210416,  108,    0
 11346, 73100,20210417,  111,    0
 11346, 73100,20210418,  132,    0
 11346, 73100,20210419,  120,    0
 11346, 73100,20210420,  120,    0
 11346, 73100,20210421,  107,    0
 11346, 73100,20210422,  117,    0
 11346, 73100,20210423,  142,    0
 11346, 73100,20210424,  139,    0
 11346, 73100,20210425,  139,    0
 11346, 73100,20210426,  126,    0
 11346, 73100,20210427,  133,    0
 11346, 73100,20210428,  132,    0
 11346, 73100,20210429,  134,    0
 11346, 73100,20210430,  133,    0
 11346, 73100,20210501,  117,    0
 11346, 73100,20210502,  110,    0
 11346, 73100,20210503,  134,    0
 11346, 73100,20210504,  153,    0
 11346, 73100,20210505,  156,    0
 11346, 73100,20210506,  179,    0
 11346, 73100,20210507,  169,    0
 11346, 73100,20210508,  193,    0
 11346, 73100,20210509,  168,    0
 11346, 73100,20210510,  157,    0
 11346, 73100,20210511,  130,    0
 11346, 73100,20210512,  143,    0
 11346, 73100,20210513,  156,    0
 11346, 73100,20210514,  156,    0
 11346, 73100,20210515,  164,    0
 11346, 73100,20210516,  164,    0
 11346, 73100,20210517,  152,    0
 11346, 73100,20210518,  165,    0
 11346, 73100,20210519,  160,    0
 11346, 73100,20210520,  165,    0
 11346, 73100,20210521,  188,    0
 11346, 73100,20210522,  153,    0
 11346, 73100,20210523,  148,    0
 11346, 73100,20210524,  156,    0
 11346, 73100,20210525,  156,    0
 11346, 73100,20210526,  168,    0
 11346, 73100,20210527,  192,    0
 11346, 73100,20210528,  194,    0
 11346, 73100,20210529,  201,    0
 11346, 73100,20210530,  189,    0
 11346, 73100,20210531,  187,    0
 11346, 73100,20210601,  194,    0
 11346, 73100,20210602,  191,    0
 11346, 73100,20210603,  197,    0
 11346, 73100,20210604,  200,    0
 11346, 73100,20210605,  209,    0
 11346, 73100,20210606,  216,    0
 11346, 73100,20210607,  216,    0
 11346, 73100,20210608,  233,    0
 11346, 73100,20210609,  248,    0
 11346, 73100,20210610,  248,    0
 11346, 73100,20210611,  240,    0
 11346, 73100,20210612,  258,    0
 11346, 73100,20210613,  273,    0
 11346, 73100,20210614,  278,    0
 11346, 73100,20210615,  268,    0
 11346, 73100,20210616,  246,    0
 11346, 73100,20210617,  227,    0
 11346, 73100,20210618,  237,    0
 11346, 73100,20210619,  243,    0
 11346, 73100,20210620,  233,    0
 11346, 73100,20210621,  245,    0
 11346, 73100,20210622,  218,    0
 11346, 73100,20210623,  200,    0
 11346, 73100,20210624,  212,    0
 11346, 73100,20210625,  226,    0
 11346, 73100,20210626,  234,    0
 11346, 73100,20210627,  251,    0
 11346, 73100,20210628,  222,    0
 11346, 73100,20210629,  212,    0
 11346, 73100,20210630,  214,    0
 11346, 73100,20210701,  230,    0
 11346, 73100,20210702,  250,    0
 11346, 73100,20210703,  256,    0
 11346, 73100,20210704,  228,    0
 11346, 73100,20210705,  256,    0
 11346, 73100,20210706,  240,    0
 11346, 73100,20210707,  230,    0
 11346, 73100,20210708,  221,    0
 11346, 73100,20210709,  235,    0
 11346, 73100,20210710,  246,    0
 11346, 73100,20210711,  244,    0
 11346, 73100,20210712,  222,    0
 11346, 73100,20210713,  202,    0
 11346, 73100,20210714,  210,    0
 11346, 73100,20210715,  227,    0
 11346, 73100,20210716,  247,    0
 11346, 73100,20210717,  261,    0
 11346, 73100,20210718,  265,    0
 11346, 73100,20210719,  281,    0
 11346, 73100,20210720,  261,    0
 11346, 73100,20210721,  260,    0
 11346, 73100,20210722,  273,    0
 11346, 73100,20210723,  288,    0
 11346, 73100,20210724,  252,    0
 11346, 73100,20210725,  251,    0
 11346, 73100,20210726,  226,    0
 11346, 73100,20210727,  250,    0
 11346, 73100,20210728,  240,    0
 11346, 73100,20210729,  249,    0
 11346, 73100,20210730,  251,    0
 11346, 73100,20210731,  220,    0
 11346, 73100,20210801,  196,    0
 11346, 73100,20210802,  207,    0
 11346, 73100,20210803,  225,    0
 11346, 73100,20210804,  199,    0
 11346, 73100,20210805,  213,    0
 11346, 73100,20210806,  225,    0
 11346, 73100,20210807,  228,    0
 11346, 73100,20210808,  217,    0
 11346, 73100,20210809,  228,    0
 11346, 73100,20210810,  247,    0
 11346, 73100,20210811,  263,    0
 11346, 73100,20210812,  277,    0
 11346, 73100,20210813,  278,    0
 11346, 73100,20210814,  264,    0
 11346, 73100,20210815,  272,    0
 11346, 73100,20210816,  241,    0
 11346, 73100,20210817,  228,    0
 11346, 73100,20210818,  225,    0
 11346, 73100,20210819,  223,    0
 11346, 73100,20210820,  233,    0
 11346, 73100,20210821,  244,    0
 11346, 73100,20210822,  252,    0
 11346, 73100,20210823,  253,    0
 11346, 73100,20210824,  247,    0
 11346, 73100,20210825,  228,    0
 11346, 73100,20210826,  241,    0
 11346, 73100,20210827,  247,    0
 11346, 73100,20210828,  244,    0
 11346, 73100,20210829,  228,    0
 11346, 73100,20210830,  216,    0
 11346, 73100,20210831,  214,    0
 11346, 73100,20210901,  215,    0
 11346, 73100,20210902,  206,    0
 11346, 73100,20210903,  204,    0
 11346, 73100,20210904,  214,    0
 11346, 73100,20210905,  235,    0
 11346, 73100,20210906,  228,    0
 11346, 73100,20210907,  250,    0
 11346, 73100,20210908,  234,    0
 11346, 73100,20210909,  229,    0
 11346, 73100,20210910,  210,    0
 11346, 73100,20210911,  219,    0
 11346, 73100,20210912,  221,    0
 11346, 73100,20210913,  235,    0
 11346, 73100,20210914,  244,    0
 11346, 73100,20210915,  246,    0
 11346, 73100,20210916,  206,    0
 11346, 73100,20210917,  202,    0
 11346, 73100,20210918,  193,    0
 11346, 73100,20210919,  194,    0
 11346, 73100,20210920,  178,    0
 11346, 73100,20210921,  182,    0
 11346, 73100,20210922,  194,    0
 11346, 73100,20210923,  190,    0
 11346, 73100,20210924,  192,    0
 11346, 73100,20210925,  218,    0
 11346, 73100,20210926,  219,    0
 11346, 73100,20210927,  213,    0
 11346, 73100,20210928,  201,    0
 11346, 73100,20210929,  195,    0
 11346, 73100,20210930,  181,    0
 11346, 73100,20211001,  182,    0
 11346, 73100,20211002,  208,    0
 11346, 73100,20211003,  206,    0
 11346, 73100,20211004,  153,    0
 11346, 73100,20211005,  162,    0
 11346, 73100,20211006,  176,    0
 11346, 73100,20211007,  185,    0
 11346, 73100,20211008,  168,    0
 11346, 73100,20211009,  162,    0
 11346, 73100,20211010,  161,    0
 11346, 73100,20211011,  153,    0
 11346, 73100,20211012,  164,    0
 11346, 73100,20211013,  156,    0
 11346, 73100,20211014,  138,    0
 11346, 73100,20211015,  154,    0
 11346, 73100,20211016,  150,    0
 11346, 73100,20211017,  150,    0
 11346, 73100,20211018,  172,    0
 11346, 73100,20211019,  193,    0
 11346, 73100,20211020,  191,    0
 11346, 73100,20211021,  171,    0
 11346, 73100,20211022,  166,    0
 11346, 73100,20211023,  144,    0
 11346, 73100,20211024,  138,    0
 11346, 73100,20211025,  146,    0
 11346, 73100,20211026,  148,    0
 11346, 73100,20211027,  137,    0
 11346, 73100,20211028,  147,    0
 11346, 73100,20211029,  155,    0
 11346, 73100,20211030,  182,    0
 11346, 73100,20211031,  166,    0
 11346, 73100,20211101,  144,    0
 11346, 73100,20211102,  130,    0
 11346, 73100,20211103,  102,    0
 11346, 73100,20211104,   97,    0
 11346, 73100,20211105,  116,    0
 11346, 73100,20211106,  120,    0
 11346, 73100,20211107,  159,    0
 11346, 73100,20211108,  152,    0
 11346, 73100,20211109,  119,    0
 11346, 73100,20211110,  127,    0
 11346, 73100,20211111,  132,    0
 11346, 73100,20211112,  150,    0
 11346, 73100,20211113,  142,    0
 11346, 73100,20211114,  114,    0
 11346, 73100,20211115,  126,    0
 11346, 73100,20211116,  110,    0
 11346, 73100,20211117,   99,    0
 11346, 73100,20211118,  115,    0
 11346, 73100,20211119,   91,    0
 11346, 73100,20211120,   94,    0
 11346, 73100,20211121,  115,    0
 11346, 73100,20211122,  106,    0
 11346, 73100,20211123,  106,    0
 11346, 73100,20211124,   97,    0
 11346, 73100,20211125,   87,    0
 11346, 73100,20211126,   81,    0
 11346, 73100,20211127,   54,    0
 11346, 73100,20211128,   54,    0
 11346, 73100,20211129,   65,    0
 11346, 73100,20211130,   58,    0
 11346, 73100,20211201,   80,    0
 11346, 73100,20211202,   80,    0
 11346, 73100,20211203,   84,    0
 11346, 73100,20211204,   89,    0
 11346, 73100,20211205,   82,    0
 11346, 73100,20211206,   89,    0
 11346, 73100,20211207,   73,    0
 11346, 73100,20211208,   78,    0
 11346, 73100,20211209,   67,    0
 11346, 73100,20211210,   77,    0
 11346, 73100,20211211,   93,    0
 11346, 73100,20211212,  105,    0
 11346, 73100,20211213,   81,    0
 11346, 73100,20211214,   69,    0
 11346, 73100,20211215,   73,    0
 11346, 73100,20211216,   63,    0
 11346, 73100,20211217,   60,    0
 11346, 73100,20211218,   67,    0
 11346, 73100,20211219,   54,    0
 11346, 73100,20211220,   56,    0
 11346, 73100,20211221,   53,    0
 11346, 73100,20211222,   63,    0
 11346, 73100,20211223,   86,    0
 11346, 73100,20211224,   88,    0
 11346, 73100,20211225,  100,    0
 11346, 73100,20211226,   96,    0
 11346, 73100,20211227,   98,    0
 11346, 73100,20211228,  114,    0
 11346, 73100,20211229,  120,    0
 11346, 73100,20211230,  110,    0
 11346, 73100,20211231,   99,    0
 11346, 73100,20220101,-9999,    9
 11346, 73100,20220102,-9999,    9
 11346, 73100,20220103,-9999,    9
 11346, 73100,20220104,-9999,    9
 11346, 73100,20220105,-9999,    9
 11346, 73100,20220106,-9999,    9
 11346, 73100,20220107,-9999,    9
 11346, 73100,20220108,-9999,    9
 11346, 73100,20220109,-9999,    9
 11346, 73100,20220110,-9999,    9
 11346, 73100,20220111,-9999,    9
 11346, 73100,20220112,-9999,    9
 11346, 73100,20220113,-9999,    9
 11346, 73100,20220114,-9999,    9
 11346, 73100,20220115,-9999,    9
 11346, 73100,20220116,-9999,    9
 11346, 73100,20220117,-9999,    9
 11346, 73100,20220118,-9999,    9
 11346, 73100,20220119,-9999,    9
 11346, 73100,20220120,-9999,    9
 11346, 73100,20220121,-9999,    9
 11346, 73100,20220122,-9999,    9
 11346, 73100,20220123,-9999,    9
 11346, 73100,20220124,-9999,    9
 11346, 73100,20220125,-9999,    9
 11346, 73100,20220126,-9999,    9
 11346, 73100,20220127,-9999,    9
 11346, 73100,20220128,-9999,    9
 11346, 73100,20220129,-9999,    9
 11346, 73100,20220130,-9999,    9
 11346, 73100,20220131,-9999,    9
 11346, 73100,20220201,-9999,    9
 11346, 73100,20220202,-9999,    9
 11346, 73100,20220203,-9999,    9
 11346, 73100,20220204,-9999,    9
 11346, 73100,20220205,-9999,    9
 11346, 73100,20220206,-9999,    9
 11346, 73100,20220207,-9999,    9
 11346, 73100,20220208,-9999,    9
 11346, 73100,20220209,-9999,    9
 11346, 73100,20220210,-9999,    9
 11346, 73100,20220211,-9999,    9
 11346, 73100,20220212,-9999,    9
 11346, 73100,20220213,-9999,    9
 11346, 73100,20220214,-9999,    9
 11346, 73100,20220215,-9999,    9
 11346, 73100,20220216,-9999,    9
 11346, 73100,20220217,-9999,    9
 11346, 73100,20220218,-9999,    9
 11346, 73100,20220219,-9999,    9
 11346, 73100,20220220,-9999,    9
 11346, 73100,20220221,-9999,    9
 11346, 73100,20220222,-9999,    9
 11346, 73100,20220223,-9999,    9
 11346, 73100,20220224,-9999,    9
 11346, 73100,20220225,-9999,    9
 11346, 73100,20220226,-9999,    9
 11346, 73100,20220227,-9999,    9
 11346, 73100,20220228,-9999,    9
 11346, 73100,20220301,-9999,    9
 11346, 73100,20220302,-9999,    9
 11346, 73100,20220303,-9999,    9
 11346, 73100,20220304,-9999,    9
 11346, 73100,20220305,-9999,    9
 11346, 73100,20220306,-9999,    9
 11346, 73100,20220307,-9999,    9
 11346, 73100,20220308,-9999,    9
 11346, 73100,20220309,-9999,    9
 11346, 73100,20220310,-9999,    9
 11346, 73100,20220311,-9999,    9
 11346, 73100,20220312,-9999,    9
 11346, 73100,20220313,-9999,    9
 11346, 73100,20220314,-9999,    9
 11346, 73100,20220315,-9999,    9
 11346, 73100,20220316,-9999,    9
 11346, 73100,20220317,-9999,    9
 11346, 73100,20220318,-9999,    9
 11346, 73100,20220319,-9999,    9
 11346, 73100,20220320,-9999,    9
 11346, 73100,20220321,-9999,    9
 11346, 73100,20220322,-9999,    9
 11346, 73100,20220323,-9999,    9
 11346, 73100,20220324,-9999,    9
 11346, 73100,20220325,-9999,    9
 11346, 73100,20220326,-9999,    9
 11346, 73100,20220327,-9999,    9
 11346, 73100,20220328,-9999,    9
 11346, 73100,20220329,-9999,    9
 11346, 73100,20220330,-9999,    9
 11346, 73100,20220331,-9999,    9
 11346, 73100,20220401,-9999,    9
 11346, 73100,20220402,-9999,    9
 11346, 73100,20220403,-9999,    9
 11346, 73100,20220404,-9999,    9
 11346, 73100,20220405,-9999,    9
 11346, 73100,20220406,-9999,    9
 11346, 73100,20220407,-9999,    9
 11346, 73100,20220408,-9999,    9
 11346, 73100,20220409,-9999,    9
 11346, 73100,20220410,-9999,    9
 11346, 73100,20220411,-9999,    9
 11346, 73100,20220412,-9999,    9
 11346, 73100,20220413,-9999,    9
 11346, 73100,20220414,-9999,    9
 11346, 73100,20220415,-9999,    9
 11346, 73100,20220416,-9999,    9
 11346, 73100,20220417,-9999,    9
 11346, 73100,20220418,-9999,    9
 11346, 73100,20220419,-9999,    9
 11346, 73100,20220420,-9999,    9
 11346, 73100,20220421,-9999,    9
 11346, 73100,20220422,-9999,    9
 11346, 73100,20220423,-9999,    9
 11346, 73100,20220424,-9999,    9
 11346, 73100,20220425,-9999,    9
 11346, 73100,20220426,-9999,    9
 11346, 73100,20220427,-9999,    9
 11346, 73100,20220428,-9999,    9
 11346, 73100,20220429,-9999,    9
 11346, 73100,20220430,-9999,    9
 11346, 73100,20220501,-9999,    9
 11346, 73100,20220502,-9999,    9
 11346, 73100,20220503,-9999,    9
 11346, 73100,20220504,-9999,    9
 11346, 73100,20220505,-9999,    9
 11346, 73100,20220506,-9999,    9
 11346, 73100,20220507,-9999,    9
 11346, 73100,20220508,-9999,    9
 11346, 73100,20220509,-9999,    9
 11346, 73100,20220510,-9999,    9
 11346, 73100,20220511,-9999,    9
 11346, 73100,20220512,-9999,    9
 11346, 73100,20220513,-9999,    9
 11346, 73100,20220514,-9999,    9
 11346, 73100,20220515,-9999,    9
 11346, 73100,20220516,-9999,    9
 11346, 73100,20220517,-9999,    9
 11346, 73100,20220518,-9999,    9
 11346, 73100,20220519,-9999,    9
 11346, 73100,20220520,-9999,    9
 11346, 73100,20220521,-9999,    9
 11346, 73100,20220522,-9999,    9
 11346, 73100,20220523,-9999,    9
 11346, 73100,20220524,-9999,    9
 11346, 73100,20220525,-9999,    9
 11346, 73100,20220526,-9999,    9
 11346, 73100,20220527,-9999,    9
 11346, 73100,20220528,-9999,    9
 11346, 73100,20220529,-9999,    9
 11346, 73100,20220530,-9999,    9
 11346, 73100,20220531,-9999,    9
 11346, 73100,20220601,-9999,    9
 11346, 73100,20220602,-9999,    9
 11346, 73100,20220603,-9999,    9
 11346, 73100,20220604,-9999,    9
 11346, 73100,20220605,-9999,    9
 11346, 73100,20220606,-9999,    9
 11346, 73100,20220607,-9999,    9
 11346, 73100,20220608,-9999,    9
 11346, 73100,20220609,-9999,    9
 11346, 73100,20220610,-9999,    9
 11346, 73100,20220611,-9999,    9
 11346, 73100,20220612,-9999,    9
 11346, 73100,20220613,-9999,    9
 11346, 73100,20220614,-9999,    9
 11346, 73100,20220615,-9999,    9
 11346, 73100,20220616,-9999,    9
 11346, 73100,20220617,-9999,    9
 11346, 73100,20220618,-9999,    9
 11346, 73100,20220619,-9999,    9
 11346, 73100,20220620,-9999,    9
 11346, 73100,20220621,-9999,    9
 11346, 73100,20220622,-9999,    9
 11346, 73100,20220623,-9999,    9
 11346, 73100,20220624,-9999,    9
 11346, 73100,20220625,-9999,    9
 11346, 73100,20220626,-9999,    9
 11346, 73100,20220627,-9999,    9
 11346, 73100,20220628,-9999,    9
 11346, 73100,20220629,-9999,    9
 11346, 73100,20220630,-9999,    9
 11346, 73100,20220701,-9999,    9
 11346, 73100,20220702,-9999,    9
 11346, 73100,20220703,-9999,    9
 11346, 73100,20220704,-9999,    9
 11346, 73100,20220705,-9999,    9
 11346, 73100,20220706,-9999,    9
 11346, 73100,20220707,-9999,    9
 11346, 73100,20220708,-9999,    9
 11346, 73100,20220709,-9999,    9
 11346, 73100,20220710,-9999,    9
 11346, 73100,20220711,-9999,    9
 11346, 73100,20220712,-9999,    9
 11346, 73100,20220713,-9999,    9
 11346, 73100,20220714,-9999,    9
 11346, 73100,20220715,-9999,    9
 11346, 73100,20220716,-9999,    9
 11346, 73100,20220717,-9999,    9
 11346, 73100,20220718,-9999,    9
 11346, 73100,20220719,-9999,    9
 11346, 73100,20220720,-9999,    9
 11346, 73100,20220721,-9999,    9
 11346, 73100,20220722,-9999,    9
 11346, 73100,20220723,-9999,    9
 11346, 73100,20220724,-9999,    9
 11346, 73100,20220725,-9999,    9
 11346, 73100,20220726,-9999,    9
 11346, 73100,20220727,-9999,    9
 11346, 73100,20220728,-9999,    9
 11346, 73100,20220729,-9999,    9
 11346, 73100,20220730,-9999,    9
 11346, 73100,20220731,-9999,    9
 11346, 73100,20220801,-9999,    9
 11346, 73100,20220802,-9999,    9
 11346, 73100,20220803,-9999,    9
 11346, 73100,20220804,-9999,    9
 11346, 73100,20220805,-9999,    9
 11346, 73100,20220806,-9999,    9
 11346, 73100,20220807,-9999,    9
 11346, 73100,20220808,-9999,    9
 11346, 73100,20220809,-9999,    9
 11346, 73100,20220810,-9999,    9
 11346, 73100,20220811,-9999,    9
 11346, 73100,20220812,-9999,    9
 11346, 73100,20220813,-9999,    9
 11346, 73100,20220814,-9999,    9
 11346, 73100,20220815,-9999,    9
 11346, 73100,20220816,-9999,    9
 11346, 73100,20220817,-9999,    9
 11346, 73100,20220818,-9999,    9
 11346, 73100,20220819,-9999,    9
 11346, 73100,20220820,-9999,    9
 11346, 73100,20220821,-9999,    9
 11346, 73100,20220822,-9999,    9
 11346, 73100,20220823,-9999,    9
 11346, 73100,20220824,-9999,    9
 11346, 73100,20220825,-9999,    9
 11346, 73100,20220826,-9999,    9
 11346, 73100,20220827,-9999,    9
 11346, 73100,20220828,-9999,    9
 11346, 73100,20220829,-9999,    9
 11346, 73100,20220830,-9999,    9
 11346, 73100,20220831,-9999,    9
 11346, 73100,20220901,-9999,    9
 11346, 73100,20220902,-9999,    9
 11346, 73100,20220903,-9999,    9
 11346, 73100,20220904,-9999,    9
 11346, 73100,20220905,-9999,    9
 11346, 73100,20220906,-9999,    9
 11346, 73100,20220907,-9999,    9
 11346, 73100,20220908,-9999,    9
 11346, 73100,20220909,-9999,    9
 11346, 73100,20220910,-9999,    9
 11346, 73100,20220911,-9999,    9
 11346, 73100,20220912,-9999,    9
 11346, 73100,20220913,-9999,    9
 11346, 73100,20220914,-9999,    9
 11346, 73100,20220915,-9999,    9
 11346, 73100,20220916,-9999,    9
 11346, 73100,20220917,-9999,    9
 11346, 73100,20220918,-9999,    9
 11346, 73100,20220919,-9999,    9
 11346, 73100,20220920,-9999,    9
 11346, 73100,20220921,-9999,    9
 11346, 73100,20220922,-9999,    9
 11346, 73100,20220923,-9999,    9
 11346, 73100,20220924,-9999,    9
 11346, 73100,20220925,-9999,    9
 11346, 73100,20220926,-9999,    9
 11346, 73100,20220927,-9999,    9
 11346, 73100,20220928,-9999,    9
 11346, 73100,20220929,-9999,    9
 11346, 73100,20220930,-9999,    9
 11346, 73100,20221001,-9999,    9
 11346, 73100,20221002,-9999,    9
 11346, 73100,20221003,-9999,    9
 11346, 73100,20221004,-9999,    9
 11346, 73100,20221005,-9999,    9
 11346, 73100,20221006,-9999,    9
 11346, 73100,20221007,-9999,    9
 11346, 73100,20221008,-9999,    9
 11346, 73100,20221009,-9999,    9
 11346, 73100,20221010,-9999,    9
 11346, 73100,20221011,-9999,    9
 11346, 73100,20221012,-9999,    9
 11346, 73100,20221013,-9999,    9
 11346, 73100,20221014,-9999,    9
 11346, 73100,20221015,-9999,    9
 11346, 73100,20221016,-9999,    9
 11346, 73100,20221017,-9999,    9
 11346, 73100,20221018,-9999,    9
 11346, 73100,20221019,-9999,    9
 11346, 73100,20221020,-9999,    9
 11346, 73100,20221021,-9999,    9
 11346, 73100,20221022,-9999,    9
 11346, 73100,20221023,-9999,    9
 11346, 73100,20221024,-9999,    9
 11346, 73100,20221025,-9999,    9
 11346, 73100,20221026,-9999,    9
 11346, 73100,20221027,-9999,    9
 11346, 73100,20221028,-9999,    9
 11346, 73100,20221029,-9999,    9
 11346, 73100,20221030,-9999,    9
 11346, 73100,20221031,-9999,    9
