EUROPEAN CLIMATE ASSESSMENT & DATASET (ECA&D), file created on: 16-11-2022
THESE DATA CAN BE USED FOR NON-COMMERCIAL RESEARCH AND EDUCATION PROVIDED THAT THE FOLLOWING SOURCE IS ACKNOWLEDGED: 

Klein Tank, A.M.G. and Coauthors, 2002. Daily dataset of 20th-century surface
air temperature and precipitation series for the European Climate Assessment.
Int. J. of Climatol., 22, 1441-1453.
Data and metadata available at http://www.ecad.eu

FILE FORMAT (MISSING VALUE CODE = -9999):

01-06 STAID: Station identifier
08-13 SOUID: Source identifier
15-22 DATE : Date YYYYMMDD
24-28 TG   : Mean temperature in 0.1 &#176;C
30-34 Q_TG : quality code for TG (0='valid'; 1='suspect'; 9='missing')

This is the blended series of station E6 GRATANGSFJELLET, NORWAY (STAID: 18372)
Blended and updated with sources:99114 
See files sources.txt and stations.txt for more info.

STAID, SOUID,    DATE,   TG, Q_TG
 18372, 99114,20171101,-9999,    9
 18372, 99114,20171102,-9999,    9
 18372, 99114,20171103,-9999,    9
 18372, 99114,20171104,-9999,    9
 18372, 99114,20171105,-9999,    9
 18372, 99114,20171106,-9999,    9
 18372, 99114,20171107,-9999,    9
 18372, 99114,20171108,-9999,    9
 18372, 99114,20171109,-9999,    9
 18372, 99114,20171110,-9999,    9
 18372, 99114,20171111,-9999,    9
 18372, 99114,20171112,-9999,    9
 18372, 99114,20171113,-9999,    9
 18372, 99114,20171114,-9999,    9
 18372, 99114,20171115,-9999,    9
 18372, 99114,20171116,-9999,    9
 18372, 99114,20171117,-9999,    9
 18372, 99114,20171118,-9999,    9
 18372, 99114,20171119,-9999,    9
 18372, 99114,20171120,-9999,    9
 18372, 99114,20171121,-9999,    9
 18372, 99114,20171122,-9999,    9
 18372, 99114,20171123,-9999,    9
 18372, 99114,20171124,-9999,    9
 18372, 99114,20171125,-9999,    9
 18372, 99114,20171126,-9999,    9
 18372, 99114,20171127,-9999,    9
 18372, 99114,20171128,-9999,    9
 18372, 99114,20171129,-9999,    9
 18372, 99114,20171130, -153,    0
 18372, 99114,20171201,  -46,    0
 18372, 99114,20171202,  -15,    0
 18372, 99114,20171203,   -9,    0
 18372, 99114,20171204,  -35,    0
 18372, 99114,20171205,  -31,    0
 18372, 99114,20171206,  -40,    0
 18372, 99114,20171207,  -86,    0
 18372, 99114,20171208,  -50,    0
 18372, 99114,20171209,  -24,    0
 18372, 99114,20171210,    2,    0
 18372, 99114,20171211,  -53,    0
 18372, 99114,20171212, -140,    0
 18372, 99114,20171213,  -77,    0
 18372, 99114,20171214,  -58,    0
 18372, 99114,20171215, -140,    0
 18372, 99114,20171216,  -91,    0
 18372, 99114,20171217,  -50,    0
 18372, 99114,20171218,  -62,    0
 18372, 99114,20171219,   32,    0
 18372, 99114,20171220,   25,    0
 18372, 99114,20171221,    8,    0
 18372, 99114,20171222,  -19,    0
 18372, 99114,20171223,  -67,    0
 18372, 99114,20171224,  -28,    0
 18372, 99114,20171225, -169,    0
 18372, 99114,20171226, -164,    0
 18372, 99114,20171227, -185,    0
 18372, 99114,20171228, -216,    0
 18372, 99114,20171229, -106,    0
 18372, 99114,20171230,  -44,    0
 18372, 99114,20171231,  -28,    0
 18372, 99114,20180101, -116,    0
 18372, 99114,20180102,  -68,    0
 18372, 99114,20180103,  -78,    0
 18372, 99114,20180104,  -99,    0
 18372, 99114,20180105, -182,    0
 18372, 99114,20180106,  -93,    0
 18372, 99114,20180107, -105,    0
 18372, 99114,20180108,  -48,    0
 18372, 99114,20180109,    9,    0
 18372, 99114,20180110,  -31,    0
 18372, 99114,20180111,  -75,    0
 18372, 99114,20180112,   22,    0
 18372, 99114,20180113,  -25,    0
 18372, 99114,20180114,  -96,    0
 18372, 99114,20180115,  -15,    0
 18372, 99114,20180116,  -26,    0
 18372, 99114,20180117,  -62,    0
 18372, 99114,20180118, -106,    0
 18372, 99114,20180119, -136,    0
 18372, 99114,20180120, -184,    0
 18372, 99114,20180121, -207,    0
 18372, 99114,20180122, -191,    0
 18372, 99114,20180123, -188,    0
 18372, 99114,20180124, -113,    0
 18372, 99114,20180125,  -81,    0
 18372, 99114,20180126,  -96,    0
 18372, 99114,20180127, -181,    0
 18372, 99114,20180128, -169,    0
 18372, 99114,20180129, -145,    0
 18372, 99114,20180130, -123,    0
 18372, 99114,20180131, -133,    0
 18372, 99114,20180201, -102,    0
 18372, 99114,20180202, -161,    0
 18372, 99114,20180203, -182,    0
 18372, 99114,20180204, -126,    0
 18372, 99114,20180205,   18,    0
 18372, 99114,20180206,  -43,    0
 18372, 99114,20180207,  -90,    0
 18372, 99114,20180208,  -51,    0
 18372, 99114,20180209,  -75,    0
 18372, 99114,20180210,  -23,    0
 18372, 99114,20180211,  -67,    0
 18372, 99114,20180212,  -94,    0
 18372, 99114,20180213,  -57,    0
 18372, 99114,20180214, -102,    0
 18372, 99114,20180215, -119,    0
 18372, 99114,20180216, -146,    0
 18372, 99114,20180217, -173,    0
 18372, 99114,20180218, -192,    0
 18372, 99114,20180219,-9999,    9
 18372, 99114,20180220, -144,    0
 18372, 99114,20180221,-9999,    9
 18372, 99114,20180222,-9999,    9
 18372, 99114,20180223,-9999,    9
 18372, 99114,20180224, -131,    0
 18372, 99114,20180225,-9999,    9
 18372, 99114,20180226,-9999,    9
 18372, 99114,20180227,-9999,    9
 18372, 99114,20180228,-9999,    9
 18372, 99114,20180301,  -35,    0
 18372, 99114,20180302,  -57,    0
 18372, 99114,20180303,-9999,    9
 18372, 99114,20180304,  -95,    0
 18372, 99114,20180305, -138,    0
 18372, 99114,20180306, -142,    0
 18372, 99114,20180307, -121,    0
 18372, 99114,20180308, -147,    0
 18372, 99114,20180309, -181,    0
 18372, 99114,20180310,-9999,    9
 18372, 99114,20180311,  -84,    0
 18372, 99114,20180312,  -73,    0
 18372, 99114,20180313, -121,    0
 18372, 99114,20180314, -146,    0
 18372, 99114,20180315, -151,    0
 18372, 99114,20180316, -129,    0
 18372, 99114,20180317,-9999,    9
 18372, 99114,20180318,  -43,    0
 18372, 99114,20180319,  -47,    0
 18372, 99114,20180320,  -72,    0
 18372, 99114,20180321,  -32,    0
 18372, 99114,20180322, -109,    0
 18372, 99114,20180323, -134,    0
 18372, 99114,20180324, -118,    0
 18372, 99114,20180325,-9999,    9
 18372, 99114,20180326,  -71,    0
 18372, 99114,20180327,  -37,    0
 18372, 99114,20180328,  -26,    0
 18372, 99114,20180329,  -30,    0
 18372, 99114,20180330,  -30,    0
 18372, 99114,20180331,  -39,    0
 18372, 99114,20180401,  -38,    0
 18372, 99114,20180402,  -97,    0
 18372, 99114,20180403, -107,    0
 18372, 99114,20180404,  -65,    0
 18372, 99114,20180405,  -16,    0
 18372, 99114,20180406,  -29,    0
 18372, 99114,20180407,-9999,    9
 18372, 99114,20180408,  -42,    0
 18372, 99114,20180409,  -41,    0
 18372, 99114,20180410,   -5,    0
 18372, 99114,20180411,    3,    0
 18372, 99114,20180412,   -5,    0
 18372, 99114,20180413,   19,    0
 18372, 99114,20180414,   16,    0
 18372, 99114,20180415,    5,    0
 18372, 99114,20180416,   29,    0
 18372, 99114,20180417,   36,    0
 18372, 99114,20180418,   41,    0
 18372, 99114,20180419,   34,    0
 18372, 99114,20180420,   36,    0
 18372, 99114,20180421,   38,    0
 18372, 99114,20180422,   13,    0
 18372, 99114,20180423,   39,    0
 18372, 99114,20180424,   29,    0
 18372, 99114,20180425,   14,    0
 18372, 99114,20180426,   14,    0
 18372, 99114,20180427,   25,    0
 18372, 99114,20180428,   15,    0
 18372, 99114,20180429,   15,    0
 18372, 99114,20180430,    0,    0
 18372, 99114,20180501,   18,    0
 18372, 99114,20180502,-9999,    9
 18372, 99114,20180503,   57,    0
 18372, 99114,20180504,   58,    0
 18372, 99114,20180505,-9999,    9
 18372, 99114,20180506,   50,    0
 18372, 99114,20180507,   25,    0
 18372, 99114,20180508,   51,    0
 18372, 99114,20180509,  100,    0
 18372, 99114,20180510,  122,    0
 18372, 99114,20180511,   81,    0
 18372, 99114,20180512,   85,    0
 18372, 99114,20180513,   86,    0
 18372, 99114,20180514,  118,    0
 18372, 99114,20180515,   95,    0
 18372, 99114,20180516,-9999,    9
 18372, 99114,20180517,   43,    0
 18372, 99114,20180518,   38,    0
 18372, 99114,20180519,-9999,    9
 18372, 99114,20180520,   68,    0
 18372, 99114,20180521,   63,    0
 18372, 99114,20180522,   41,    0
 18372, 99114,20180523,   39,    0
 18372, 99114,20180524,   73,    0
 18372, 99114,20180525,   83,    0
 18372, 99114,20180526,-9999,    9
 18372, 99114,20180527,   57,    0
 18372, 99114,20180528,  146,    0
 18372, 99114,20180529,   64,    0
 18372, 99114,20180530,   47,    0
 18372, 99114,20180531,  128,    0
 18372, 99114,20180601,   80,    0
 18372, 99114,20180602,   59,    0
 18372, 99114,20180603,   43,    0
 18372, 99114,20180604,   14,    0
 18372, 99114,20180605,   22,    0
 18372, 99114,20180606,-9999,    9
 18372, 99114,20180607,   13,    0
 18372, 99114,20180608,   38,    0
 18372, 99114,20180609,   56,    0
 18372, 99114,20180610,   63,    0
 18372, 99114,20180611,   40,    0
 18372, 99114,20180612,   38,    0
 18372, 99114,20180613,   39,    0
 18372, 99114,20180614,  110,    0
 18372, 99114,20180615,  114,    0
 18372, 99114,20180616,   88,    0
 18372, 99114,20180617,  110,    0
 18372, 99114,20180618,  104,    0
 18372, 99114,20180619,   84,    0
 18372, 99114,20180620,   69,    0
 18372, 99114,20180621,   65,    0
 18372, 99114,20180622,   66,    0
 18372, 99114,20180623,   46,    0
 18372, 99114,20180624,   65,    0
 18372, 99114,20180625,   84,    0
 18372, 99114,20180626,   75,    0
 18372, 99114,20180627,   60,    0
 18372, 99114,20180628,   66,    0
 18372, 99114,20180629,   47,    0
 18372, 99114,20180630,   64,    0
 18372, 99114,20180701,  136,    0
 18372, 99114,20180702,  170,    0
 18372, 99114,20180703,  107,    0
 18372, 99114,20180704,   82,    0
 18372, 99114,20180705,  133,    0
 18372, 99114,20180706,  106,    0
 18372, 99114,20180707,   97,    0
 18372, 99114,20180708,-9999,    9
 18372, 99114,20180709,  123,    0
 18372, 99114,20180710,  135,    0
 18372, 99114,20180711,  145,    0
 18372, 99114,20180712,  128,    0
 18372, 99114,20180713,  104,    0
 18372, 99114,20180714,  107,    0
 18372, 99114,20180715,  119,    0
 18372, 99114,20180716,  164,    0
 18372, 99114,20180717,  200,    0
 18372, 99114,20180718,  231,    0
 18372, 99114,20180719,  156,    0
 18372, 99114,20180720,  126,    0
 18372, 99114,20180721,  167,    0
 18372, 99114,20180722,  142,    0
 18372, 99114,20180723,  133,    0
 18372, 99114,20180724,  152,    0
 18372, 99114,20180725,  134,    0
 18372, 99114,20180726,  126,    0
 18372, 99114,20180727,  169,    0
 18372, 99114,20180728,  218,    0
 18372, 99114,20180729,  228,    0
 18372, 99114,20180730,  225,    0
 18372, 99114,20180731,  229,    0
 18372, 99114,20180801,  217,    0
 18372, 99114,20180802,  157,    0
 18372, 99114,20180803,  136,    0
 18372, 99114,20180804,  127,    0
 18372, 99114,20180805,  119,    0
 18372, 99114,20180806,  105,    0
 18372, 99114,20180807,  103,    0
 18372, 99114,20180808,  152,    0
 18372, 99114,20180809,  140,    0
 18372, 99114,20180810,  135,    0
 18372, 99114,20180811,  142,    0
 18372, 99114,20180812,  100,    0
 18372, 99114,20180813,   73,    0
 18372, 99114,20180814,   77,    0
 18372, 99114,20180815,  105,    0
 18372, 99114,20180816,  138,    0
 18372, 99114,20180817,  125,    0
 18372, 99114,20180818,  124,    0
 18372, 99114,20180819,  101,    0
 18372, 99114,20180820,   77,    0
 18372, 99114,20180821,   68,    0
 18372, 99114,20180822,  103,    0
 18372, 99114,20180823,   96,    0
 18372, 99114,20180824,  112,    0
 18372, 99114,20180825,  101,    0
 18372, 99114,20180826,   89,    0
 18372, 99114,20180827,   76,    0
 18372, 99114,20180828,   84,    0
 18372, 99114,20180829,  143,    0
 18372, 99114,20180830,  115,    0
 18372, 99114,20180831,   69,    0
 18372, 99114,20180901,  102,    0
 18372, 99114,20180902,  121,    0
 18372, 99114,20180903,  124,    0
 18372, 99114,20180904,   81,    0
 18372, 99114,20180905,   78,    0
 18372, 99114,20180906,   95,    0
 18372, 99114,20180907,   96,    0
 18372, 99114,20180908,  105,    0
 18372, 99114,20180909,  119,    0
 18372, 99114,20180910,  160,    0
 18372, 99114,20180911,  113,    0
 18372, 99114,20180912,   89,    0
 18372, 99114,20180913,   88,    0
 18372, 99114,20180914,   69,    0
 18372, 99114,20180915,   66,    0
 18372, 99114,20180916,   70,    0
 18372, 99114,20180917,   66,    0
 18372, 99114,20180918,   70,    0
 18372, 99114,20180919,   76,    0
 18372, 99114,20180920,   95,    0
 18372, 99114,20180921,   73,    0
 18372, 99114,20180922,   99,    0
 18372, 99114,20180923,   48,    0
 18372, 99114,20180924,   11,    0
 18372, 99114,20180925,   31,    0
 18372, 99114,20180926,-9999,    9
 18372, 99114,20180927,-9999,    9
 18372, 99114,20180928,-9999,    9
 18372, 99114,20180929,-9999,    9
 18372, 99114,20180930,-9999,    9
 18372, 99114,20181001,-9999,    9
 18372, 99114,20181002,-9999,    9
 18372, 99114,20181003,-9999,    9
 18372, 99114,20181004,   -7,    0
 18372, 99114,20181005,   -2,    0
 18372, 99114,20181006,  -17,    0
 18372, 99114,20181007,    0,    0
 18372, 99114,20181008,   20,    0
 18372, 99114,20181009,   33,    0
 18372, 99114,20181010,   28,    0
 18372, 99114,20181011,-9999,    9
 18372, 99114,20181012,   58,    0
 18372, 99114,20181013,   75,    0
 18372, 99114,20181014,   91,    0
 18372, 99114,20181015,   51,    0
 18372, 99114,20181016,   50,    0
 18372, 99114,20181017,-9999,    9
 18372, 99114,20181018,-9999,    9
 18372, 99114,20181019,   49,    0
 18372, 99114,20181020,   53,    0
 18372, 99114,20181021,   47,    0
 18372, 99114,20181022,-9999,    9
 18372, 99114,20181023,    1,    0
 18372, 99114,20181024,  -48,    0
 18372, 99114,20181025,  -57,    0
 18372, 99114,20181026,  -65,    0
 18372, 99114,20181027,  -57,    0
 18372, 99114,20181028,  -37,    0
 18372, 99114,20181029,  -19,    0
 18372, 99114,20181030,  -54,    0
 18372, 99114,20181031,  -11,    0
 18372, 99114,20181101,   30,    0
 18372, 99114,20181102,   51,    0
 18372, 99114,20181103,   21,    0
 18372, 99114,20181104,   57,    0
 18372, 99114,20181105,   66,    0
 18372, 99114,20181106,   57,    0
 18372, 99114,20181107,    3,    0
 18372, 99114,20181108,  -20,    0
 18372, 99114,20181109,    7,    0
 18372, 99114,20181110,   33,    0
 18372, 99114,20181111,   51,    0
 18372, 99114,20181112,   35,    0
 18372, 99114,20181113,   25,    0
 18372, 99114,20181114,   56,    0
 18372, 99114,20181115,   60,    0
 18372, 99114,20181116,   72,    0
 18372, 99114,20181117,   29,    0
 18372, 99114,20181118,   19,    0
 18372, 99114,20181119,   45,    0
 18372, 99114,20181120,   11,    0
 18372, 99114,20181121,  -12,    0
 18372, 99114,20181122,   12,    0
 18372, 99114,20181123,   -2,    0
 18372, 99114,20181124,   -3,    0
 18372, 99114,20181125,  -15,    0
 18372, 99114,20181126,  -52,    0
 18372, 99114,20181127,  -32,    0
 18372, 99114,20181128,   -1,    0
 18372, 99114,20181129,  -16,    0
 18372, 99114,20181130,   30,    0
 18372, 99114,20181201,   39,    0
 18372, 99114,20181202,   29,    0
 18372, 99114,20181203,   26,    0
 18372, 99114,20181204,    0,    0
 18372, 99114,20181205,  -16,    0
 18372, 99114,20181206,  -18,    0
 18372, 99114,20181207, -132,    0
 18372, 99114,20181208, -147,    0
 18372, 99114,20181209,  -57,    0
 18372, 99114,20181210,  -80,    0
 18372, 99114,20181211,  -77,    0
 18372, 99114,20181212,    0,    0
 18372, 99114,20181213,   18,    0
 18372, 99114,20181214,   16,    0
 18372, 99114,20181215,  -59,    0
 18372, 99114,20181216, -152,    0
 18372, 99114,20181217,  -99,    0
 18372, 99114,20181218,  -88,    0
 18372, 99114,20181219,-9999,    9
 18372, 99114,20181220,  -50,    0
 18372, 99114,20181221,  -53,    0
 18372, 99114,20181222,  -85,    0
 18372, 99114,20181223,  -26,    0
 18372, 99114,20181224,  -22,    0
 18372, 99114,20181225,  -13,    0
 18372, 99114,20181226,  -27,    0
 18372, 99114,20181227,   -9,    0
 18372, 99114,20181228,    8,    0
 18372, 99114,20181229,   -4,    0
 18372, 99114,20181230,  -41,    0
 18372, 99114,20181231,  -40,    0
 18372, 99114,20190101,  -55,    0
 18372, 99114,20190102,  -66,    0
 18372, 99114,20190103,  -14,    0
 18372, 99114,20190104,   -3,    0
 18372, 99114,20190105,    5,    0
 18372, 99114,20190106,   27,    0
 18372, 99114,20190107,  -10,    0
 18372, 99114,20190108,  -15,    0
 18372, 99114,20190109,  -29,    0
 18372, 99114,20190110,   -3,    0
 18372, 99114,20190111,  -17,    0
 18372, 99114,20190112,  -41,    0
 18372, 99114,20190113,  -84,    0
 18372, 99114,20190114, -143,    0
 18372, 99114,20190115,  -91,    0
 18372, 99114,20190116, -131,    0
 18372, 99114,20190117, -129,    0
 18372, 99114,20190118,-9999,    9
 18372, 99114,20190119,-9999,    9
 18372, 99114,20190120, -142,    0
 18372, 99114,20190121,  -97,    0
 18372, 99114,20190122,  -75,    0
 18372, 99114,20190123, -102,    0
 18372, 99114,20190124,  -89,    0
 18372, 99114,20190125,  -80,    0
 18372, 99114,20190126, -117,    0
 18372, 99114,20190127, -165,    0
 18372, 99114,20190128, -166,    0
 18372, 99114,20190129, -130,    0
 18372, 99114,20190130,-9999,    9
 18372, 99114,20190131, -219,    0
 18372, 99114,20190201, -179,    0
 18372, 99114,20190202,  -95,    0
 18372, 99114,20190203,  -98,    0
 18372, 99114,20190204,  -86,    0
 18372, 99114,20190205, -215,    0
 18372, 99114,20190206,  -92,    0
 18372, 99114,20190207, -134,    0
 18372, 99114,20190208, -139,    0
 18372, 99114,20190209, -147,    0
 18372, 99114,20190210,  -65,    0
 18372, 99114,20190211,  -40,    0
 18372, 99114,20190212,  -38,    0
 18372, 99114,20190213,-9999,    9
 18372, 99114,20190214,-9999,    9
 18372, 99114,20190215,-9999,    9
 18372, 99114,20190216,    5,    0
 18372, 99114,20190217,  -46,    0
 18372, 99114,20190218,  -49,    0
 18372, 99114,20190219,  -78,    0
 18372, 99114,20190220, -143,    0
 18372, 99114,20190221, -129,    0
 18372, 99114,20190222,  -15,    0
 18372, 99114,20190223,   42,    0
 18372, 99114,20190224,   24,    0
 18372, 99114,20190225,    3,    0
 18372, 99114,20190226,   -1,    0
 18372, 99114,20190227,    7,    0
 18372, 99114,20190228,  -95,    0
 18372, 99114,20190301,  -61,    0
 18372, 99114,20190302, -181,    0
 18372, 99114,20190303, -202,    0
 18372, 99114,20190304, -118,    0
 18372, 99114,20190305, -124,    0
 18372, 99114,20190306,  -59,    0
 18372, 99114,20190307, -138,    0
 18372, 99114,20190308, -114,    0
 18372, 99114,20190309,  -77,    0
 18372, 99114,20190310, -138,    0
 18372, 99114,20190311, -174,    0
 18372, 99114,20190312,  -95,    0
 18372, 99114,20190313,  -54,    0
 18372, 99114,20190314,  -41,    0
 18372, 99114,20190315,  -51,    0
 18372, 99114,20190316,  -61,    0
 18372, 99114,20190317,  -70,    0
 18372, 99114,20190318,  -60,    0
 18372, 99114,20190319,  -29,    0
 18372, 99114,20190320,   12,    0
 18372, 99114,20190321,   -6,    0
 18372, 99114,20190322,    0,    0
 18372, 99114,20190323,   15,    0
 18372, 99114,20190324,  -15,    0
 18372, 99114,20190325,  -55,    0
 18372, 99114,20190326,  -58,    0
 18372, 99114,20190327,   -3,    0
 18372, 99114,20190328,    8,    0
 18372, 99114,20190329,  -18,    0
 18372, 99114,20190330,  -30,    0
 18372, 99114,20190331,-9999,    9
 18372, 99114,20190401,  -18,    0
 18372, 99114,20190402,   11,    0
 18372, 99114,20190403,   -1,    0
 18372, 99114,20190404,  -35,    0
 18372, 99114,20190405,  -62,    0
 18372, 99114,20190406,  -26,    0
 18372, 99114,20190407,  -26,    0
 18372, 99114,20190408,  -67,    0
 18372, 99114,20190409,-9999,    9
 18372, 99114,20190410,-9999,    9
 18372, 99114,20190411,-9999,    9
 18372, 99114,20190412,   -2,    0
 18372, 99114,20190413,    6,    0
 18372, 99114,20190414,   16,    0
 18372, 99114,20190415,   16,    0
 18372, 99114,20190416,  -22,    0
 18372, 99114,20190417,   -5,    0
 18372, 99114,20190418,   17,    0
 18372, 99114,20190419,   34,    0
 18372, 99114,20190420,   62,    0
 18372, 99114,20190421,   32,    0
 18372, 99114,20190422,   41,    0
 18372, 99114,20190423,   69,    0
 18372, 99114,20190424,   64,    0
 18372, 99114,20190425,   55,    0
 18372, 99114,20190426,   56,    0
 18372, 99114,20190427,   46,    0
 18372, 99114,20190428,   58,    0
 18372, 99114,20190429,   15,    0
 18372, 99114,20190430,-9999,    9
 18372, 99114,20190501,   -4,    0
 18372, 99114,20190502,  -20,    0
 18372, 99114,20190503,  -28,    0
 18372, 99114,20190504,  -36,    0
 18372, 99114,20190505,  -48,    0
 18372, 99114,20190506,  -13,    0
 18372, 99114,20190507,   39,    0
 18372, 99114,20190508,   12,    0
 18372, 99114,20190509,   28,    0
 18372, 99114,20190510,   86,    0
 18372, 99114,20190511,   69,    0
 18372, 99114,20190512,   22,    0
 18372, 99114,20190513,   12,    0
 18372, 99114,20190514,   18,    0
 18372, 99114,20190515,   28,    0
 18372, 99114,20190516,   40,    0
 18372, 99114,20190517,   56,    0
 18372, 99114,20190518,   68,    0
 18372, 99114,20190519,   83,    0
 18372, 99114,20190520,   88,    0
 18372, 99114,20190521,   85,    0
 18372, 99114,20190522,   66,    0
 18372, 99114,20190523,   47,    0
 18372, 99114,20190524,   53,    0
 18372, 99114,20190525,   27,    0
 18372, 99114,20190526,   23,    0
 18372, 99114,20190527,   41,    0
 18372, 99114,20190528,   68,    0
 18372, 99114,20190529,-9999,    9
 18372, 99114,20190530,-9999,    9
 18372, 99114,20190531,-9999,    9
 18372, 99114,20190601,   25,    0
 18372, 99114,20190602,   32,    0
 18372, 99114,20190603,   82,    0
 18372, 99114,20190604,   69,    0
 18372, 99114,20190605,  104,    0
 18372, 99114,20190606,  110,    0
 18372, 99114,20190607,  149,    0
 18372, 99114,20190608,   87,    0
 18372, 99114,20190609,  123,    0
 18372, 99114,20190610,   55,    0
 18372, 99114,20190611,   49,    0
 18372, 99114,20190612,   71,    0
 18372, 99114,20190613,  124,    0
 18372, 99114,20190614,  111,    0
 18372, 99114,20190615,  109,    0
 18372, 99114,20190616,   91,    0
 18372, 99114,20190617,  111,    0
 18372, 99114,20190618,   93,    0
 18372, 99114,20190619,   86,    0
 18372, 99114,20190620,  134,    0
 18372, 99114,20190621,  118,    0
 18372, 99114,20190622,   79,    0
 18372, 99114,20190623,   81,    0
 18372, 99114,20190624,   79,    0
 18372, 99114,20190625,   80,    0
 18372, 99114,20190626,   75,    0
 18372, 99114,20190627,   58,    0
 18372, 99114,20190628,   65,    0
 18372, 99114,20190629,   44,    0
 18372, 99114,20190630,   72,    0
 18372, 99114,20190701,   75,    0
 18372, 99114,20190702,   65,    0
 18372, 99114,20190703,   86,    0
 18372, 99114,20190704,   65,    0
 18372, 99114,20190705,   93,    0
 18372, 99114,20190706,   78,    0
 18372, 99114,20190707,  127,    0
 18372, 99114,20190708,  151,    0
 18372, 99114,20190709,  155,    0
 18372, 99114,20190710,  126,    0
 18372, 99114,20190711,  108,    0
 18372, 99114,20190712,   94,    0
 18372, 99114,20190713,   97,    0
 18372, 99114,20190714,   87,    0
 18372, 99114,20190715,   85,    0
 18372, 99114,20190716,   76,    0
 18372, 99114,20190717,   78,    0
 18372, 99114,20190718,  127,    0
 18372, 99114,20190719,  160,    0
 18372, 99114,20190720,  160,    0
 18372, 99114,20190721,  178,    0
 18372, 99114,20190722,  163,    0
 18372, 99114,20190723,  181,    0
 18372, 99114,20190724,  145,    0
 18372, 99114,20190725,  186,    0
 18372, 99114,20190726,  170,    0
 18372, 99114,20190727,  179,    0
 18372, 99114,20190728,  166,    0
 18372, 99114,20190729,  120,    0
 18372, 99114,20190730,  110,    0
 18372, 99114,20190731,  110,    0
 18372, 99114,20190801,  110,    0
 18372, 99114,20190802,  114,    0
 18372, 99114,20190803,  114,    0
 18372, 99114,20190804,  101,    0
 18372, 99114,20190805,   87,    0
 18372, 99114,20190806,  111,    0
 18372, 99114,20190807,  106,    0
 18372, 99114,20190808,  113,    0
 18372, 99114,20190809,  117,    0
 18372, 99114,20190810,  139,    0
 18372, 99114,20190811,  148,    0
 18372, 99114,20190812,  156,    0
 18372, 99114,20190813,  148,    0
 18372, 99114,20190814,  131,    0
 18372, 99114,20190815,  108,    0
 18372, 99114,20190816,  116,    0
 18372, 99114,20190817,  133,    0
 18372, 99114,20190818,  161,    0
 18372, 99114,20190819,  118,    0
 18372, 99114,20190820,  121,    0
 18372, 99114,20190821,  118,    0
 18372, 99114,20190822,-9999,    9
 18372, 99114,20190823,  112,    0
 18372, 99114,20190824,   76,    0
 18372, 99114,20190825,   99,    0
 18372, 99114,20190826,  110,    0
 18372, 99114,20190827,  151,    0
 18372, 99114,20190828,  172,    0
 18372, 99114,20190829,  191,    0
 18372, 99114,20190830,  113,    0
 18372, 99114,20190831,  121,    0
 18372, 99114,20190901,  149,    0
 18372, 99114,20190902,   98,    0
 18372, 99114,20190903,   96,    0
 18372, 99114,20190904,   85,    0
 18372, 99114,20190905,   69,    0
 18372, 99114,20190906,   63,    0
 18372, 99114,20190907,   65,    0
 18372, 99114,20190908,   67,    0
 18372, 99114,20190909,  112,    0
 18372, 99114,20190910,  110,    0
 18372, 99114,20190911,  162,    0
 18372, 99114,20190912,  101,    0
 18372, 99114,20190913,   63,    0
 18372, 99114,20190914,   45,    0
 18372, 99114,20190915,   69,    0
 18372, 99114,20190916,   58,    0
 18372, 99114,20190917,   55,    0
 18372, 99114,20190918,   30,    0
 18372, 99114,20190919,   11,    0
 18372, 99114,20190920,   20,    0
 18372, 99114,20190921,   12,    0
 18372, 99114,20190922,   18,    0
 18372, 99114,20190923,    5,    0
 18372, 99114,20190924,   22,    0
 18372, 99114,20190925,   57,    0
 18372, 99114,20190926,   62,    0
 18372, 99114,20190927,   57,    0
 18372, 99114,20190928,   63,    0
 18372, 99114,20190929,   28,    0
 18372, 99114,20190930,   24,    0
 18372, 99114,20191001,   47,    0
 18372, 99114,20191002,   10,    0
 18372, 99114,20191003,   -4,    0
 18372, 99114,20191004,    6,    0
 18372, 99114,20191005,   17,    0
 18372, 99114,20191006,   32,    0
 18372, 99114,20191007,   26,    0
 18372, 99114,20191008,   16,    0
 18372, 99114,20191009,    1,    0
 18372, 99114,20191010,  -18,    0
 18372, 99114,20191011,  -34,    0
 18372, 99114,20191012,  -20,    0
 18372, 99114,20191013,   -7,    0
 18372, 99114,20191014,  -41,    0
 18372, 99114,20191015,  -42,    0
 18372, 99114,20191016,  -69,    0
 18372, 99114,20191017,  -66,    0
 18372, 99114,20191018,   -2,    0
 18372, 99114,20191019,  -43,    0
 18372, 99114,20191020,  -47,    0
 18372, 99114,20191021,   -5,    0
 18372, 99114,20191022,   19,    0
 18372, 99114,20191023,-9999,    9
 18372, 99114,20191024,-9999,    9
 18372, 99114,20191025,-9999,    9
 18372, 99114,20191026,-9999,    9
 18372, 99114,20191027,  -31,    0
 18372, 99114,20191028,  -29,    0
 18372, 99114,20191029,  -51,    0
 18372, 99114,20191030,  -58,    0
 18372, 99114,20191031,  -20,    0
 18372, 99114,20191101,  -28,    0
 18372, 99114,20191102,  -73,    0
 18372, 99114,20191103,  -39,    0
 18372, 99114,20191104,  -60,    0
 18372, 99114,20191105,  -44,    0
 18372, 99114,20191106, -124,    0
 18372, 99114,20191107, -177,    0
 18372, 99114,20191108, -201,    0
 18372, 99114,20191109, -203,    0
 18372, 99114,20191110, -229,    0
 18372, 99114,20191111, -133,    0
 18372, 99114,20191112,  -73,    0
 18372, 99114,20191113,  -47,    0
 18372, 99114,20191114,  -46,    0
 18372, 99114,20191115,  -22,    0
 18372, 99114,20191116, -117,    0
 18372, 99114,20191117,  -42,    0
 18372, 99114,20191118,  -61,    0
 18372, 99114,20191119,   14,    0
 18372, 99114,20191120,   38,    0
 18372, 99114,20191121,    7,    0
 18372, 99114,20191122,  -62,    0
 18372, 99114,20191123,   -9,    0
 18372, 99114,20191124,   13,    0
 18372, 99114,20191125,    8,    0
 18372, 99114,20191126,  -21,    0
 18372, 99114,20191127,  -96,    0
 18372, 99114,20191128, -161,    0
 18372, 99114,20191129, -100,    0
 18372, 99114,20191130,  -61,    0
 18372, 99114,20191201,  -32,    0
 18372, 99114,20191202,  -23,    0
 18372, 99114,20191203,   -5,    0
 18372, 99114,20191204,   43,    0
 18372, 99114,20191205,   14,    0
 18372, 99114,20191206,  -35,    0
 18372, 99114,20191207,-9999,    9
 18372, 99114,20191208,  -68,    0
 18372, 99114,20191209, -120,    0
 18372, 99114,20191210,  -90,    0
 18372, 99114,20191211,  -13,    0
 18372, 99114,20191212,  -36,    0
 18372, 99114,20191213,  -85,    0
 18372, 99114,20191214,-9999,    9
 18372, 99114,20191215,   -8,    0
 18372, 99114,20191216,  -73,    0
 18372, 99114,20191217,  -21,    0
 18372, 99114,20191218,  -13,    0
 18372, 99114,20191219,  -50,    0
 18372, 99114,20191220,  -94,    0
 18372, 99114,20191221,-9999,    9
 18372, 99114,20191222,-9999,    9
 18372, 99114,20191223,-9999,    9
 18372, 99114,20191224,  -15,    0
 18372, 99114,20191225,  -45,    0
 18372, 99114,20191226, -112,    0
 18372, 99114,20191227,  -69,    0
 18372, 99114,20191228,    2,    0
 18372, 99114,20191229,   24,    0
 18372, 99114,20191230,   -9,    0
 18372, 99114,20191231,-9999,    9
 18372, 99114,20200101,   -7,    0
 18372, 99114,20200102,   25,    0
 18372, 99114,20200103,  -21,    0
 18372, 99114,20200104,  -42,    0
 18372, 99114,20200105,-9999,    9
 18372, 99114,20200106,-9999,    9
 18372, 99114,20200107,   36,    0
 18372, 99114,20200108,   14,    0
 18372, 99114,20200109,  -20,    0
 18372, 99114,20200110,   -6,    0
 18372, 99114,20200111,    4,    0
 18372, 99114,20200112,-9999,    9
 18372, 99114,20200113,-9999,    9
 18372, 99114,20200114,-9999,    9
 18372, 99114,20200115,-9999,    9
 18372, 99114,20200116,  -47,    0
 18372, 99114,20200117,  -75,    0
 18372, 99114,20200118,  -66,    0
 18372, 99114,20200119,  -50,    0
 18372, 99114,20200120,   15,    0
 18372, 99114,20200121,  -26,    0
 18372, 99114,20200122,  -26,    0
 18372, 99114,20200123,   -7,    0
 18372, 99114,20200124,  -46,    0
 18372, 99114,20200125,  -53,    0
 18372, 99114,20200126, -104,    0
 18372, 99114,20200127,-9999,    9
 18372, 99114,20200128,-9999,    9
 18372, 99114,20200129, -106,    0
 18372, 99114,20200130,  -47,    0
 18372, 99114,20200131,  -40,    0
 18372, 99114,20200201,  -31,    0
 18372, 99114,20200202,  -57,    0
 18372, 99114,20200203,  -60,    0
 18372, 99114,20200204,  -74,    0
 18372, 99114,20200205,  -71,    0
 18372, 99114,20200206,  -51,    0
 18372, 99114,20200207,    3,    0
 18372, 99114,20200208,   17,    0
 18372, 99114,20200209,    3,    0
 18372, 99114,20200210,  -16,    0
 18372, 99114,20200211,   -2,    0
 18372, 99114,20200212,  -17,    0
 18372, 99114,20200213,  -60,    0
 18372, 99114,20200214,  -40,    0
 18372, 99114,20200215, -106,    0
 18372, 99114,20200216,  -55,    0
 18372, 99114,20200217,   -7,    0
 18372, 99114,20200218,  -24,    0
 18372, 99114,20200219, -101,    0
 18372, 99114,20200220,  -91,    0
 18372, 99114,20200221,   12,    0
 18372, 99114,20200222,   14,    0
 18372, 99114,20200223,   -5,    0
 18372, 99114,20200224,  -46,    0
 18372, 99114,20200225,  -93,    0
 18372, 99114,20200226,  -34,    0
 18372, 99114,20200227,  -47,    0
 18372, 99114,20200228,  -50,    0
 18372, 99114,20200229,  -59,    0
 18372, 99114,20200301, -128,    0
 18372, 99114,20200302,  -97,    0
 18372, 99114,20200303,  -88,    0
 18372, 99114,20200304,  -56,    0
 18372, 99114,20200305,  -55,    0
 18372, 99114,20200306,  -24,    0
 18372, 99114,20200307,   -2,    0
 18372, 99114,20200308,  -44,    0
 18372, 99114,20200309,   24,    0
 18372, 99114,20200310,  -26,    0
 18372, 99114,20200311,  -44,    0
 18372, 99114,20200312,  -50,    0
 18372, 99114,20200313,  -82,    0
 18372, 99114,20200314,  -64,    0
 18372, 99114,20200315,  -33,    0
 18372, 99114,20200316,  -46,    0
 18372, 99114,20200317,  -15,    0
 18372, 99114,20200318,   -1,    0
 18372, 99114,20200319,  -59,    0
 18372, 99114,20200320,-9999,    9
 18372, 99114,20200321,-9999,    9
 18372, 99114,20200322,-9999,    9
 18372, 99114,20200323,-9999,    9
 18372, 99114,20200324,-9999,    9
 18372, 99114,20200325,-9999,    9
 18372, 99114,20200326,-9999,    9
 18372, 99114,20200327,   -1,    0
 18372, 99114,20200328,  -60,    0
 18372, 99114,20200329,-9999,    9
 18372, 99114,20200330,  -60,    0
 18372, 99114,20200331,  -18,    0
 18372, 99114,20200401,  -68,    0
 18372, 99114,20200402,  -81,    0
 18372, 99114,20200403, -101,    0
 18372, 99114,20200404,  -67,    0
 18372, 99114,20200405,  -80,    0
 18372, 99114,20200406,  -31,    0
 18372, 99114,20200407,   23,    0
 18372, 99114,20200408,    4,    0
 18372, 99114,20200409,  -38,    0
 18372, 99114,20200410,  -46,    0
 18372, 99114,20200411,-9999,    9
 18372, 99114,20200412,-9999,    9
 18372, 99114,20200413,-9999,    9
 18372, 99114,20200414,-9999,    9
 18372, 99114,20200415,-9999,    9
 18372, 99114,20200416,-9999,    9
 18372, 99114,20200417,   -8,    0
 18372, 99114,20200418,    6,    0
 18372, 99114,20200419,   19,    0
 18372, 99114,20200420,   29,    0
 18372, 99114,20200421,   12,    0
 18372, 99114,20200422,   11,    0
 18372, 99114,20200423,   10,    0
 18372, 99114,20200424,   -3,    0
 18372, 99114,20200425,   -5,    0
 18372, 99114,20200426,   -3,    0
 18372, 99114,20200427,  -11,    0
 18372, 99114,20200428,  -41,    0
 18372, 99114,20200429,  -26,    0
 18372, 99114,20200430,  -24,    0
 18372, 99114,20200501,  -16,    0
 18372, 99114,20200502,    7,    0
 18372, 99114,20200503,   22,    0
 18372, 99114,20200504,    6,    0
 18372, 99114,20200505,   18,    0
 18372, 99114,20200506,    6,    0
 18372, 99114,20200507,  -16,    0
 18372, 99114,20200508,  -20,    0
 18372, 99114,20200509,  -24,    0
 18372, 99114,20200510,  -28,    0
 18372, 99114,20200511,  -17,    0
 18372, 99114,20200512,  -15,    0
 18372, 99114,20200513,  -18,    0
 18372, 99114,20200514,  -22,    0
 18372, 99114,20200515,   -9,    0
 18372, 99114,20200516,   21,    0
 18372, 99114,20200517,    4,    0
 18372, 99114,20200518,    4,    0
 18372, 99114,20200519,    4,    0
 18372, 99114,20200520,   19,    0
 18372, 99114,20200521,   19,    0
 18372, 99114,20200522,   43,    0
 18372, 99114,20200523,   81,    0
 18372, 99114,20200524,   78,    0
 18372, 99114,20200525,   68,    0
 18372, 99114,20200526,   67,    0
 18372, 99114,20200527,   45,    0
 18372, 99114,20200528,   33,    0
 18372, 99114,20200529,   36,    0
 18372, 99114,20200530,   54,    0
 18372, 99114,20200531,  100,    0
 18372, 99114,20200601,   99,    0
 18372, 99114,20200602,   75,    0
 18372, 99114,20200603,   50,    0
 18372, 99114,20200604,   76,    0
 18372, 99114,20200605,  115,    0
 18372, 99114,20200606,   85,    0
 18372, 99114,20200607,   72,    0
 18372, 99114,20200608,   48,    0
 18372, 99114,20200609,   38,    0
 18372, 99114,20200610,   50,    0
 18372, 99114,20200611,   50,    0
 18372, 99114,20200612,   76,    0
 18372, 99114,20200613,  119,    0
 18372, 99114,20200614,  113,    0
 18372, 99114,20200615,   57,    0
 18372, 99114,20200616,   70,    0
 18372, 99114,20200617,  104,    0
 18372, 99114,20200618,   61,    0
 18372, 99114,20200619,   72,    0
 18372, 99114,20200620,  112,    0
 18372, 99114,20200621,  137,    0
 18372, 99114,20200622,  146,    0
 18372, 99114,20200623,  138,    0
 18372, 99114,20200624,  119,    0
 18372, 99114,20200625,  114,    0
 18372, 99114,20200626,   89,    0
 18372, 99114,20200627,-9999,    9
 18372, 99114,20200628,  155,    0
 18372, 99114,20200629,  138,    0
 18372, 99114,20200630,-9999,    9
 18372, 99114,20200701,   56,    0
 18372, 99114,20200702,-9999,    9
 18372, 99114,20200703,   86,    0
 18372, 99114,20200704,   75,    0
 18372, 99114,20200705,   78,    0
 18372, 99114,20200706,   91,    0
 18372, 99114,20200707,   80,    0
 18372, 99114,20200708,   93,    0
 18372, 99114,20200709,   90,    0
 18372, 99114,20200710,   89,    0
 18372, 99114,20200711,  118,    0
 18372, 99114,20200712,   92,    0
 18372, 99114,20200713,  112,    0
 18372, 99114,20200714,  148,    0
 18372, 99114,20200715,  141,    0
 18372, 99114,20200716,  146,    0
 18372, 99114,20200717,  150,    0
 18372, 99114,20200718,  122,    0
 18372, 99114,20200719,  121,    0
 18372, 99114,20200720,  109,    0
 18372, 99114,20200721,   93,    0
 18372, 99114,20200722,   89,    0
 18372, 99114,20200723,   82,    0
 18372, 99114,20200724,  120,    0
 18372, 99114,20200725,  134,    0
 18372, 99114,20200726,  156,    0
 18372, 99114,20200727,  176,    0
 18372, 99114,20200728,  174,    0
 18372, 99114,20200729,  178,    0
 18372, 99114,20200730,  176,    0
 18372, 99114,20200731,  152,    0
 18372, 99114,20200801,  135,    0
 18372, 99114,20200802,  150,    0
 18372, 99114,20200803,  156,    0
 18372, 99114,20200804,-9999,    9
 18372, 99114,20200805,-9999,    9
 18372, 99114,20200806,  137,    0
 18372, 99114,20200807,  137,    0
 18372, 99114,20200808,  173,    0
 18372, 99114,20200809,  110,    0
 18372, 99114,20200810,  100,    0
 18372, 99114,20200811,  130,    0
 18372, 99114,20200812,  126,    0
 18372, 99114,20200813,  123,    0
 18372, 99114,20200814,  119,    0
 18372, 99114,20200815,  102,    0
 18372, 99114,20200816,   67,    0
 18372, 99114,20200817,   74,    0
 18372, 99114,20200818,   97,    0
 18372, 99114,20200819,   88,    0
 18372, 99114,20200820,   84,    0
 18372, 99114,20200821,  125,    0
 18372, 99114,20200822,  165,    0
 18372, 99114,20200823,  124,    0
 18372, 99114,20200824,-9999,    9
 18372, 99114,20200825,-9999,    9
 18372, 99114,20200826,   69,    0
 18372, 99114,20200827,   60,    0
 18372, 99114,20200828,   67,    0
 18372, 99114,20200829,   75,    0
 18372, 99114,20200830,   59,    0
 18372, 99114,20200831,   60,    0
 18372, 99114,20200901,   96,    0
 18372, 99114,20200902,  103,    0
 18372, 99114,20200903,  115,    0
 18372, 99114,20200904,-9999,    9
 18372, 99114,20200905,  106,    0
 18372, 99114,20200906,   87,    0
 18372, 99114,20200907,  100,    0
 18372, 99114,20200908,  100,    0
 18372, 99114,20200909,   77,    0
 18372, 99114,20200910,   68,    0
 18372, 99114,20200911,   67,    0
 18372, 99114,20200912,   69,    0
 18372, 99114,20200913,   67,    0
 18372, 99114,20200914,   68,    0
 18372, 99114,20200915,   65,    0
 18372, 99114,20200916,   50,    0
 18372, 99114,20200917,   51,    0
 18372, 99114,20200918,   58,    0
 18372, 99114,20200919,   43,    0
 18372, 99114,20200920,   56,    0
 18372, 99114,20200921,   59,    0
 18372, 99114,20200922,   41,    0
 18372, 99114,20200923,   68,    0
 18372, 99114,20200924,   39,    0
 18372, 99114,20200925,   54,    0
 18372, 99114,20200926,   27,    0
 18372, 99114,20200927,   20,    0
 18372, 99114,20200928,   88,    0
 18372, 99114,20200929,   98,    0
 18372, 99114,20200930,   80,    0
 18372, 99114,20201001,   92,    0
 18372, 99114,20201002,-9999,    9
 18372, 99114,20201003,   66,    0
 18372, 99114,20201004,   78,    0
 18372, 99114,20201005,   90,    0
 18372, 99114,20201006,  103,    0
 18372, 99114,20201007,  107,    0
 18372, 99114,20201008,  114,    0
 18372, 99114,20201009,   85,    0
 18372, 99114,20201010,   66,    0
 18372, 99114,20201011,   53,    0
 18372, 99114,20201012,   39,    0
 18372, 99114,20201013,   13,    0
 18372, 99114,20201014,   37,    0
 18372, 99114,20201015,   16,    0
 18372, 99114,20201016,   26,    0
 18372, 99114,20201017,    1,    0
 18372, 99114,20201018,  -40,    0
 18372, 99114,20201019,  -46,    0
 18372, 99114,20201020,  -54,    0
 18372, 99114,20201021,  -36,    0
 18372, 99114,20201022,  -26,    0
 18372, 99114,20201023,  -36,    0
 18372, 99114,20201024,    6,    0
 18372, 99114,20201025,-9999,    9
 18372, 99114,20201026,   31,    0
 18372, 99114,20201027,  -13,    0
 18372, 99114,20201028,  -33,    0
 18372, 99114,20201029,  -21,    0
 18372, 99114,20201030,  -64,    0
 18372, 99114,20201031,   -7,    0
 18372, 99114,20201101,   37,    0
 18372, 99114,20201102,   68,    0
 18372, 99114,20201103,   45,    0
 18372, 99114,20201104,   44,    0
 18372, 99114,20201105,   18,    0
 18372, 99114,20201106,   30,    0
 18372, 99114,20201107,    6,    0
 18372, 99114,20201108,    0,    0
 18372, 99114,20201109,    5,    0
 18372, 99114,20201110,  -19,    0
 18372, 99114,20201111,   39,    0
 18372, 99114,20201112,   14,    0
 18372, 99114,20201113,    2,    0
 18372, 99114,20201114,    9,    0
 18372, 99114,20201115,   42,    0
 18372, 99114,20201116,   53,    0
 18372, 99114,20201117,   74,    0
 18372, 99114,20201118,   15,    0
 18372, 99114,20201119,  -46,    0
 18372, 99114,20201120,  -19,    0
 18372, 99114,20201121,-9999,    9
 18372, 99114,20201122,   -5,    0
 18372, 99114,20201123,  -17,    0
 18372, 99114,20201124,  -28,    0
 18372, 99114,20201125,-9999,    9
 18372, 99114,20201126,  -55,    0
 18372, 99114,20201127,   31,    0
 18372, 99114,20201128,   30,    0
 18372, 99114,20201129,   39,    0
 18372, 99114,20201130,   31,    0
 18372, 99114,20201201,  -18,    0
 18372, 99114,20201202,   28,    0
 18372, 99114,20201203,   14,    0
 18372, 99114,20201204,  -46,    0
 18372, 99114,20201205,  -21,    0
 18372, 99114,20201206,  -82,    0
 18372, 99114,20201207,-9999,    9
 18372, 99114,20201208,-9999,    9
 18372, 99114,20201209,    1,    0
 18372, 99114,20201210,  -30,    0
 18372, 99114,20201211, -107,    0
 18372, 99114,20201212,  -96,    0
 18372, 99114,20201213,  -64,    0
 18372, 99114,20201214,-9999,    9
 18372, 99114,20201215,  -35,    0
 18372, 99114,20201216,  -37,    0
 18372, 99114,20201217,  -76,    0
 18372, 99114,20201218,  -75,    0
 18372, 99114,20201219,  -15,    0
 18372, 99114,20201220,   15,    0
 18372, 99114,20201221,   16,    0
 18372, 99114,20201222,-9999,    9
 18372, 99114,20201223,  -12,    0
 18372, 99114,20201224,  -54,    0
 18372, 99114,20201225,  -80,    0
 18372, 99114,20201226,-9999,    9
 18372, 99114,20201227,-9999,    9
 18372, 99114,20201228,   13,    0
 18372, 99114,20201229,   -1,    0
 18372, 99114,20201230,  -16,    0
 18372, 99114,20201231,  -12,    0
 18372, 99114,20210101,  -60,    0
 18372, 99114,20210102,  -44,    0
 18372, 99114,20210103,    1,    0
 18372, 99114,20210104,   19,    0
 18372, 99114,20210105,   23,    0
 18372, 99114,20210106,   13,    0
 18372, 99114,20210107,  -76,    0
 18372, 99114,20210108, -113,    0
 18372, 99114,20210109,  -99,    0
 18372, 99114,20210110,  -56,    0
 18372, 99114,20210111,  -94,    0
 18372, 99114,20210112,  -63,    0
 18372, 99114,20210113, -115,    0
 18372, 99114,20210114,  -35,    0
 18372, 99114,20210115,   -5,    0
 18372, 99114,20210116,   -6,    0
 18372, 99114,20210117,  -97,    0
 18372, 99114,20210118,  -69,    0
 18372, 99114,20210119,  -72,    0
 18372, 99114,20210120,  -76,    0
 18372, 99114,20210121,  -98,    0
 18372, 99114,20210122, -110,    0
 18372, 99114,20210123, -108,    0
 18372, 99114,20210124, -136,    0
 18372, 99114,20210125, -145,    0
 18372, 99114,20210126, -128,    0
 18372, 99114,20210127,  -84,    0
 18372, 99114,20210128,  -83,    0
 18372, 99114,20210129, -123,    0
 18372, 99114,20210130, -138,    0
 18372, 99114,20210131, -124,    0
 18372, 99114,20210201,  -69,    0
 18372, 99114,20210202, -100,    0
 18372, 99114,20210203, -134,    0
 18372, 99114,20210204,  -33,    0
 18372, 99114,20210205,  -25,    0
 18372, 99114,20210206,  -35,    0
 18372, 99114,20210207,  -34,    0
 18372, 99114,20210208,  -61,    0
 18372, 99114,20210209, -161,    0
 18372, 99114,20210210,  -95,    0
 18372, 99114,20210211,  -51,    0
 18372, 99114,20210212,  -36,    0
 18372, 99114,20210213,  -66,    0
 18372, 99114,20210214,  -51,    0
 18372, 99114,20210215,  -29,    0
 18372, 99114,20210216, -151,    0
 18372, 99114,20210217, -203,    0
 18372, 99114,20210218, -186,    0
 18372, 99114,20210219,  -91,    0
 18372, 99114,20210220,  -80,    0
 18372, 99114,20210221,  -89,    0
 18372, 99114,20210222,  -66,    0
 18372, 99114,20210223,  -37,    0
 18372, 99114,20210224,   -1,    0
 18372, 99114,20210225,   26,    0
 18372, 99114,20210226,    0,    0
 18372, 99114,20210227,-9999,    9
 18372, 99114,20210228,   33,    0
 18372, 99114,20210301,   -7,    0
 18372, 99114,20210302,  -15,    0
 18372, 99114,20210303,  -37,    0
 18372, 99114,20210304,  -63,    0
 18372, 99114,20210305,  -50,    0
 18372, 99114,20210306,  -66,    0
 18372, 99114,20210307,  -56,    0
 18372, 99114,20210308,  -88,    0
 18372, 99114,20210309, -144,    0
 18372, 99114,20210310, -136,    0
 18372, 99114,20210311,  -59,    0
 18372, 99114,20210312,  -39,    0
 18372, 99114,20210313,   -6,    0
 18372, 99114,20210314,    5,    0
 18372, 99114,20210315,-9999,    9
 18372, 99114,20210316,-9999,    9
 18372, 99114,20210317,  -64,    0
 18372, 99114,20210318, -129,    0
 18372, 99114,20210319,  -14,    0
 18372, 99114,20210320,   -4,    0
 18372, 99114,20210321,-9999,    9
 18372, 99114,20210322,  -14,    0
 18372, 99114,20210323,    9,    0
 18372, 99114,20210324,-9999,    9
 18372, 99114,20210325,  -17,    0
 18372, 99114,20210326,  -15,    0
 18372, 99114,20210327,   15,    0
 18372, 99114,20210328,-9999,    9
 18372, 99114,20210329,   32,    0
 18372, 99114,20210330,    8,    0
 18372, 99114,20210331,    2,    0
 18372, 99114,20210401,    0,    0
 18372, 99114,20210402,  -14,    0
 18372, 99114,20210403,   -5,    0
 18372, 99114,20210404,  -26,    0
 18372, 99114,20210405,  -35,    0
 18372, 99114,20210406,   -3,    0
 18372, 99114,20210407,  -30,    0
 18372, 99114,20210408,  -51,    0
 18372, 99114,20210409,  -81,    0
 18372, 99114,20210410,  -45,    0
 18372, 99114,20210411,  -12,    0
 18372, 99114,20210412,  -22,    0
 18372, 99114,20210413,  -41,    0
 18372, 99114,20210414,  -18,    0
 18372, 99114,20210415,   19,    0
 18372, 99114,20210416,   27,    0
 18372, 99114,20210417,-9999,    9
 18372, 99114,20210418,   22,    0
 18372, 99114,20210419,   60,    0
 18372, 99114,20210420,   76,    0
 18372, 99114,20210421,   11,    0
 18372, 99114,20210422,  -15,    0
 18372, 99114,20210423,  -17,    0
 18372, 99114,20210424,  -11,    0
 18372, 99114,20210425,  -18,    0
 18372, 99114,20210426,  -13,    0
 18372, 99114,20210427,  -20,    0
 18372, 99114,20210428,  -24,    0
 18372, 99114,20210429,  -21,    0
 18372, 99114,20210430,  -36,    0
 18372, 99114,20210501,  -30,    0
 18372, 99114,20210502,  -24,    0
 18372, 99114,20210503,   -7,    0
 18372, 99114,20210504,    7,    0
 18372, 99114,20210505,    0,    0
 18372, 99114,20210506,  -22,    0
 18372, 99114,20210507,  -19,    0
 18372, 99114,20210508,   -8,    0
 18372, 99114,20210509,    7,    0
 18372, 99114,20210510,-9999,    9
 18372, 99114,20210511,-9999,    9
 18372, 99114,20210512,   62,    0
 18372, 99114,20210513,   33,    0
 18372, 99114,20210514,   39,    0
 18372, 99114,20210515,   50,    0
 18372, 99114,20210516,   60,    0
 18372, 99114,20210517,   76,    0
 18372, 99114,20210518,   88,    0
 18372, 99114,20210519,   69,    0
 18372, 99114,20210520,   39,    0
 18372, 99114,20210521,   60,    0
 18372, 99114,20210522,   24,    0
 18372, 99114,20210523,   16,    0
 18372, 99114,20210524,-9999,    9
 18372, 99114,20210525,   46,    0
 18372, 99114,20210526,   59,    0
 18372, 99114,20210527,   30,    0
 18372, 99114,20210528,   26,    0
 18372, 99114,20210529,   43,    0
 18372, 99114,20210530,   45,    0
 18372, 99114,20210531,   62,    0
 18372, 99114,20210601,   96,    0
 18372, 99114,20210602,  128,    0
 18372, 99114,20210603,  133,    0
 18372, 99114,20210604,  127,    0
 18372, 99114,20210605,   65,    0
 18372, 99114,20210606,  109,    0
 18372, 99114,20210607,   92,    0
 18372, 99114,20210608,  103,    0
 18372, 99114,20210609,  117,    0
 18372, 99114,20210610,  127,    0
 18372, 99114,20210611,  135,    0
 18372, 99114,20210612,   77,    0
 18372, 99114,20210613,   57,    0
 18372, 99114,20210614,   63,    0
 18372, 99114,20210615,   46,    0
 18372, 99114,20210616,   42,    0
 18372, 99114,20210617,   74,    0
 18372, 99114,20210618,   96,    0
 18372, 99114,20210619,   72,    0
 18372, 99114,20210620,   78,    0
 18372, 99114,20210621,  110,    0
 18372, 99114,20210622,   80,    0
 18372, 99114,20210623,  114,    0
 18372, 99114,20210624,  100,    0
 18372, 99114,20210625,   75,    0
 18372, 99114,20210626,   83,    0
 18372, 99114,20210627,   96,    0
 18372, 99114,20210628,   79,    0
 18372, 99114,20210629,   69,    0
 18372, 99114,20210630,   75,    0
 18372, 99114,20210701,  128,    0
 18372, 99114,20210702,  118,    0
 18372, 99114,20210703,  128,    0
 18372, 99114,20210704,  163,    0
 18372, 99114,20210705,  215,    0
 18372, 99114,20210706,  213,    0
 18372, 99114,20210707,  198,    0
 18372, 99114,20210708,  133,    0
 18372, 99114,20210709,  132,    0
 18372, 99114,20210710,  128,    0
 18372, 99114,20210711,  169,    0
 18372, 99114,20210712,  136,    0
 18372, 99114,20210713,  121,    0
 18372, 99114,20210714,  133,    0
 18372, 99114,20210715,  135,    0
 18372, 99114,20210716,   94,    0
 18372, 99114,20210717,  100,    0
 18372, 99114,20210718,   87,    0
 18372, 99114,20210719,   74,    0
 18372, 99114,20210720,   51,    0
 18372, 99114,20210721,   65,    0
 18372, 99114,20210722,   71,    0
 18372, 99114,20210723,   73,    0
 18372, 99114,20210724,  100,    0
 18372, 99114,20210725,  120,    0
 18372, 99114,20210726,  147,    0
 18372, 99114,20210727,  172,    0
 18372, 99114,20210728,  145,    0
 18372, 99114,20210729,  107,    0
 18372, 99114,20210730,  122,    0
 18372, 99114,20210731,   74,    0
 18372, 99114,20210801,   61,    0
 18372, 99114,20210802,   69,    0
 18372, 99114,20210803,   83,    0
 18372, 99114,20210804,   91,    0
 18372, 99114,20210805,  107,    0
 18372, 99114,20210806,  144,    0
 18372, 99114,20210807,  154,    0
 18372, 99114,20210808,  163,    0
 18372, 99114,20210809,  161,    0
 18372, 99114,20210810,  147,    0
 18372, 99114,20210811,  127,    0
 18372, 99114,20210812,-9999,    9
 18372, 99114,20210813,  111,    0
 18372, 99114,20210814,   99,    0
 18372, 99114,20210815,  101,    0
 18372, 99114,20210816,   98,    0
 18372, 99114,20210817,  100,    0
 18372, 99114,20210818,  102,    0
 18372, 99114,20210819,  126,    0
 18372, 99114,20210820,   91,    0
 18372, 99114,20210821,   64,    0
 18372, 99114,20210822,   56,    0
 18372, 99114,20210823,   66,    0
 18372, 99114,20210824,   83,    0
 18372, 99114,20210825,   88,    0
 18372, 99114,20210826,   87,    0
 18372, 99114,20210827,  115,    0
 18372, 99114,20210828,  101,    0
 18372, 99114,20210829,   94,    0
 18372, 99114,20210830,   96,    0
 18372, 99114,20210831,-9999,    9
 18372, 99114,20210901,   52,    0
 18372, 99114,20210902,   46,    0
 18372, 99114,20210903,   46,    0
 18372, 99114,20210904,   47,    0
 18372, 99114,20210905,   71,    0
 18372, 99114,20210906,   89,    0
 18372, 99114,20210907,   85,    0
 18372, 99114,20210908,   71,    0
 18372, 99114,20210909,   61,    0
 18372, 99114,20210910,   57,    0
 18372, 99114,20210911,   53,    0
 18372, 99114,20210912,   61,    0
 18372, 99114,20210913,   36,    0
 18372, 99114,20210914,   39,    0
 18372, 99114,20210915,   46,    0
 18372, 99114,20210916,   44,    0
 18372, 99114,20210917,   59,    0
 18372, 99114,20210918,   62,    0
 18372, 99114,20210919,   72,    0
 18372, 99114,20210920,   56,    0
 18372, 99114,20210921,   71,    0
 18372, 99114,20210922,   97,    0
 18372, 99114,20210923,   86,    0
 18372, 99114,20210924,   50,    0
 18372, 99114,20210925,   50,    0
 18372, 99114,20210926,   81,    0
 18372, 99114,20210927,  133,    0
 18372, 99114,20210928,  133,    0
 18372, 99114,20210929,   58,    0
 18372, 99114,20210930,   44,    0
 18372, 99114,20211001,-9999,    9
 18372, 99114,20211002,  104,    0
 18372, 99114,20211003,  102,    0
 18372, 99114,20211004,-9999,    9
 18372, 99114,20211005,   96,    0
 18372, 99114,20211006,   68,    0
 18372, 99114,20211007,   20,    0
 18372, 99114,20211008,    9,    0
 18372, 99114,20211009,   74,    0
 18372, 99114,20211010,   83,    0
 18372, 99114,20211011,   50,    0
 18372, 99114,20211012,   24,    0
 18372, 99114,20211013,    7,    0
 18372, 99114,20211014,   -8,    0
 18372, 99114,20211015,    2,    0
 18372, 99114,20211016,   10,    0
 18372, 99114,20211017,   13,    0
 18372, 99114,20211018,  -16,    0
 18372, 99114,20211019,  -49,    0
 18372, 99114,20211020,  -26,    0
 18372, 99114,20211021,  -15,    0
 18372, 99114,20211022,  -17,    0
 18372, 99114,20211023,  -38,    0
 18372, 99114,20211024,  -20,    0
 18372, 99114,20211025,  -12,    0
 18372, 99114,20211026,   -9,    0
 18372, 99114,20211027,  -11,    0
 18372, 99114,20211028,   27,    0
 18372, 99114,20211029,   30,    0
 18372, 99114,20211030,    6,    0
 18372, 99114,20211031,-9999,    9
 18372, 99114,20211101,-9999,    9
 18372, 99114,20211102,   44,    0
 18372, 99114,20211103,   30,    0
 18372, 99114,20211104,   25,    0
 18372, 99114,20211105,   -1,    0
 18372, 99114,20211106,   -2,    0
 18372, 99114,20211107,-9999,    9
 18372, 99114,20211108,-9999,    9
 18372, 99114,20211109,  -18,    0
 18372, 99114,20211110,   17,    0
 18372, 99114,20211111,   18,    0
 18372, 99114,20211112,    0,    0
 18372, 99114,20211113,   -6,    0
 18372, 99114,20211114,  -17,    0
 18372, 99114,20211115,   29,    0
 18372, 99114,20211116,   46,    0
 18372, 99114,20211117,   26,    0
 18372, 99114,20211118,   17,    0
 18372, 99114,20211119,    1,    0
 18372, 99114,20211120,   -9,    0
 18372, 99114,20211121,  -50,    0
 18372, 99114,20211122,  -90,    0
 18372, 99114,20211123,  -30,    0
 18372, 99114,20211124,  -99,    0
 18372, 99114,20211125, -160,    0
 18372, 99114,20211126, -135,    0
 18372, 99114,20211127, -194,    0
 18372, 99114,20211128, -116,    0
 18372, 99114,20211129, -120,    0
 18372, 99114,20211130,-9999,    9
 18372, 99114,20211201, -148,    0
 18372, 99114,20211202,  -44,    0
 18372, 99114,20211203,  -66,    0
 18372, 99114,20211204, -115,    0
 18372, 99114,20211205, -203,    0
 18372, 99114,20211206, -220,    0
 18372, 99114,20211207, -170,    0
 18372, 99114,20211208, -123,    0
 18372, 99114,20211209,-9999,    9
 18372, 99114,20211210,  -76,    0
 18372, 99114,20211211, -111,    0
 18372, 99114,20211212,  -24,    0
 18372, 99114,20211213,  -46,    0
 18372, 99114,20211214,  -12,    0
 18372, 99114,20211215,    9,    0
 18372, 99114,20211216,   10,    0
 18372, 99114,20211217,   24,    0
 18372, 99114,20211218,    3,    0
 18372, 99114,20211219,  -14,    0
 18372, 99114,20211220, -142,    0
 18372, 99114,20211221, -216,    0
 18372, 99114,20211222, -152,    0
 18372, 99114,20211223, -114,    0
 18372, 99114,20211224,  -74,    0
 18372, 99114,20211225, -113,    0
 18372, 99114,20211226, -149,    0
 18372, 99114,20211227,  -83,    0
 18372, 99114,20211228, -133,    0
 18372, 99114,20211229, -198,    0
 18372, 99114,20211230,  -86,    0
 18372, 99114,20211231, -120,    0
 18372, 99114,20220101,  -82,    0
 18372, 99114,20220102,  -50,    0
 18372, 99114,20220103,  -64,    0
 18372, 99114,20220104,  -90,    0
 18372, 99114,20220105,  -72,    0
 18372, 99114,20220106, -104,    0
 18372, 99114,20220107, -131,    0
 18372, 99114,20220108,  -83,    0
 18372, 99114,20220109, -203,    0
 18372, 99114,20220110, -192,    0
 18372, 99114,20220111,  -42,    0
 18372, 99114,20220112,    6,    0
 18372, 99114,20220113,  -23,    0
 18372, 99114,20220114,-9999,    9
 18372, 99114,20220115,  -33,    0
 18372, 99114,20220116,  -19,    0
 18372, 99114,20220117,-9999,    9
 18372, 99114,20220118,    6,    0
 18372, 99114,20220119,  -17,    0
 18372, 99114,20220120,  -31,    0
 18372, 99114,20220121,  -53,    0
 18372, 99114,20220122,    2,    0
 18372, 99114,20220123,   26,    0
 18372, 99114,20220124,  -26,    0
 18372, 99114,20220125,  -41,    0
 18372, 99114,20220126, -103,    0
 18372, 99114,20220127,  -77,    0
 18372, 99114,20220128,  -71,    0
 18372, 99114,20220129,  -81,    0
 18372, 99114,20220130, -122,    0
 18372, 99114,20220131,  -87,    0
 18372, 99114,20220201, -133,    0
 18372, 99114,20220202,  -90,    0
 18372, 99114,20220203,  -92,    0
 18372, 99114,20220204,  -81,    0
 18372, 99114,20220205,  -51,    0
 18372, 99114,20220206,  -32,    0
 18372, 99114,20220207,  -66,    0
 18372, 99114,20220208,  -37,    0
 18372, 99114,20220209,  -25,    0
 18372, 99114,20220210,  -61,    0
 18372, 99114,20220211,  -57,    0
 18372, 99114,20220212, -158,    0
 18372, 99114,20220213,  -97,    0
 18372, 99114,20220214,  -52,    0
 18372, 99114,20220215, -122,    0
 18372, 99114,20220216,  -68,    0
 18372, 99114,20220217,  -48,    0
 18372, 99114,20220218,  -55,    0
 18372, 99114,20220219,  -64,    0
 18372, 99114,20220220,  -81,    0
 18372, 99114,20220221, -137,    0
 18372, 99114,20220222, -171,    0
 18372, 99114,20220223, -113,    0
 18372, 99114,20220224,  -27,    0
 18372, 99114,20220225,  -49,    0
 18372, 99114,20220226,  -38,    0
 18372, 99114,20220227,   27,    0
 18372, 99114,20220228,   15,    0
 18372, 99114,20220301,   18,    0
 18372, 99114,20220302,   -2,    0
 18372, 99114,20220303,-9999,    9
 18372, 99114,20220304,  -41,    0
 18372, 99114,20220305,   -2,    0
 18372, 99114,20220306,  -16,    0
 18372, 99114,20220307,  -16,    0
 18372, 99114,20220308,  -56,    0
 18372, 99114,20220309,  -30,    0
 18372, 99114,20220310,   16,    0
 18372, 99114,20220311,   26,    0
 18372, 99114,20220312,   25,    0
 18372, 99114,20220313,  -20,    0
 18372, 99114,20220314,    5,    0
 18372, 99114,20220315,   26,    0
 18372, 99114,20220316,   10,    0
 18372, 99114,20220317,   47,    0
 18372, 99114,20220318,   17,    0
 18372, 99114,20220319,   26,    0
 18372, 99114,20220320,   49,    0
 18372, 99114,20220321,   25,    0
 18372, 99114,20220322,   19,    0
 18372, 99114,20220323,   22,    0
 18372, 99114,20220324,  -25,    0
 18372, 99114,20220325,  -30,    0
 18372, 99114,20220326,  -54,    0
 18372, 99114,20220327,-9999,    9
 18372, 99114,20220328,  -76,    0
 18372, 99114,20220329,  -54,    0
 18372, 99114,20220330,  -39,    0
 18372, 99114,20220331,  -65,    0
 18372, 99114,20220401,  -44,    0
 18372, 99114,20220402,  -36,    0
 18372, 99114,20220403,  -63,    0
 18372, 99114,20220404,  -71,    0
 18372, 99114,20220405, -105,    0
 18372, 99114,20220406,  -20,    0
 18372, 99114,20220407,  -24,    0
 18372, 99114,20220408,  -28,    0
 18372, 99114,20220409,   11,    0
 18372, 99114,20220410,   -6,    0
 18372, 99114,20220411,  -17,    0
 18372, 99114,20220412,   -4,    0
 18372, 99114,20220413,   -9,    0
 18372, 99114,20220414,   -6,    0
 18372, 99114,20220415,   -4,    0
 18372, 99114,20220416,   25,    0
 18372, 99114,20220417,   41,    0
 18372, 99114,20220418,   44,    0
 18372, 99114,20220419,   55,    0
 18372, 99114,20220420,   56,    0
 18372, 99114,20220421,   32,    0
 18372, 99114,20220422,   14,    0
 18372, 99114,20220423,-9999,    9
 18372, 99114,20220424,   26,    0
 18372, 99114,20220425,   -6,    0
 18372, 99114,20220426,  -55,    0
 18372, 99114,20220427,  -43,    0
 18372, 99114,20220428,  -44,    0
 18372, 99114,20220429,  -31,    0
 18372, 99114,20220430,  -23,    0
 18372, 99114,20220501,-9999,    9
 18372, 99114,20220502,-9999,    9
 18372, 99114,20220503,-9999,    9
 18372, 99114,20220504,-9999,    9
 18372, 99114,20220505,-9999,    9
 18372, 99114,20220506,-9999,    9
 18372, 99114,20220507,-9999,    9
 18372, 99114,20220508,-9999,    9
 18372, 99114,20220509,-9999,    9
 18372, 99114,20220510,-9999,    9
 18372, 99114,20220511,-9999,    9
 18372, 99114,20220512,-9999,    9
 18372, 99114,20220513,-9999,    9
 18372, 99114,20220514,-9999,    9
 18372, 99114,20220515,   23,    0
 18372, 99114,20220516,    0,    0
 18372, 99114,20220517,    2,    0
 18372, 99114,20220518,   22,    0
 18372, 99114,20220519,-9999,    9
 18372, 99114,20220520,-9999,    9
 18372, 99114,20220521,   51,    0
 18372, 99114,20220522,   66,    0
 18372, 99114,20220523,   84,    0
 18372, 99114,20220524,   94,    0
 18372, 99114,20220525,  115,    0
 18372, 99114,20220526,  101,    0
 18372, 99114,20220527,   74,    0
 18372, 99114,20220528,   56,    0
 18372, 99114,20220529,   88,    0
 18372, 99114,20220530,  118,    0
 18372, 99114,20220531,  138,    0
 18372, 99114,20220601,  119,    0
 18372, 99114,20220602,  122,    0
 18372, 99114,20220603,   92,    0
 18372, 99114,20220604,   67,    0
 18372, 99114,20220605,   35,    0
 18372, 99114,20220606,   63,    0
 18372, 99114,20220607,   38,    0
 18372, 99114,20220608,   41,    0
 18372, 99114,20220609,   45,    0
 18372, 99114,20220610,   62,    0
 18372, 99114,20220611,   92,    0
 18372, 99114,20220612,   87,    0
 18372, 99114,20220613,   93,    0
 18372, 99114,20220614,   89,    0
 18372, 99114,20220615,   74,    0
 18372, 99114,20220616,   87,    0
 18372, 99114,20220617,   85,    0
 18372, 99114,20220618,  110,    0
 18372, 99114,20220619,   87,    0
 18372, 99114,20220620,   86,    0
 18372, 99114,20220621,   86,    0
 18372, 99114,20220622,   81,    0
 18372, 99114,20220623,   91,    0
 18372, 99114,20220624,   93,    0
 18372, 99114,20220625,  165,    0
 18372, 99114,20220626,  189,    0
 18372, 99114,20220627,  212,    0
 18372, 99114,20220628,  228,    0
 18372, 99114,20220629,  168,    0
 18372, 99114,20220630,-9999,    9
 18372, 99114,20220701,  208,    0
 18372, 99114,20220702,  221,    0
 18372, 99114,20220703,  142,    0
 18372, 99114,20220704,  154,    0
 18372, 99114,20220705,  152,    0
 18372, 99114,20220706,   98,    0
 18372, 99114,20220707,   89,    0
 18372, 99114,20220708,   84,    0
 18372, 99114,20220709,  114,    0
 18372, 99114,20220710,  111,    0
 18372, 99114,20220711,  131,    0
 18372, 99114,20220712,  177,    0
 18372, 99114,20220713,  131,    0
 18372, 99114,20220714,  106,    0
 18372, 99114,20220715,   87,    0
 18372, 99114,20220716,   87,    0
 18372, 99114,20220717,   78,    0
 18372, 99114,20220718,   98,    0
 18372, 99114,20220719,  106,    0
 18372, 99114,20220720,  147,    0
 18372, 99114,20220721,  128,    0
 18372, 99114,20220722,  101,    0
 18372, 99114,20220723,   90,    0
 18372, 99114,20220724,  102,    0
 18372, 99114,20220725,  117,    0
 18372, 99114,20220726,  119,    0
 18372, 99114,20220727,   87,    0
 18372, 99114,20220728,   85,    0
 18372, 99114,20220729,  110,    0
 18372, 99114,20220730,  140,    0
 18372, 99114,20220731,  151,    0
 18372, 99114,20220801,  163,    0
 18372, 99114,20220802,  101,    0
 18372, 99114,20220803,  139,    0
 18372, 99114,20220804,  123,    0
 18372, 99114,20220805,   96,    0
 18372, 99114,20220806,  114,    0
 18372, 99114,20220807,   88,    0
 18372, 99114,20220808,   94,    0
 18372, 99114,20220809,-9999,    9
 18372, 99114,20220810,  122,    0
 18372, 99114,20220811,   95,    0
 18372, 99114,20220812,   86,    0
 18372, 99114,20220813,   92,    0
 18372, 99114,20220814,   96,    0
 18372, 99114,20220815,-9999,    9
 18372, 99114,20220816,  172,    0
 18372, 99114,20220817,-9999,    9
 18372, 99114,20220818,  107,    0
 18372, 99114,20220819,  157,    0
 18372, 99114,20220820,  156,    0
 18372, 99114,20220821,  171,    0
 18372, 99114,20220822,  118,    0
 18372, 99114,20220823,   91,    0
 18372, 99114,20220824,  106,    0
 18372, 99114,20220825,  147,    0
 18372, 99114,20220826,  156,    0
 18372, 99114,20220827,  108,    0
 18372, 99114,20220828,   86,    0
 18372, 99114,20220829,   78,    0
 18372, 99114,20220830,   67,    0
 18372, 99114,20220831,   65,    0
 18372, 99114,20220901,   65,    0
 18372, 99114,20220902,   58,    0
 18372, 99114,20220903,   47,    0
 18372, 99114,20220904,   58,    0
 18372, 99114,20220905,   60,    0
 18372, 99114,20220906,   61,    0
 18372, 99114,20220907,   57,    0
 18372, 99114,20220908,   69,    0
 18372, 99114,20220909,   61,    0
 18372, 99114,20220910,   73,    0
 18372, 99114,20220911,   74,    0
 18372, 99114,20220912,   68,    0
 18372, 99114,20220913,   73,    0
 18372, 99114,20220914,   69,    0
 18372, 99114,20220915,   78,    0
 18372, 99114,20220916,   87,    0
 18372, 99114,20220917,   79,    0
 18372, 99114,20220918,   70,    0
 18372, 99114,20220919,   53,    0
 18372, 99114,20220920,   26,    0
 18372, 99114,20220921,   70,    0
 18372, 99114,20220922,  115,    0
 18372, 99114,20220923,   92,    0
 18372, 99114,20220924,   82,    0
 18372, 99114,20220925,  102,    0
 18372, 99114,20220926,   77,    0
 18372, 99114,20220927,   64,    0
 18372, 99114,20220928,   43,    0
 18372, 99114,20220929,   64,    0
 18372, 99114,20220930,   30,    0
 18372, 99114,20221001,    5,    0
 18372, 99114,20221002,   32,    0
 18372, 99114,20221003,   61,    0
 18372, 99114,20221004,   54,    0
 18372, 99114,20221005,   62,    0
 18372, 99114,20221006,   61,    0
 18372, 99114,20221007,   60,    0
 18372, 99114,20221008,   46,    0
 18372, 99114,20221009,   42,    0
 18372, 99114,20221010,   74,    0
 18372, 99114,20221011,   63,    0
 18372, 99114,20221012,   32,    0
 18372, 99114,20221013,   58,    0
 18372, 99114,20221014,   29,    0
 18372, 99114,20221015,   38,    0
 18372, 99114,20221016,   35,    0
 18372, 99114,20221017,   28,    0
 18372, 99114,20221018,    8,    0
 18372, 99114,20221019,   36,    0
 18372, 99114,20221020,   20,    0
 18372, 99114,20221021,   32,    0
 18372, 99114,20221022,   16,    0
 18372, 99114,20221023,   -1,    0
 18372, 99114,20221024,  -45,    0
 18372, 99114,20221025,  -72,    0
 18372, 99114,20221026,  -24,    0
 18372, 99114,20221027,  -20,    0
 18372, 99114,20221028,   33,    0
 18372, 99114,20221029,    7,    0
 18372, 99114,20221030,   17,    0
 18372, 99114,20221031,   26,    0
