EUROPEAN CLIMATE ASSESSMENT & DATASET (ECA&D), file created on: 16-11-2022
THESE DATA CAN BE USED FOR NON-COMMERCIAL RESEARCH AND EDUCATION PROVIDED THAT THE FOLLOWING SOURCE IS ACKNOWLEDGED: 

Klein Tank, A.M.G. and Coauthors, 2002. Daily dataset of 20th-century surface
air temperature and precipitation series for the European Climate Assessment.
Int. J. of Climatol., 22, 1441-1453.
Data and metadata available at http://www.ecad.eu

FILE FORMAT (MISSING VALUE CODE = -9999):

01-06 STAID: Station identifier
08-13 SOUID: Source identifier
15-22 DATE : Date YYYYMMDD
24-28 TG   : Mean temperature in 0.1 &#176;C
30-34 Q_TG : quality code for TG (0='valid'; 1='suspect'; 9='missing')

This is the blended series of station SKJEGGEDAL, NORWAY (STAID: 18286)
Blended and updated with sources:99617 
See files sources.txt and stations.txt for more info.

STAID, SOUID,    DATE,   TG, Q_TG
 18286, 99617,20170201,-9999,    9
 18286, 99617,20170202,-9999,    9
 18286, 99617,20170203,-9999,    9
 18286, 99617,20170204,-9999,    9
 18286, 99617,20170205,-9999,    9
 18286, 99617,20170206,-9999,    9
 18286, 99617,20170207,-9999,    9
 18286, 99617,20170208,-9999,    9
 18286, 99617,20170209,-9999,    9
 18286, 99617,20170210,-9999,    9
 18286, 99617,20170211,-9999,    9
 18286, 99617,20170212,-9999,    9
 18286, 99617,20170213,-9999,    9
 18286, 99617,20170214,-9999,    9
 18286, 99617,20170215,-9999,    9
 18286, 99617,20170216,   22,    0
 18286, 99617,20170217,    4,    0
 18286, 99617,20170218,    2,    0
 18286, 99617,20170219,   33,    0
 18286, 99617,20170220,   29,    0
 18286, 99617,20170221,   13,    0
 18286, 99617,20170222,    4,    0
 18286, 99617,20170223,  -42,    0
 18286, 99617,20170224,  -68,    0
 18286, 99617,20170225,  -31,    0
 18286, 99617,20170226,   11,    0
 18286, 99617,20170227,   34,    0
 18286, 99617,20170228,   24,    0
 18286, 99617,20170301,   -3,    0
 18286, 99617,20170302,   -7,    0
 18286, 99617,20170303,   -3,    0
 18286, 99617,20170304,   -2,    0
 18286, 99617,20170305,   -8,    0
 18286, 99617,20170306,  -42,    0
 18286, 99617,20170307,  -71,    0
 18286, 99617,20170308,  -67,    0
 18286, 99617,20170309,    6,    0
 18286, 99617,20170310,   10,    0
 18286, 99617,20170311,    5,    0
 18286, 99617,20170312,   30,    0
 18286, 99617,20170313,   34,    0
 18286, 99617,20170314,   37,    0
 18286, 99617,20170315,   21,    0
 18286, 99617,20170316,   26,    0
 18286, 99617,20170317,   -2,    0
 18286, 99617,20170318,  -21,    0
 18286, 99617,20170319,  -19,    0
 18286, 99617,20170320,   21,    0
 18286, 99617,20170321,   16,    0
 18286, 99617,20170322,   -4,    0
 18286, 99617,20170323,  -17,    0
 18286, 99617,20170324,   13,    0
 18286, 99617,20170325,   33,    0
 18286, 99617,20170326,   58,    0
 18286, 99617,20170327,   45,    0
 18286, 99617,20170328,   35,    0
 18286, 99617,20170329,   26,    0
 18286, 99617,20170330,   13,    0
 18286, 99617,20170331,   36,    0
 18286, 99617,20170401,   75,    0
 18286, 99617,20170402,   42,    0
 18286, 99617,20170403,   49,    0
 18286, 99617,20170404,   55,    0
 18286, 99617,20170405,   26,    0
 18286, 99617,20170406,   28,    0
 18286, 99617,20170407,   67,    0
 18286, 99617,20170408,   52,    0
 18286, 99617,20170409,   67,    0
 18286, 99617,20170410,   19,    0
 18286, 99617,20170411,    9,    0
 18286, 99617,20170412,   23,    0
 18286, 99617,20170413,   18,    0
 18286, 99617,20170414,    7,    0
 18286, 99617,20170415,   19,    0
 18286, 99617,20170416,   16,    0
 18286, 99617,20170417,    4,    0
 18286, 99617,20170418,    3,    0
 18286, 99617,20170419,   24,    0
 18286, 99617,20170420,   49,    0
 18286, 99617,20170421,   14,    0
 18286, 99617,20170422,   17,    0
 18286, 99617,20170423,    7,    0
 18286, 99617,20170424,   -3,    0
 18286, 99617,20170425,    9,    0
 18286, 99617,20170426,    8,    0
 18286, 99617,20170427,   16,    0
 18286, 99617,20170428,   26,    0
 18286, 99617,20170429,   33,    0
 18286, 99617,20170430,   27,    0
 18286, 99617,20170501,   52,    0
 18286, 99617,20170502,   62,    0
 18286, 99617,20170503,   78,    0
 18286, 99617,20170504,   77,    0
 18286, 99617,20170505,   95,    0
 18286, 99617,20170506,  107,    0
 18286, 99617,20170507,   90,    0
 18286, 99617,20170508,   54,    0
 18286, 99617,20170509,   34,    0
 18286, 99617,20170510,   41,    0
 18286, 99617,20170511,   48,    0
 18286, 99617,20170512,   68,    0
 18286, 99617,20170513,   76,    0
 18286, 99617,20170514,   78,    0
 18286, 99617,20170515,   94,    0
 18286, 99617,20170516,   87,    0
 18286, 99617,20170517,   94,    0
 18286, 99617,20170518,   79,    0
 18286, 99617,20170519,  106,    0
 18286, 99617,20170520,  124,    0
 18286, 99617,20170521,   84,    0
 18286, 99617,20170522,   85,    0
 18286, 99617,20170523,   91,    0
 18286, 99617,20170524,   96,    0
 18286, 99617,20170525,   92,    0
 18286, 99617,20170526,  113,    0
 18286, 99617,20170527,  141,    0
 18286, 99617,20170528,  150,    0
 18286, 99617,20170529,  141,    0
 18286, 99617,20170530,  124,    0
 18286, 99617,20170531,   84,    0
 18286, 99617,20170601,   85,    0
 18286, 99617,20170602,   74,    0
 18286, 99617,20170603,  112,    0
 18286, 99617,20170604,   99,    0
 18286, 99617,20170605,   89,    0
 18286, 99617,20170606,  110,    0
 18286, 99617,20170607,  126,    0
 18286, 99617,20170608,  105,    0
 18286, 99617,20170609,  100,    0
 18286, 99617,20170610,  109,    0
 18286, 99617,20170611,  114,    0
 18286, 99617,20170612,   97,    0
 18286, 99617,20170613,  104,    0
 18286, 99617,20170614,  110,    0
 18286, 99617,20170615,  126,    0
 18286, 99617,20170616,  111,    0
 18286, 99617,20170617,  107,    0
 18286, 99617,20170618,  113,    0
 18286, 99617,20170619,   93,    0
 18286, 99617,20170620,   73,    0
 18286, 99617,20170621,   98,    0
 18286, 99617,20170622,  100,    0
 18286, 99617,20170623,  106,    0
 18286, 99617,20170624,   88,    0
 18286, 99617,20170625,   70,    0
 18286, 99617,20170626,   80,    0
 18286, 99617,20170627,   96,    0
 18286, 99617,20170628,  135,    0
 18286, 99617,20170629,  136,    0
 18286, 99617,20170630,  167,    0
 18286, 99617,20170701,  154,    0
 18286, 99617,20170702,  107,    0
 18286, 99617,20170703,   95,    0
 18286, 99617,20170704,  106,    0
 18286, 99617,20170705,  114,    0
 18286, 99617,20170706,  117,    0
 18286, 99617,20170707,  106,    0
 18286, 99617,20170708,  112,    0
 18286, 99617,20170709,  102,    0
 18286, 99617,20170710,  100,    0
 18286, 99617,20170711,  100,    0
 18286, 99617,20170712,   92,    0
 18286, 99617,20170713,   97,    0
 18286, 99617,20170714,  101,    0
 18286, 99617,20170715,  126,    0
 18286, 99617,20170716,  107,    0
 18286, 99617,20170717,   83,    0
 18286, 99617,20170718,  111,    0
 18286, 99617,20170719,  130,    0
 18286, 99617,20170720,  169,    0
 18286, 99617,20170721,  147,    0
 18286, 99617,20170722,  150,    0
 18286, 99617,20170723,  170,    0
 18286, 99617,20170724,  136,    0
 18286, 99617,20170725,  134,    0
 18286, 99617,20170726,  153,    0
 18286, 99617,20170727,  137,    0
 18286, 99617,20170728,  112,    0
 18286, 99617,20170729,  122,    0
 18286, 99617,20170730,  136,    0
 18286, 99617,20170731,  112,    0
 18286, 99617,20170801,  123,    0
 18286, 99617,20170802,  109,    0
 18286, 99617,20170803,  112,    0
 18286, 99617,20170804,  124,    0
 18286, 99617,20170805,  121,    0
 18286, 99617,20170806,  112,    0
 18286, 99617,20170807,   96,    0
 18286, 99617,20170808,  111,    0
 18286, 99617,20170809,  119,    0
 18286, 99617,20170810,  125,    0
 18286, 99617,20170811,  128,    0
 18286, 99617,20170812,  120,    0
 18286, 99617,20170813,   95,    0
 18286, 99617,20170814,  101,    0
 18286, 99617,20170815,  119,    0
 18286, 99617,20170816,  119,    0
 18286, 99617,20170817,  118,    0
 18286, 99617,20170818,  128,    0
 18286, 99617,20170819,  108,    0
 18286, 99617,20170820,  113,    0
 18286, 99617,20170821,  116,    0
 18286, 99617,20170822,  111,    0
 18286, 99617,20170823,  113,    0
 18286, 99617,20170824,  101,    0
 18286, 99617,20170825,  123,    0
 18286, 99617,20170826,  110,    0
 18286, 99617,20170827,  121,    0
 18286, 99617,20170828,  137,    0
 18286, 99617,20170829,  116,    0
 18286, 99617,20170830,   92,    0
 18286, 99617,20170831,  100,    0
 18286, 99617,20170901,   96,    0
 18286, 99617,20170902,   97,    0
 18286, 99617,20170903,  114,    0
 18286, 99617,20170904,  124,    0
 18286, 99617,20170905,  111,    0
 18286, 99617,20170906,  122,    0
 18286, 99617,20170907,  108,    0
 18286, 99617,20170908,  107,    0
 18286, 99617,20170909,  105,    0
 18286, 99617,20170910,   96,    0
 18286, 99617,20170911,  103,    0
 18286, 99617,20170912,   96,    0
 18286, 99617,20170913,   88,    0
 18286, 99617,20170914,   85,    0
 18286, 99617,20170915,   93,    0
 18286, 99617,20170916,   97,    0
 18286, 99617,20170917,   94,    0
 18286, 99617,20170918,   98,    0
 18286, 99617,20170919,   96,    0
 18286, 99617,20170920,   93,    0
 18286, 99617,20170921,   81,    0
 18286, 99617,20170922,   90,    0
 18286, 99617,20170923,  102,    0
 18286, 99617,20170924,  123,    0
 18286, 99617,20170925,  129,    0
 18286, 99617,20170926,  130,    0
 18286, 99617,20170927,  140,    0
 18286, 99617,20170928,  129,    0
 18286, 99617,20170929,  127,    0
 18286, 99617,20170930,  109,    0
 18286, 99617,20171001,  120,    0
 18286, 99617,20171002,   95,    0
 18286, 99617,20171003,   72,    0
 18286, 99617,20171004,   38,    0
 18286, 99617,20171005,   49,    0
 18286, 99617,20171006,   61,    0
 18286, 99617,20171007,   42,    0
 18286, 99617,20171008,   36,    0
 18286, 99617,20171009,   37,    0
 18286, 99617,20171010,   44,    0
 18286, 99617,20171011,   59,    0
 18286, 99617,20171012,   54,    0
 18286, 99617,20171013,   82,    0
 18286, 99617,20171014,   92,    0
 18286, 99617,20171015,  107,    0
 18286, 99617,20171016,   81,    0
 18286, 99617,20171017,   87,    0
 18286, 99617,20171018,   38,    0
 18286, 99617,20171019,   42,    0
 18286, 99617,20171020,   92,    0
 18286, 99617,20171021,   86,    0
 18286, 99617,20171022,   76,    0
 18286, 99617,20171023,   61,    0
 18286, 99617,20171024,   38,    0
 18286, 99617,20171025,   53,    0
 18286, 99617,20171026,   54,    0
 18286, 99617,20171027,   51,    0
 18286, 99617,20171028,   52,    0
 18286, 99617,20171029,   32,    0
 18286, 99617,20171030,   16,    0
 18286, 99617,20171031,   30,    0
 18286, 99617,20171101,   60,    0
 18286, 99617,20171102,   48,    0
 18286, 99617,20171103,   38,    0
 18286, 99617,20171104,   51,    0
 18286, 99617,20171105,   29,    0
 18286, 99617,20171106,   10,    0
 18286, 99617,20171107,   59,    0
 18286, 99617,20171108,   60,    0
 18286, 99617,20171109,   33,    0
 18286, 99617,20171110,    3,    0
 18286, 99617,20171111,   -2,    0
 18286, 99617,20171112,    2,    0
 18286, 99617,20171113,  -12,    0
 18286, 99617,20171114,    2,    0
 18286, 99617,20171115,   19,    0
 18286, 99617,20171116,   23,    0
 18286, 99617,20171117,   23,    0
 18286, 99617,20171118,    3,    0
 18286, 99617,20171119,   -3,    0
 18286, 99617,20171120,  -27,    0
 18286, 99617,20171121,  -51,    0
 18286, 99617,20171122,  -19,    0
 18286, 99617,20171123,   34,    0
 18286, 99617,20171124,   -5,    0
 18286, 99617,20171125,    4,    0
 18286, 99617,20171126,    0,    0
 18286, 99617,20171127,  -25,    0
 18286, 99617,20171128,  -11,    0
 18286, 99617,20171129,  -61,    0
 18286, 99617,20171130,  -44,    0
 18286, 99617,20171201,  -56,    0
 18286, 99617,20171202,   -5,    0
 18286, 99617,20171203,    4,    0
 18286, 99617,20171204,   -2,    0
 18286, 99617,20171205,   28,    0
 18286, 99617,20171206,   32,    0
 18286, 99617,20171207,   47,    0
 18286, 99617,20171208,    7,    0
 18286, 99617,20171209,  -18,    0
 18286, 99617,20171210,  -46,    0
 18286, 99617,20171211,  -68,    0
 18286, 99617,20171212,  -57,    0
 18286, 99617,20171213,  -27,    0
 18286, 99617,20171214,   -6,    0
 18286, 99617,20171215,  -69,    0
 18286, 99617,20171216,  -75,    0
 18286, 99617,20171217,  -27,    0
 18286, 99617,20171218,    1,    0
 18286, 99617,20171219,   12,    0
 18286, 99617,20171220,   31,    0
 18286, 99617,20171221,   14,    0
 18286, 99617,20171222,   13,    0
 18286, 99617,20171223,   58,    0
 18286, 99617,20171224,   11,    0
 18286, 99617,20171225,   18,    0
 18286, 99617,20171226,    5,    0
 18286, 99617,20171227,    4,    0
 18286, 99617,20171228,  -28,    0
 18286, 99617,20171229,  -26,    0
 18286, 99617,20171230,  -31,    0
 18286, 99617,20171231,  -12,    0
 18286, 99617,20180101,   15,    0
 18286, 99617,20180102,   -7,    0
 18286, 99617,20180103,    1,    0
 18286, 99617,20180104,  -12,    0
 18286, 99617,20180105,  -31,    0
 18286, 99617,20180106,  -76,    0
 18286, 99617,20180107,  -33,    0
 18286, 99617,20180108,  -25,    0
 18286, 99617,20180109,   -8,    0
 18286, 99617,20180110,   33,    0
 18286, 99617,20180111,    0,    0
 18286, 99617,20180112,  -18,    0
 18286, 99617,20180113,  -47,    0
 18286, 99617,20180114,  -13,    0
 18286, 99617,20180115,    3,    0
 18286, 99617,20180116,  -14,    0
 18286, 99617,20180117,  -40,    0
 18286, 99617,20180118,  -50,    0
 18286, 99617,20180119,  -29,    0
 18286, 99617,20180120,  -17,    0
 18286, 99617,20180121,  -60,    0
 18286, 99617,20180122,  -23,    0
 18286, 99617,20180123,   15,    0
 18286, 99617,20180124,   28,    0
 18286, 99617,20180125,   14,    0
 18286, 99617,20180126,  -12,    0
 18286, 99617,20180127,  -26,    0
 18286, 99617,20180128,   20,    0
 18286, 99617,20180129,    1,    0
 18286, 99617,20180130,    1,    0
 18286, 99617,20180131,    8,    0
 18286, 99617,20180201,  -16,    0
 18286, 99617,20180202,  -50,    0
 18286, 99617,20180203,  -89,    0
 18286, 99617,20180204,  -83,    0
 18286, 99617,20180205,  -48,    0
 18286, 99617,20180206,  -46,    0
 18286, 99617,20180207,  -42,    0
 18286, 99617,20180208,    7,    0
 18286, 99617,20180209,   11,    0
 18286, 99617,20180210,   -7,    0
 18286, 99617,20180211,   -8,    0
 18286, 99617,20180212,  -48,    0
 18286, 99617,20180213,   -9,    0
 18286, 99617,20180214,    8,    0
 18286, 99617,20180215,   -8,    0
 18286, 99617,20180216,  -16,    0
 18286, 99617,20180217,    0,    0
 18286, 99617,20180218,    2,    0
 18286, 99617,20180219,  -27,    0
 18286, 99617,20180220,  -41,    0
 18286, 99617,20180221,  -33,    0
 18286, 99617,20180222,  -60,    0
 18286, 99617,20180223,  -47,    0
 18286, 99617,20180224,  -42,    0
 18286, 99617,20180225,  -37,    0
 18286, 99617,20180226,  -48,    0
 18286, 99617,20180227, -108,    0
 18286, 99617,20180228, -144,    0
 18286, 99617,20180301, -116,    0
 18286, 99617,20180302,  -71,    0
 18286, 99617,20180303,  -54,    0
 18286, 99617,20180304,  -60,    0
 18286, 99617,20180305,  -47,    0
 18286, 99617,20180306,  -50,    0
 18286, 99617,20180307,  -15,    0
 18286, 99617,20180308,    3,    0
 18286, 99617,20180309,  -27,    0
 18286, 99617,20180310,  -29,    0
 18286, 99617,20180311,   -3,    0
 18286, 99617,20180312,  -13,    0
 18286, 99617,20180313,  -25,    0
 18286, 99617,20180314,  -32,    0
 18286, 99617,20180315,  -28,    0
 18286, 99617,20180316,  -71,    0
 18286, 99617,20180317,  -80,    0
 18286, 99617,20180318,  -50,    0
 18286, 99617,20180319,  -11,    0
 18286, 99617,20180320,  -25,    0
 18286, 99617,20180321,   -5,    0
 18286, 99617,20180322,   -4,    0
 18286, 99617,20180323,   29,    0
 18286, 99617,20180324,   37,    0
 18286, 99617,20180325,   27,    0
 18286, 99617,20180326,   10,    0
 18286, 99617,20180327,  -23,    0
 18286, 99617,20180328,  -31,    0
 18286, 99617,20180329,  -31,    0
 18286, 99617,20180330,  -48,    0
 18286, 99617,20180331,  -55,    0
 18286, 99617,20180401,  -58,    0
 18286, 99617,20180402,  -40,    0
 18286, 99617,20180403,  -39,    0
 18286, 99617,20180404,   23,    0
 18286, 99617,20180405,    3,    0
 18286, 99617,20180406,    7,    0
 18286, 99617,20180407,   26,    0
 18286, 99617,20180408,   23,    0
 18286, 99617,20180409,   26,    0
 18286, 99617,20180410,   39,    0
 18286, 99617,20180411,   48,    0
 18286, 99617,20180412,   58,    0
 18286, 99617,20180413,   68,    0
 18286, 99617,20180414,   88,    0
 18286, 99617,20180415,   85,    0
 18286, 99617,20180416,   70,    0
 18286, 99617,20180417,   64,    0
 18286, 99617,20180418,   83,    0
 18286, 99617,20180419,  103,    0
 18286, 99617,20180420,   92,    0
 18286, 99617,20180421,   61,    0
 18286, 99617,20180422,   50,    0
 18286, 99617,20180423,   57,    0
 18286, 99617,20180424,   45,    0
 18286, 99617,20180425,   39,    0
 18286, 99617,20180426,   43,    0
 18286, 99617,20180427,   44,    0
 18286, 99617,20180428,   45,    0
 18286, 99617,20180429,   37,    0
 18286, 99617,20180430,   60,    0
 18286, 99617,20180501,   56,    0
 18286, 99617,20180502,   68,    0
 18286, 99617,20180503,   56,    0
 18286, 99617,20180504,   62,    0
 18286, 99617,20180505,  101,    0
 18286, 99617,20180506,  109,    0
 18286, 99617,20180507,  118,    0
 18286, 99617,20180508,  130,    0
 18286, 99617,20180509,  156,    0
 18286, 99617,20180510,  128,    0
 18286, 99617,20180511,  101,    0
 18286, 99617,20180512,  115,    0
 18286, 99617,20180513,  124,    0
 18286, 99617,20180514,  146,    0
 18286, 99617,20180515,  148,    0
 18286, 99617,20180516,  108,    0
 18286, 99617,20180517,   99,    0
 18286, 99617,20180518,  113,    0
 18286, 99617,20180519,  122,    0
 18286, 99617,20180520,  137,    0
 18286, 99617,20180521,  152,    0
 18286, 99617,20180522,  134,    0
 18286, 99617,20180523,  145,    0
 18286, 99617,20180524,  147,    0
 18286, 99617,20180525,  164,    0
 18286, 99617,20180526,  171,    0
 18286, 99617,20180527,  187,    0
 18286, 99617,20180528,  174,    0
 18286, 99617,20180529,  180,    0
 18286, 99617,20180530,  197,    0
 18286, 99617,20180531,  195,    0
 18286, 99617,20180601,  193,    0
 18286, 99617,20180602,  195,    0
 18286, 99617,20180603,  189,    0
 18286, 99617,20180604,  172,    0
 18286, 99617,20180605,  155,    0
 18286, 99617,20180606,  156,    0
 18286, 99617,20180607,  162,    0
 18286, 99617,20180608,  179,    0
 18286, 99617,20180609,  187,    0
 18286, 99617,20180610,  160,    0
 18286, 99617,20180611,  107,    0
 18286, 99617,20180612,  131,    0
 18286, 99617,20180613,  132,    0
 18286, 99617,20180614,  109,    0
 18286, 99617,20180615,   84,    0
 18286, 99617,20180616,  108,    0
 18286, 99617,20180617,  111,    0
 18286, 99617,20180618,  114,    0
 18286, 99617,20180619,   72,    0
 18286, 99617,20180620,   79,    0
 18286, 99617,20180621,   76,    0
 18286, 99617,20180622,   95,    0
 18286, 99617,20180623,  107,    0
 18286, 99617,20180624,  113,    0
 18286, 99617,20180625,  129,    0
 18286, 99617,20180626,  150,    0
 18286, 99617,20180627,  160,    0
 18286, 99617,20180628,  153,    0
 18286, 99617,20180629,  151,    0
 18286, 99617,20180630,  167,    0
 18286, 99617,20180701,  171,    0
 18286, 99617,20180702,  164,    0
 18286, 99617,20180703,  162,    0
 18286, 99617,20180704,  185,    0
 18286, 99617,20180705,  167,    0
 18286, 99617,20180706,  144,    0
 18286, 99617,20180707,  150,    0
 18286, 99617,20180708,  156,    0
 18286, 99617,20180709,  140,    0
 18286, 99617,20180710,  184,    0
 18286, 99617,20180711,  172,    0
 18286, 99617,20180712,  177,    0
 18286, 99617,20180713,  152,    0
 18286, 99617,20180714,  157,    0
 18286, 99617,20180715,  166,    0
 18286, 99617,20180716,  185,    0
 18286, 99617,20180717,  172,    0
 18286, 99617,20180718,  162,    0
 18286, 99617,20180719,  158,    0
 18286, 99617,20180720,  162,    0
 18286, 99617,20180721,  156,    0
 18286, 99617,20180722,  167,    0
 18286, 99617,20180723,  170,    0
 18286, 99617,20180724,  173,    0
 18286, 99617,20180725,  162,    0
 18286, 99617,20180726,  172,    0
 18286, 99617,20180727,  216,    0
 18286, 99617,20180728,  224,    0
 18286, 99617,20180729,  183,    0
 18286, 99617,20180730,  192,    0
 18286, 99617,20180731,  169,    0
 18286, 99617,20180801,  152,    0
 18286, 99617,20180802,  141,    0
 18286, 99617,20180803,  143,    0
 18286, 99617,20180804,  143,    0
 18286, 99617,20180805,  108,    0
 18286, 99617,20180806,  105,    0
 18286, 99617,20180807,  153,    0
 18286, 99617,20180808,  139,    0
 18286, 99617,20180809,  123,    0
 18286, 99617,20180810,   96,    0
 18286, 99617,20180811,  104,    0
 18286, 99617,20180812,  108,    0
 18286, 99617,20180813,  119,    0
 18286, 99617,20180814,  134,    0
 18286, 99617,20180815,  138,    0
 18286, 99617,20180816,  129,    0
 18286, 99617,20180817,  105,    0
 18286, 99617,20180818,  120,    0
 18286, 99617,20180819,  114,    0
 18286, 99617,20180820,  101,    0
 18286, 99617,20180821,  113,    0
 18286, 99617,20180822,  132,    0
 18286, 99617,20180823,  108,    0
 18286, 99617,20180824,   89,    0
 18286, 99617,20180825,   89,    0
 18286, 99617,20180826,   91,    0
 18286, 99617,20180827,  106,    0
 18286, 99617,20180828,  119,    0
 18286, 99617,20180829,  114,    0
 18286, 99617,20180830,  101,    0
 18286, 99617,20180831,  102,    0
 18286, 99617,20180901,  119,    0
 18286, 99617,20180902,  127,    0
 18286, 99617,20180903,  123,    0
 18286, 99617,20180904,  121,    0
 18286, 99617,20180905,  129,    0
 18286, 99617,20180906,  123,    0
 18286, 99617,20180907,  154,    0
 18286, 99617,20180908,  135,    0
 18286, 99617,20180909,  113,    0
 18286, 99617,20180910,   90,    0
 18286, 99617,20180911,   83,    0
 18286, 99617,20180912,   68,    0
 18286, 99617,20180913,   75,    0
 18286, 99617,20180914,   70,    0
 18286, 99617,20180915,   58,    0
 18286, 99617,20180916,   70,    0
 18286, 99617,20180917,   85,    0
 18286, 99617,20180918,  156,    0
 18286, 99617,20180919,  132,    0
 18286, 99617,20180920,-9999,    9
 18286, 99617,20180921,-9999,    9
 18286, 99617,20180922,-9999,    9
 18286, 99617,20180923,-9999,    9
 18286, 99617,20180924,-9999,    9
 18286, 99617,20180925,-9999,    9
 18286, 99617,20180926,-9999,    9
 18286, 99617,20180927,-9999,    9
 18286, 99617,20180928,-9999,    9
 18286, 99617,20180929,-9999,    9
 18286, 99617,20180930,-9999,    9
 18286, 99617,20181001,-9999,    9
 18286, 99617,20181002,-9999,    9
 18286, 99617,20181003,-9999,    9
 18286, 99617,20181004,-9999,    9
 18286, 99617,20181005,-9999,    9
 18286, 99617,20181006,-9999,    9
 18286, 99617,20181007,-9999,    9
 18286, 99617,20181008,-9999,    9
 18286, 99617,20181009,-9999,    9
 18286, 99617,20181010,-9999,    9
 18286, 99617,20181011,-9999,    9
 18286, 99617,20181012,-9999,    9
 18286, 99617,20181013,-9999,    9
 18286, 99617,20181014,-9999,    9
 18286, 99617,20181015,-9999,    9
 18286, 99617,20181016,-9999,    9
 18286, 99617,20181017,-9999,    9
 18286, 99617,20181018,-9999,    9
 18286, 99617,20181019,-9999,    9
 18286, 99617,20181020,-9999,    9
 18286, 99617,20181021,-9999,    9
 18286, 99617,20181022,-9999,    9
 18286, 99617,20181023,-9999,    9
 18286, 99617,20181024,-9999,    9
 18286, 99617,20181025,-9999,    9
 18286, 99617,20181026,-9999,    9
 18286, 99617,20181027,-9999,    9
 18286, 99617,20181028,  -32,    0
 18286, 99617,20181029,  -15,    0
 18286, 99617,20181030,   15,    0
 18286, 99617,20181031,-9999,    9
 18286, 99617,20181101,-9999,    9
 18286, 99617,20181102,-9999,    9
 18286, 99617,20181103,-9999,    9
 18286, 99617,20181104,-9999,    9
 18286, 99617,20181105,-9999,    9
 18286, 99617,20181106,-9999,    9
 18286, 99617,20181107,-9999,    9
 18286, 99617,20181108,-9999,    9
 18286, 99617,20181109,-9999,    9
 18286, 99617,20181110,-9999,    9
 18286, 99617,20181111,-9999,    9
 18286, 99617,20181112,-9999,    9
 18286, 99617,20181113,-9999,    9
 18286, 99617,20181114,-9999,    9
 18286, 99617,20181115,-9999,    9
 18286, 99617,20181116,-9999,    9
 18286, 99617,20181117,-9999,    9
 18286, 99617,20181118,-9999,    9
 18286, 99617,20181119,-9999,    9
 18286, 99617,20181120,   11,    0
 18286, 99617,20181121,   11,    0
 18286, 99617,20181122,   -8,    0
 18286, 99617,20181123,  -26,    0
 18286, 99617,20181124,  -13,    0
 18286, 99617,20181125,  -44,    0
 18286, 99617,20181126,  -55,    0
 18286, 99617,20181127,  -47,    0
 18286, 99617,20181128,   -9,    0
 18286, 99617,20181129,   50,    0
 18286, 99617,20181130,   52,    0
 18286, 99617,20181201,   26,    0
 18286, 99617,20181202,   19,    0
 18286, 99617,20181203,   23,    0
 18286, 99617,20181204,   -5,    0
 18286, 99617,20181205,  -17,    0
 18286, 99617,20181206,  -14,    0
 18286, 99617,20181207,    9,    0
 18286, 99617,20181208,   -5,    0
 18286, 99617,20181209,    1,    0
 18286, 99617,20181210,   17,    0
 18286, 99617,20181211,  -31,    0
 18286, 99617,20181212,  -52,    0
 18286, 99617,20181213,  -57,    0
 18286, 99617,20181214,  -54,    0
 18286, 99617,20181215,  -12,    0
 18286, 99617,20181216,    7,    0
 18286, 99617,20181217,  -30,    0
 18286, 99617,20181218,  -24,    0
 18286, 99617,20181219,   34,    0
 18286, 99617,20181220,   31,    0
 18286, 99617,20181221,    3,    0
 18286, 99617,20181222,  -21,    0
 18286, 99617,20181223,  -19,    0
 18286, 99617,20181224,   -6,    0
 18286, 99617,20181225,   34,    0
 18286, 99617,20181226,   20,    0
 18286, 99617,20181227,   30,    0
 18286, 99617,20181228,   12,    0
 18286, 99617,20181229,    8,    0
 18286, 99617,20181230,   -3,    0
 18286, 99617,20181231,   31,    0
 18286, 99617,20190101,   18,    0
 18286, 99617,20190102,  -10,    0
 18286, 99617,20190103,  -14,    0
 18286, 99617,20190104,   33,    0
 18286, 99617,20190105,   34,    0
 18286, 99617,20190106,   21,    0
 18286, 99617,20190107,   -1,    0
 18286, 99617,20190108,    8,    0
 18286, 99617,20190109,  -28,    0
 18286, 99617,20190110,   -2,    0
 18286, 99617,20190111,   12,    0
 18286, 99617,20190112,  -14,    0
 18286, 99617,20190113,   -6,    0
 18286, 99617,20190114,  -36,    0
 18286, 99617,20190115,   -9,    0
 18286, 99617,20190116,    1,    0
 18286, 99617,20190117,  -52,    0
 18286, 99617,20190118,  -39,    0
 18286, 99617,20190119,  -14,    0
 18286, 99617,20190120,  -31,    0
 18286, 99617,20190121,  -38,    0
 18286, 99617,20190122,  -22,    0
 18286, 99617,20190123,  -14,    0
 18286, 99617,20190124,  -29,    0
 18286, 99617,20190125,  -38,    0
 18286, 99617,20190126,  -39,    0
 18286, 99617,20190127,  -46,    0
 18286, 99617,20190128,  -80,    0
 18286, 99617,20190129,  -31,    0
 18286, 99617,20190130,   -1,    0
 18286, 99617,20190131,  -20,    0
 18286, 99617,20190201,  -23,    0
 18286, 99617,20190202,  -57,    0
 18286, 99617,20190203,  -63,    0
 18286, 99617,20190204,  -21,    0
 18286, 99617,20190205,  -43,    0
 18286, 99617,20190206,  -30,    0
 18286, 99617,20190207,    1,    0
 18286, 99617,20190208,    2,    0
 18286, 99617,20190209,   31,    0
 18286, 99617,20190210,   -7,    0
 18286, 99617,20190211,  -18,    0
 18286, 99617,20190212,    5,    0
 18286, 99617,20190213,   33,    0
 18286, 99617,20190214,   42,    0
 18286, 99617,20190215,   49,    0
 18286, 99617,20190216,   50,    0
 18286, 99617,20190217,   54,    0
 18286, 99617,20190218,   55,    0
 18286, 99617,20190219,   16,    0
 18286, 99617,20190220,    1,    0
 18286, 99617,20190221,   27,    0
 18286, 99617,20190222,   37,    0
 18286, 99617,20190223,   61,    0
 18286, 99617,20190224,   49,    0
 18286, 99617,20190225,    8,    0
 18286, 99617,20190226,   34,    0
 18286, 99617,20190227,   14,    0
 18286, 99617,20190228,    7,    0
 18286, 99617,20190301,  -14,    0
 18286, 99617,20190302,  -11,    0
 18286, 99617,20190303,   29,    0
 18286, 99617,20190304,   23,    0
 18286, 99617,20190305,    6,    0
 18286, 99617,20190306,    1,    0
 18286, 99617,20190307,    7,    0
 18286, 99617,20190308,   -6,    0
 18286, 99617,20190309,  -19,    0
 18286, 99617,20190310,  -54,    0
 18286, 99617,20190311,  -44,    0
 18286, 99617,20190312,   -1,    0
 18286, 99617,20190313,  -16,    0
 18286, 99617,20190314,    6,    0
 18286, 99617,20190315,    4,    0
 18286, 99617,20190316,   19,    0
 18286, 99617,20190317,    4,    0
 18286, 99617,20190318,   11,    0
 18286, 99617,20190319,    0,    0
 18286, 99617,20190320,   36,    0
 18286, 99617,20190321,   40,    0
 18286, 99617,20190322,   41,    0
 18286, 99617,20190323,   17,    0
 18286, 99617,20190324,   12,    0
 18286, 99617,20190325,   15,    0
 18286, 99617,20190326,    8,    0
 18286, 99617,20190327,   30,    0
 18286, 99617,20190328,   54,    0
 18286, 99617,20190329,   55,    0
 18286, 99617,20190330,   18,    0
 18286, 99617,20190331,  -11,    0
 18286, 99617,20190401,    2,    0
 18286, 99617,20190402,   25,    0
 18286, 99617,20190403,   24,    0
 18286, 99617,20190404,   70,    0
 18286, 99617,20190405,   64,    0
 18286, 99617,20190406,   58,    0
 18286, 99617,20190407,   49,    0
 18286, 99617,20190408,   18,    0
 18286, 99617,20190409,   12,    0
 18286, 99617,20190410,    4,    0
 18286, 99617,20190411,    4,    0
 18286, 99617,20190412,    5,    0
 18286, 99617,20190413,   19,    0
 18286, 99617,20190414,   28,    0
 18286, 99617,20190415,   39,    0
 18286, 99617,20190416,   44,    0
 18286, 99617,20190417,   58,    0
 18286, 99617,20190418,   61,    0
 18286, 99617,20190419,   78,    0
 18286, 99617,20190420,   82,    0
 18286, 99617,20190421,  103,    0
 18286, 99617,20190422,  107,    0
 18286, 99617,20190423,  114,    0
 18286, 99617,20190424,  106,    0
 18286, 99617,20190425,  111,    0
 18286, 99617,20190426,  104,    0
 18286, 99617,20190427,  102,    0
 18286, 99617,20190428,   97,    0
 18286, 99617,20190429,  114,    0
 18286, 99617,20190430,  127,    0
 18286, 99617,20190501,   92,    0
 18286, 99617,20190502,   42,    0
 18286, 99617,20190503,   10,    0
 18286, 99617,20190504,   26,    0
 18286, 99617,20190505,   20,    0
 18286, 99617,20190506,   24,    0
 18286, 99617,20190507,   18,    0
 18286, 99617,20190508,   23,    0
 18286, 99617,20190509,   37,    0
 18286, 99617,20190510,   37,    0
 18286, 99617,20190511,   36,    0
 18286, 99617,20190512,   38,    0
 18286, 99617,20190513,   49,    0
 18286, 99617,20190514,   78,    0
 18286, 99617,20190515,  103,    0
 18286, 99617,20190516,  114,    0
 18286, 99617,20190517,  133,    0
 18286, 99617,20190518,  114,    0
 18286, 99617,20190519,  125,    0
 18286, 99617,20190520,  127,    0
 18286, 99617,20190521,  140,    0
 18286, 99617,20190522,  101,    0
 18286, 99617,20190523,   76,    0
 18286, 99617,20190524,   89,    0
 18286, 99617,20190525,   78,    0
 18286, 99617,20190526,   77,    0
 18286, 99617,20190527,   75,    0
 18286, 99617,20190528,   40,    0
 18286, 99617,20190529,   38,    0
 18286, 99617,20190530,   46,    0
 18286, 99617,20190531,   71,    0
 18286, 99617,20190601,   71,    0
 18286, 99617,20190602,   88,    0
 18286, 99617,20190603,  119,    0
 18286, 99617,20190604,  102,    0
 18286, 99617,20190605,  112,    0
 18286, 99617,20190606,  133,    0
 18286, 99617,20190607,  130,    0
 18286, 99617,20190608,  106,    0
 18286, 99617,20190609,   98,    0
 18286, 99617,20190610,   99,    0
 18286, 99617,20190611,  129,    0
 18286, 99617,20190612,  118,    0
 18286, 99617,20190613,  126,    0
 18286, 99617,20190614,  133,    0
 18286, 99617,20190615,  159,    0
 18286, 99617,20190616,  131,    0
 18286, 99617,20190617,  115,    0
 18286, 99617,20190618,  116,    0
 18286, 99617,20190619,  114,    0
 18286, 99617,20190620,  111,    0
 18286, 99617,20190621,   93,    0
 18286, 99617,20190622,   92,    0
 18286, 99617,20190623,  106,    0
 18286, 99617,20190624,  108,    0
 18286, 99617,20190625,  109,    0
 18286, 99617,20190626,  123,    0
 18286, 99617,20190627,  126,    0
 18286, 99617,20190628,  138,    0
 18286, 99617,20190629,  152,    0
 18286, 99617,20190630,  130,    0
 18286, 99617,20190701,  105,    0
 18286, 99617,20190702,   66,    0
 18286, 99617,20190703,   59,    0
 18286, 99617,20190704,   85,    0
 18286, 99617,20190705,  102,    0
 18286, 99617,20190706,   96,    0
 18286, 99617,20190707,  107,    0
 18286, 99617,20190708,  121,    0
 18286, 99617,20190709,  134,    0
 18286, 99617,20190710,  149,    0
 18286, 99617,20190711,  156,    0
 18286, 99617,20190712,  170,    0
 18286, 99617,20190713,  167,    0
 18286, 99617,20190714,  146,    0
 18286, 99617,20190715,  146,    0
 18286, 99617,20190716,  154,    0
 18286, 99617,20190717,  147,    0
 18286, 99617,20190718,  133,    0
 18286, 99617,20190719,  145,    0
 18286, 99617,20190720,  130,    0
 18286, 99617,20190721,  123,    0
 18286, 99617,20190722,  119,    0
 18286, 99617,20190723,  156,    0
 18286, 99617,20190724,  190,    0
 18286, 99617,20190725,  207,    0
 18286, 99617,20190726,  216,    0
 18286, 99617,20190727,  230,    0
 18286, 99617,20190728,  215,    0
 18286, 99617,20190729,  198,    0
 18286, 99617,20190730,  168,    0
 18286, 99617,20190731,  127,    0
 18286, 99617,20190801,  150,    0
 18286, 99617,20190802,  168,    0
 18286, 99617,20190803,  176,    0
 18286, 99617,20190804,  172,    0
 18286, 99617,20190805,  158,    0
 18286, 99617,20190806,  130,    0
 18286, 99617,20190807,  141,    0
 18286, 99617,20190808,  149,    0
 18286, 99617,20190809,  170,    0
 18286, 99617,20190810,  155,    0
 18286, 99617,20190811,  147,    0
 18286, 99617,20190812,  131,    0
 18286, 99617,20190813,   95,    0
 18286, 99617,20190814,   97,    0
 18286, 99617,20190815,  114,    0
 18286, 99617,20190816,  127,    0
 18286, 99617,20190817,  118,    0
 18286, 99617,20190818,  118,    0
 18286, 99617,20190819,  106,    0
 18286, 99617,20190820,  113,    0
 18286, 99617,20190821,  100,    0
 18286, 99617,20190822,  103,    0
 18286, 99617,20190823,  131,    0
 18286, 99617,20190824,  154,    0
 18286, 99617,20190825,  175,    0
 18286, 99617,20190826,  167,    0
 18286, 99617,20190827,  180,    0
 18286, 99617,20190828,  181,    0
 18286, 99617,20190829,  137,    0
 18286, 99617,20190830,  129,    0
 18286, 99617,20190831,  163,    0
 18286, 99617,20190901,  109,    0
 18286, 99617,20190902,   87,    0
 18286, 99617,20190903,   87,    0
 18286, 99617,20190904,   76,    0
 18286, 99617,20190905,   73,    0
 18286, 99617,20190906,   71,    0
 18286, 99617,20190907,   96,    0
 18286, 99617,20190908,   93,    0
 18286, 99617,20190909,   99,    0
 18286, 99617,20190910,  114,    0
 18286, 99617,20190911,  107,    0
 18286, 99617,20190912,   90,    0
 18286, 99617,20190913,   66,    0
 18286, 99617,20190914,   79,    0
 18286, 99617,20190915,   68,    0
 18286, 99617,20190916,   53,    0
 18286, 99617,20190917,   46,    0
 18286, 99617,20190918,   59,    0
 18286, 99617,20190919,   44,    0
 18286, 99617,20190920,   78,    0
 18286, 99617,20190921,   95,    0
 18286, 99617,20190922,  123,    0
 18286, 99617,20190923,  117,    0
 18286, 99617,20190924,   94,    0
 18286, 99617,20190925,   99,    0
 18286, 99617,20190926,  103,    0
 18286, 99617,20190927,  118,    0
 18286, 99617,20190928,  103,    0
 18286, 99617,20190929,   95,    0
 18286, 99617,20190930,   55,    0
 18286, 99617,20191001,   43,    0
 18286, 99617,20191002,   59,    0
 18286, 99617,20191003,   56,    0
 18286, 99617,20191004,   47,    0
 18286, 99617,20191005,   15,    0
 18286, 99617,20191006,   18,    0
 18286, 99617,20191007,   25,    0
 18286, 99617,20191008,   36,    0
 18286, 99617,20191009,   52,    0
 18286, 99617,20191010,   60,    0
 18286, 99617,20191011,   47,    0
 18286, 99617,20191012,   53,    0
 18286, 99617,20191013,   47,    0
 18286, 99617,20191014,   55,    0
 18286, 99617,20191015,   66,    0
 18286, 99617,20191016,   66,    0
 18286, 99617,20191017,   64,    0
 18286, 99617,20191018,   52,    0
 18286, 99617,20191019,   68,    0
 18286, 99617,20191020,   50,    0
 18286, 99617,20191021,   38,    0
 18286, 99617,20191022,   78,    0
 18286, 99617,20191023,   88,    0
 18286, 99617,20191024,   88,    0
 18286, 99617,20191025,   40,    0
 18286, 99617,20191026,   19,    0
 18286, 99617,20191027,   11,    0
 18286, 99617,20191028,   10,    0
 18286, 99617,20191029,   -9,    0
 18286, 99617,20191030,    4,    0
 18286, 99617,20191031,   22,    0
 18286, 99617,20191101,   10,    0
 18286, 99617,20191102,   17,    0
 18286, 99617,20191103,   22,    0
 18286, 99617,20191104,   20,    0
 18286, 99617,20191105,   -1,    0
 18286, 99617,20191106,    1,    0
 18286, 99617,20191107,   -4,    0
 18286, 99617,20191108,  -37,    0
 18286, 99617,20191109,  -18,    0
 18286, 99617,20191110,  -55,    0
 18286, 99617,20191111,  -51,    0
 18286, 99617,20191112,   -2,    0
 18286, 99617,20191113,    9,    0
 18286, 99617,20191114,    6,    0
 18286, 99617,20191115,   -8,    0
 18286, 99617,20191116,   21,    0
 18286, 99617,20191117,   10,    0
 18286, 99617,20191118,    1,    0
 18286, 99617,20191119,  -29,    0
 18286, 99617,20191120,  -37,    0
 18286, 99617,20191121,   48,    0
 18286, 99617,20191122,   60,    0
 18286, 99617,20191123,   46,    0
 18286, 99617,20191124,   50,    0
 18286, 99617,20191125,   34,    0
 18286, 99617,20191126,   23,    0
 18286, 99617,20191127,   29,    0
 18286, 99617,20191128,    7,    0
 18286, 99617,20191129,  -13,    0
 18286, 99617,20191130,   -6,    0
 18286, 99617,20191201,   -2,    0
 18286, 99617,20191202,   -6,    0
 18286, 99617,20191203,   18,    0
 18286, 99617,20191204,   33,    0
 18286, 99617,20191205,   37,    0
 18286, 99617,20191206,   22,    0
 18286, 99617,20191207,   -7,    0
 18286, 99617,20191208,    3,    0
 18286, 99617,20191209,    5,    0
 18286, 99617,20191210,   -3,    0
 18286, 99617,20191211,   21,    0
 18286, 99617,20191212,   21,    0
 18286, 99617,20191213,   20,    0
 18286, 99617,20191214,   24,    0
 18286, 99617,20191215,    1,    0
 18286, 99617,20191216,  -16,    0
 18286, 99617,20191217,   -5,    0
 18286, 99617,20191218,  -12,    0
 18286, 99617,20191219,    1,    0
 18286, 99617,20191220,   49,    0
 18286, 99617,20191221,   45,    0
 18286, 99617,20191222,   13,    0
 18286, 99617,20191223,   16,    0
 18286, 99617,20191224,    7,    0
 18286, 99617,20191225,   -2,    0
 18286, 99617,20191226,  -37,    0
 18286, 99617,20191227,  -38,    0
 18286, 99617,20191228,   25,    0
 18286, 99617,20191229,   59,    0
 18286, 99617,20191230,   39,    0
 18286, 99617,20191231,   16,    0
 18286, 99617,20200101,   28,    0
 18286, 99617,20200102,   51,    0
 18286, 99617,20200103,   10,    0
 18286, 99617,20200104,  -15,    0
 18286, 99617,20200105,    9,    0
 18286, 99617,20200106,   45,    0
 18286, 99617,20200107,   41,    0
 18286, 99617,20200108,   29,    0
 18286, 99617,20200109,   -6,    0
 18286, 99617,20200110,  -32,    0
 18286, 99617,20200111,   31,    0
 18286, 99617,20200112,   14,    0
 18286, 99617,20200113,   21,    0
 18286, 99617,20200114,   21,    0
 18286, 99617,20200115,   20,    0
 18286, 99617,20200116,   40,    0
 18286, 99617,20200117,   44,    0
 18286, 99617,20200118,   10,    0
 18286, 99617,20200119,    2,    0
 18286, 99617,20200120,   37,    0
 18286, 99617,20200121,   38,    0
 18286, 99617,20200122,    2,    0
 18286, 99617,20200123,   30,    0
 18286, 99617,20200124,   20,    0
 18286, 99617,20200125,   36,    0
 18286, 99617,20200126,   49,    0
 18286, 99617,20200127,   31,    0
 18286, 99617,20200128,    0,    0
 18286, 99617,20200129,   -4,    0
 18286, 99617,20200130,   -8,    0
 18286, 99617,20200131,   22,    0
 18286, 99617,20200201,   31,    0
 18286, 99617,20200202,   -6,    0
 18286, 99617,20200203,  -32,    0
 18286, 99617,20200204,  -40,    0
 18286, 99617,20200205,   13,    0
 18286, 99617,20200206,   27,    0
 18286, 99617,20200207,   -6,    0
 18286, 99617,20200208,   42,    0
 18286, 99617,20200209,   34,    0
 18286, 99617,20200210,    6,    0
 18286, 99617,20200211,   -4,    0
 18286, 99617,20200212,  -11,    0
 18286, 99617,20200213,  -14,    0
 18286, 99617,20200214,   -7,    0
 18286, 99617,20200215,   34,    0
 18286, 99617,20200216,   25,    0
 18286, 99617,20200217,   26,    0
 18286, 99617,20200218,    8,    0
 18286, 99617,20200219,   -8,    0
 18286, 99617,20200220,   21,    0
 18286, 99617,20200221,   24,    0
 18286, 99617,20200222,   17,    0
 18286, 99617,20200223,    5,    0
 18286, 99617,20200224,  -12,    0
 18286, 99617,20200225,  -19,    0
 18286, 99617,20200226,  -35,    0
 18286, 99617,20200227,  -31,    0
 18286, 99617,20200228,  -12,    0
 18286, 99617,20200229,   -8,    0
 18286, 99617,20200301,   -6,    0
 18286, 99617,20200302,   23,    0
 18286, 99617,20200303,   19,    0
 18286, 99617,20200304,    1,    0
 18286, 99617,20200305,   -8,    0
 18286, 99617,20200306,  -27,    0
 18286, 99617,20200307,   -9,    0
 18286, 99617,20200308,   42,    0
 18286, 99617,20200309,   37,    0
 18286, 99617,20200310,   27,    0
 18286, 99617,20200311,   15,    0
 18286, 99617,20200312,    7,    0
 18286, 99617,20200313,  -22,    0
 18286, 99617,20200314,  -36,    0
 18286, 99617,20200315,   32,    0
 18286, 99617,20200316,   21,    0
 18286, 99617,20200317,   35,    0
 18286, 99617,20200318,   11,    0
 18286, 99617,20200319,   11,    0
 18286, 99617,20200320,  -12,    0
 18286, 99617,20200321,  -26,    0
 18286, 99617,20200322,   -1,    0
 18286, 99617,20200323,   33,    0
 18286, 99617,20200324,   57,    0
 18286, 99617,20200325,   68,    0
 18286, 99617,20200326,   42,    0
 18286, 99617,20200327,   36,    0
 18286, 99617,20200328,    2,    0
 18286, 99617,20200329,  -17,    0
 18286, 99617,20200330,   10,    0
 18286, 99617,20200331,   15,    0
 18286, 99617,20200401,   25,    0
 18286, 99617,20200402,   -3,    0
 18286, 99617,20200403,  -17,    0
 18286, 99617,20200404,   -3,    0
 18286, 99617,20200405,   46,    0
 18286, 99617,20200406,   75,    0
 18286, 99617,20200407,   60,    0
 18286, 99617,20200408,   56,    0
 18286, 99617,20200409,   14,    0
 18286, 99617,20200410,   16,    0
 18286, 99617,20200411,   28,    0
 18286, 99617,20200412,   26,    0
 18286, 99617,20200413,   -1,    0
 18286, 99617,20200414,   15,    0
 18286, 99617,20200415,   50,    0
 18286, 99617,20200416,   30,    0
 18286, 99617,20200417,   14,    0
 18286, 99617,20200418,   31,    0
 18286, 99617,20200419,   54,    0
 18286, 99617,20200420,   77,    0
 18286, 99617,20200421,   83,    0
 18286, 99617,20200422,   87,    0
 18286, 99617,20200423,   78,    0
 18286, 99617,20200424,   58,    0
 18286, 99617,20200425,   54,    0
 18286, 99617,20200426,   59,    0
 18286, 99617,20200427,   24,    0
 18286, 99617,20200428,   42,    0
 18286, 99617,20200429,   44,    0
 18286, 99617,20200430,   35,    0
 18286, 99617,20200501,   53,    0
 18286, 99617,20200502,   42,    0
 18286, 99617,20200503,   38,    0
 18286, 99617,20200504,   29,    0
 18286, 99617,20200505,   31,    0
 18286, 99617,20200506,   53,    0
 18286, 99617,20200507,   54,    0
 18286, 99617,20200508,   49,    0
 18286, 99617,20200509,   43,    0
 18286, 99617,20200510,   14,    0
 18286, 99617,20200511,   13,    0
 18286, 99617,20200512,   13,    0
 18286, 99617,20200513,    5,    0
 18286, 99617,20200514,   20,    0
 18286, 99617,20200515,   25,    0
 18286, 99617,20200516,    3,    0
 18286, 99617,20200517,   11,    0
 18286, 99617,20200518,   42,    0
 18286, 99617,20200519,   59,    0
 18286, 99617,20200520,   68,    0
 18286, 99617,20200521,  101,    0
 18286, 99617,20200522,  104,    0
 18286, 99617,20200523,   76,    0
 18286, 99617,20200524,   70,    0
 18286, 99617,20200525,   96,    0
 18286, 99617,20200526,   95,    0
 18286, 99617,20200527,   73,    0
 18286, 99617,20200528,   82,    0
 18286, 99617,20200529,  120,    0
 18286, 99617,20200530,  140,    0
 18286, 99617,20200531,  140,    0
 18286, 99617,20200601,  143,    0
 18286, 99617,20200602,  132,    0
 18286, 99617,20200603,  133,    0
 18286, 99617,20200604,   98,    0
 18286, 99617,20200605,   90,    0
 18286, 99617,20200606,   80,    0
 18286, 99617,20200607,   81,    0
 18286, 99617,20200608,   97,    0
 18286, 99617,20200609,  114,    0
 18286, 99617,20200610,  116,    0
 18286, 99617,20200611,  153,    0
 18286, 99617,20200612,  150,    0
 18286, 99617,20200613,  161,    0
 18286, 99617,20200614,  165,    0
 18286, 99617,20200615,  184,    0
 18286, 99617,20200616,  186,    0
 18286, 99617,20200617,  189,    0
 18286, 99617,20200618,  192,    0
 18286, 99617,20200619,  183,    0
 18286, 99617,20200620,  166,    0
 18286, 99617,20200621,  141,    0
 18286, 99617,20200622,  141,    0
 18286, 99617,20200623,  163,    0
 18286, 99617,20200624,  189,    0
 18286, 99617,20200625,  199,    0
 18286, 99617,20200626,  187,    0
 18286, 99617,20200627,  199,    0
 18286, 99617,20200628,  159,    0
 18286, 99617,20200629,  131,    0
 18286, 99617,20200630,  117,    0
 18286, 99617,20200701,  106,    0
 18286, 99617,20200702,   76,    0
 18286, 99617,20200703,   58,    0
 18286, 99617,20200704,  102,    0
 18286, 99617,20200705,   92,    0
 18286, 99617,20200706,   76,    0
 18286, 99617,20200707,   74,    0
 18286, 99617,20200708,   87,    0
 18286, 99617,20200709,  101,    0
 18286, 99617,20200710,  103,    0
 18286, 99617,20200711,   85,    0
 18286, 99617,20200712,   92,    0
 18286, 99617,20200713,  108,    0
 18286, 99617,20200714,  113,    0
 18286, 99617,20200715,  133,    0
 18286, 99617,20200716,  150,    0
 18286, 99617,20200717,  131,    0
 18286, 99617,20200718,  127,    0
 18286, 99617,20200719,  117,    0
 18286, 99617,20200720,   94,    0
 18286, 99617,20200721,   89,    0
 18286, 99617,20200722,   91,    0
 18286, 99617,20200723,  107,    0
 18286, 99617,20200724,  125,    0
 18286, 99617,20200725,  127,    0
 18286, 99617,20200726,  125,    0
 18286, 99617,20200727,  127,    0
 18286, 99617,20200728,  147,    0
 18286, 99617,20200729,  117,    0
 18286, 99617,20200730,  109,    0
 18286, 99617,20200731,  143,    0
 18286, 99617,20200801,  164,    0
 18286, 99617,20200802,  125,    0
 18286, 99617,20200803,   95,    0
 18286, 99617,20200804,  103,    0
 18286, 99617,20200805,  130,    0
 18286, 99617,20200806,  155,    0
 18286, 99617,20200807,  155,    0
 18286, 99617,20200808,  166,    0
 18286, 99617,20200809,  134,    0
 18286, 99617,20200810,  164,    0
 18286, 99617,20200811,  171,    0
 18286, 99617,20200812,  184,    0
 18286, 99617,20200813,  178,    0
 18286, 99617,20200814,  177,    0
 18286, 99617,20200815,  169,    0
 18286, 99617,20200816,  182,    0
 18286, 99617,20200817,  183,    0
 18286, 99617,20200818,  174,    0
 18286, 99617,20200819,  158,    0
 18286, 99617,20200820,  163,    0
 18286, 99617,20200821,  160,    0
 18286, 99617,20200822,  132,    0
 18286, 99617,20200823,   98,    0
 18286, 99617,20200824,   78,    0
 18286, 99617,20200825,   81,    0
 18286, 99617,20200826,  105,    0
 18286, 99617,20200827,  108,    0
 18286, 99617,20200828,  111,    0
 18286, 99617,20200829,  114,    0
 18286, 99617,20200830,  102,    0
 18286, 99617,20200831,  103,    0
 18286, 99617,20200901,  115,    0
 18286, 99617,20200902,  132,    0
 18286, 99617,20200903,  111,    0
 18286, 99617,20200904,   97,    0
 18286, 99617,20200905,   75,    0
 18286, 99617,20200906,   78,    0
 18286, 99617,20200907,   91,    0
 18286, 99617,20200908,   94,    0
 18286, 99617,20200909,   77,    0
 18286, 99617,20200910,   68,    0
 18286, 99617,20200911,   82,    0
 18286, 99617,20200912,   69,    0
 18286, 99617,20200913,   72,    0
 18286, 99617,20200914,  113,    0
 18286, 99617,20200915,  104,    0
 18286, 99617,20200916,   91,    0
 18286, 99617,20200917,   78,    0
 18286, 99617,20200918,   84,    0
 18286, 99617,20200919,   95,    0
 18286, 99617,20200920,   91,    0
 18286, 99617,20200921,  111,    0
 18286, 99617,20200922,  105,    0
 18286, 99617,20200923,  107,    0
 18286, 99617,20200924,   87,    0
 18286, 99617,20200925,   78,    0
 18286, 99617,20200926,   91,    0
 18286, 99617,20200927,   93,    0
 18286, 99617,20200928,  107,    0
 18286, 99617,20200929,  102,    0
 18286, 99617,20200930,  124,    0
 18286, 99617,20201001,  131,    0
 18286, 99617,20201002,  124,    0
 18286, 99617,20201003,  130,    0
 18286, 99617,20201004,  127,    0
 18286, 99617,20201005,  111,    0
 18286, 99617,20201006,  108,    0
 18286, 99617,20201007,   85,    0
 18286, 99617,20201008,   77,    0
 18286, 99617,20201009,   53,    0
 18286, 99617,20201010,   52,    0
 18286, 99617,20201011,   52,    0
 18286, 99617,20201012,   43,    0
 18286, 99617,20201013,   46,    0
 18286, 99617,20201014,   36,    0
 18286, 99617,20201015,   48,    0
 18286, 99617,20201016,   48,    0
 18286, 99617,20201017,   39,    0
 18286, 99617,20201018,   22,    0
 18286, 99617,20201019,   11,    0
 18286, 99617,20201020,   13,    0
 18286, 99617,20201021,   49,    0
 18286, 99617,20201022,   58,    0
 18286, 99617,20201023,   35,    0
 18286, 99617,20201024,   51,    0
 18286, 99617,20201025,   73,    0
 18286, 99617,20201026,   64,    0
 18286, 99617,20201027,   56,    0
 18286, 99617,20201028,   54,    0
 18286, 99617,20201029,   42,    0
 18286, 99617,20201030,   50,    0
 18286, 99617,20201031,   62,    0
 18286, 99617,20201101,   76,    0
 18286, 99617,20201102,   56,    0
 18286, 99617,20201103,   37,    0
 18286, 99617,20201104,   31,    0
 18286, 99617,20201105,   71,    0
 18286, 99617,20201106,   66,    0
 18286, 99617,20201107,   39,    0
 18286, 99617,20201108,   21,    0
 18286, 99617,20201109,   33,    0
 18286, 99617,20201110,   52,    0
 18286, 99617,20201111,   65,    0
 18286, 99617,20201112,   81,    0
 18286, 99617,20201113,   73,    0
 18286, 99617,20201114,   51,    0
 18286, 99617,20201115,   91,    0
 18286, 99617,20201116,   53,    0
 18286, 99617,20201117,   69,    0
 18286, 99617,20201118,   89,    0
 18286, 99617,20201119,    2,    0
 18286, 99617,20201120,  -18,    0
 18286, 99617,20201121,   39,    0
 18286, 99617,20201122,   29,    0
 18286, 99617,20201123,   18,    0
 18286, 99617,20201124,   50,    0
 18286, 99617,20201125,   51,    0
 18286, 99617,20201126,    0,    0
 18286, 99617,20201127,  -34,    0
 18286, 99617,20201128,  -13,    0
 18286, 99617,20201129,   12,    0
 18286, 99617,20201130,   25,    0
 18286, 99617,20201201,   -9,    0
 18286, 99617,20201202,   26,    0
 18286, 99617,20201203,   24,    0
 18286, 99617,20201204,   14,    0
 18286, 99617,20201205,   10,    0
 18286, 99617,20201206,   19,    0
 18286, 99617,20201207,   42,    0
 18286, 99617,20201208,   44,    0
 18286, 99617,20201209,    9,    0
 18286, 99617,20201210,   28,    0
 18286, 99617,20201211,   23,    0
 18286, 99617,20201212,   22,    0
 18286, 99617,20201213,   34,    0
 18286, 99617,20201214,   40,    0
 18286, 99617,20201215,   24,    0
 18286, 99617,20201216,   29,    0
 18286, 99617,20201217,   43,    0
 18286, 99617,20201218,   52,    0
 18286, 99617,20201219,   86,    0
 18286, 99617,20201220,   54,    0
 18286, 99617,20201221,   39,    0
 18286, 99617,20201222,   28,    0
 18286, 99617,20201223,    6,    0
 18286, 99617,20201224,  -29,    0
 18286, 99617,20201225,  -43,    0
 18286, 99617,20201226,    9,    0
 18286, 99617,20201227,   31,    0
 18286, 99617,20201228,   17,    0
 18286, 99617,20201229,   16,    0
 18286, 99617,20201230,   16,    0
 18286, 99617,20201231,   -9,    0
 18286, 99617,20210101,  -16,    0
 18286, 99617,20210102,  -33,    0
 18286, 99617,20210103,  -43,    0
 18286, 99617,20210104,  -47,    0
 18286, 99617,20210105,  -58,    0
 18286, 99617,20210106,  -77,    0
 18286, 99617,20210107,  -85,    0
 18286, 99617,20210108,  -84,    0
 18286, 99617,20210109,  -40,    0
 18286, 99617,20210110,  -25,    0
 18286, 99617,20210111,  -47,    0
 18286, 99617,20210112,  -37,    0
 18286, 99617,20210113,  -51,    0
 18286, 99617,20210114,  -88,    0
 18286, 99617,20210115,  -91,    0
 18286, 99617,20210116,  -73,    0
 18286, 99617,20210117,  -18,    0
 18286, 99617,20210118,  -10,    0
 18286, 99617,20210119,  -25,    0
 18286, 99617,20210120,   -5,    0
 18286, 99617,20210121,   20,    0
 18286, 99617,20210122,   15,    0
 18286, 99617,20210123,   -2,    0
 18286, 99617,20210124,  -50,    0
 18286, 99617,20210125,  -86,    0
 18286, 99617,20210126,  -58,    0
 18286, 99617,20210127,  -94,    0
 18286, 99617,20210128,  -86,    0
 18286, 99617,20210129, -102,    0
 18286, 99617,20210130,  -63,    0
 18286, 99617,20210131,  -48,    0
 18286, 99617,20210201,  -94,    0
 18286, 99617,20210202, -102,    0
 18286, 99617,20210203, -104,    0
 18286, 99617,20210204, -133,    0
 18286, 99617,20210205, -105,    0
 18286, 99617,20210206,  -94,    0
 18286, 99617,20210207,  -91,    0
 18286, 99617,20210208,  -90,    0
 18286, 99617,20210209, -103,    0
 18286, 99617,20210210,  -97,    0
 18286, 99617,20210211, -109,    0
 18286, 99617,20210212, -113,    0
 18286, 99617,20210213, -107,    0
 18286, 99617,20210214,  -70,    0
 18286, 99617,20210215,  -13,    0
 18286, 99617,20210216,   -8,    0
 18286, 99617,20210217,  -14,    0
 18286, 99617,20210218,   10,    0
 18286, 99617,20210219,   30,    0
 18286, 99617,20210220,   50,    0
 18286, 99617,20210221,   64,    0
 18286, 99617,20210222,   49,    0
 18286, 99617,20210223,   34,    0
 18286, 99617,20210224,   59,    0
 18286, 99617,20210225,   45,    0
 18286, 99617,20210226,   35,    0
 18286, 99617,20210227,   30,    0
 18286, 99617,20210228,    4,    0
 18286, 99617,20210301,   26,    0
 18286, 99617,20210302,   16,    0
 18286, 99617,20210303,    4,    0
 18286, 99617,20210304,  -16,    0
 18286, 99617,20210305,  -16,    0
 18286, 99617,20210306,   12,    0
 18286, 99617,20210307,  -21,    0
 18286, 99617,20210308,  -37,    0
 18286, 99617,20210309,  -25,    0
 18286, 99617,20210310,   -1,    0
 18286, 99617,20210311,   14,    0
 18286, 99617,20210312,    6,    0
 18286, 99617,20210313,   12,    0
 18286, 99617,20210314,    8,    0
 18286, 99617,20210315,   -5,    0
 18286, 99617,20210316,   -5,    0
 18286, 99617,20210317,  -15,    0
 18286, 99617,20210318,    9,    0
 18286, 99617,20210319,   15,    0
 18286, 99617,20210320,   23,    0
 18286, 99617,20210321,   13,    0
 18286, 99617,20210322,   27,    0
 18286, 99617,20210323,   44,    0
 18286, 99617,20210324,   41,    0
 18286, 99617,20210325,   42,    0
 18286, 99617,20210326,   50,    0
 18286, 99617,20210327,   22,    0
 18286, 99617,20210328,   37,    0
 18286, 99617,20210329,   64,    0
 18286, 99617,20210330,   57,    0
 18286, 99617,20210331,   47,    0
 18286, 99617,20210401,   26,    0
 18286, 99617,20210402,   31,    0
 18286, 99617,20210403,   18,    0
 18286, 99617,20210404,   15,    0
 18286, 99617,20210405,  -19,    0
 18286, 99617,20210406,   -3,    0
 18286, 99617,20210407,    2,    0
 18286, 99617,20210408,   -9,    0
 18286, 99617,20210409,   -8,    0
 18286, 99617,20210410,  -15,    0
 18286, 99617,20210411,  -18,    0
 18286, 99617,20210412,    8,    0
 18286, 99617,20210413,    5,    0
 18286, 99617,20210414,   -3,    0
 18286, 99617,20210415,   12,    0
 18286, 99617,20210416,   22,    0
 18286, 99617,20210417,   45,    0
 18286, 99617,20210418,   71,    0
 18286, 99617,20210419,   76,    0
 18286, 99617,20210420,   67,    0
 18286, 99617,20210421,   21,    0
 18286, 99617,20210422,   28,    0
 18286, 99617,20210423,   28,    0
 18286, 99617,20210424,   12,    0
 18286, 99617,20210425,    7,    0
 18286, 99617,20210426,   16,    0
 18286, 99617,20210427,   24,    0
 18286, 99617,20210428,   24,    0
 18286, 99617,20210429,   30,    0
 18286, 99617,20210430,   35,    0
 18286, 99617,20210501,   40,    0
 18286, 99617,20210502,   41,    0
 18286, 99617,20210503,   38,    0
 18286, 99617,20210504,   36,    0
 18286, 99617,20210505,   47,    0
 18286, 99617,20210506,   41,    0
 18286, 99617,20210507,   37,    0
 18286, 99617,20210508,   43,    0
 18286, 99617,20210509,   64,    0
 18286, 99617,20210510,   88,    0
 18286, 99617,20210511,  108,    0
 18286, 99617,20210512,   88,    0
 18286, 99617,20210513,  105,    0
 18286, 99617,20210514,  120,    0
 18286, 99617,20210515,  112,    0
 18286, 99617,20210516,   77,    0
 18286, 99617,20210517,   86,    0
 18286, 99617,20210518,   73,    0
 18286, 99617,20210519,   86,    0
 18286, 99617,20210520,   77,    0
 18286, 99617,20210521,   83,    0
 18286, 99617,20210522,  101,    0
 18286, 99617,20210523,  103,    0
 18286, 99617,20210524,   92,    0
 18286, 99617,20210525,  104,    0
 18286, 99617,20210526,  108,    0
 18286, 99617,20210527,  116,    0
 18286, 99617,20210528,  132,    0
 18286, 99617,20210529,  159,    0
 18286, 99617,20210530,  161,    0
 18286, 99617,20210531,  166,    0
 18286, 99617,20210601,  174,    0
 18286, 99617,20210602,  160,    0
 18286, 99617,20210603,  148,    0
 18286, 99617,20210604,  161,    0
 18286, 99617,20210605,  157,    0
 18286, 99617,20210606,  133,    0
 18286, 99617,20210607,  150,    0
 18286, 99617,20210608,  149,    0
 18286, 99617,20210609,  141,    0
 18286, 99617,20210610,  132,    0
 18286, 99617,20210611,  138,    0
 18286, 99617,20210612,   83,    0
 18286, 99617,20210613,   92,    0
 18286, 99617,20210614,   94,    0
 18286, 99617,20210615,   87,    0
 18286, 99617,20210616,  113,    0
 18286, 99617,20210617,  145,    0
 18286, 99617,20210618,  132,    0
 18286, 99617,20210619,  104,    0
 18286, 99617,20210620,  113,    0
 18286, 99617,20210621,  116,    0
 18286, 99617,20210622,  139,    0
 18286, 99617,20210623,  150,    0
 18286, 99617,20210624,  148,    0
 18286, 99617,20210625,  171,    0
 18286, 99617,20210626,  179,    0
 18286, 99617,20210627,  162,    0
 18286, 99617,20210628,  144,    0
 18286, 99617,20210629,  164,    0
 18286, 99617,20210630,  187,    0
 18286, 99617,20210701,  186,    0
 18286, 99617,20210702,  201,    0
 18286, 99617,20210703,  170,    0
 18286, 99617,20210704,  183,    0
 18286, 99617,20210705,  174,    0
 18286, 99617,20210706,  157,    0
 18286, 99617,20210707,  147,    0
 18286, 99617,20210708,  129,    0
 18286, 99617,20210709,  129,    0
 18286, 99617,20210710,  154,    0
 18286, 99617,20210711,  140,    0
 18286, 99617,20210712,  155,    0
 18286, 99617,20210713,  185,    0
 18286, 99617,20210714,  172,    0
 18286, 99617,20210715,  168,    0
 18286, 99617,20210716,  156,    0
 18286, 99617,20210717,  138,    0
 18286, 99617,20210718,  113,    0
 18286, 99617,20210719,  124,    0
 18286, 99617,20210720,  122,    0
 18286, 99617,20210721,  144,    0
 18286, 99617,20210722,  156,    0
 18286, 99617,20210723,  182,    0
 18286, 99617,20210724,  184,    0
 18286, 99617,20210725,  197,    0
 18286, 99617,20210726,  208,    0
 18286, 99617,20210727,  173,    0
 18286, 99617,20210728,  151,    0
 18286, 99617,20210729,  143,    0
 18286, 99617,20210730,  163,    0
 18286, 99617,20210731,  140,    0
 18286, 99617,20210801,  122,    0
 18286, 99617,20210802,  133,    0
 18286, 99617,20210803,  132,    0
 18286, 99617,20210804,  138,    0
 18286, 99617,20210805,  141,    0
 18286, 99617,20210806,  151,    0
 18286, 99617,20210807,  161,    0
 18286, 99617,20210808,  151,    0
 18286, 99617,20210809,  143,    0
 18286, 99617,20210810,  145,    0
 18286, 99617,20210811,  153,    0
 18286, 99617,20210812,  149,    0
 18286, 99617,20210813,  126,    0
 18286, 99617,20210814,  111,    0
 18286, 99617,20210815,  101,    0
 18286, 99617,20210816,  114,    0
 18286, 99617,20210817,  137,    0
 18286, 99617,20210818,  102,    0
 18286, 99617,20210819,  107,    0
 18286, 99617,20210820,  104,    0
 18286, 99617,20210821,  117,    0
 18286, 99617,20210822,  130,    0
 18286, 99617,20210823,  136,    0
 18286, 99617,20210824,  135,    0
 18286, 99617,20210825,  147,    0
 18286, 99617,20210826,  143,    0
 18286, 99617,20210827,  150,    0
 18286, 99617,20210828,  139,    0
 18286, 99617,20210829,  151,    0
 18286, 99617,20210830,  155,    0
 18286, 99617,20210831,  142,    0
 18286, 99617,20210901,  144,    0
 18286, 99617,20210902,  129,    0
 18286, 99617,20210903,  120,    0
 18286, 99617,20210904,  119,    0
 18286, 99617,20210905,  128,    0
 18286, 99617,20210906,  118,    0
 18286, 99617,20210907,  129,    0
 18286, 99617,20210908,  141,    0
 18286, 99617,20210909,  143,    0
 18286, 99617,20210910,  149,    0
 18286, 99617,20210911,  137,    0
 18286, 99617,20210912,  140,    0
 18286, 99617,20210913,  115,    0
 18286, 99617,20210914,  100,    0
 18286, 99617,20210915,  114,    0
 18286, 99617,20210916,  115,    0
 18286, 99617,20210917,  108,    0
 18286, 99617,20210918,  103,    0
 18286, 99617,20210919,  111,    0
 18286, 99617,20210920,   97,    0
 18286, 99617,20210921,   85,    0
 18286, 99617,20210922,  107,    0
 18286, 99617,20210923,   65,    0
 18286, 99617,20210924,   77,    0
 18286, 99617,20210925,   80,    0
 18286, 99617,20210926,  115,    0
 18286, 99617,20210927,  136,    0
 18286, 99617,20210928,  109,    0
 18286, 99617,20210929,  115,    0
 18286, 99617,20210930,  108,    0
 18286, 99617,20211001,   91,    0
 18286, 99617,20211002,   87,    0
 18286, 99617,20211003,  111,    0
 18286, 99617,20211004,   81,    0
 18286, 99617,20211005,   79,    0
 18286, 99617,20211006,   86,    0
 18286, 99617,20211007,   93,    0
 18286, 99617,20211008,  117,    0
 18286, 99617,20211009,  125,    0
 18286, 99617,20211010,   80,    0
 18286, 99617,20211011,   39,    0
 18286, 99617,20211012,   41,    0
 18286, 99617,20211013,   33,    0
 18286, 99617,20211014,   73,    0
 18286, 99617,20211015,   41,    0
 18286, 99617,20211016,   31,    0
 18286, 99617,20211017,   17,    0
 18286, 99617,20211018,   15,    0
 18286, 99617,20211019,   60,    0
 18286, 99617,20211020,   94,    0
 18286, 99617,20211021,   18,    0
 18286, 99617,20211022,   16,    0
 18286, 99617,20211023,   40,    0
 18286, 99617,20211024,   78,    0
 18286, 99617,20211025,   75,    0
 18286, 99617,20211026,   53,    0
 18286, 99617,20211027,   96,    0
 18286, 99617,20211028,  101,    0
 18286, 99617,20211029,  119,    0
 18286, 99617,20211030,   96,    0
 18286, 99617,20211031,   80,    0
 18286, 99617,20211101,   83,    0
 18286, 99617,20211102,   62,    0
 18286, 99617,20211103,   38,    0
 18286, 99617,20211104,   20,    0
 18286, 99617,20211105,   28,    0
 18286, 99617,20211106,   34,    0
 18286, 99617,20211107,   32,    0
 18286, 99617,20211108,   37,    0
 18286, 99617,20211109,   59,    0
 18286, 99617,20211110,   54,    0
 18286, 99617,20211111,   36,    0
 18286, 99617,20211112,   22,    0
 18286, 99617,20211113,   37,    0
 18286, 99617,20211114,    7,    0
 18286, 99617,20211115,   58,    0
 18286, 99617,20211116,   73,    0
 18286, 99617,20211117,   22,    0
 18286, 99617,20211118,   41,    0
 18286, 99617,20211119,   66,    0
 18286, 99617,20211120,   23,    0
 18286, 99617,20211121,  -16,    0
 18286, 99617,20211122,   12,    0
 18286, 99617,20211123,   34,    0
 18286, 99617,20211124,   35,    0
 18286, 99617,20211125,   -8,    0
 18286, 99617,20211126,  -26,    0
 18286, 99617,20211127,  -30,    0
 18286, 99617,20211128,  -65,    0
 18286, 99617,20211129,  -63,    0
 18286, 99617,20211130,  -39,    0
 18286, 99617,20211201,  -71,    0
 18286, 99617,20211202,  -58,    0
 18286, 99617,20211203,  -51,    0
 18286, 99617,20211204,  -37,    0
 18286, 99617,20211205,  -49,    0
 18286, 99617,20211206,  -52,    0
 18286, 99617,20211207,  -21,    0
 18286, 99617,20211208,  -21,    0
 18286, 99617,20211209,   -3,    0
 18286, 99617,20211210,   -7,    0
 18286, 99617,20211211,  -26,    0
 18286, 99617,20211212,    0,    0
 18286, 99617,20211213,   31,    0
 18286, 99617,20211214,   25,    0
 18286, 99617,20211215,   48,    0
 18286, 99617,20211216,   36,    0
 18286, 99617,20211217,   22,    0
 18286, 99617,20211218,   46,    0
 18286, 99617,20211219,    9,    0
 18286, 99617,20211220,  -37,    0
 18286, 99617,20211221,  -31,    0
 18286, 99617,20211222,  -17,    0
 18286, 99617,20211223,  -39,    0
 18286, 99617,20211224,  -76,    0
 18286, 99617,20211225,  -70,    0
 18286, 99617,20211226,  -57,    0
 18286, 99617,20211227,  -58,    0
 18286, 99617,20211228,  -50,    0
 18286, 99617,20211229,  -31,    0
 18286, 99617,20211230,   32,    0
 18286, 99617,20211231,   33,    0
 18286, 99617,20220101,   17,    0
 18286, 99617,20220102,   52,    0
 18286, 99617,20220103,   17,    0
 18286, 99617,20220104,   -9,    0
 18286, 99617,20220105,  -38,    0
 18286, 99617,20220106,  -64,    0
 18286, 99617,20220107,  -21,    0
 18286, 99617,20220108,  -21,    0
 18286, 99617,20220109,   -8,    0
 18286, 99617,20220110,    5,    0
 18286, 99617,20220111,   19,    0
 18286, 99617,20220112,   46,    0
 18286, 99617,20220113,   66,    0
 18286, 99617,20220114,    7,    0
 18286, 99617,20220115,  -15,    0
 18286, 99617,20220116,   10,    0
 18286, 99617,20220117,  -10,    0
 18286, 99617,20220118,   15,    0
 18286, 99617,20220119,    4,    0
 18286, 99617,20220120,  -29,    0
 18286, 99617,20220121,   -2,    0
 18286, 99617,20220122,    4,    0
 18286, 99617,20220123,   22,    0
 18286, 99617,20220124,   28,    0
 18286, 99617,20220125,    7,    0
 18286, 99617,20220126,   20,    0
 18286, 99617,20220127,   22,    0
 18286, 99617,20220128,    2,    0
 18286, 99617,20220129,   24,    0
 18286, 99617,20220130,   -7,    0
 18286, 99617,20220131,  -44,    0
 18286, 99617,20220201,  -22,    0
 18286, 99617,20220202,  -16,    0
 18286, 99617,20220203,    2,    0
 18286, 99617,20220204,   -4,    0
 18286, 99617,20220205,   -7,    0
 18286, 99617,20220206,  -20,    0
 18286, 99617,20220207,   -1,    0
 18286, 99617,20220208,   14,    0
 18286, 99617,20220209,    4,    0
 18286, 99617,20220210,  -14,    0
 18286, 99617,20220211,  -26,    0
 18286, 99617,20220212,   22,    0
 18286, 99617,20220213,   29,    0
 18286, 99617,20220214,    6,    0
 18286, 99617,20220215,   -1,    0
 18286, 99617,20220216,   -6,    0
 18286, 99617,20220217,  -27,    0
 18286, 99617,20220218,  -13,    0
 18286, 99617,20220219,  -46,    0
 18286, 99617,20220220,  -34,    0
 18286, 99617,20220221,  -10,    0
 18286, 99617,20220222,  -41,    0
 18286, 99617,20220223,   10,    0
 18286, 99617,20220224,   -7,    0
 18286, 99617,20220225,  -10,    0
 18286, 99617,20220226,   -3,    0
 18286, 99617,20220227,   21,    0
 18286, 99617,20220228,   35,    0
 18286, 99617,20220301,   19,    0
 18286, 99617,20220302,   15,    0
 18286, 99617,20220303,  -12,    0
 18286, 99617,20220304,  -28,    0
 18286, 99617,20220305,  -36,    0
 18286, 99617,20220306,   -7,    0
 18286, 99617,20220307,  -18,    0
 18286, 99617,20220308,  -14,    0
 18286, 99617,20220309,   15,    0
 18286, 99617,20220310,   49,    0
 18286, 99617,20220311,   19,    0
 18286, 99617,20220312,   31,    0
 18286, 99617,20220313,   39,    0
 18286, 99617,20220314,   43,    0
 18286, 99617,20220315,   24,    0
 18286, 99617,20220316,   40,    0
 18286, 99617,20220317,   28,    0
 18286, 99617,20220318,   15,    0
 18286, 99617,20220319,   10,    0
 18286, 99617,20220320,   41,    0
 18286, 99617,20220321,   23,    0
 18286, 99617,20220322,   12,    0
 18286, 99617,20220323,    9,    0
 18286, 99617,20220324,   28,    0
 18286, 99617,20220325,   48,    0
 18286, 99617,20220326,   38,    0
 18286, 99617,20220327,   39,    0
 18286, 99617,20220328,   35,    0
 18286, 99617,20220329,   -5,    0
 18286, 99617,20220330,  -27,    0
 18286, 99617,20220331,  -31,    0
 18286, 99617,20220401,  -30,    0
 18286, 99617,20220402,  -17,    0
 18286, 99617,20220403,    6,    0
 18286, 99617,20220404,    3,    0
 18286, 99617,20220405,  -20,    0
 18286, 99617,20220406,  -23,    0
 18286, 99617,20220407,  -14,    0
 18286, 99617,20220408,   -5,    0
 18286, 99617,20220409,   10,    0
 18286, 99617,20220410,   11,    0
 18286, 99617,20220411,    8,    0
 18286, 99617,20220412,   20,    0
 18286, 99617,20220413,   21,    0
 18286, 99617,20220414,   41,    0
 18286, 99617,20220415,   50,    0
 18286, 99617,20220416,   44,    0
 18286, 99617,20220417,   48,    0
 18286, 99617,20220418,   66,    0
 18286, 99617,20220419,   64,    0
 18286, 99617,20220420,   73,    0
 18286, 99617,20220421,   83,    0
 18286, 99617,20220422,   89,    0
 18286, 99617,20220423,   77,    0
 18286, 99617,20220424,   52,    0
 18286, 99617,20220425,   60,    0
 18286, 99617,20220426,   63,    0
 18286, 99617,20220427,   64,    0
 18286, 99617,20220428,   37,    0
 18286, 99617,20220429,   49,    0
 18286, 99617,20220430,   53,    0
 18286, 99617,20220501,   56,    0
 18286, 99617,20220502,   53,    0
 18286, 99617,20220503,   42,    0
 18286, 99617,20220504,   48,    0
 18286, 99617,20220505,   67,    0
 18286, 99617,20220506,   80,    0
 18286, 99617,20220507,   50,    0
 18286, 99617,20220508,   56,    0
 18286, 99617,20220509,   87,    0
 18286, 99617,20220510,   77,    0
 18286, 99617,20220511,   66,    0
 18286, 99617,20220512,   58,    0
 18286, 99617,20220513,   64,    0
 18286, 99617,20220514,   52,    0
 18286, 99617,20220515,   69,    0
 18286, 99617,20220516,   93,    0
 18286, 99617,20220517,  106,    0
 18286, 99617,20220518,  107,    0
 18286, 99617,20220519,   93,    0
 18286, 99617,20220520,  103,    0
 18286, 99617,20220521,   82,    0
 18286, 99617,20220522,  101,    0
 18286, 99617,20220523,   94,    0
 18286, 99617,20220524,   96,    0
 18286, 99617,20220525,   80,    0
 18286, 99617,20220526,   64,    0
 18286, 99617,20220527,   68,    0
 18286, 99617,20220528,   95,    0
 18286, 99617,20220529,   58,    0
 18286, 99617,20220530,   81,    0
 18286, 99617,20220531,  112,    0
 18286, 99617,20220601,  104,    0
 18286, 99617,20220602,   88,    0
 18286, 99617,20220603,   98,    0
 18286, 99617,20220604,  108,    0
 18286, 99617,20220605,  111,    0
 18286, 99617,20220606,  143,    0
 18286, 99617,20220607,  148,    0
 18286, 99617,20220608,  127,    0
 18286, 99617,20220609,  133,    0
 18286, 99617,20220610,  123,    0
 18286, 99617,20220611,  111,    0
 18286, 99617,20220612,  100,    0
 18286, 99617,20220613,   83,    0
 18286, 99617,20220614,   93,    0
 18286, 99617,20220615,  107,    0
 18286, 99617,20220616,  121,    0
 18286, 99617,20220617,  118,    0
 18286, 99617,20220618,   87,    0
 18286, 99617,20220619,   94,    0
 18286, 99617,20220620,  130,    0
 18286, 99617,20220621,  104,    0
 18286, 99617,20220622,  119,    0
 18286, 99617,20220623,  149,    0
 18286, 99617,20220624,  180,    0
 18286, 99617,20220625,  176,    0
 18286, 99617,20220626,  158,    0
 18286, 99617,20220627,  124,    0
 18286, 99617,20220628,  131,    0
 18286, 99617,20220629,  155,    0
 18286, 99617,20220630,  174,    0
 18286, 99617,20220701,  190,    0
 18286, 99617,20220702,  130,    0
 18286, 99617,20220703,  105,    0
 18286, 99617,20220704,  100,    0
 18286, 99617,20220705,   90,    0
 18286, 99617,20220706,   97,    0
 18286, 99617,20220707,  111,    0
 18286, 99617,20220708,  115,    0
 18286, 99617,20220709,   89,    0
 18286, 99617,20220710,  123,    0
 18286, 99617,20220711,  148,    0
 18286, 99617,20220712,  161,    0
 18286, 99617,20220713,  106,    0
 18286, 99617,20220714,   90,    0
 18286, 99617,20220715,   88,    0
 18286, 99617,20220716,  103,    0
 18286, 99617,20220717,  106,    0
 18286, 99617,20220718,  122,    0
 18286, 99617,20220719,  150,    0
 18286, 99617,20220720,  199,    0
 18286, 99617,20220721,  149,    0
 18286, 99617,20220722,  149,    0
 18286, 99617,20220723,  140,    0
 18286, 99617,20220724,  119,    0
 18286, 99617,20220725,  141,    0
 18286, 99617,20220726,  102,    0
 18286, 99617,20220727,  114,    0
 18286, 99617,20220728,  126,    0
 18286, 99617,20220729,  149,    0
 18286, 99617,20220730,  154,    0
 18286, 99617,20220731,  132,    0
 18286, 99617,20220801,  111,    0
 18286, 99617,20220802,  113,    0
 18286, 99617,20220803,  154,    0
 18286, 99617,20220804,  120,    0
 18286, 99617,20220805,  102,    0
 18286, 99617,20220806,   87,    0
 18286, 99617,20220807,  100,    0
 18286, 99617,20220808,  123,    0
 18286, 99617,20220809,  131,    0
 18286, 99617,20220810,  159,    0
 18286, 99617,20220811,  167,    0
 18286, 99617,20220812,  150,    0
 18286, 99617,20220813,  150,    0
 18286, 99617,20220814,  174,    0
 18286, 99617,20220815,  174,    0
 18286, 99617,20220816,  170,    0
 18286, 99617,20220817,  146,    0
 18286, 99617,20220818,  123,    0
 18286, 99617,20220819,  131,    0
 18286, 99617,20220820,  135,    0
 18286, 99617,20220821,  100,    0
 18286, 99617,20220822,  107,    0
 18286, 99617,20220823,  143,    0
 18286, 99617,20220824,  162,    0
 18286, 99617,20220825,  161,    0
 18286, 99617,20220826,  133,    0
 18286, 99617,20220827,  118,    0
 18286, 99617,20220828,  112,    0
 18286, 99617,20220829,  128,    0
 18286, 99617,20220830,  135,    0
 18286, 99617,20220831,  132,    0
 18286, 99617,20220901,  125,    0
 18286, 99617,20220902,  117,    0
 18286, 99617,20220903,  122,    0
 18286, 99617,20220904,  128,    0
 18286, 99617,20220905,  128,    0
 18286, 99617,20220906,  115,    0
 18286, 99617,20220907,  135,    0
 18286, 99617,20220908,  128,    0
 18286, 99617,20220909,  123,    0
 18286, 99617,20220910,  113,    0
 18286, 99617,20220911,  112,    0
 18286, 99617,20220912,  113,    0
 18286, 99617,20220913,   99,    0
 18286, 99617,20220914,   83,    0
 18286, 99617,20220915,   71,    0
 18286, 99617,20220916,   85,    0
 18286, 99617,20220917,   79,    0
 18286, 99617,20220918,   80,    0
 18286, 99617,20220919,   72,    0
 18286, 99617,20220920,   62,    0
 18286, 99617,20220921,   77,    0
 18286, 99617,20220922,  115,    0
 18286, 99617,20220923,   93,    0
 18286, 99617,20220924,   71,    0
 18286, 99617,20220925,   62,    0
 18286, 99617,20220926,   72,    0
 18286, 99617,20220927,   90,    0
 18286, 99617,20220928,  107,    0
 18286, 99617,20220929,   83,    0
 18286, 99617,20220930,   81,    0
 18286, 99617,20221001,   93,    0
 18286, 99617,20221002,   79,    0
 18286, 99617,20221003,   78,    0
 18286, 99617,20221004,  102,    0
 18286, 99617,20221005,   75,    0
 18286, 99617,20221006,   66,    0
 18286, 99617,20221007,   78,    0
 18286, 99617,20221008,   47,    0
 18286, 99617,20221009,   88,    0
 18286, 99617,20221010,   68,    0
 18286, 99617,20221011,   38,    0
 18286, 99617,20221012,   66,    0
 18286, 99617,20221013,   65,    0
 18286, 99617,20221014,   53,    0
 18286, 99617,20221015,   52,    0
 18286, 99617,20221016,   51,    0
 18286, 99617,20221017,   46,    0
 18286, 99617,20221018,   53,    0
 18286, 99617,20221019,   18,    0
 18286, 99617,20221020,   26,    0
 18286, 99617,20221021,   67,    0
 18286, 99617,20221022,   61,    0
 18286, 99617,20221023,   71,    0
 18286, 99617,20221024,   76,    0
 18286, 99617,20221025,   72,    0
 18286, 99617,20221026,   72,    0
 18286, 99617,20221027,  107,    0
 18286, 99617,20221028,  102,    0
 18286, 99617,20221029,   84,    0
 18286, 99617,20221030,   65,    0
 18286, 99617,20221031,   93,    0
