EUROPEAN CLIMATE ASSESSMENT & DATASET (ECA&D), file created on: 16-11-2022
THESE DATA CAN BE USED FOR NON-COMMERCIAL RESEARCH AND EDUCATION PROVIDED THAT THE FOLLOWING SOURCE IS ACKNOWLEDGED: 

Klein Tank, A.M.G. and Coauthors, 2002. Daily dataset of 20th-century surface
air temperature and precipitation series for the European Climate Assessment.
Int. J. of Climatol., 22, 1441-1453.
Data and metadata available at http://www.ecad.eu

FILE FORMAT (MISSING VALUE CODE = -9999):

01-06 STAID: Station identifier
08-13 SOUID: Source identifier
15-22 DATE : Date YYYYMMDD
24-28 TG   : Mean temperature in 0.1 &#176;C
30-34 Q_TG : quality code for TG (0='valid'; 1='suspect'; 9='missing')

This is the blended series of station FV98 IFJORDFJELLET, NORWAY (STAID: 18376)
Blended and updated with sources:99119 
See files sources.txt and stations.txt for more info.

STAID, SOUID,    DATE,   TG, Q_TG
 18376, 99119,20161101,-9999,    9
 18376, 99119,20161102,-9999,    9
 18376, 99119,20161103,-9999,    9
 18376, 99119,20161104,-9999,    9
 18376, 99119,20161105,-9999,    9
 18376, 99119,20161106,-9999,    9
 18376, 99119,20161107,-9999,    9
 18376, 99119,20161108,-9999,    9
 18376, 99119,20161109,-9999,    9
 18376, 99119,20161110,-9999,    9
 18376, 99119,20161111,-9999,    9
 18376, 99119,20161112,-9999,    9
 18376, 99119,20161113,-9999,    9
 18376, 99119,20161114,-9999,    9
 18376, 99119,20161115,-9999,    9
 18376, 99119,20161116,-9999,    9
 18376, 99119,20161117,-9999,    9
 18376, 99119,20161118,-9999,    9
 18376, 99119,20161119,  -12,    0
 18376, 99119,20161120,  -42,    0
 18376, 99119,20161121,  -65,    0
 18376, 99119,20161122,  -49,    0
 18376, 99119,20161123,  -38,    0
 18376, 99119,20161124,  -48,    0
 18376, 99119,20161125,  -73,    0
 18376, 99119,20161126,  -86,    0
 18376, 99119,20161127,  -62,    0
 18376, 99119,20161128,  -72,    0
 18376, 99119,20161129,  -77,    0
 18376, 99119,20161130,  -74,    0
 18376, 99119,20161201,-9999,    9
 18376, 99119,20161202,  -78,    0
 18376, 99119,20161203, -113,    0
 18376, 99119,20161204, -135,    0
 18376, 99119,20161205, -128,    0
 18376, 99119,20161206,  -94,    0
 18376, 99119,20161207,  -54,    0
 18376, 99119,20161208,  -50,    0
 18376, 99119,20161209,  -59,    0
 18376, 99119,20161210,  -66,    0
 18376, 99119,20161211,  -84,    0
 18376, 99119,20161212,  -72,    0
 18376, 99119,20161213,  -79,    0
 18376, 99119,20161214, -103,    0
 18376, 99119,20161215,  -19,    0
 18376, 99119,20161216,   13,    0
 18376, 99119,20161217,   12,    0
 18376, 99119,20161218,   -9,    0
 18376, 99119,20161219,  -22,    0
 18376, 99119,20161220,   -6,    0
 18376, 99119,20161221,  -30,    0
 18376, 99119,20161222,  -33,    0
 18376, 99119,20161223,  -44,    0
 18376, 99119,20161224,  -89,    0
 18376, 99119,20161225,  -58,    0
 18376, 99119,20161226,  -85,    0
 18376, 99119,20161227,  -54,    0
 18376, 99119,20161228,  -49,    0
 18376, 99119,20161229,  -17,    0
 18376, 99119,20161230,  -38,    0
 18376, 99119,20161231,  -41,    0
 18376, 99119,20170101,-9999,    9
 18376, 99119,20170102,-9999,    9
 18376, 99119,20170103,-9999,    9
 18376, 99119,20170104,-9999,    9
 18376, 99119,20170105,-9999,    9
 18376, 99119,20170106,-9999,    9
 18376, 99119,20170107,-9999,    9
 18376, 99119,20170108,-9999,    9
 18376, 99119,20170109,-9999,    9
 18376, 99119,20170110,-9999,    9
 18376, 99119,20170111,-9999,    9
 18376, 99119,20170112,-9999,    9
 18376, 99119,20170113,-9999,    9
 18376, 99119,20170114,-9999,    9
 18376, 99119,20170115,-9999,    9
 18376, 99119,20170116,-9999,    9
 18376, 99119,20170117,-9999,    9
 18376, 99119,20170118,-9999,    9
 18376, 99119,20170119,-9999,    9
 18376, 99119,20170120,-9999,    9
 18376, 99119,20170121,-9999,    9
 18376, 99119,20170122,-9999,    9
 18376, 99119,20170123,-9999,    9
 18376, 99119,20170124,-9999,    9
 18376, 99119,20170125,-9999,    9
 18376, 99119,20170126,-9999,    9
 18376, 99119,20170127,-9999,    9
 18376, 99119,20170128,-9999,    9
 18376, 99119,20170129,-9999,    9
 18376, 99119,20170130,-9999,    9
 18376, 99119,20170131,-9999,    9
 18376, 99119,20170201,-9999,    9
 18376, 99119,20170202,-9999,    9
 18376, 99119,20170203,-9999,    9
 18376, 99119,20170204,-9999,    9
 18376, 99119,20170205,-9999,    9
 18376, 99119,20170206,-9999,    9
 18376, 99119,20170207,-9999,    9
 18376, 99119,20170208,-9999,    9
 18376, 99119,20170209,-9999,    9
 18376, 99119,20170210,-9999,    9
 18376, 99119,20170211,-9999,    9
 18376, 99119,20170212,-9999,    9
 18376, 99119,20170213,-9999,    9
 18376, 99119,20170214,-9999,    9
 18376, 99119,20170215,-9999,    9
 18376, 99119,20170216,-9999,    9
 18376, 99119,20170217,-9999,    9
 18376, 99119,20170218,-9999,    9
 18376, 99119,20170219,-9999,    9
 18376, 99119,20170220,-9999,    9
 18376, 99119,20170221,-9999,    9
 18376, 99119,20170222,-9999,    9
 18376, 99119,20170223,-9999,    9
 18376, 99119,20170224,-9999,    9
 18376, 99119,20170225,-9999,    9
 18376, 99119,20170226,-9999,    9
 18376, 99119,20170227,-9999,    9
 18376, 99119,20170228,-9999,    9
 18376, 99119,20170301,-9999,    9
 18376, 99119,20170302,-9999,    9
 18376, 99119,20170303,-9999,    9
 18376, 99119,20170304,-9999,    9
 18376, 99119,20170305,-9999,    9
 18376, 99119,20170306,-9999,    9
 18376, 99119,20170307,-9999,    9
 18376, 99119,20170308,-9999,    9
 18376, 99119,20170309,-9999,    9
 18376, 99119,20170310,-9999,    9
 18376, 99119,20170311,-9999,    9
 18376, 99119,20170312,-9999,    9
 18376, 99119,20170313,  -66,    0
 18376, 99119,20170314,-9999,    9
 18376, 99119,20170315,-9999,    9
 18376, 99119,20170316,-9999,    9
 18376, 99119,20170317,-9999,    9
 18376, 99119,20170318,-9999,    9
 18376, 99119,20170319,-9999,    9
 18376, 99119,20170320,-9999,    9
 18376, 99119,20170321,-9999,    9
 18376, 99119,20170322,-9999,    9
 18376, 99119,20170323,-9999,    9
 18376, 99119,20170324,-9999,    9
 18376, 99119,20170325,-9999,    9
 18376, 99119,20170326,-9999,    9
 18376, 99119,20170327,-9999,    9
 18376, 99119,20170328,-9999,    9
 18376, 99119,20170329,-9999,    9
 18376, 99119,20170330,-9999,    9
 18376, 99119,20170331,-9999,    9
 18376, 99119,20170401,-9999,    9
 18376, 99119,20170402,-9999,    9
 18376, 99119,20170403,  -56,    0
 18376, 99119,20170404,  -25,    0
 18376, 99119,20170405,  -23,    0
 18376, 99119,20170406,  -39,    0
 18376, 99119,20170407,  -70,    0
 18376, 99119,20170408, -110,    0
 18376, 99119,20170409, -123,    0
 18376, 99119,20170410,  -74,    0
 18376, 99119,20170411,  -54,    0
 18376, 99119,20170412,  -56,    0
 18376, 99119,20170413,  -64,    0
 18376, 99119,20170414,  -68,    0
 18376, 99119,20170415,  -57,    0
 18376, 99119,20170416,  -81,    0
 18376, 99119,20170417,  -82,    0
 18376, 99119,20170418,  -65,    0
 18376, 99119,20170419,  -41,    0
 18376, 99119,20170420,  -39,    0
 18376, 99119,20170421,  -31,    0
 18376, 99119,20170422,  -38,    0
 18376, 99119,20170423,  -66,    0
 18376, 99119,20170424,  -82,    0
 18376, 99119,20170425,  -76,    0
 18376, 99119,20170426,  -64,    0
 18376, 99119,20170427,-9999,    9
 18376, 99119,20170428,  -28,    0
 18376, 99119,20170429,  -16,    0
 18376, 99119,20170430,  -18,    0
 18376, 99119,20170501,  -15,    0
 18376, 99119,20170502,   -7,    0
 18376, 99119,20170503,  -15,    0
 18376, 99119,20170504,    7,    0
 18376, 99119,20170505,  -13,    0
 18376, 99119,20170506,  -55,    0
 18376, 99119,20170507,  -59,    0
 18376, 99119,20170508,  -37,    0
 18376, 99119,20170509,  -39,    0
 18376, 99119,20170510,  -36,    0
 18376, 99119,20170511,  -35,    0
 18376, 99119,20170512,  -29,    0
 18376, 99119,20170513,  -21,    0
 18376, 99119,20170514,  -27,    0
 18376, 99119,20170515,  -33,    0
 18376, 99119,20170516,    0,    0
 18376, 99119,20170517,   12,    0
 18376, 99119,20170518,   21,    0
 18376, 99119,20170519,   14,    0
 18376, 99119,20170520,-9999,    9
 18376, 99119,20170521,    5,    0
 18376, 99119,20170522,    9,    0
 18376, 99119,20170523,  -18,    0
 18376, 99119,20170524,  -19,    0
 18376, 99119,20170525,  -15,    0
 18376, 99119,20170526,  -27,    0
 18376, 99119,20170527,  -27,    0
 18376, 99119,20170528,  -13,    0
 18376, 99119,20170529,  -25,    0
 18376, 99119,20170530,  -19,    0
 18376, 99119,20170531,  -16,    0
 18376, 99119,20170601,   -7,    0
 18376, 99119,20170602,   -9,    0
 18376, 99119,20170603,   -6,    0
 18376, 99119,20170604,    4,    0
 18376, 99119,20170605,    9,    0
 18376, 99119,20170606,   41,    0
 18376, 99119,20170607,   72,    0
 18376, 99119,20170608,   92,    0
 18376, 99119,20170609,-9999,    9
 18376, 99119,20170610,    7,    0
 18376, 99119,20170611,   13,    0
 18376, 99119,20170612,   12,    0
 18376, 99119,20170613,   12,    0
 18376, 99119,20170614,   27,    0
 18376, 99119,20170615,   69,    0
 18376, 99119,20170616,   34,    0
 18376, 99119,20170617,   43,    0
 18376, 99119,20170618,   56,    0
 18376, 99119,20170619,   36,    0
 18376, 99119,20170620,    6,    0
 18376, 99119,20170621,    9,    0
 18376, 99119,20170622,   11,    0
 18376, 99119,20170623,   18,    0
 18376, 99119,20170624,   30,    0
 18376, 99119,20170625,   41,    0
 18376, 99119,20170626,   46,    0
 18376, 99119,20170627,   31,    0
 18376, 99119,20170628,   41,    0
 18376, 99119,20170629,   71,    0
 18376, 99119,20170630,   77,    0
 18376, 99119,20170701,  100,    0
 18376, 99119,20170702,  144,    0
 18376, 99119,20170703,  117,    0
 18376, 99119,20170704,   64,    0
 18376, 99119,20170705,   41,    0
 18376, 99119,20170706,   30,    0
 18376, 99119,20170707,   55,    0
 18376, 99119,20170708,   79,    0
 18376, 99119,20170709,  139,    0
 18376, 99119,20170710,  158,    0
 18376, 99119,20170711,  113,    0
 18376, 99119,20170712,  134,    0
 18376, 99119,20170713,   83,    0
 18376, 99119,20170714,   61,    0
 18376, 99119,20170715,  115,    0
 18376, 99119,20170716,  146,    0
 18376, 99119,20170717,  167,    0
 18376, 99119,20170718,  111,    0
 18376, 99119,20170719,   75,    0
 18376, 99119,20170720,   59,    0
 18376, 99119,20170721,   78,    0
 18376, 99119,20170722,  103,    0
 18376, 99119,20170723,  124,    0
 18376, 99119,20170724,  151,    0
 18376, 99119,20170725,  158,    0
 18376, 99119,20170726,  101,    0
 18376, 99119,20170727,  131,    0
 18376, 99119,20170728,  120,    0
 18376, 99119,20170729,   97,    0
 18376, 99119,20170730,   72,    0
 18376, 99119,20170731,   53,    0
 18376, 99119,20170801,   77,    0
 18376, 99119,20170802,  121,    0
 18376, 99119,20170803,  106,    0
 18376, 99119,20170804,   93,    0
 18376, 99119,20170805,   79,    0
 18376, 99119,20170806,   70,    0
 18376, 99119,20170807,   77,    0
 18376, 99119,20170808,  102,    0
 18376, 99119,20170809,  107,    0
 18376, 99119,20170810,  105,    0
 18376, 99119,20170811,  100,    0
 18376, 99119,20170812,  112,    0
 18376, 99119,20170813,   81,    0
 18376, 99119,20170814,   90,    0
 18376, 99119,20170815,   68,    0
 18376, 99119,20170816,  115,    0
 18376, 99119,20170817,   95,    0
 18376, 99119,20170818,   81,    0
 18376, 99119,20170819,  110,    0
 18376, 99119,20170820,   88,    0
 18376, 99119,20170821,   66,    0
 18376, 99119,20170822,   51,    0
 18376, 99119,20170823,   57,    0
 18376, 99119,20170824,   50,    0
 18376, 99119,20170825,   57,    0
 18376, 99119,20170826,   50,    0
 18376, 99119,20170827,   46,    0
 18376, 99119,20170828,   74,    0
 18376, 99119,20170829,   91,    0
 18376, 99119,20170830,   95,    0
 18376, 99119,20170831,   76,    0
 18376, 99119,20170901,   45,    0
 18376, 99119,20170902,   48,    0
 18376, 99119,20170903,   90,    0
 18376, 99119,20170904,  108,    0
 18376, 99119,20170905,  103,    0
 18376, 99119,20170906,   91,    0
 18376, 99119,20170907,   89,    0
 18376, 99119,20170908,   64,    0
 18376, 99119,20170909,   49,    0
 18376, 99119,20170910,   44,    0
 18376, 99119,20170911,   36,    0
 18376, 99119,20170912,   67,    0
 18376, 99119,20170913,   51,    0
 18376, 99119,20170914,   31,    0
 18376, 99119,20170915,   35,    0
 18376, 99119,20170916,   35,    0
 18376, 99119,20170917,   42,    0
 18376, 99119,20170918,   39,    0
 18376, 99119,20170919,   35,    0
 18376, 99119,20170920,   26,    0
 18376, 99119,20170921,   29,    0
 18376, 99119,20170922,   47,    0
 18376, 99119,20170923,   65,    0
 18376, 99119,20170924,   84,    0
 18376, 99119,20170925,   78,    0
 18376, 99119,20170926,   82,    0
 18376, 99119,20170927,   71,    0
 18376, 99119,20170928,   75,    0
 18376, 99119,20170929,   26,    0
 18376, 99119,20170930,    7,    0
 18376, 99119,20171001,-9999,    9
 18376, 99119,20171002,-9999,    9
 18376, 99119,20171003,   30,    0
 18376, 99119,20171004,-9999,    9
 18376, 99119,20171005,   31,    0
 18376, 99119,20171006,   37,    0
 18376, 99119,20171007,   40,    0
 18376, 99119,20171008,-9999,    9
 18376, 99119,20171009,-9999,    9
 18376, 99119,20171010,-9999,    9
 18376, 99119,20171011,   15,    0
 18376, 99119,20171012,   30,    0
 18376, 99119,20171013,-9999,    9
 18376, 99119,20171014,-9999,    9
 18376, 99119,20171015,    9,    0
 18376, 99119,20171016,    4,    0
 18376, 99119,20171017,-9999,    9
 18376, 99119,20171018,-9999,    9
 18376, 99119,20171019,-9999,    9
 18376, 99119,20171020,-9999,    9
 18376, 99119,20171021,-9999,    9
 18376, 99119,20171022,-9999,    9
 18376, 99119,20171023,-9999,    9
 18376, 99119,20171024,-9999,    9
 18376, 99119,20171025,  -16,    0
 18376, 99119,20171026,  -26,    0
 18376, 99119,20171027,  -16,    0
 18376, 99119,20171028,  -14,    0
 18376, 99119,20171029,  -35,    0
 18376, 99119,20171030,  -40,    0
 18376, 99119,20171031,  -40,    0
 18376, 99119,20171101,-9999,    9
 18376, 99119,20171102,-9999,    9
 18376, 99119,20171103,    2,    0
 18376, 99119,20171104,    2,    0
 18376, 99119,20171105,  -31,    0
 18376, 99119,20171106,  -19,    0
 18376, 99119,20171107,  -13,    0
 18376, 99119,20171108,  -30,    0
 18376, 99119,20171109,  -23,    0
 18376, 99119,20171110,  -20,    0
 18376, 99119,20171111,  -42,    0
 18376, 99119,20171112,  -34,    0
 18376, 99119,20171113,  -25,    0
 18376, 99119,20171114,  -22,    0
 18376, 99119,20171115,-9999,    9
 18376, 99119,20171116,-9999,    9
 18376, 99119,20171117,-9999,    9
 18376, 99119,20171118,-9999,    9
 18376, 99119,20171119,-9999,    9
 18376, 99119,20171120,-9999,    9
 18376, 99119,20171121,-9999,    9
 18376, 99119,20171122,-9999,    9
 18376, 99119,20171123,-9999,    9
 18376, 99119,20171124,-9999,    9
 18376, 99119,20171125,-9999,    9
 18376, 99119,20171126,-9999,    9
 18376, 99119,20171127,-9999,    9
 18376, 99119,20171128,-9999,    9
 18376, 99119,20171129,-9999,    9
 18376, 99119,20171130,-9999,    9
 18376, 99119,20171201,-9999,    9
 18376, 99119,20171202,  -54,    0
 18376, 99119,20171203,-9999,    9
 18376, 99119,20171204,-9999,    9
 18376, 99119,20171205,-9999,    9
 18376, 99119,20171206,-9999,    9
 18376, 99119,20171207,-9999,    9
 18376, 99119,20171208,-9999,    9
 18376, 99119,20171209,-9999,    9
 18376, 99119,20171210,-9999,    9
 18376, 99119,20171211,-9999,    9
 18376, 99119,20171212,-9999,    9
 18376, 99119,20171213,-9999,    9
 18376, 99119,20171214,-9999,    9
 18376, 99119,20171215,-9999,    9
 18376, 99119,20171216,-9999,    9
 18376, 99119,20171217,-9999,    9
 18376, 99119,20171218,-9999,    9
 18376, 99119,20171219,-9999,    9
 18376, 99119,20171220,-9999,    9
 18376, 99119,20171221,-9999,    9
 18376, 99119,20171222,-9999,    9
 18376, 99119,20171223,-9999,    9
 18376, 99119,20171224,-9999,    9
 18376, 99119,20171225,-9999,    9
 18376, 99119,20171226,-9999,    9
 18376, 99119,20171227,-9999,    9
 18376, 99119,20171228,-9999,    9
 18376, 99119,20171229,-9999,    9
 18376, 99119,20171230,-9999,    9
 18376, 99119,20171231,-9999,    9
 18376, 99119,20180101,-9999,    9
 18376, 99119,20180102,-9999,    9
 18376, 99119,20180103,-9999,    9
 18376, 99119,20180104,-9999,    9
 18376, 99119,20180105,-9999,    9
 18376, 99119,20180106,-9999,    9
 18376, 99119,20180107,-9999,    9
 18376, 99119,20180108,-9999,    9
 18376, 99119,20180109,-9999,    9
 18376, 99119,20180110,-9999,    9
 18376, 99119,20180111,-9999,    9
 18376, 99119,20180112,-9999,    9
 18376, 99119,20180113,-9999,    9
 18376, 99119,20180114,-9999,    9
 18376, 99119,20180115,-9999,    9
 18376, 99119,20180116,-9999,    9
 18376, 99119,20180117,-9999,    9
 18376, 99119,20180118, -139,    0
 18376, 99119,20180119,  -98,    0
 18376, 99119,20180120, -165,    0
 18376, 99119,20180121, -140,    0
 18376, 99119,20180122, -193,    0
 18376, 99119,20180123, -148,    0
 18376, 99119,20180124,-9999,    9
 18376, 99119,20180125, -102,    0
 18376, 99119,20180126,  -52,    0
 18376, 99119,20180127,  -89,    0
 18376, 99119,20180128, -143,    0
 18376, 99119,20180129, -156,    0
 18376, 99119,20180130, -121,    0
 18376, 99119,20180131, -120,    0
 18376, 99119,20180201,-9999,    9
 18376, 99119,20180202,-9999,    9
 18376, 99119,20180203,-9999,    9
 18376, 99119,20180204,-9999,    9
 18376, 99119,20180205,-9999,    9
 18376, 99119,20180206,-9999,    9
 18376, 99119,20180207,-9999,    9
 18376, 99119,20180208,-9999,    9
 18376, 99119,20180209,-9999,    9
 18376, 99119,20180210,-9999,    9
 18376, 99119,20180211,-9999,    9
 18376, 99119,20180212,-9999,    9
 18376, 99119,20180213,-9999,    9
 18376, 99119,20180214,-9999,    9
 18376, 99119,20180215, -103,    0
 18376, 99119,20180216,-9999,    9
 18376, 99119,20180217,-9999,    9
 18376, 99119,20180218,-9999,    9
 18376, 99119,20180219,-9999,    9
 18376, 99119,20180220,-9999,    9
 18376, 99119,20180221,-9999,    9
 18376, 99119,20180222,-9999,    9
 18376, 99119,20180223,-9999,    9
 18376, 99119,20180224,-9999,    9
 18376, 99119,20180225,-9999,    9
 18376, 99119,20180226,-9999,    9
 18376, 99119,20180227,-9999,    9
 18376, 99119,20180228,-9999,    9
 18376, 99119,20180301,-9999,    9
 18376, 99119,20180302,-9999,    9
 18376, 99119,20180303,-9999,    9
 18376, 99119,20180304,-9999,    9
 18376, 99119,20180305,-9999,    9
 18376, 99119,20180306,-9999,    9
 18376, 99119,20180307,-9999,    9
 18376, 99119,20180308,-9999,    9
 18376, 99119,20180309,-9999,    9
 18376, 99119,20180310,-9999,    9
 18376, 99119,20180311,-9999,    9
 18376, 99119,20180312,-9999,    9
 18376, 99119,20180313,-9999,    9
 18376, 99119,20180314,-9999,    9
 18376, 99119,20180315,-9999,    9
 18376, 99119,20180316,-9999,    9
 18376, 99119,20180317,-9999,    9
 18376, 99119,20180318,-9999,    9
 18376, 99119,20180319,-9999,    9
 18376, 99119,20180320,-9999,    9
 18376, 99119,20180321,-9999,    9
 18376, 99119,20180322,-9999,    9
 18376, 99119,20180323,-9999,    9
 18376, 99119,20180324,-9999,    9
 18376, 99119,20180325,-9999,    9
 18376, 99119,20180326,-9999,    9
 18376, 99119,20180327,-9999,    9
 18376, 99119,20180328,-9999,    9
 18376, 99119,20180329,-9999,    9
 18376, 99119,20180330,-9999,    9
 18376, 99119,20180331,-9999,    9
 18376, 99119,20180401,-9999,    9
 18376, 99119,20180402,-9999,    9
 18376, 99119,20180403,-9999,    9
 18376, 99119,20180404,-9999,    9
 18376, 99119,20180405,-9999,    9
 18376, 99119,20180406,-9999,    9
 18376, 99119,20180407,-9999,    9
 18376, 99119,20180408,-9999,    9
 18376, 99119,20180409,-9999,    9
 18376, 99119,20180410,-9999,    9
 18376, 99119,20180411,-9999,    9
 18376, 99119,20180412,-9999,    9
 18376, 99119,20180413,-9999,    9
 18376, 99119,20180414,-9999,    9
 18376, 99119,20180415,-9999,    9
 18376, 99119,20180416,-9999,    9
 18376, 99119,20180417,-9999,    9
 18376, 99119,20180418,   -8,    0
 18376, 99119,20180419,  -52,    0
 18376, 99119,20180420,  -64,    0
 18376, 99119,20180421,-9999,    9
 18376, 99119,20180422,-9999,    9
 18376, 99119,20180423,-9999,    9
 18376, 99119,20180424,    4,    0
 18376, 99119,20180425,   -1,    0
 18376, 99119,20180426,    0,    0
 18376, 99119,20180427,  -23,    0
 18376, 99119,20180428,  -43,    0
 18376, 99119,20180429,  -66,    0
 18376, 99119,20180430,  -54,    0
 18376, 99119,20180501,  -36,    0
 18376, 99119,20180502,  -18,    0
 18376, 99119,20180503,   -9,    0
 18376, 99119,20180504,   -2,    0
 18376, 99119,20180505,-9999,    9
 18376, 99119,20180506,   14,    0
 18376, 99119,20180507,    7,    0
 18376, 99119,20180508,    8,    0
 18376, 99119,20180509,   36,    0
 18376, 99119,20180510,   65,    0
 18376, 99119,20180511,   54,    0
 18376, 99119,20180512,   40,    0
 18376, 99119,20180513,   51,    0
 18376, 99119,20180514,   43,    0
 18376, 99119,20180515,   33,    0
 18376, 99119,20180516,-9999,    9
 18376, 99119,20180517,   24,    0
 18376, 99119,20180518,   22,    0
 18376, 99119,20180519,-9999,    9
 18376, 99119,20180520,   33,    0
 18376, 99119,20180521,   44,    0
 18376, 99119,20180522,   43,    0
 18376, 99119,20180523,   12,    0
 18376, 99119,20180524,   36,    0
 18376, 99119,20180525,   73,    0
 18376, 99119,20180526,-9999,    9
 18376, 99119,20180527,-9999,    9
 18376, 99119,20180528,-9999,    9
 18376, 99119,20180529,   45,    0
 18376, 99119,20180530,-9999,    9
 18376, 99119,20180531,   47,    0
 18376, 99119,20180601,-9999,    9
 18376, 99119,20180602,-9999,    9
 18376, 99119,20180603,   37,    0
 18376, 99119,20180604,   22,    0
 18376, 99119,20180605,    3,    0
 18376, 99119,20180606,-9999,    9
 18376, 99119,20180607,    6,    0
 18376, 99119,20180608,-9999,    9
 18376, 99119,20180609,-9999,    9
 18376, 99119,20180610,-9999,    9
 18376, 99119,20180611,-9999,    9
 18376, 99119,20180612,    5,    0
 18376, 99119,20180613,   17,    0
 18376, 99119,20180614,   89,    0
 18376, 99119,20180615,  107,    0
 18376, 99119,20180616,  131,    0
 18376, 99119,20180617,   87,    0
 18376, 99119,20180618,  111,    0
 18376, 99119,20180619,   99,    0
 18376, 99119,20180620,  112,    0
 18376, 99119,20180621,   62,    0
 18376, 99119,20180622,   50,    0
 18376, 99119,20180623,   64,    0
 18376, 99119,20180624,   57,    0
 18376, 99119,20180625,  110,    0
 18376, 99119,20180626,-9999,    9
 18376, 99119,20180627,-9999,    9
 18376, 99119,20180628,-9999,    9
 18376, 99119,20180629,-9999,    9
 18376, 99119,20180630,-9999,    9
 18376, 99119,20180701,-9999,    9
 18376, 99119,20180702,  164,    0
 18376, 99119,20180703,  136,    0
 18376, 99119,20180704,   65,    0
 18376, 99119,20180705,   76,    0
 18376, 99119,20180706,  118,    0
 18376, 99119,20180707,   89,    0
 18376, 99119,20180708,  105,    0
 18376, 99119,20180709,  132,    0
 18376, 99119,20180710,  146,    0
 18376, 99119,20180711,  113,    0
 18376, 99119,20180712,  141,    0
 18376, 99119,20180713,   98,    0
 18376, 99119,20180714,  109,    0
 18376, 99119,20180715,  113,    0
 18376, 99119,20180716,  138,    0
 18376, 99119,20180717,  194,    0
 18376, 99119,20180718,  229,    0
 18376, 99119,20180719,  238,    0
 18376, 99119,20180720,  179,    0
 18376, 99119,20180721,  137,    0
 18376, 99119,20180722,  149,    0
 18376, 99119,20180723,  129,    0
 18376, 99119,20180724,  132,    0
 18376, 99119,20180725,  162,    0
 18376, 99119,20180726,  102,    0
 18376, 99119,20180727,  148,    0
 18376, 99119,20180728,  193,    0
 18376, 99119,20180729,  206,    0
 18376, 99119,20180730,  234,    0
 18376, 99119,20180731,  222,    0
 18376, 99119,20180801,  232,    0
 18376, 99119,20180802,  129,    0
 18376, 99119,20180803,  106,    0
 18376, 99119,20180804,  111,    0
 18376, 99119,20180805,   93,    0
 18376, 99119,20180806,   61,    0
 18376, 99119,20180807,   66,    0
 18376, 99119,20180808,   75,    0
 18376, 99119,20180809,   79,    0
 18376, 99119,20180810,   99,    0
 18376, 99119,20180811,   76,    0
 18376, 99119,20180812,   72,    0
 18376, 99119,20180813,   60,    0
 18376, 99119,20180814,   58,    0
 18376, 99119,20180815,   67,    0
 18376, 99119,20180816,   98,    0
 18376, 99119,20180817,  131,    0
 18376, 99119,20180818,  119,    0
 18376, 99119,20180819,  101,    0
 18376, 99119,20180820,   66,    0
 18376, 99119,20180821,   64,    0
 18376, 99119,20180822,   61,    0
 18376, 99119,20180823,   68,    0
 18376, 99119,20180824,   93,    0
 18376, 99119,20180825,  120,    0
 18376, 99119,20180826,  106,    0
 18376, 99119,20180827,   74,    0
 18376, 99119,20180828,   51,    0
 18376, 99119,20180829,   89,    0
 18376, 99119,20180830,  130,    0
 18376, 99119,20180831,   67,    0
 18376, 99119,20180901,   89,    0
 18376, 99119,20180902,  107,    0
 18376, 99119,20180903,  118,    0
 18376, 99119,20180904,   77,    0
 18376, 99119,20180905,   66,    0
 18376, 99119,20180906,   68,    0
 18376, 99119,20180907,   55,    0
 18376, 99119,20180908,   67,    0
 18376, 99119,20180909,   71,    0
 18376, 99119,20180910,  122,    0
 18376, 99119,20180911,  108,    0
 18376, 99119,20180912,   89,    0
 18376, 99119,20180913,   80,    0
 18376, 99119,20180914,   65,    0
 18376, 99119,20180915,   66,    0
 18376, 99119,20180916,   61,    0
 18376, 99119,20180917,   53,    0
 18376, 99119,20180918,   49,    0
 18376, 99119,20180919,   45,    0
 18376, 99119,20180920,   54,    0
 18376, 99119,20180921,   77,    0
 18376, 99119,20180922,   54,    0
 18376, 99119,20180923,   57,    0
 18376, 99119,20180924,   24,    0
 18376, 99119,20180925,    7,    0
 18376, 99119,20180926,-9999,    9
 18376, 99119,20180927,-9999,    9
 18376, 99119,20180928,-9999,    9
 18376, 99119,20180929,-9999,    9
 18376, 99119,20180930,-9999,    9
 18376, 99119,20181001,-9999,    9
 18376, 99119,20181002,-9999,    9
 18376, 99119,20181003,-9999,    9
 18376, 99119,20181004,  -10,    0
 18376, 99119,20181005,  -30,    0
 18376, 99119,20181006,  -22,    0
 18376, 99119,20181007,  -14,    0
 18376, 99119,20181008,  -16,    0
 18376, 99119,20181009,   -3,    0
 18376, 99119,20181010,    1,    0
 18376, 99119,20181011,-9999,    9
 18376, 99119,20181012,    7,    0
 18376, 99119,20181013,   20,    0
 18376, 99119,20181014,   47,    0
 18376, 99119,20181015,   45,    0
 18376, 99119,20181016,   25,    0
 18376, 99119,20181017,-9999,    9
 18376, 99119,20181018,-9999,    9
 18376, 99119,20181019,    4,    0
 18376, 99119,20181020,    4,    0
 18376, 99119,20181021,    3,    0
 18376, 99119,20181022,-9999,    9
 18376, 99119,20181023,-9999,    9
 18376, 99119,20181024,-9999,    9
 18376, 99119,20181025,-9999,    9
 18376, 99119,20181026,-9999,    9
 18376, 99119,20181027,-9999,    9
 18376, 99119,20181028,-9999,    9
 18376, 99119,20181029,-9999,    9
 18376, 99119,20181030,-9999,    9
 18376, 99119,20181031,-9999,    9
 18376, 99119,20181101,-9999,    9
 18376, 99119,20181102,-9999,    9
 18376, 99119,20181103,-9999,    9
 18376, 99119,20181104,-9999,    9
 18376, 99119,20181105,   17,    0
 18376, 99119,20181106,-9999,    9
 18376, 99119,20181107,-9999,    9
 18376, 99119,20181108,-9999,    9
 18376, 99119,20181109,-9999,    9
 18376, 99119,20181110,-9999,    9
 18376, 99119,20181111,-9999,    9
 18376, 99119,20181112,-9999,    9
 18376, 99119,20181113,-9999,    9
 18376, 99119,20181114,-9999,    9
 18376, 99119,20181115,-9999,    9
 18376, 99119,20181116,-9999,    9
 18376, 99119,20181117,-9999,    9
 18376, 99119,20181118,-9999,    9
 18376, 99119,20181119,-9999,    9
 18376, 99119,20181120,-9999,    9
 18376, 99119,20181121,-9999,    9
 18376, 99119,20181122,-9999,    9
 18376, 99119,20181123,-9999,    9
 18376, 99119,20181124,-9999,    9
 18376, 99119,20181125,-9999,    9
 18376, 99119,20181126,-9999,    9
 18376, 99119,20181127,  -79,    0
 18376, 99119,20181128,  -36,    0
 18376, 99119,20181129,-9999,    9
 18376, 99119,20181130,-9999,    9
 18376, 99119,20181201,-9999,    9
 18376, 99119,20181202,-9999,    9
 18376, 99119,20181203,-9999,    9
 18376, 99119,20181204,-9999,    9
 18376, 99119,20181205,-9999,    9
 18376, 99119,20181206,-9999,    9
 18376, 99119,20181207,-9999,    9
 18376, 99119,20181208,-9999,    9
 18376, 99119,20181209,-9999,    9
 18376, 99119,20181210,-9999,    9
 18376, 99119,20181211,-9999,    9
 18376, 99119,20181212,-9999,    9
 18376, 99119,20181213,-9999,    9
 18376, 99119,20181214,-9999,    9
 18376, 99119,20181215,-9999,    9
 18376, 99119,20181216,-9999,    9
 18376, 99119,20181217,-9999,    9
 18376, 99119,20181218,-9999,    9
 18376, 99119,20181219,-9999,    9
 18376, 99119,20181220,-9999,    9
 18376, 99119,20181221,-9999,    9
 18376, 99119,20181222,-9999,    9
 18376, 99119,20181223,-9999,    9
 18376, 99119,20181224,-9999,    9
 18376, 99119,20181225,-9999,    9
 18376, 99119,20181226,-9999,    9
 18376, 99119,20181227,-9999,    9
 18376, 99119,20181228,-9999,    9
 18376, 99119,20181229,-9999,    9
 18376, 99119,20181230,-9999,    9
 18376, 99119,20181231,-9999,    9
 18376, 99119,20190101,-9999,    9
 18376, 99119,20190102,-9999,    9
 18376, 99119,20190103,-9999,    9
 18376, 99119,20190104,-9999,    9
 18376, 99119,20190105,-9999,    9
 18376, 99119,20190106,-9999,    9
 18376, 99119,20190107,-9999,    9
 18376, 99119,20190108,-9999,    9
 18376, 99119,20190109,-9999,    9
 18376, 99119,20190110,-9999,    9
 18376, 99119,20190111,-9999,    9
 18376, 99119,20190112,-9999,    9
 18376, 99119,20190113,-9999,    9
 18376, 99119,20190114,-9999,    9
 18376, 99119,20190115,-9999,    9
 18376, 99119,20190116,-9999,    9
 18376, 99119,20190117,-9999,    9
 18376, 99119,20190118,-9999,    9
 18376, 99119,20190119,-9999,    9
 18376, 99119,20190120,-9999,    9
 18376, 99119,20190121,-9999,    9
 18376, 99119,20190122,-9999,    9
 18376, 99119,20190123,-9999,    9
 18376, 99119,20190124,-9999,    9
 18376, 99119,20190125,-9999,    9
 18376, 99119,20190126,-9999,    9
 18376, 99119,20190127,-9999,    9
 18376, 99119,20190128,-9999,    9
 18376, 99119,20190129,-9999,    9
 18376, 99119,20190130,-9999,    9
 18376, 99119,20190131,-9999,    9
 18376, 99119,20190201,-9999,    9
 18376, 99119,20190202,-9999,    9
 18376, 99119,20190203,-9999,    9
 18376, 99119,20190204,-9999,    9
 18376, 99119,20190205,-9999,    9
 18376, 99119,20190206,-9999,    9
 18376, 99119,20190207,-9999,    9
 18376, 99119,20190208,-9999,    9
 18376, 99119,20190209,-9999,    9
 18376, 99119,20190210,-9999,    9
 18376, 99119,20190211,-9999,    9
 18376, 99119,20190212,-9999,    9
 18376, 99119,20190213,-9999,    9
 18376, 99119,20190214,-9999,    9
 18376, 99119,20190215,-9999,    9
 18376, 99119,20190216,-9999,    9
 18376, 99119,20190217,-9999,    9
 18376, 99119,20190218,-9999,    9
 18376, 99119,20190219,-9999,    9
 18376, 99119,20190220,-9999,    9
 18376, 99119,20190221,-9999,    9
 18376, 99119,20190222,-9999,    9
 18376, 99119,20190223,-9999,    9
 18376, 99119,20190224,-9999,    9
 18376, 99119,20190225,-9999,    9
 18376, 99119,20190226,-9999,    9
 18376, 99119,20190227,-9999,    9
 18376, 99119,20190228,-9999,    9
 18376, 99119,20190301,-9999,    9
 18376, 99119,20190302,-9999,    9
 18376, 99119,20190303,-9999,    9
 18376, 99119,20190304,-9999,    9
 18376, 99119,20190305,-9999,    9
 18376, 99119,20190306,-9999,    9
 18376, 99119,20190307,-9999,    9
 18376, 99119,20190308,-9999,    9
 18376, 99119,20190309,-9999,    9
 18376, 99119,20190310,-9999,    9
 18376, 99119,20190311,-9999,    9
 18376, 99119,20190312,-9999,    9
 18376, 99119,20190313,-9999,    9
 18376, 99119,20190314,-9999,    9
 18376, 99119,20190315,-9999,    9
 18376, 99119,20190316,-9999,    9
 18376, 99119,20190317,-9999,    9
 18376, 99119,20190318,-9999,    9
 18376, 99119,20190319,-9999,    9
 18376, 99119,20190320,-9999,    9
 18376, 99119,20190321,-9999,    9
 18376, 99119,20190322,-9999,    9
 18376, 99119,20190323,-9999,    9
 18376, 99119,20190324,-9999,    9
 18376, 99119,20190325,-9999,    9
 18376, 99119,20190326,-9999,    9
 18376, 99119,20190327,-9999,    9
 18376, 99119,20190328,-9999,    9
 18376, 99119,20190329,-9999,    9
 18376, 99119,20190330,-9999,    9
 18376, 99119,20190331,-9999,    9
 18376, 99119,20190401,-9999,    9
 18376, 99119,20190402,-9999,    9
 18376, 99119,20190403,-9999,    9
 18376, 99119,20190404,-9999,    9
 18376, 99119,20190405,-9999,    9
 18376, 99119,20190406,-9999,    9
 18376, 99119,20190407,-9999,    9
 18376, 99119,20190408,-9999,    9
 18376, 99119,20190409,-9999,    9
 18376, 99119,20190410,-9999,    9
 18376, 99119,20190411,-9999,    9
 18376, 99119,20190412,-9999,    9
 18376, 99119,20190413,-9999,    9
 18376, 99119,20190414,-9999,    9
 18376, 99119,20190415,-9999,    9
 18376, 99119,20190416,-9999,    9
 18376, 99119,20190417,-9999,    9
 18376, 99119,20190418,-9999,    9
 18376, 99119,20190419,-9999,    9
 18376, 99119,20190420,-9999,    9
 18376, 99119,20190421,-9999,    9
 18376, 99119,20190422,-9999,    9
 18376, 99119,20190423,-9999,    9
 18376, 99119,20190424,-9999,    9
 18376, 99119,20190425,-9999,    9
 18376, 99119,20190426,-9999,    9
 18376, 99119,20190427,-9999,    9
 18376, 99119,20190428,-9999,    9
 18376, 99119,20190429,-9999,    9
 18376, 99119,20190430,-9999,    9
 18376, 99119,20190501,-9999,    9
 18376, 99119,20190502,-9999,    9
 18376, 99119,20190503,-9999,    9
 18376, 99119,20190504,-9999,    9
 18376, 99119,20190505,-9999,    9
 18376, 99119,20190506,-9999,    9
 18376, 99119,20190507,-9999,    9
 18376, 99119,20190508,-9999,    9
 18376, 99119,20190509,-9999,    9
 18376, 99119,20190510,-9999,    9
 18376, 99119,20190511,-9999,    9
 18376, 99119,20190512,-9999,    9
 18376, 99119,20190513,-9999,    9
 18376, 99119,20190514,-9999,    9
 18376, 99119,20190515,-9999,    9
 18376, 99119,20190516,-9999,    9
 18376, 99119,20190517,-9999,    9
 18376, 99119,20190518,-9999,    9
 18376, 99119,20190519,-9999,    9
 18376, 99119,20190520,-9999,    9
 18376, 99119,20190521,-9999,    9
 18376, 99119,20190522,-9999,    9
 18376, 99119,20190523,-9999,    9
 18376, 99119,20190524,-9999,    9
 18376, 99119,20190525,-9999,    9
 18376, 99119,20190526,-9999,    9
 18376, 99119,20190527,-9999,    9
 18376, 99119,20190528,-9999,    9
 18376, 99119,20190529,-9999,    9
 18376, 99119,20190530,-9999,    9
 18376, 99119,20190531,-9999,    9
 18376, 99119,20190601,   23,    0
 18376, 99119,20190602,    7,    0
 18376, 99119,20190603,   11,    0
 18376, 99119,20190604,   66,    0
 18376, 99119,20190605,   45,    0
 18376, 99119,20190606,   56,    0
 18376, 99119,20190607,   45,    0
 18376, 99119,20190608,   46,    0
 18376, 99119,20190609,   21,    0
 18376, 99119,20190610,   -7,    0
 18376, 99119,20190611,    7,    0
 18376, 99119,20190612,   27,    0
 18376, 99119,20190613,   55,    0
 18376, 99119,20190614,   28,    0
 18376, 99119,20190615,   51,    0
 18376, 99119,20190616,   41,    0
 18376, 99119,20190617,   37,    0
 18376, 99119,20190618,   41,    0
 18376, 99119,20190619,   40,    0
 18376, 99119,20190620,   50,    0
 18376, 99119,20190621,   70,    0
 18376, 99119,20190622,   54,    0
 18376, 99119,20190623,   63,    0
 18376, 99119,20190624,   80,    0
 18376, 99119,20190625,   74,    0
 18376, 99119,20190626,   76,    0
 18376, 99119,20190627,   49,    0
 18376, 99119,20190628,   47,    0
 18376, 99119,20190629,   48,    0
 18376, 99119,20190630,   57,    0
 18376, 99119,20190701,  101,    0
 18376, 99119,20190702,   72,    0
 18376, 99119,20190703,   67,    0
 18376, 99119,20190704,   55,    0
 18376, 99119,20190705,   65,    0
 18376, 99119,20190706,   60,    0
 18376, 99119,20190707,   93,    0
 18376, 99119,20190708,  101,    0
 18376, 99119,20190709,   74,    0
 18376, 99119,20190710,   59,    0
 18376, 99119,20190711,   81,    0
 18376, 99119,20190712,   83,    0
 18376, 99119,20190713,   58,    0
 18376, 99119,20190714,   56,    0
 18376, 99119,20190715,   69,    0
 18376, 99119,20190716,   75,    0
 18376, 99119,20190717,-9999,    9
 18376, 99119,20190718,   94,    0
 18376, 99119,20190719,-9999,    9
 18376, 99119,20190720,  150,    0
 18376, 99119,20190721,  153,    0
 18376, 99119,20190722,  194,    0
 18376, 99119,20190723,  201,    0
 18376, 99119,20190724,   19,    0
 18376, 99119,20190725,  105,    0
 18376, 99119,20190726,-9999,    9
 18376, 99119,20190727,-9999,    9
 18376, 99119,20190728,   48,    0
 18376, 99119,20190729,   17,    0
 18376, 99119,20190730,  -89,    0
 18376, 99119,20190731, -329,    0
 18376, 99119,20190801, -185,    0
 18376, 99119,20190802,-9999,    9
 18376, 99119,20190803,-9999,    9
 18376, 99119,20190804,-9999,    9
 18376, 99119,20190805,-9999,    9
 18376, 99119,20190806,-9999,    9
 18376, 99119,20190807,-9999,    9
 18376, 99119,20190808,-9999,    9
 18376, 99119,20190809,-9999,    9
 18376, 99119,20190810,-9999,    9
 18376, 99119,20190811,-9999,    9
 18376, 99119,20190812,-9999,    9
 18376, 99119,20190813,-9999,    9
 18376, 99119,20190814,-9999,    9
 18376, 99119,20190815,-9999,    9
 18376, 99119,20190816,-9999,    9
 18376, 99119,20190817,-9999,    9
 18376, 99119,20190818,-9999,    9
 18376, 99119,20190819,-9999,    9
 18376, 99119,20190820,-9999,    9
 18376, 99119,20190821,-9999,    9
 18376, 99119,20190822,-9999,    9
 18376, 99119,20190823,-9999,    9
 18376, 99119,20190824,-9999,    9
 18376, 99119,20190825,-9999,    9
 18376, 99119,20190826,-9999,    9
 18376, 99119,20190827,-9999,    9
 18376, 99119,20190828,-9999,    9
 18376, 99119,20190829,-9999,    9
 18376, 99119,20190830, -381,    0
 18376, 99119,20190831,-9999,    9
 18376, 99119,20190901,-9999,    9
 18376, 99119,20190902,-9999,    9
 18376, 99119,20190903,-9999,    9
 18376, 99119,20190904,-9999,    9
 18376, 99119,20190905,-9999,    9
 18376, 99119,20190906,-9999,    9
 18376, 99119,20190907,-9999,    9
 18376, 99119,20190908,-9999,    9
 18376, 99119,20190909,-9999,    9
 18376, 99119,20190910,-9999,    9
 18376, 99119,20190911,-9999,    9
 18376, 99119,20190912,-9999,    9
 18376, 99119,20190913,-9999,    9
 18376, 99119,20190914,-9999,    9
 18376, 99119,20190915,-9999,    9
 18376, 99119,20190916,-9999,    9
 18376, 99119,20190917,-9999,    9
 18376, 99119,20190918,-9999,    9
 18376, 99119,20190919,-9999,    9
 18376, 99119,20190920,-9999,    9
 18376, 99119,20190921,-9999,    9
 18376, 99119,20190922,-9999,    9
 18376, 99119,20190923,-9999,    9
 18376, 99119,20190924,-9999,    9
 18376, 99119,20190925,-9999,    9
 18376, 99119,20190926,-9999,    9
 18376, 99119,20190927,-9999,    9
 18376, 99119,20190928,-9999,    9
 18376, 99119,20190929,-9999,    9
 18376, 99119,20190930,-9999,    9
 18376, 99119,20191001,-9999,    9
 18376, 99119,20191002,-9999,    9
 18376, 99119,20191003,-9999,    9
 18376, 99119,20191004,-9999,    9
 18376, 99119,20191005,-9999,    9
 18376, 99119,20191006,-9999,    9
 18376, 99119,20191007,-9999,    9
 18376, 99119,20191008,-9999,    9
 18376, 99119,20191009,-9999,    9
 18376, 99119,20191010,-9999,    9
 18376, 99119,20191011,-9999,    9
 18376, 99119,20191012,-9999,    9
 18376, 99119,20191013,-9999,    9
 18376, 99119,20191014,-9999,    9
 18376, 99119,20191015,-9999,    9
 18376, 99119,20191016,-9999,    9
 18376, 99119,20191017,-9999,    9
 18376, 99119,20191018,-9999,    9
 18376, 99119,20191019,-9999,    9
 18376, 99119,20191020,-9999,    9
 18376, 99119,20191021,-9999,    9
 18376, 99119,20191022,-9999,    9
 18376, 99119,20191023,-9999,    9
 18376, 99119,20191024,-9999,    9
 18376, 99119,20191025,-9999,    9
 18376, 99119,20191026,-9999,    9
 18376, 99119,20191027,-9999,    9
 18376, 99119,20191028,-9999,    9
 18376, 99119,20191029,-9999,    9
 18376, 99119,20191030,-9999,    9
 18376, 99119,20191031,-9999,    9
 18376, 99119,20191101,-9999,    9
 18376, 99119,20191102,-9999,    9
 18376, 99119,20191103,-9999,    9
 18376, 99119,20191104,-9999,    9
 18376, 99119,20191105,-9999,    9
 18376, 99119,20191106,-9999,    9
 18376, 99119,20191107,-9999,    9
 18376, 99119,20191108, -117,    0
 18376, 99119,20191109, -130,    0
 18376, 99119,20191110,-9999,    9
 18376, 99119,20191111,-9999,    9
 18376, 99119,20191112,-9999,    9
 18376, 99119,20191113,-9999,    9
 18376, 99119,20191114,  -34,    0
 18376, 99119,20191115,  -13,    0
 18376, 99119,20191116,  -57,    0
 18376, 99119,20191117, -125,    0
 18376, 99119,20191118,  -98,    0
 18376, 99119,20191119,-9999,    9
 18376, 99119,20191120,-9999,    9
 18376, 99119,20191121,-9999,    9
 18376, 99119,20191122,-9999,    9
 18376, 99119,20191123,-9999,    9
 18376, 99119,20191124,-9999,    9
 18376, 99119,20191125,-9999,    9
 18376, 99119,20191126,-9999,    9
 18376, 99119,20191127,-9999,    9
 18376, 99119,20191128,-9999,    9
 18376, 99119,20191129,-9999,    9
 18376, 99119,20191130,  -59,    0
 18376, 99119,20191201, -110,    0
 18376, 99119,20191202,  -51,    0
 18376, 99119,20191203,  -57,    0
 18376, 99119,20191204,  -67,    0
 18376, 99119,20191205,-9999,    9
 18376, 99119,20191206,-9999,    9
 18376, 99119,20191207,-9999,    9
 18376, 99119,20191208,-9999,    9
 18376, 99119,20191209,-9999,    9
 18376, 99119,20191210,  -71,    0
 18376, 99119,20191211, -107,    0
 18376, 99119,20191212,  -44,    0
 18376, 99119,20191213,  -26,    0
 18376, 99119,20191214,-9999,    9
 18376, 99119,20191215,  -33,    0
 18376, 99119,20191216,  -26,    0
 18376, 99119,20191217,  -34,    0
 18376, 99119,20191218,  -91,    0
 18376, 99119,20191219,  -55,    0
 18376, 99119,20191220,  -94,    0
 18376, 99119,20191221,-9999,    9
 18376, 99119,20191222,-9999,    9
 18376, 99119,20191223,-9999,    9
 18376, 99119,20191224,  -50,    0
 18376, 99119,20191225,  -30,    0
 18376, 99119,20191226,  -59,    0
 18376, 99119,20191227,  -94,    0
 18376, 99119,20191228,  -94,    0
 18376, 99119,20191229,  -18,    0
 18376, 99119,20191230,  -51,    0
 18376, 99119,20191231,  -67,    0
 18376, 99119,20200101,-9999,    9
 18376, 99119,20200102,-9999,    9
 18376, 99119,20200103,-9999,    9
 18376, 99119,20200104,-9999,    9
 18376, 99119,20200105,-9999,    9
 18376, 99119,20200106,-9999,    9
 18376, 99119,20200107,-9999,    9
 18376, 99119,20200108,-9999,    9
 18376, 99119,20200109,-9999,    9
 18376, 99119,20200110,-9999,    9
 18376, 99119,20200111,  -54,    0
 18376, 99119,20200112,-9999,    9
 18376, 99119,20200113,-9999,    9
 18376, 99119,20200114,-9999,    9
 18376, 99119,20200115,-9999,    9
 18376, 99119,20200116,  -97,    0
 18376, 99119,20200117, -116,    0
 18376, 99119,20200118,-9999,    9
 18376, 99119,20200119,-9999,    9
 18376, 99119,20200120,-9999,    9
 18376, 99119,20200121,-9999,    9
 18376, 99119,20200122,-9999,    9
 18376, 99119,20200123,-9999,    9
 18376, 99119,20200124,-9999,    9
 18376, 99119,20200125,-9999,    9
 18376, 99119,20200126,-9999,    9
 18376, 99119,20200127,-9999,    9
 18376, 99119,20200128,-9999,    9
 18376, 99119,20200129,-9999,    9
 18376, 99119,20200130,-9999,    9
 18376, 99119,20200131,-9999,    9
 18376, 99119,20200201,-9999,    9
 18376, 99119,20200202,-9999,    9
 18376, 99119,20200203,-9999,    9
 18376, 99119,20200204,-9999,    9
 18376, 99119,20200205,-9999,    9
 18376, 99119,20200206,-9999,    9
 18376, 99119,20200207,-9999,    9
 18376, 99119,20200208,-9999,    9
 18376, 99119,20200209,-9999,    9
 18376, 99119,20200210,-9999,    9
 18376, 99119,20200211,-9999,    9
 18376, 99119,20200212,-9999,    9
 18376, 99119,20200213,-9999,    9
 18376, 99119,20200214, -110,    0
 18376, 99119,20200215, -113,    0
 18376, 99119,20200216, -100,    0
 18376, 99119,20200217,  -28,    0
 18376, 99119,20200218,  -48,    0
 18376, 99119,20200219, -101,    0
 18376, 99119,20200220,  -95,    0
 18376, 99119,20200221,  -51,    0
 18376, 99119,20200222,  -30,    0
 18376, 99119,20200223,  -51,    0
 18376, 99119,20200224,  -36,    0
 18376, 99119,20200225,  -99,    0
 18376, 99119,20200226, -123,    0
 18376, 99119,20200227,  -81,    0
 18376, 99119,20200228, -117,    0
 18376, 99119,20200229, -124,    0
 18376, 99119,20200301,  -87,    0
 18376, 99119,20200302, -102,    0
 18376, 99119,20200303,  -71,    0
 18376, 99119,20200304, -108,    0
 18376, 99119,20200305, -104,    0
 18376, 99119,20200306,  -71,    0
 18376, 99119,20200307,  -32,    0
 18376, 99119,20200308,  -58,    0
 18376, 99119,20200309,  -14,    0
 18376, 99119,20200310,  -62,    0
 18376, 99119,20200311,  -86,    0
 18376, 99119,20200312,  -65,    0
 18376, 99119,20200313, -117,    0
 18376, 99119,20200314, -125,    0
 18376, 99119,20200315,  -88,    0
 18376, 99119,20200316,  -80,    0
 18376, 99119,20200317,  -68,    0
 18376, 99119,20200318,  -49,    0
 18376, 99119,20200319,  -86,    0
 18376, 99119,20200320,-9999,    9
 18376, 99119,20200321,-9999,    9
 18376, 99119,20200322,-9999,    9
 18376, 99119,20200323,-9999,    9
 18376, 99119,20200324,-9999,    9
 18376, 99119,20200325,-9999,    9
 18376, 99119,20200326,-9999,    9
 18376, 99119,20200327,  -22,    0
 18376, 99119,20200328,  -63,    0
 18376, 99119,20200329,  -88,    0
 18376, 99119,20200330,  -88,    0
 18376, 99119,20200331,  -96,    0
 18376, 99119,20200401,  -77,    0
 18376, 99119,20200402, -116,    0
 18376, 99119,20200403, -110,    0
 18376, 99119,20200404,  -80,    0
 18376, 99119,20200405,  -74,    0
 18376, 99119,20200406,  -67,    0
 18376, 99119,20200407,  -15,    0
 18376, 99119,20200408,  -11,    0
 18376, 99119,20200409,  -72,    0
 18376, 99119,20200410,  -65,    0
 18376, 99119,20200411,-9999,    9
 18376, 99119,20200412,-9999,    9
 18376, 99119,20200413,-9999,    9
 18376, 99119,20200414,-9999,    9
 18376, 99119,20200415,-9999,    9
 18376, 99119,20200416,-9999,    9
 18376, 99119,20200417,   -7,    0
 18376, 99119,20200418,  -11,    0
 18376, 99119,20200419,    1,    0
 18376, 99119,20200420,    3,    0
 18376, 99119,20200421,   -7,    0
 18376, 99119,20200422,  -25,    0
 18376, 99119,20200423,  -50,    0
 18376, 99119,20200424,  -38,    0
 18376, 99119,20200425,  -29,    0
 18376, 99119,20200426,  -31,    0
 18376, 99119,20200427,-9999,    9
 18376, 99119,20200428,-9999,    9
 18376, 99119,20200429,-9999,    9
 18376, 99119,20200430,-9999,    9
 18376, 99119,20200501,  -47,    0
 18376, 99119,20200502,  -22,    0
 18376, 99119,20200503,  -14,    0
 18376, 99119,20200504,   -6,    0
 18376, 99119,20200505,   -4,    0
 18376, 99119,20200506,    0,    0
 18376, 99119,20200507,    1,    0
 18376, 99119,20200508,  -25,    0
 18376, 99119,20200509,  -40,    0
 18376, 99119,20200510,  -39,    0
 18376, 99119,20200511,  -11,    0
 18376, 99119,20200512,  -47,    0
 18376, 99119,20200513,  -34,    0
 18376, 99119,20200514,  -18,    0
 18376, 99119,20200515,  -13,    0
 18376, 99119,20200516,   -3,    0
 18376, 99119,20200517,   -9,    0
 18376, 99119,20200518,   -5,    0
 18376, 99119,20200519,   -3,    0
 18376, 99119,20200520,  -10,    0
 18376, 99119,20200521,   -3,    0
 18376, 99119,20200522,   11,    0
 18376, 99119,20200523,   32,    0
 18376, 99119,20200524,   42,    0
 18376, 99119,20200525,   64,    0
 18376, 99119,20200526,   66,    0
 18376, 99119,20200527,   49,    0
 18376, 99119,20200528,   28,    0
 18376, 99119,20200529,   22,    0
 18376, 99119,20200530,   16,    0
 18376, 99119,20200531,   44,    0
 18376, 99119,20200601,   80,    0
 18376, 99119,20200602,   80,    0
 18376, 99119,20200603,   43,    0
 18376, 99119,20200604,   37,    0
 18376, 99119,20200605,   50,    0
 18376, 99119,20200606,   43,    0
 18376, 99119,20200607,   56,    0
 18376, 99119,20200608,   42,    0
 18376, 99119,20200609,-9999,    9
 18376, 99119,20200610,   41,    0
 18376, 99119,20200611,   29,    0
 18376, 99119,20200612,   56,    0
 18376, 99119,20200613,  112,    0
 18376, 99119,20200614,  120,    0
 18376, 99119,20200615,   41,    0
 18376, 99119,20200616,   35,    0
 18376, 99119,20200617,   55,    0
 18376, 99119,20200618,   83,    0
 18376, 99119,20200619,   37,    0
 18376, 99119,20200620,   68,    0
 18376, 99119,20200621,  118,    0
 18376, 99119,20200622,   47,    0
 18376, 99119,20200623,   69,    0
 18376, 99119,20200624,   77,    0
 18376, 99119,20200625,  105,    0
 18376, 99119,20200626,   67,    0
 18376, 99119,20200627,-9999,    9
 18376, 99119,20200628,   44,    0
 18376, 99119,20200629,   42,    0
 18376, 99119,20200630,-9999,    9
 18376, 99119,20200701,   53,    0
 18376, 99119,20200702,   47,    0
 18376, 99119,20200703,   87,    0
 18376, 99119,20200704,   84,    0
 18376, 99119,20200705,   58,    0
 18376, 99119,20200706,   54,    0
 18376, 99119,20200707,   84,    0
 18376, 99119,20200708,   77,    0
 18376, 99119,20200709,   74,    0
 18376, 99119,20200710,   52,    0
 18376, 99119,20200711,   81,    0
 18376, 99119,20200712,-9999,    9
 18376, 99119,20200713,   87,    0
 18376, 99119,20200714,   71,    0
 18376, 99119,20200715,  113,    0
 18376, 99119,20200716,  130,    0
 18376, 99119,20200717,-9999,    9
 18376, 99119,20200718,  120,    0
 18376, 99119,20200719,  121,    0
 18376, 99119,20200720,  122,    0
 18376, 99119,20200721,  152,    0
 18376, 99119,20200722,  102,    0
 18376, 99119,20200723,  103,    0
 18376, 99119,20200724,  155,    0
 18376, 99119,20200725,  156,    0
 18376, 99119,20200726,  163,    0
 18376, 99119,20200727,  167,    0
 18376, 99119,20200728,  171,    0
 18376, 99119,20200729,  151,    0
 18376, 99119,20200730,  107,    0
 18376, 99119,20200731,   87,    0
 18376, 99119,20200801,   75,    0
 18376, 99119,20200802,   77,    0
 18376, 99119,20200803,   79,    0
 18376, 99119,20200804,  124,    0
 18376, 99119,20200805,  104,    0
 18376, 99119,20200806,  116,    0
 18376, 99119,20200807,  101,    0
 18376, 99119,20200808,  110,    0
 18376, 99119,20200809,   88,    0
 18376, 99119,20200810,   79,    0
 18376, 99119,20200811,   73,    0
 18376, 99119,20200812,-9999,    9
 18376, 99119,20200813,   83,    0
 18376, 99119,20200814,   96,    0
 18376, 99119,20200815,   93,    0
 18376, 99119,20200816,   57,    0
 18376, 99119,20200817,-9999,    9
 18376, 99119,20200818,   73,    0
 18376, 99119,20200819,  106,    0
 18376, 99119,20200820,   77,    0
 18376, 99119,20200821,   84,    0
 18376, 99119,20200822,  151,    0
 18376, 99119,20200823,  146,    0
 18376, 99119,20200824,-9999,    9
 18376, 99119,20200825,-9999,    9
 18376, 99119,20200826,   70,    0
 18376, 99119,20200827,-9999,    9
 18376, 99119,20200828,   40,    0
 18376, 99119,20200829,   60,    0
 18376, 99119,20200830,   65,    0
 18376, 99119,20200831,   47,    0
 18376, 99119,20200901,   54,    0
 18376, 99119,20200902,   92,    0
 18376, 99119,20200903,  103,    0
 18376, 99119,20200904,  107,    0
 18376, 99119,20200905,  119,    0
 18376, 99119,20200906,   92,    0
 18376, 99119,20200907,-9999,    9
 18376, 99119,20200908,   87,    0
 18376, 99119,20200909,   77,    0
 18376, 99119,20200910,   67,    0
 18376, 99119,20200911,   66,    0
 18376, 99119,20200912,   64,    0
 18376, 99119,20200913,   60,    0
 18376, 99119,20200914,   61,    0
 18376, 99119,20200915,   52,    0
 18376, 99119,20200916,   55,    0
 18376, 99119,20200917,   40,    0
 18376, 99119,20200918,   37,    0
 18376, 99119,20200919,   35,    0
 18376, 99119,20200920,   18,    0
 18376, 99119,20200921,   23,    0
 18376, 99119,20200922,   38,    0
 18376, 99119,20200923,   34,    0
 18376, 99119,20200924,   42,    0
 18376, 99119,20200925,   51,    0
 18376, 99119,20200926,   23,    0
 18376, 99119,20200927,   15,    0
 18376, 99119,20200928,   45,    0
 18376, 99119,20200929,   81,    0
 18376, 99119,20200930,   74,    0
 18376, 99119,20201001,   71,    0
 18376, 99119,20201002,   42,    0
 18376, 99119,20201003,   66,    0
 18376, 99119,20201004,   54,    0
 18376, 99119,20201005,   22,    0
 18376, 99119,20201006,   34,    0
 18376, 99119,20201007,   46,    0
 18376, 99119,20201008,   76,    0
 18376, 99119,20201009,   77,    0
 18376, 99119,20201010,   61,    0
 18376, 99119,20201011,   43,    0
 18376, 99119,20201012,   17,    0
 18376, 99119,20201013,  -13,    0
 18376, 99119,20201014,    1,    0
 18376, 99119,20201015,    4,    0
 18376, 99119,20201016,  -27,    0
 18376, 99119,20201017,  -48,    0
 18376, 99119,20201018,  -51,    0
 18376, 99119,20201019,  -26,    0
 18376, 99119,20201020,  -31,    0
 18376, 99119,20201021,  -42,    0
 18376, 99119,20201022,  -50,    0
 18376, 99119,20201023,   -7,    0
 18376, 99119,20201024,    1,    0
 18376, 99119,20201025,   -8,    0
 18376, 99119,20201026,  -23,    0
 18376, 99119,20201027,  -30,    0
 18376, 99119,20201028,  -16,    0
 18376, 99119,20201029,  -32,    0
 18376, 99119,20201030,  -28,    0
 18376, 99119,20201031,  -42,    0
 18376, 99119,20201101,  -20,    0
 18376, 99119,20201102,   10,    0
 18376, 99119,20201103,   15,    0
 18376, 99119,20201104,  -20,    0
 18376, 99119,20201105,   -6,    0
 18376, 99119,20201106,    8,    0
 18376, 99119,20201107,   -1,    0
 18376, 99119,20201108,  -13,    0
 18376, 99119,20201109,  -16,    0
 18376, 99119,20201110,  -16,    0
 18376, 99119,20201111,  -20,    0
 18376, 99119,20201112,  -23,    0
 18376, 99119,20201113,  -12,    0
 18376, 99119,20201114,   -5,    0
 18376, 99119,20201115,    9,    0
 18376, 99119,20201116,   11,    0
 18376, 99119,20201117,   11,    0
 18376, 99119,20201118,-9999,    9
 18376, 99119,20201119,-9999,    9
 18376, 99119,20201120,-9999,    9
 18376, 99119,20201121,  -69,    0
 18376, 99119,20201122,  -43,    0
 18376, 99119,20201123,  -22,    0
 18376, 99119,20201124,  -37,    0
 18376, 99119,20201125,  -77,    0
 18376, 99119,20201126,  -60,    0
 18376, 99119,20201127,  -56,    0
 18376, 99119,20201128,  -58,    0
 18376, 99119,20201129,  -39,    0
 18376, 99119,20201130,  -35,    0
 18376, 99119,20201201,  -41,    0
 18376, 99119,20201202,  -52,    0
 18376, 99119,20201203,  -15,    0
 18376, 99119,20201204,  -23,    0
 18376, 99119,20201205,  -29,    0
 18376, 99119,20201206,  -43,    0
 18376, 99119,20201207,-9999,    9
 18376, 99119,20201208,-9999,    9
 18376, 99119,20201209,  -24,    0
 18376, 99119,20201210,   -5,    0
 18376, 99119,20201211,  -60,    0
 18376, 99119,20201212,  -56,    0
 18376, 99119,20201213,  -40,    0
 18376, 99119,20201214,-9999,    9
 18376, 99119,20201215,  -46,    0
 18376, 99119,20201216,  -64,    0
 18376, 99119,20201217, -124,    0
 18376, 99119,20201218, -142,    0
 18376, 99119,20201219, -119,    0
 18376, 99119,20201220,  -75,    0
 18376, 99119,20201221,  -22,    0
 18376, 99119,20201222,-9999,    9
 18376, 99119,20201223,  -52,    0
 18376, 99119,20201224,  -45,    0
 18376, 99119,20201225, -147,    0
 18376, 99119,20201226,-9999,    9
 18376, 99119,20201227,-9999,    9
 18376, 99119,20201228,-9999,    9
 18376, 99119,20201229,  -60,    0
 18376, 99119,20201230,-9999,    9
 18376, 99119,20201231,  -91,    0
 18376, 99119,20210101,  -63,    0
 18376, 99119,20210102,  -69,    0
 18376, 99119,20210103,  -76,    0
 18376, 99119,20210104,  -22,    0
 18376, 99119,20210105,  -38,    0
 18376, 99119,20210106,  -44,    0
 18376, 99119,20210107, -120,    0
 18376, 99119,20210108, -150,    0
 18376, 99119,20210109, -172,    0
 18376, 99119,20210110, -190,    0
 18376, 99119,20210111, -189,    0
 18376, 99119,20210112,-9999,    9
 18376, 99119,20210113, -197,    0
 18376, 99119,20210114,  -44,    0
 18376, 99119,20210115,  -12,    0
 18376, 99119,20210116,-9999,    9
 18376, 99119,20210117,  -16,    0
 18376, 99119,20210118,-9999,    9
 18376, 99119,20210119,  -97,    0
 18376, 99119,20210120, -129,    0
 18376, 99119,20210121, -142,    0
 18376, 99119,20210122, -179,    0
 18376, 99119,20210123, -173,    0
 18376, 99119,20210124, -157,    0
 18376, 99119,20210125, -108,    0
 18376, 99119,20210126,  -73,    0
 18376, 99119,20210127,  -94,    0
 18376, 99119,20210128, -119,    0
 18376, 99119,20210129, -135,    0
 18376, 99119,20210130,  -76,    0
 18376, 99119,20210131,-9999,    9
 18376, 99119,20210201, -106,    0
 18376, 99119,20210202, -104,    0
 18376, 99119,20210203,  -94,    0
 18376, 99119,20210204,  -74,    0
 18376, 99119,20210205,-9999,    9
 18376, 99119,20210206,  -90,    0
 18376, 99119,20210207,  -95,    0
 18376, 99119,20210208, -111,    0
 18376, 99119,20210209, -112,    0
 18376, 99119,20210210,-9999,    9
 18376, 99119,20210211,-9999,    9
 18376, 99119,20210212,-9999,    9
 18376, 99119,20210213, -118,    0
 18376, 99119,20210214, -113,    0
 18376, 99119,20210215,-9999,    9
 18376, 99119,20210216,-9999,    9
 18376, 99119,20210217,-9999,    9
 18376, 99119,20210218, -117,    0
 18376, 99119,20210219, -183,    0
 18376, 99119,20210220, -194,    0
 18376, 99119,20210221,-9999,    9
 18376, 99119,20210222, -218,    0
 18376, 99119,20210223, -144,    0
 18376, 99119,20210224, -100,    0
 18376, 99119,20210225,-9999,    9
 18376, 99119,20210226,  -28,    0
 18376, 99119,20210227,  -41,    0
 18376, 99119,20210228,    9,    0
 18376, 99119,20210301,-9999,    9
 18376, 99119,20210302,  -57,    0
 18376, 99119,20210303,-9999,    9
 18376, 99119,20210304,  -90,    0
 18376, 99119,20210305, -110,    0
 18376, 99119,20210306, -107,    0
 18376, 99119,20210307,  -97,    0
 18376, 99119,20210308, -147,    0
 18376, 99119,20210309, -148,    0
 18376, 99119,20210310, -165,    0
 18376, 99119,20210311, -142,    0
 18376, 99119,20210312, -111,    0
 18376, 99119,20210313, -116,    0
 18376, 99119,20210314,  -83,    0
 18376, 99119,20210315,  -58,    0
 18376, 99119,20210316, -105,    0
 18376, 99119,20210317,  -92,    0
 18376, 99119,20210318,  -95,    0
 18376, 99119,20210319,  -89,    0
 18376, 99119,20210320,  -41,    0
 18376, 99119,20210321,  -58,    0
 18376, 99119,20210322,  -75,    0
 18376, 99119,20210323,  -21,    0
 18376, 99119,20210324,  -23,    0
 18376, 99119,20210325,  -29,    0
 18376, 99119,20210326,  -65,    0
 18376, 99119,20210327,  -18,    0
 18376, 99119,20210328,  -19,    0
 18376, 99119,20210329,  -20,    0
 18376, 99119,20210330,  -18,    0
 18376, 99119,20210331,  -16,    0
 18376, 99119,20210401,-9999,    9
 18376, 99119,20210402,  -64,    0
 18376, 99119,20210403,  -45,    0
 18376, 99119,20210404,  -32,    0
 18376, 99119,20210405,  -11,    0
 18376, 99119,20210406,  -25,    0
 18376, 99119,20210407,  -33,    0
 18376, 99119,20210408,  -91,    0
 18376, 99119,20210409,  -79,    0
 18376, 99119,20210410,  -92,    0
 18376, 99119,20210411,  -36,    0
 18376, 99119,20210412,-9999,    9
 18376, 99119,20210413,  -69,    0
 18376, 99119,20210414,  -45,    0
 18376, 99119,20210415,  -40,    0
 18376, 99119,20210416,    0,    0
 18376, 99119,20210417,    1,    0
 18376, 99119,20210418,   -3,    0
 18376, 99119,20210419,   11,    0
 18376, 99119,20210420,   33,    0
 18376, 99119,20210421,    7,    0
 18376, 99119,20210422,  -28,    0
 18376, 99119,20210423,  -34,    0
 18376, 99119,20210424,  -42,    0
 18376, 99119,20210425,  -55,    0
 18376, 99119,20210426,  -44,    0
 18376, 99119,20210427,  -50,    0
 18376, 99119,20210428,  -77,    0
 18376, 99119,20210429,  -58,    0
 18376, 99119,20210430,  -56,    0
 18376, 99119,20210501,  -27,    0
 18376, 99119,20210502,  -56,    0
 18376, 99119,20210503,  -93,    0
 18376, 99119,20210504,  -77,    0
 18376, 99119,20210505,  -50,    0
 18376, 99119,20210506,  -38,    0
 18376, 99119,20210507,  -30,    0
 18376, 99119,20210508,  -18,    0
 18376, 99119,20210509,  -26,    0
 18376, 99119,20210510,  -12,    0
 18376, 99119,20210511,   -4,    0
 18376, 99119,20210512,   14,    0
 18376, 99119,20210513,    5,    0
 18376, 99119,20210514,  -19,    0
 18376, 99119,20210515,  -19,    0
 18376, 99119,20210516,  -14,    0
 18376, 99119,20210517,    3,    0
 18376, 99119,20210518,   39,    0
 18376, 99119,20210519,   41,    0
 18376, 99119,20210520,    8,    0
 18376, 99119,20210521,  -17,    0
 18376, 99119,20210522,  -30,    0
 18376, 99119,20210523,  -32,    0
 18376, 99119,20210524,  -23,    0
 18376, 99119,20210525,  -22,    0
 18376, 99119,20210526,  -15,    0
 18376, 99119,20210527,    9,    0
 18376, 99119,20210528,-9999,    9
 18376, 99119,20210529,   -1,    0
 18376, 99119,20210530,   19,    0
 18376, 99119,20210531,   25,    0
 18376, 99119,20210601,   46,    0
 18376, 99119,20210602,   99,    0
 18376, 99119,20210603,  123,    0
 18376, 99119,20210604,-9999,    9
 18376, 99119,20210605,   33,    0
 18376, 99119,20210606,   32,    0
 18376, 99119,20210607,   79,    0
 18376, 99119,20210608,   79,    0
 18376, 99119,20210609,-9999,    9
 18376, 99119,20210610,  107,    0
 18376, 99119,20210611,  155,    0
 18376, 99119,20210612,  152,    0
 18376, 99119,20210613,   58,    0
 18376, 99119,20210614,   59,    0
 18376, 99119,20210615,   44,    0
 18376, 99119,20210616,   28,    0
 18376, 99119,20210617,   55,    0
 18376, 99119,20210618,   71,    0
 18376, 99119,20210619,   57,    0
 18376, 99119,20210620,   72,    0
 18376, 99119,20210621,   75,    0
 18376, 99119,20210622,   89,    0
 18376, 99119,20210623,   69,    0
 18376, 99119,20210624,  103,    0
 18376, 99119,20210625,   77,    0
 18376, 99119,20210626,   66,    0
 18376, 99119,20210627,   85,    0
 18376, 99119,20210628,   92,    0
 18376, 99119,20210629,-9999,    9
 18376, 99119,20210630,   66,    0
 18376, 99119,20210701,  133,    0
 18376, 99119,20210702,   79,    0
 18376, 99119,20210703,  120,    0
 18376, 99119,20210704,  125,    0
 18376, 99119,20210705,  197,    0
 18376, 99119,20210706,  213,    0
 18376, 99119,20210707,  224,    0
 18376, 99119,20210708,  151,    0
 18376, 99119,20210709,  102,    0
 18376, 99119,20210710,  125,    0
 18376, 99119,20210711,   95,    0
 18376, 99119,20210712,  105,    0
 18376, 99119,20210713,  140,    0
 18376, 99119,20210714,   93,    0
 18376, 99119,20210715,  141,    0
 18376, 99119,20210716,  110,    0
 18376, 99119,20210717,  103,    0
 18376, 99119,20210718,  102,    0
 18376, 99119,20210719,   69,    0
 18376, 99119,20210720,   41,    0
 18376, 99119,20210721,   48,    0
 18376, 99119,20210722,   37,    0
 18376, 99119,20210723,   43,    0
 18376, 99119,20210724,   57,    0
 18376, 99119,20210725,   54,    0
 18376, 99119,20210726,   74,    0
 18376, 99119,20210727,  133,    0
 18376, 99119,20210728,   73,    0
 18376, 99119,20210729,   61,    0
 18376, 99119,20210730,   64,    0
 18376, 99119,20210731,   77,    0
 18376, 99119,20210801,   76,    0
 18376, 99119,20210802,   75,    0
 18376, 99119,20210803,   81,    0
 18376, 99119,20210804,   61,    0
 18376, 99119,20210805,   92,    0
 18376, 99119,20210806,  139,    0
 18376, 99119,20210807,  163,    0
 18376, 99119,20210808,  171,    0
 18376, 99119,20210809,  153,    0
 18376, 99119,20210810,  136,    0
 18376, 99119,20210811,  145,    0
 18376, 99119,20210812,-9999,    9
 18376, 99119,20210813,  103,    0
 18376, 99119,20210814,   86,    0
 18376, 99119,20210815,   60,    0
 18376, 99119,20210816,   48,    0
 18376, 99119,20210817,   69,    0
 18376, 99119,20210818,   75,    0
 18376, 99119,20210819,   82,    0
 18376, 99119,20210820,   69,    0
 18376, 99119,20210821,   53,    0
 18376, 99119,20210822,   46,    0
 18376, 99119,20210823,   44,    0
 18376, 99119,20210824,   68,    0
 18376, 99119,20210825,   74,    0
 18376, 99119,20210826,   92,    0
 18376, 99119,20210827,  107,    0
 18376, 99119,20210828,   58,    0
 18376, 99119,20210829,   72,    0
 18376, 99119,20210830,   86,    0
 18376, 99119,20210831,-9999,    9
 18376, 99119,20210901,   43,    0
 18376, 99119,20210902,   35,    0
 18376, 99119,20210903,   32,    0
 18376, 99119,20210904,    9,    0
 18376, 99119,20210905,   38,    0
 18376, 99119,20210906,   44,    0
 18376, 99119,20210907,   22,    0
 18376, 99119,20210908,   27,    0
 18376, 99119,20210909,   29,    0
 18376, 99119,20210910,   39,    0
 18376, 99119,20210911,   26,    0
 18376, 99119,20210912,   37,    0
 18376, 99119,20210913,   39,    0
 18376, 99119,20210914,   24,    0
 18376, 99119,20210915,   23,    0
 18376, 99119,20210916,   22,    0
 18376, 99119,20210917,   28,    0
 18376, 99119,20210918,   32,    0
 18376, 99119,20210919,   34,    0
 18376, 99119,20210920,   33,    0
 18376, 99119,20210921,   17,    0
 18376, 99119,20210922,   36,    0
 18376, 99119,20210923,   40,    0
 18376, 99119,20210924,   49,    0
 18376, 99119,20210925,   49,    0
 18376, 99119,20210926,   56,    0
 18376, 99119,20210927,  105,    0
 18376, 99119,20210928,   90,    0
 18376, 99119,20210929,   66,    0
 18376, 99119,20210930,   42,    0
 18376, 99119,20211001,   42,    0
 18376, 99119,20211002,   69,    0
 18376, 99119,20211003,   70,    0
 18376, 99119,20211004,   86,    0
 18376, 99119,20211005,   87,    0
 18376, 99119,20211006,-9999,    9
 18376, 99119,20211007,   10,    0
 18376, 99119,20211008,-9999,    9
 18376, 99119,20211009,   -6,    0
 18376, 99119,20211010,-9999,    9
 18376, 99119,20211011,-9999,    9
 18376, 99119,20211012,   22,    0
 18376, 99119,20211013,    0,    0
 18376, 99119,20211014,   -7,    0
 18376, 99119,20211015,-9999,    9
 18376, 99119,20211016,    6,    0
 18376, 99119,20211017,    4,    0
 18376, 99119,20211018,  -31,    0
 18376, 99119,20211019,  -53,    0
 18376, 99119,20211020,  -86,    0
 18376, 99119,20211021,  -25,    0
 18376, 99119,20211022,  -40,    0
 18376, 99119,20211023,  -44,    0
 18376, 99119,20211024,  -44,    0
 18376, 99119,20211025,  -56,    0
 18376, 99119,20211026,-9999,    9
 18376, 99119,20211027,-9999,    9
 18376, 99119,20211028,-9999,    9
 18376, 99119,20211029,   -9,    0
 18376, 99119,20211030,  -33,    0
 18376, 99119,20211031,  -55,    0
 18376, 99119,20211101,-9999,    9
 18376, 99119,20211102,   14,    0
 18376, 99119,20211103,   12,    0
 18376, 99119,20211104,   -7,    0
 18376, 99119,20211105,  -24,    0
 18376, 99119,20211106,  -22,    0
 18376, 99119,20211107,-9999,    9
 18376, 99119,20211108,-9999,    9
 18376, 99119,20211109,  -87,    0
 18376, 99119,20211110,  -38,    0
 18376, 99119,20211111,  -11,    0
 18376, 99119,20211112,  -76,    0
 18376, 99119,20211113,  -58,    0
 18376, 99119,20211114,  -69,    0
 18376, 99119,20211115,  -32,    0
 18376, 99119,20211116,   -9,    0
 18376, 99119,20211117,-9999,    9
 18376, 99119,20211118,   -5,    0
 18376, 99119,20211119,  -12,    0
 18376, 99119,20211120,  -31,    0
 18376, 99119,20211121,  -82,    0
 18376, 99119,20211122,  -95,    0
 18376, 99119,20211123, -110,    0
 18376, 99119,20211124, -103,    0
 18376, 99119,20211125, -171,    0
 18376, 99119,20211126, -203,    0
 18376, 99119,20211127, -191,    0
 18376, 99119,20211128, -214,    0
 18376, 99119,20211129, -195,    0
 18376, 99119,20211130,-9999,    9
 18376, 99119,20211201,  -50,    0
 18376, 99119,20211202,  -59,    0
 18376, 99119,20211203, -104,    0
 18376, 99119,20211204, -152,    0
 18376, 99119,20211205, -132,    0
 18376, 99119,20211206,  -75,    0
 18376, 99119,20211207, -148,    0
 18376, 99119,20211208,-9999,    9
 18376, 99119,20211209,-9999,    9
 18376, 99119,20211210, -153,    0
 18376, 99119,20211211, -120,    0
 18376, 99119,20211212,  -89,    0
 18376, 99119,20211213,-9999,    9
 18376, 99119,20211214,-9999,    9
 18376, 99119,20211215,  -49,    0
 18376, 99119,20211216,  -65,    0
 18376, 99119,20211217,  -68,    0
 18376, 99119,20211218,-9999,    9
 18376, 99119,20211219,  -78,    0
 18376, 99119,20211220, -102,    0
 18376, 99119,20211221, -134,    0
 18376, 99119,20211222,  -79,    0
 18376, 99119,20211223, -114,    0
 18376, 99119,20211224, -106,    0
 18376, 99119,20211225,  -75,    0
 18376, 99119,20211226,-9999,    9
 18376, 99119,20211227,  -96,    0
 18376, 99119,20211228, -174,    0
 18376, 99119,20211229,-9999,    9
 18376, 99119,20211230, -110,    0
 18376, 99119,20211231, -118,    0
 18376, 99119,20220101,-9999,    9
 18376, 99119,20220102,-9999,    9
 18376, 99119,20220103,-9999,    9
 18376, 99119,20220104,-9999,    9
 18376, 99119,20220105,-9999,    9
 18376, 99119,20220106,-9999,    9
 18376, 99119,20220107, -159,    0
 18376, 99119,20220108,  -92,    0
 18376, 99119,20220109,-9999,    9
 18376, 99119,20220110, -105,    0
 18376, 99119,20220111, -130,    0
 18376, 99119,20220112,  -51,    0
 18376, 99119,20220113,  -21,    0
 18376, 99119,20220114,-9999,    9
 18376, 99119,20220115,  -76,    0
 18376, 99119,20220116,  -85,    0
 18376, 99119,20220117,  -83,    0
 18376, 99119,20220118,-9999,    9
 18376, 99119,20220119,  -30,    0
 18376, 99119,20220120,-9999,    9
 18376, 99119,20220121,-9999,    9
 18376, 99119,20220122, -105,    0
 18376, 99119,20220123,  -31,    0
 18376, 99119,20220124,  -26,    0
 18376, 99119,20220125,-9999,    9
 18376, 99119,20220126,  -88,    0
 18376, 99119,20220127,-9999,    9
 18376, 99119,20220128,  -87,    0
 18376, 99119,20220129,-9999,    9
 18376, 99119,20220130,-9999,    9
 18376, 99119,20220131, -139,    0
 18376, 99119,20220201, -209,    0
 18376, 99119,20220202, -178,    0
 18376, 99119,20220203, -134,    0
 18376, 99119,20220204, -169,    0
 18376, 99119,20220205,-9999,    9
 18376, 99119,20220206,-9999,    9
 18376, 99119,20220207, -133,    0
 18376, 99119,20220208,-9999,    9
 18376, 99119,20220209,  -81,    0
 18376, 99119,20220210,-9999,    9
 18376, 99119,20220211,  -63,    0
 18376, 99119,20220212,  -97,    0
 18376, 99119,20220213, -136,    0
 18376, 99119,20220214,-9999,    9
 18376, 99119,20220215,-9999,    9
 18376, 99119,20220216, -109,    0
 18376, 99119,20220217,  -77,    0
 18376, 99119,20220218,-9999,    9
 18376, 99119,20220219,-9999,    9
 18376, 99119,20220220,-9999,    9
 18376, 99119,20220221, -125,    0
 18376, 99119,20220222, -143,    0
 18376, 99119,20220223, -179,    0
 18376, 99119,20220224, -137,    0
 18376, 99119,20220225,  -68,    0
 18376, 99119,20220226,-9999,    9
 18376, 99119,20220227,-9999,    9
 18376, 99119,20220228,  -38,    0
 18376, 99119,20220301,-9999,    9
 18376, 99119,20220302,-9999,    9
 18376, 99119,20220303,-9999,    9
 18376, 99119,20220304,-9999,    9
 18376, 99119,20220305,-9999,    9
 18376, 99119,20220306, -102,    0
 18376, 99119,20220307,-9999,    9
 18376, 99119,20220308,-9999,    9
 18376, 99119,20220309,-9999,    9
 18376, 99119,20220310,  -48,    0
 18376, 99119,20220311,-9999,    9
 18376, 99119,20220312,-9999,    9
 18376, 99119,20220313,-9999,    9
 18376, 99119,20220314,-9999,    9
 18376, 99119,20220315,  -21,    0
 18376, 99119,20220316,  -66,    0
 18376, 99119,20220317,-9999,    9
 18376, 99119,20220318,  -10,    0
 18376, 99119,20220319,  -17,    0
 18376, 99119,20220320,-9999,    9
 18376, 99119,20220321,-9999,    9
 18376, 99119,20220322,-9999,    9
 18376, 99119,20220323,  -57,    0
 18376, 99119,20220324,-9999,    9
 18376, 99119,20220325,  -75,    0
 18376, 99119,20220326,  -82,    0
 18376, 99119,20220327,-9999,    9
 18376, 99119,20220328,-9999,    9
 18376, 99119,20220329,  -57,    0
 18376, 99119,20220330,-9999,    9
 18376, 99119,20220331,  -85,    0
 18376, 99119,20220401,  -74,    0
 18376, 99119,20220402,  -91,    0
 18376, 99119,20220403,-9999,    9
 18376, 99119,20220404,-9999,    9
 18376, 99119,20220405,-9999,    9
 18376, 99119,20220406,-9999,    9
 18376, 99119,20220407,-9999,    9
 18376, 99119,20220408,  -43,    0
 18376, 99119,20220409,-9999,    9
 18376, 99119,20220410,  -12,    0
 18376, 99119,20220411,  -20,    0
 18376, 99119,20220412,  -42,    0
 18376, 99119,20220413,  -54,    0
 18376, 99119,20220414,  -39,    0
 18376, 99119,20220415,  -27,    0
 18376, 99119,20220416,   -3,    0
 18376, 99119,20220417,-9999,    9
 18376, 99119,20220418,-9999,    9
 18376, 99119,20220419,    2,    0
 18376, 99119,20220420,-9999,    9
 18376, 99119,20220421,    7,    0
 18376, 99119,20220422,-9999,    9
 18376, 99119,20220423,   -9,    0
 18376, 99119,20220424,   -2,    0
 18376, 99119,20220425,-9999,    9
 18376, 99119,20220426,  -87,    0
 18376, 99119,20220427,  -77,    0
 18376, 99119,20220428,-9999,    9
 18376, 99119,20220429,  -59,    0
 18376, 99119,20220430,-9999,    9
 18376, 99119,20220501,-9999,    9
 18376, 99119,20220502,-9999,    9
 18376, 99119,20220503,-9999,    9
 18376, 99119,20220504,-9999,    9
 18376, 99119,20220505,-9999,    9
 18376, 99119,20220506,-9999,    9
 18376, 99119,20220507,-9999,    9
 18376, 99119,20220508,-9999,    9
 18376, 99119,20220509,-9999,    9
 18376, 99119,20220510,-9999,    9
 18376, 99119,20220511,-9999,    9
 18376, 99119,20220512,-9999,    9
 18376, 99119,20220513,-9999,    9
 18376, 99119,20220514,-9999,    9
 18376, 99119,20220515,-9999,    9
 18376, 99119,20220516,-9999,    9
 18376, 99119,20220517,-9999,    9
 18376, 99119,20220518,-9999,    9
 18376, 99119,20220519,-9999,    9
 18376, 99119,20220520,-9999,    9
 18376, 99119,20220521,-9999,    9
 18376, 99119,20220522,-9999,    9
 18376, 99119,20220523,-9999,    9
 18376, 99119,20220524,-9999,    9
 18376, 99119,20220525,-9999,    9
 18376, 99119,20220526,-9999,    9
 18376, 99119,20220527,-9999,    9
 18376, 99119,20220528,-9999,    9
 18376, 99119,20220529,-9999,    9
 18376, 99119,20220530,-9999,    9
 18376, 99119,20220531,-9999,    9
 18376, 99119,20220601,-9999,    9
 18376, 99119,20220602,-9999,    9
 18376, 99119,20220603,-9999,    9
 18376, 99119,20220604,-9999,    9
 18376, 99119,20220605,-9999,    9
 18376, 99119,20220606,-9999,    9
 18376, 99119,20220607,-9999,    9
 18376, 99119,20220608,-9999,    9
 18376, 99119,20220609,-9999,    9
 18376, 99119,20220610,-9999,    9
 18376, 99119,20220611,-9999,    9
 18376, 99119,20220612,-9999,    9
 18376, 99119,20220613,-9999,    9
 18376, 99119,20220614,-9999,    9
 18376, 99119,20220615,-9999,    9
 18376, 99119,20220616,-9999,    9
 18376, 99119,20220617,-9999,    9
 18376, 99119,20220618,-9999,    9
 18376, 99119,20220619,-9999,    9
 18376, 99119,20220620,-9999,    9
 18376, 99119,20220621,-9999,    9
 18376, 99119,20220622,-9999,    9
 18376, 99119,20220623,-9999,    9
 18376, 99119,20220624,-9999,    9
 18376, 99119,20220625,-9999,    9
 18376, 99119,20220626,-9999,    9
 18376, 99119,20220627,-9999,    9
 18376, 99119,20220628,-9999,    9
 18376, 99119,20220629,-9999,    9
 18376, 99119,20220630,-9999,    9
 18376, 99119,20220701,-9999,    9
 18376, 99119,20220702,-9999,    9
 18376, 99119,20220703,-9999,    9
 18376, 99119,20220704,-9999,    9
 18376, 99119,20220705,-9999,    9
 18376, 99119,20220706,-9999,    9
 18376, 99119,20220707,-9999,    9
 18376, 99119,20220708,-9999,    9
 18376, 99119,20220709,-9999,    9
 18376, 99119,20220710,-9999,    9
 18376, 99119,20220711,-9999,    9
 18376, 99119,20220712,-9999,    9
 18376, 99119,20220713,-9999,    9
 18376, 99119,20220714,-9999,    9
 18376, 99119,20220715,-9999,    9
 18376, 99119,20220716,-9999,    9
 18376, 99119,20220717,-9999,    9
 18376, 99119,20220718,-9999,    9
 18376, 99119,20220719,-9999,    9
 18376, 99119,20220720,-9999,    9
 18376, 99119,20220721,-9999,    9
 18376, 99119,20220722,-9999,    9
 18376, 99119,20220723,-9999,    9
 18376, 99119,20220724,-9999,    9
 18376, 99119,20220725,-9999,    9
 18376, 99119,20220726,-9999,    9
 18376, 99119,20220727,-9999,    9
 18376, 99119,20220728,-9999,    9
 18376, 99119,20220729,-9999,    9
 18376, 99119,20220730,-9999,    9
 18376, 99119,20220731,-9999,    9
 18376, 99119,20220801,-9999,    9
 18376, 99119,20220802,-9999,    9
 18376, 99119,20220803,-9999,    9
 18376, 99119,20220804,-9999,    9
 18376, 99119,20220805,-9999,    9
 18376, 99119,20220806,-9999,    9
 18376, 99119,20220807,-9999,    9
 18376, 99119,20220808,-9999,    9
 18376, 99119,20220809,-9999,    9
 18376, 99119,20220810,-9999,    9
 18376, 99119,20220811,-9999,    9
 18376, 99119,20220812,-9999,    9
 18376, 99119,20220813,-9999,    9
 18376, 99119,20220814,-9999,    9
 18376, 99119,20220815,-9999,    9
 18376, 99119,20220816,-9999,    9
 18376, 99119,20220817,-9999,    9
 18376, 99119,20220818,-9999,    9
 18376, 99119,20220819,-9999,    9
 18376, 99119,20220820,-9999,    9
 18376, 99119,20220821,-9999,    9
 18376, 99119,20220822,-9999,    9
 18376, 99119,20220823,-9999,    9
 18376, 99119,20220824,-9999,    9
 18376, 99119,20220825,-9999,    9
 18376, 99119,20220826,-9999,    9
 18376, 99119,20220827,-9999,    9
 18376, 99119,20220828,-9999,    9
 18376, 99119,20220829,-9999,    9
 18376, 99119,20220830,-9999,    9
 18376, 99119,20220831,-9999,    9
 18376, 99119,20220901,-9999,    9
 18376, 99119,20220902,-9999,    9
 18376, 99119,20220903,-9999,    9
 18376, 99119,20220904,-9999,    9
 18376, 99119,20220905,-9999,    9
 18376, 99119,20220906,-9999,    9
 18376, 99119,20220907,-9999,    9
 18376, 99119,20220908,-9999,    9
 18376, 99119,20220909,-9999,    9
 18376, 99119,20220910,-9999,    9
 18376, 99119,20220911,-9999,    9
 18376, 99119,20220912,-9999,    9
 18376, 99119,20220913,-9999,    9
 18376, 99119,20220914,-9999,    9
 18376, 99119,20220915,-9999,    9
 18376, 99119,20220916,-9999,    9
 18376, 99119,20220917,-9999,    9
 18376, 99119,20220918,-9999,    9
 18376, 99119,20220919,-9999,    9
 18376, 99119,20220920,-9999,    9
 18376, 99119,20220921,-9999,    9
 18376, 99119,20220922,-9999,    9
 18376, 99119,20220923,-9999,    9
 18376, 99119,20220924,-9999,    9
 18376, 99119,20220925,-9999,    9
 18376, 99119,20220926,-9999,    9
 18376, 99119,20220927,-9999,    9
 18376, 99119,20220928,-9999,    9
 18376, 99119,20220929,-9999,    9
 18376, 99119,20220930,-9999,    9
 18376, 99119,20221001,-9999,    9
 18376, 99119,20221002,-9999,    9
 18376, 99119,20221003,-9999,    9
 18376, 99119,20221004,-9999,    9
 18376, 99119,20221005,-9999,    9
 18376, 99119,20221006,-9999,    9
 18376, 99119,20221007,-9999,    9
 18376, 99119,20221008,-9999,    9
 18376, 99119,20221009,-9999,    9
 18376, 99119,20221010,-9999,    9
 18376, 99119,20221011,-9999,    9
 18376, 99119,20221012,-9999,    9
 18376, 99119,20221013,-9999,    9
 18376, 99119,20221014,-9999,    9
 18376, 99119,20221015,-9999,    9
 18376, 99119,20221016,-9999,    9
 18376, 99119,20221017,-9999,    9
 18376, 99119,20221018,-9999,    9
 18376, 99119,20221019,-9999,    9
 18376, 99119,20221020,-9999,    9
 18376, 99119,20221021,-9999,    9
 18376, 99119,20221022,-9999,    9
 18376, 99119,20221023,-9999,    9
 18376, 99119,20221024,-9999,    9
 18376, 99119,20221025,-9999,    9
 18376, 99119,20221026,-9999,    9
 18376, 99119,20221027,-9999,    9
 18376, 99119,20221028,-9999,    9
 18376, 99119,20221029,-9999,    9
 18376, 99119,20221030,-9999,    9
 18376, 99119,20221031,-9999,    9
