EUROPEAN CLIMATE ASSESSMENT & DATASET (ECA&D), file created on: 16-11-2022
THESE DATA CAN BE USED FOR NON-COMMERCIAL RESEARCH AND EDUCATION PROVIDED THAT THE FOLLOWING SOURCE IS ACKNOWLEDGED: 

Klein Tank, A.M.G. and Coauthors, 2002. Daily dataset of 20th-century surface
air temperature and precipitation series for the European Climate Assessment.
Int. J. of Climatol., 22, 1441-1453.
Data and metadata available at http://www.ecad.eu

FILE FORMAT (MISSING VALUE CODE = -9999):

01-06 STAID: Station identifier
08-13 SOUID: Source identifier
15-22 DATE : Date YYYYMMDD
24-28 TG   : Mean temperature in 0.1 &#176;C
30-34 Q_TG : quality code for TG (0='valid'; 1='suspect'; 9='missing')

This is the blended series of station ALT RUPPIN, GERMANY (STAID: 11864)
Blended and updated with sources:119403 
See files sources.txt and stations.txt for more info.

STAID, SOUID,    DATE,   TG, Q_TG
 11864,119403,20200208,   45,    0
 11864,119403,20200209,   88,    0
 11864,119403,20200210,   65,    0
 11864,119403,20200211,   45,    0
 11864,119403,20200212,   41,    0
 11864,119403,20200213,   30,    0
 11864,119403,20200214,   31,    0
 11864,119403,20200215,   50,    0
 11864,119403,20200216,  111,    0
 11864,119403,20200217,   86,    0
 11864,119403,20200218,   62,    0
 11864,119403,20200219,   50,    0
 11864,119403,20200220,   41,    0
 11864,119403,20200221,   56,    0
 11864,119403,20200222,   82,    0
 11864,119403,20200223,   60,    0
 11864,119403,20200224,   48,    0
 11864,119403,20200225,   74,    0
 11864,119403,20200226,   31,    0
 11864,119403,20200227,   25,    0
 11864,119403,20200228,   32,    0
 11864,119403,20200229,   65,    0
 11864,119403,20200301,   61,    0
 11864,119403,20200302,   57,    0
 11864,119403,20200303,   37,    0
 11864,119403,20200304,   31,    0
 11864,119403,20200305,   45,    0
 11864,119403,20200306,   39,    0
 11864,119403,20200307,   36,    0
 11864,119403,20200308,   43,    0
 11864,119403,20200309,   71,    0
 11864,119403,20200310,   59,    0
 11864,119403,20200311,   92,    0
 11864,119403,20200312,   89,    0
 11864,119403,20200313,   54,    0
 11864,119403,20200314,   27,    0
 11864,119403,20200315,   56,    0
 11864,119403,20200316,   82,    0
 11864,119403,20200317,   79,    0
 11864,119403,20200318,  108,    0
 11864,119403,20200319,   91,    0
 11864,119403,20200320,   68,    0
 11864,119403,20200321,   31,    0
 11864,119403,20200322,   14,    0
 11864,119403,20200323,    5,    0
 11864,119403,20200324,   15,    0
 11864,119403,20200325,   30,    0
 11864,119403,20200326,   50,    0
 11864,119403,20200327,   85,    0
 11864,119403,20200328,   76,    0
 11864,119403,20200329,   25,    0
 11864,119403,20200330,   -5,    0
 11864,119403,20200331,   15,    0
 11864,119403,20200401,   39,    0
 11864,119403,20200402,   67,    0
 11864,119403,20200403,   64,    0
 11864,119403,20200404,   59,    0
 11864,119403,20200405,   85,    0
 11864,119403,20200406,  123,    0
 11864,119403,20200407,  115,    0
 11864,119403,20200408,  125,    0
 11864,119403,20200409,  110,    0
 11864,119403,20200410,   77,    0
 11864,119403,20200411,   75,    0
 11864,119403,20200412,  128,    0
 11864,119403,20200413,   77,    0
 11864,119403,20200414,   58,    0
 11864,119403,20200415,   95,    0
 11864,119403,20200416,  113,    0
 11864,119403,20200417,  107,    0
 11864,119403,20200418,   96,    0
 11864,119403,20200419,   86,    0
 11864,119403,20200420,   95,    0
 11864,119403,20200421,  109,    0
 11864,119403,20200422,  117,    0
 11864,119403,20200423,  134,    0
 11864,119403,20200424,  132,    0
 11864,119403,20200425,  108,    0
 11864,119403,20200426,  104,    0
 11864,119403,20200427,  130,    0
 11864,119403,20200428,  141,    0
 11864,119403,20200429,  108,    0
 11864,119403,20200430,  127,    0
 11864,119403,20200501,  118,    0
 11864,119403,20200502,   95,    0
 11864,119403,20200503,   98,    0
 11864,119403,20200504,   86,    0
 11864,119403,20200505,   68,    0
 11864,119403,20200506,  110,    0
 11864,119403,20200507,  112,    0
 11864,119403,20200508,  126,    0
 11864,119403,20200509,  146,    0
 11864,119403,20200510,  173,    0
 11864,119403,20200511,   69,    0
 11864,119403,20200512,   67,    0
 11864,119403,20200513,   95,    0
 11864,119403,20200514,   87,    0
 11864,119403,20200515,   84,    0
 11864,119403,20200516,  116,    0
 11864,119403,20200517,  137,    0
 11864,119403,20200518,  154,    0
 11864,119403,20200519,  144,    0
 11864,119403,20200520,  140,    0
 11864,119403,20200521,  140,    0
 11864,119403,20200522,  163,    0
 11864,119403,20200523,  148,    0
 11864,119403,20200524,  111,    0
 11864,119403,20200525,  118,    0
 11864,119403,20200526,  141,    0
 11864,119403,20200527,  154,    0
 11864,119403,20200528,  146,    0
 11864,119403,20200529,  142,    0
 11864,119403,20200530,  141,    0
 11864,119403,20200531,  152,    0
 11864,119403,20200601,  168,    0
 11864,119403,20200602,  195,    0
 11864,119403,20200603,  184,    0
 11864,119403,20200604,  166,    0
 11864,119403,20200605,  134,    0
 11864,119403,20200606,  122,    0
 11864,119403,20200607,  141,    0
 11864,119403,20200608,  149,    0
 11864,119403,20200609,  167,    0
 11864,119403,20200610,  164,    0
 11864,119403,20200611,  170,    0
 11864,119403,20200612,  199,    0
 11864,119403,20200613,  199,    0
 11864,119403,20200614,  199,    0
 11864,119403,20200615,  192,    0
 11864,119403,20200616,  197,    0
 11864,119403,20200617,  221,    0
 11864,119403,20200618,  205,    0
 11864,119403,20200619,  170,    0
 11864,119403,20200620,  167,    0
 11864,119403,20200621,  178,    0
 11864,119403,20200622,  186,    0
 11864,119403,20200623,  183,    0
 11864,119403,20200624,  201,    0
 11864,119403,20200625,  222,    0
 11864,119403,20200626,  219,    0
 11864,119403,20200627,  232,    0
 11864,119403,20200628,  212,    0
 11864,119403,20200629,  185,    0
 11864,119403,20200630,  175,    0
 11864,119403,20200701,  180,    0
 11864,119403,20200702,  182,    0
 11864,119403,20200703,  183,    0
 11864,119403,20200704,  194,    0
 11864,119403,20200705,  213,    0
 11864,119403,20200706,  161,    0
 11864,119403,20200707,  148,    0
 11864,119403,20200708,  147,    0
 11864,119403,20200709,  155,    0
 11864,119403,20200710,  161,    0
 11864,119403,20200711,  146,    0
 11864,119403,20200712,  147,    0
 11864,119403,20200713,  168,    0
 11864,119403,20200714,  201,    0
 11864,119403,20200715,  155,    0
 11864,119403,20200716,  151,    0
 11864,119403,20200717,  165,    0
 11864,119403,20200718,  200,    0
 11864,119403,20200719,  226,    0
 11864,119403,20200720,  180,    0
 11864,119403,20200721,  160,    0
 11864,119403,20200722,  157,    0
 11864,119403,20200723,  171,    0
 11864,119403,20200724,  189,    0
 11864,119403,20200725,  193,    0
 11864,119403,20200726,  177,    0
 11864,119403,20200727,  190,    0
 11864,119403,20200728,  211,    0
 11864,119403,20200729,  172,    0
 11864,119403,20200730,  171,    0
 11864,119403,20200731,  190,    0
 11864,119403,20200801,  216,    0
 11864,119403,20200802,  193,    0
 11864,119403,20200803,  178,    0
 11864,119403,20200804,  167,    0
 11864,119403,20200805,  192,    0
 11864,119403,20200806,  219,    0
 11864,119403,20200807,  250,    0
 11864,119403,20200808,  278,    0
 11864,119403,20200809,  263,    0
 11864,119403,20200810,  236,    0
 11864,119403,20200811,  245,    0
 11864,119403,20200812,  239,    0
 11864,119403,20200813,  246,    0
 11864,119403,20200814,  235,    0
 11864,119403,20200815,  239,    0
 11864,119403,20200816,  238,    0
 11864,119403,20200817,  243,    0
 11864,119403,20200818,  204,    0
 11864,119403,20200819,  204,    0
 11864,119403,20200820,  231,    0
 11864,119403,20200821,  260,    0
 11864,119403,20200822,  226,    0
 11864,119403,20200823,  198,    0
 11864,119403,20200824,  169,    0
 11864,119403,20200825,  165,    0
 11864,119403,20200826,  160,    0
 11864,119403,20200827,  158,    0
 11864,119403,20200828,  155,    0
 11864,119403,20200829,  164,    0
 11864,119403,20200830,  180,    0
 11864,119403,20200831,  171,    0
 11864,119403,20200901,  146,    0
 11864,119403,20200902,  149,    0
 11864,119403,20200903,  169,    0
 11864,119403,20200904,  178,    0
 11864,119403,20200905,  144,    0
 11864,119403,20200906,  131,    0
 11864,119403,20200907,  136,    0
 11864,119403,20200908,  156,    0
 11864,119403,20200909,  183,    0
 11864,119403,20200910,  139,    0
 11864,119403,20200911,  147,    0
 11864,119403,20200912,  162,    0
 11864,119403,20200913,  160,    0
 11864,119403,20200914,  188,    0
 11864,119403,20200915,  211,    0
 11864,119403,20200916,  200,    0
 11864,119403,20200917,  134,    0
 11864,119403,20200918,  107,    0
 11864,119403,20200919,  128,    0
 11864,119403,20200920,  145,    0
 11864,119403,20200921,  152,    0
 11864,119403,20200922,  160,    0
 11864,119403,20200923,  164,    0
 11864,119403,20200924,  148,    0
 11864,119403,20200925,  121,    0
 11864,119403,20200926,   99,    0
 11864,119403,20200927,   93,    0
 11864,119403,20200928,  122,    0
 11864,119403,20200929,  118,    0
 11864,119403,20200930,  118,    0
 11864,119403,20201001,  123,    0
 11864,119403,20201002,  137,    0
 11864,119403,20201003,  165,    0
 11864,119403,20201004,  128,    0
 11864,119403,20201005,  100,    0
 11864,119403,20201006,  113,    0
 11864,119403,20201007,  116,    0
 11864,119403,20201008,  117,    0
 11864,119403,20201009,  124,    0
 11864,119403,20201010,   98,    0
 11864,119403,20201011,   75,    0
 11864,119403,20201012,   78,    0
 11864,119403,20201013,   71,    0
 11864,119403,20201014,  100,    0
 11864,119403,20201015,   94,    0
 11864,119403,20201016,   89,    0
 11864,119403,20201017,   89,    0
 11864,119403,20201018,   77,    0
 11864,119403,20201019,   72,    0
 11864,119403,20201020,   77,    0
 11864,119403,20201021,  118,    0
 11864,119403,20201022,  153,    0
 11864,119403,20201023,  120,    0
 11864,119403,20201024,  126,    0
 11864,119403,20201025,  122,    0
 11864,119403,20201026,  102,    0
 11864,119403,20201027,   90,    0
 11864,119403,20201028,   99,    0
 11864,119403,20201029,   94,    0
 11864,119403,20201030,  110,    0
 11864,119403,20201031,  138,    0
 11864,119403,20201101,  125,    0
 11864,119403,20201102,  165,    0
 11864,119403,20201103,  105,    0
 11864,119403,20201104,   78,    0
 11864,119403,20201105,   72,    0
 11864,119403,20201106,   94,    0
 11864,119403,20201107,   67,    0
 11864,119403,20201108,   39,    0
 11864,119403,20201109,   53,    0
 11864,119403,20201110,   51,    0
 11864,119403,20201111,   58,    0
 11864,119403,20201112,   75,    0
 11864,119403,20201113,   65,    0
 11864,119403,20201114,  101,    0
 11864,119403,20201115,   93,    0
 11864,119403,20201116,   95,    0
 11864,119403,20201117,   97,    0
 11864,119403,20201118,  100,    0
 11864,119403,20201119,   82,    0
 11864,119403,20201120,   30,    0
 11864,119403,20201121,   33,    0
 11864,119403,20201122,   71,    0
 11864,119403,20201123,   55,    0
 11864,119403,20201124,   31,    0
 11864,119403,20201125,    8,    0
 11864,119403,20201126,   43,    0
 11864,119403,20201127,   45,    0
 11864,119403,20201128,   31,    0
 11864,119403,20201129,   19,    0
 11864,119403,20201130,   16,    0
 11864,119403,20201201,   26,    0
 11864,119403,20201202,   -5,    0
 11864,119403,20201203,  -12,    0
 11864,119403,20201204,    0,    0
 11864,119403,20201205,   24,    0
 11864,119403,20201206,   62,    0
 11864,119403,20201207,   54,    0
 11864,119403,20201208,   32,    0
 11864,119403,20201209,   16,    0
 11864,119403,20201210,   -7,    0
 11864,119403,20201211,   -5,    0
 11864,119403,20201212,   11,    0
 11864,119403,20201213,   21,    0
 11864,119403,20201214,   54,    0
 11864,119403,20201215,   55,    0
 11864,119403,20201216,   73,    0
 11864,119403,20201217,   58,    0
 11864,119403,20201218,   45,    0
 11864,119403,20201219,   21,    0
 11864,119403,20201220,   31,    0
 11864,119403,20201221,   42,    0
 11864,119403,20201222,   84,    0
 11864,119403,20201223,   58,    0
 11864,119403,20201224,   59,    0
 11864,119403,20201225,   23,    0
 11864,119403,20201226,    8,    0
 11864,119403,20201227,   15,    0
 11864,119403,20201228,   21,    0
 11864,119403,20201229,   15,    0
 11864,119403,20201230,   17,    0
 11864,119403,20201231,   17,    0
 11864,119403,20210101,   14,    0
 11864,119403,20210102,   21,    0
 11864,119403,20210103,   12,    0
 11864,119403,20210104,    7,    0
 11864,119403,20210105,   20,    0
 11864,119403,20210106,   16,    0
 11864,119403,20210107,    7,    0
 11864,119403,20210108,    8,    0
 11864,119403,20210109,   13,    0
 11864,119403,20210110,    2,    0
 11864,119403,20210111,    8,    0
 11864,119403,20210112,   13,    0
 11864,119403,20210113,   11,    0
 11864,119403,20210114,   12,    0
 11864,119403,20210115,   -7,    0
 11864,119403,20210116,  -17,    0
 11864,119403,20210117,  -32,    0
 11864,119403,20210118,  -12,    0
 11864,119403,20210119,   17,    0
 11864,119403,20210120,   50,    0
 11864,119403,20210121,   64,    0
 11864,119403,20210122,   56,    0
 11864,119403,20210123,    1,    0
 11864,119403,20210124,    3,    0
 11864,119403,20210125,    4,    0
 11864,119403,20210126,   -1,    0
 11864,119403,20210127,   10,    0
 11864,119403,20210128,    8,    0
 11864,119403,20210129,  -15,    0
 11864,119403,20210130,  -18,    0
 11864,119403,20210131,  -58,    0
 11864,119403,20210201,  -33,    0
 11864,119403,20210202,   -2,    0
 11864,119403,20210203,   10,    0
 11864,119403,20210204,    4,    0
 11864,119403,20210205,   -1,    0
 11864,119403,20210206,  -24,    0
 11864,119403,20210207,  -57,    0
 11864,119403,20210208,  -83,    0
 11864,119403,20210209,  -89,    0
 11864,119403,20210210,  -69,    0
 11864,119403,20210211,  -49,    0
 11864,119403,20210212,  -62,    0
 11864,119403,20210213,  -72,    0
 11864,119403,20210214,  -72,    0
 11864,119403,20210215,  -64,    0
 11864,119403,20210216,    9,    0
 11864,119403,20210217,   39,    0
 11864,119403,20210218,   55,    0
 11864,119403,20210219,   44,    0
 11864,119403,20210220,   48,    0
 11864,119403,20210221,   68,    0
 11864,119403,20210222,   48,    0
 11864,119403,20210223,   81,    0
 11864,119403,20210224,   99,    0
 11864,119403,20210225,   95,    0
 11864,119403,20210226,   71,    0
 11864,119403,20210227,   48,    0
 11864,119403,20210228,   27,    0
 11864,119403,20210301,   34,    0
 11864,119403,20210302,    5,    0
 11864,119403,20210303,   54,    0
 11864,119403,20210304,   34,    0
 11864,119403,20210305,   12,    0
 11864,119403,20210306,    7,    0
 11864,119403,20210307,   25,    0
 11864,119403,20210308,   10,    0
 11864,119403,20210309,    1,    0
 11864,119403,20210310,   16,    0
 11864,119403,20210311,   62,    0
 11864,119403,20210312,   67,    0
 11864,119403,20210313,   54,    0
 11864,119403,20210314,   50,    0
 11864,119403,20210315,   44,    0
 11864,119403,20210316,   38,    0
 11864,119403,20210317,   13,    0
 11864,119403,20210318,   23,    0
 11864,119403,20210319,    3,    0
 11864,119403,20210320,   10,    0
 11864,119403,20210321,   53,    0
 11864,119403,20210322,   55,    0
 11864,119403,20210323,   54,    0
 11864,119403,20210324,   67,    0
 11864,119403,20210325,   68,    0
 11864,119403,20210326,   84,    0
 11864,119403,20210327,   55,    0
 11864,119403,20210328,   66,    0
 11864,119403,20210329,  132,    0
 11864,119403,20210330,  124,    0
 11864,119403,20210331,  126,    0
 11864,119403,20210401,   91,    0
 11864,119403,20210402,   54,    0
 11864,119403,20210403,   49,    0
 11864,119403,20210404,   37,    0
 11864,119403,20210405,   35,    0
 11864,119403,20210406,   13,    0
 11864,119403,20210407,   23,    0
 11864,119403,20210408,   39,    0
 11864,119403,20210409,   70,    0
 11864,119403,20210410,   63,    0
 11864,119403,20210411,   98,    0
 11864,119403,20210412,   44,    0
 11864,119403,20210413,   39,    0
 11864,119403,20210414,   41,    0
 11864,119403,20210415,   48,    0
 11864,119403,20210416,   71,    0
 11864,119403,20210417,   90,    0
 11864,119403,20210418,   67,    0
 11864,119403,20210419,  102,    0
 11864,119403,20210420,  104,    0
 11864,119403,20210421,   93,    0
 11864,119403,20210422,   71,    0
 11864,119403,20210423,   82,    0
 11864,119403,20210424,   68,    0
 11864,119403,20210425,   55,    0
 11864,119403,20210426,   40,    0
 11864,119403,20210427,   57,    0
 11864,119403,20210428,  101,    0
 11864,119403,20210429,   93,    0
 11864,119403,20210430,   78,    0
 11864,119403,20210501,   82,    0
 11864,119403,20210502,   76,    0
 11864,119403,20210503,   67,    0
 11864,119403,20210504,   93,    0
 11864,119403,20210505,   83,    0
 11864,119403,20210506,   75,    0
 11864,119403,20210507,   49,    0
 11864,119403,20210508,   91,    0
 11864,119403,20210509,  185,    0
 11864,119403,20210510,  212,    0
 11864,119403,20210511,  188,    0
 11864,119403,20210512,  130,    0
 11864,119403,20210513,  111,    0
 11864,119403,20210514,   91,    0
 11864,119403,20210515,  117,    0
 11864,119403,20210516,  113,    0
 11864,119403,20210517,  125,    0
 11864,119403,20210518,  107,    0
 11864,119403,20210519,  116,    0
 11864,119403,20210520,  121,    0
 11864,119403,20210521,  134,    0
 11864,119403,20210522,  113,    0
 11864,119403,20210523,  114,    0
 11864,119403,20210524,  148,    0
 11864,119403,20210525,  115,    0
 11864,119403,20210526,  117,    0
 11864,119403,20210527,  111,    0
 11864,119403,20210528,  123,    0
 11864,119403,20210529,  124,    0
 11864,119403,20210530,  144,    0
 11864,119403,20210531,  147,    0
 11864,119403,20210601,  167,    0
 11864,119403,20210602,  175,    0
 11864,119403,20210603,  203,    0
 11864,119403,20210604,  200,    0
 11864,119403,20210605,  213,    0
 11864,119403,20210606,  209,    0
 11864,119403,20210607,  205,    0
 11864,119403,20210608,  200,    0
 11864,119403,20210609,  195,    0
 11864,119403,20210610,  211,    0
 11864,119403,20210611,  210,    0
 11864,119403,20210612,  175,    0
 11864,119403,20210613,  152,    0
 11864,119403,20210614,  184,    0
 11864,119403,20210615,  183,    0
 11864,119403,20210616,  198,    0
 11864,119403,20210617,  256,    0
 11864,119403,20210618,  271,    0
 11864,119403,20210619,  270,    0
 11864,119403,20210620,  266,    0
 11864,119403,20210621,  237,    0
 11864,119403,20210622,  177,    0
 11864,119403,20210623,  154,    0
 11864,119403,20210624,  167,    0
 11864,119403,20210625,  190,    0
 11864,119403,20210626,  194,    0
 11864,119403,20210627,  203,    0
 11864,119403,20210628,  237,    0
 11864,119403,20210629,  224,    0
 11864,119403,20210630,  176,    0
 11864,119403,20210701,  156,    0
 11864,119403,20210702,  193,    0
 11864,119403,20210703,  188,    0
 11864,119403,20210704,  207,    0
 11864,119403,20210705,  191,    0
 11864,119403,20210706,  215,    0
 11864,119403,20210707,  186,    0
 11864,119403,20210708,  182,    0
 11864,119403,20210709,  168,    0
 11864,119403,20210710,  183,    0
 11864,119403,20210711,  223,    0
 11864,119403,20210712,  217,    0
 11864,119403,20210713,  235,    0
 11864,119403,20210714,  217,    0
 11864,119403,20210715,  214,    0
 11864,119403,20210716,  229,    0
 11864,119403,20210717,  232,    0
 11864,119403,20210718,  211,    0
 11864,119403,20210719,  163,    0
 11864,119403,20210720,  165,    0
 11864,119403,20210721,  179,    0
 11864,119403,20210722,  183,    0
 11864,119403,20210723,  184,    0
 11864,119403,20210724,  226,    0
 11864,119403,20210725,  235,    0
 11864,119403,20210726,  219,    0
 11864,119403,20210727,  217,    0
 11864,119403,20210728,  192,    0
 11864,119403,20210729,  187,    0
 11864,119403,20210730,  189,    0
 11864,119403,20210731,  191,    0
 11864,119403,20210801,  167,    0
 11864,119403,20210802,  165,    0
 11864,119403,20210803,  172,    0
 11864,119403,20210804,  179,    0
 11864,119403,20210805,  187,    0
 11864,119403,20210806,  192,    0
 11864,119403,20210807,  192,    0
 11864,119403,20210808,  178,    0
 11864,119403,20210809,  161,    0
 11864,119403,20210810,  165,    0
 11864,119403,20210811,  165,    0
 11864,119403,20210812,  192,    0
 11864,119403,20210813,  220,    0
 11864,119403,20210814,  200,    0
 11864,119403,20210815,  191,    0
 11864,119403,20210816,  163,    0
 11864,119403,20210817,  144,    0
 11864,119403,20210818,  160,    0
 11864,119403,20210819,  172,    0
 11864,119403,20210820,  159,    0
 11864,119403,20210821,  171,    0
 11864,119403,20210822,  173,    0
 11864,119403,20210823,  174,    0
 11864,119403,20210824,  155,    0
 11864,119403,20210825,  141,    0
 11864,119403,20210826,  140,    0
 11864,119403,20210827,  143,    0
 11864,119403,20210828,  153,    0
 11864,119403,20210829,  156,    0
 11864,119403,20210830,  154,    0
 11864,119403,20210831,  157,    0
 11864,119403,20210901,  155,    0
 11864,119403,20210902,  139,    0
 11864,119403,20210903,  153,    0
 11864,119403,20210904,  139,    0
 11864,119403,20210905,  146,    0
 11864,119403,20210906,  158,    0
 11864,119403,20210907,  162,    0
 11864,119403,20210908,  169,    0
 11864,119403,20210909,  182,    0
 11864,119403,20210910,  193,    0
 11864,119403,20210911,  185,    0
 11864,119403,20210912,  176,    0
 11864,119403,20210913,  145,    0
 11864,119403,20210914,  143,    0
 11864,119403,20210915,  175,    0
 11864,119403,20210916,  169,    0
 11864,119403,20210917,  141,    0
 11864,119403,20210918,  139,    0
 11864,119403,20210919,  127,    0
 11864,119403,20210920,  123,    0
 11864,119403,20210921,  120,    0
 11864,119403,20210922,  132,    0
 11864,119403,20210923,  140,    0
 11864,119403,20210924,  145,    0
 11864,119403,20210925,  166,    0
 11864,119403,20210926,  183,    0
 11864,119403,20210927,  167,    0
 11864,119403,20210928,  146,    0
 11864,119403,20210929,  124,    0
 11864,119403,20210930,  106,    0
 11864,119403,20211001,  114,    0
 11864,119403,20211002,  128,    0
 11864,119403,20211003,  170,    0
 11864,119403,20211004,  131,    0
 11864,119403,20211005,  111,    0
 11864,119403,20211006,  119,    0
 11864,119403,20211007,  100,    0
 11864,119403,20211008,  106,    0
 11864,119403,20211009,   79,    0
 11864,119403,20211010,   64,    0
 11864,119403,20211011,   82,    0
 11864,119403,20211012,   81,    0
 11864,119403,20211013,   76,    0
 11864,119403,20211014,  110,    0
 11864,119403,20211015,  105,    0
 11864,119403,20211016,   86,    0
 11864,119403,20211017,   89,    0
 11864,119403,20211018,  111,    0
 11864,119403,20211019,  115,    0
 11864,119403,20211020,  149,    0
 11864,119403,20211021,  115,    0
 11864,119403,20211022,   68,    0
 11864,119403,20211023,   66,    0
 11864,119403,20211024,   69,    0
 11864,119403,20211025,   47,    0
 11864,119403,20211026,   94,    0
 11864,119403,20211027,  124,    0
 11864,119403,20211028,  105,    0
 11864,119403,20211029,   70,    0
 11864,119403,20211030,   78,    0
 11864,119403,20211031,  120,    0
 11864,119403,20211101,   99,    0
 11864,119403,20211102,   79,    0
 11864,119403,20211103,   52,    0
 11864,119403,20211104,   72,    0
 11864,119403,20211105,   81,    0
 11864,119403,20211106,   86,    0
 11864,119403,20211107,   83,    0
 11864,119403,20211108,   85,    0
 11864,119403,20211109,   76,    0
 11864,119403,20211110,   35,    0
 11864,119403,20211111,   51,    0
 11864,119403,20211112,   74,    0
 11864,119403,20211113,   48,    0
 11864,119403,20211114,   57,    0
 11864,119403,20211115,   56,    0
 11864,119403,20211116,   54,    0
 11864,119403,20211117,   52,    0
 11864,119403,20211118,   75,    0
 11864,119403,20211119,  115,    0
 11864,119403,20211120,  105,    0
 11864,119403,20211121,   72,    0
 11864,119403,20211122,   28,    0
 11864,119403,20211123,   56,    0
 11864,119403,20211124,   66,    0
 11864,119403,20211125,   49,    0
 11864,119403,20211126,   41,    0
 11864,119403,20211127,   15,    0
 11864,119403,20211128,   13,    0
 11864,119403,20211129,   22,    0
 11864,119403,20211130,   32,    0
 11864,119403,20211201,   51,    0
 11864,119403,20211202,   17,    0
 11864,119403,20211203,    3,    0
 11864,119403,20211204,   16,    0
 11864,119403,20211205,    4,    0
 11864,119403,20211206,   -6,    0
 11864,119403,20211207,  -10,    0
 11864,119403,20211208,   -3,    0
 11864,119403,20211209,  -15,    0
 11864,119403,20211210,   -6,    0
 11864,119403,20211211,   -1,    0
 11864,119403,20211212,   16,    0
 11864,119403,20211213,   69,    0
 11864,119403,20211214,   70,    0
 11864,119403,20211215,   83,    0
 11864,119403,20211216,   73,    0
 11864,119403,20211217,   49,    0
 11864,119403,20211218,   59,    0
 11864,119403,20211219,   55,    0
 11864,119403,20211220,    9,    0
 11864,119403,20211221,   -4,    0
 11864,119403,20211222,  -18,    0
 11864,119403,20211223,  -18,    0
 11864,119403,20211224,    5,    0
 11864,119403,20211225,  -71,    0
 11864,119403,20211226,  -90,    0
 11864,119403,20211227,  -48,    0
 11864,119403,20211228,  -10,    0
 11864,119403,20211229,   22,    0
 11864,119403,20211230,   75,    0
 11864,119403,20211231,  120,    0
 11864,119403,20220101,  112,    0
 11864,119403,20220102,   96,    0
 11864,119403,20220103,   78,    0
 11864,119403,20220104,   55,    0
 11864,119403,20220105,   31,    0
 11864,119403,20220106,    3,    0
 11864,119403,20220107,   -1,    0
 11864,119403,20220108,    8,    0
 11864,119403,20220109,    8,    0
 11864,119403,20220110,   22,    0
 11864,119403,20220111,  -24,    0
 11864,119403,20220112,   11,    0
 11864,119403,20220113,   46,    0
 11864,119403,20220114,   57,    0
 11864,119403,20220115,    4,    0
 11864,119403,20220116,   20,    0
 11864,119403,20220117,   39,    0
 11864,119403,20220118,   23,    0
 11864,119403,20220119,   37,    0
 11864,119403,20220120,    8,    0
 11864,119403,20220121,    0,    0
 11864,119403,20220122,   27,    0
 11864,119403,20220123,   53,    0
 11864,119403,20220124,   42,    0
 11864,119403,20220125,   37,    0
 11864,119403,20220126,   29,    0
 11864,119403,20220127,   46,    0
 11864,119403,20220128,   47,    0
 11864,119403,20220129,   57,    0
 11864,119403,20220130,   57,    0
 11864,119403,20220131,   19,    0
 11864,119403,20220201,   33,    0
 11864,119403,20220202,   46,    0
 11864,119403,20220203,   39,    0
 11864,119403,20220204,   59,    0
 11864,119403,20220205,   41,    0
 11864,119403,20220206,   52,    0
 11864,119403,20220207,   39,    0
 11864,119403,20220208,   58,    0
 11864,119403,20220209,   86,    0
 11864,119403,20220210,   60,    0
 11864,119403,20220211,   28,    0
 11864,119403,20220212,    2,    0
 11864,119403,20220213,   21,    0
 11864,119403,20220214,   69,    0
 11864,119403,20220215,   62,    0
 11864,119403,20220216,   72,    0
 11864,119403,20220217,   66,    0
 11864,119403,20220218,   58,    0
 11864,119403,20220219,   51,    0
 11864,119403,20220220,   49,    0
 11864,119403,20220221,   49,    0
 11864,119403,20220222,   54,    0
 11864,119403,20220223,   55,    0
 11864,119403,20220224,   50,    0
 11864,119403,20220225,   38,    0
 11864,119403,20220226,   42,    0
 11864,119403,20220227,    1,    0
 11864,119403,20220228,    7,    0
 11864,119403,20220301,   10,    0
 11864,119403,20220302,   11,    0
 11864,119403,20220303,   -6,    0
 11864,119403,20220304,   14,    0
 11864,119403,20220305,    6,    0
 11864,119403,20220306,    7,    0
 11864,119403,20220307,   23,    0
 11864,119403,20220308,   25,    0
 11864,119403,20220309,   35,    0
 11864,119403,20220310,   34,    0
 11864,119403,20220311,   27,    0
 11864,119403,20220312,   42,    0
 11864,119403,20220313,   59,    0
 11864,119403,20220314,   67,    0
 11864,119403,20220315,   77,    0
 11864,119403,20220316,   52,    0
 11864,119403,20220317,   69,    0
 11864,119403,20220318,   76,    0
 11864,119403,20220319,   59,    0
 11864,119403,20220320,   63,    0
 11864,119403,20220321,   64,    0
 11864,119403,20220322,   63,    0
 11864,119403,20220323,   86,    0
 11864,119403,20220324,   70,    0
 11864,119403,20220325,   85,    0
 11864,119403,20220326,   72,    0
 11864,119403,20220327,   67,    0
 11864,119403,20220328,   79,    0
 11864,119403,20220329,   75,    0
 11864,119403,20220330,   47,    0
 11864,119403,20220331,   34,    0
 11864,119403,20220401,   31,    0
 11864,119403,20220402,   16,    0
 11864,119403,20220403,   22,    0
 11864,119403,20220404,   33,    0
 11864,119403,20220405,   59,    0
 11864,119403,20220406,   93,    0
 11864,119403,20220407,   91,    0
 11864,119403,20220408,   59,    0
 11864,119403,20220409,   46,    0
 11864,119403,20220410,   46,    0
 11864,119403,20220411,   61,    0
 11864,119403,20220412,   89,    0
 11864,119403,20220413,  128,    0
 11864,119403,20220414,  114,    0
 11864,119403,20220415,   69,    0
 11864,119403,20220416,   65,    0
 11864,119403,20220417,   74,    0
 11864,119403,20220418,   86,    0
 11864,119403,20220419,   88,    0
 11864,119403,20220420,   94,    0
 11864,119403,20220421,   95,    0
 11864,119403,20220422,   87,    0
 11864,119403,20220423,  109,    0
 11864,119403,20220424,   98,    0
 11864,119403,20220425,   88,    0
 11864,119403,20220426,   98,    0
 11864,119403,20220427,  105,    0
 11864,119403,20220428,  104,    0
 11864,119403,20220429,  111,    0
 11864,119403,20220430,  121,    0
 11864,119403,20220501,  102,    0
 11864,119403,20220502,  116,    0
 11864,119403,20220503,  121,    0
 11864,119403,20220504,  131,    0
 11864,119403,20220505,  131,    0
 11864,119403,20220506,  132,    0
 11864,119403,20220507,  155,    0
 11864,119403,20220508,  136,    0
 11864,119403,20220509,  135,    0
 11864,119403,20220510,  178,    0
 11864,119403,20220511,  194,    0
 11864,119403,20220512,  151,    0
 11864,119403,20220513,  124,    0
 11864,119403,20220514,  140,    0
 11864,119403,20220515,  142,    0
 11864,119403,20220516,  172,    0
 11864,119403,20220517,  166,    0
 11864,119403,20220518,  179,    0
 11864,119403,20220519,  207,    0
 11864,119403,20220520,  187,    0
 11864,119403,20220521,  145,    0
 11864,119403,20220522,  137,    0
 11864,119403,20220523,  172,    0
 11864,119403,20220524,  163,    0
 11864,119403,20220525,  152,    0
 11864,119403,20220526,  160,    0
 11864,119403,20220527,  135,    0
 11864,119403,20220528,  112,    0
 11864,119403,20220529,  112,    0
 11864,119403,20220530,  108,    0
 11864,119403,20220531,  140,    0
 11864,119403,20220601,  133,    0
 11864,119403,20220602,  130,    0
 11864,119403,20220603,  166,    0
 11864,119403,20220604,  189,    0
 11864,119403,20220605,  194,    0
 11864,119403,20220606,  186,    0
 11864,119403,20220607,  180,    0
 11864,119403,20220608,  191,    0
 11864,119403,20220609,  183,    0
 11864,119403,20220610,  185,    0
 11864,119403,20220611,  206,    0
 11864,119403,20220612,  198,    0
 11864,119403,20220613,  148,    0
 11864,119403,20220614,  137,    0
 11864,119403,20220615,  170,    0
 11864,119403,20220616,  177,    0
 11864,119403,20220617,  192,    0
 11864,119403,20220618,  243,    0
 11864,119403,20220619,  220,    0
 11864,119403,20220620,  144,    0
 11864,119403,20220621,  178,    0
 11864,119403,20220622,  190,    0
 11864,119403,20220623,  215,    0
 11864,119403,20220624,  245,    0
 11864,119403,20220625,  226,    0
 11864,119403,20220626,  251,    0
 11864,119403,20220627,  265,    0
 11864,119403,20220628,  208,    0
 11864,119403,20220629,  203,    0
 11864,119403,20220630,  224,    0
 11864,119403,20220701,  182,    0
 11864,119403,20220702,  193,    0
 11864,119403,20220703,  223,    0
 11864,119403,20220704,  192,    0
 11864,119403,20220705,  191,    0
 11864,119403,20220706,  161,    0
 11864,119403,20220707,  152,    0
 11864,119403,20220708,  167,    0
 11864,119403,20220709,  158,    0
 11864,119403,20220710,  156,    0
 11864,119403,20220711,  167,    0
 11864,119403,20220712,  195,    0
 11864,119403,20220713,  224,    0
 11864,119403,20220714,  176,    0
 11864,119403,20220715,  157,    0
 11864,119403,20220716,  166,    0
 11864,119403,20220717,  166,    0
 11864,119403,20220718,  202,    0
 11864,119403,20220719,  248,    0
 11864,119403,20220720,  284,    0
 11864,119403,20220721,  222,    0
 11864,119403,20220722,  189,    0
 11864,119403,20220723,  176,    0
 11864,119403,20220724,  193,    0
 11864,119403,20220725,  243,    0
 11864,119403,20220726,  185,    0
 11864,119403,20220727,  158,    0
 11864,119403,20220728,  161,    0
 11864,119403,20220729,  206,    0
 11864,119403,20220730,  214,    0
 11864,119403,20220731,  210,    0
 11864,119403,20220801,  197,    0
 11864,119403,20220802,  196,    0
 11864,119403,20220803,  255,    0
 11864,119403,20220804,  278,    0
 11864,119403,20220805,  207,    0
 11864,119403,20220806,  163,    0
 11864,119403,20220807,  170,    0
 11864,119403,20220808,  193,    0
 11864,119403,20220809,  210,    0
 11864,119403,20220810,  209,    0
 11864,119403,20220811,  226,    0
 11864,119403,20220812,  231,    0
 11864,119403,20220813,  236,    0
 11864,119403,20220814,  254,    0
 11864,119403,20220815,  231,    0
 11864,119403,20220816,  227,    0
 11864,119403,20220817,  247,    0
 11864,119403,20220818,  242,    0
 11864,119403,20220819,  203,    0
 11864,119403,20220820,  200,    0
 11864,119403,20220821,  186,    0
 11864,119403,20220822,  189,    0
 11864,119403,20220823,  203,    0
 11864,119403,20220824,  203,    0
 11864,119403,20220825,  214,    0
 11864,119403,20220826,  202,    0
 11864,119403,20220827,  195,    0
 11864,119403,20220828,  170,    0
 11864,119403,20220829,  169,    0
 11864,119403,20220830,  164,    0
 11864,119403,20220831,  162,    0
 11864,119403,20220901,  155,    0
 11864,119403,20220902,  154,    0
 11864,119403,20220903,  161,    0
 11864,119403,20220904,  178,    0
 11864,119403,20220905,  178,    0
 11864,119403,20220906,  177,    0
 11864,119403,20220907,  181,    0
 11864,119403,20220908,  150,    0
 11864,119403,20220909,  167,    0
 11864,119403,20220910,  156,    0
 11864,119403,20220911,  156,    0
 11864,119403,20220912,  145,    0
 11864,119403,20220913,  152,    0
 11864,119403,20220914,  144,    0
 11864,119403,20220915,  131,    0
 11864,119403,20220916,  122,    0
 11864,119403,20220917,  120,    0
 11864,119403,20220918,  105,    0
 11864,119403,20220919,  108,    0
 11864,119403,20220920,  104,    0
 11864,119403,20220921,  104,    0
 11864,119403,20220922,   90,    0
 11864,119403,20220923,   97,    0
 11864,119403,20220924,  116,    0
 11864,119403,20220925,  131,    0
 11864,119403,20220926,  119,    0
 11864,119403,20220927,  110,    0
 11864,119403,20220928,   92,    0
 11864,119403,20220929,   86,    0
 11864,119403,20220930,   87,    0
 11864,119403,20221001,   97,    0
 11864,119403,20221002,  122,    0
 11864,119403,20221003,  129,    0
 11864,119403,20221004,  127,    0
 11864,119403,20221005,  129,    0
 11864,119403,20221006,  137,    0
 11864,119403,20221007,   95,    0
 11864,119403,20221008,   92,    0
 11864,119403,20221009,   95,    0
 11864,119403,20221010,  111,    0
 11864,119403,20221011,  102,    0
 11864,119403,20221012,   97,    0
 11864,119403,20221013,   89,    0
 11864,119403,20221014,  118,    0
 11864,119403,20221015,  141,    0
 11864,119403,20221016,  144,    0
 11864,119403,20221017,  172,    0
 11864,119403,20221018,  143,    0
 11864,119403,20221019,  100,    0
 11864,119403,20221020,   79,    0
 11864,119403,20221021,  112,    0
 11864,119403,20221022,  142,    0
 11864,119403,20221023,  135,    0
 11864,119403,20221024,  141,    0
 11864,119403,20221025,  118,    0
 11864,119403,20221026,  103,    0
 11864,119403,20221027,  125,    0
 11864,119403,20221028,  148,    0
 11864,119403,20221029,  150,    0
 11864,119403,20221030,  132,    0
 11864,119403,20221031,  111,    0
